     0.01181       0.6496
     0.01937       0.6496
      0.0345       0.5539
     0.04206       0.5156
     0.04962       0.4773
     0.05718       0.4198
     0.06474       0.3432
      0.0723       0.2666
     0.07986         0.19
     0.08743       0.1135
     0.09499        0.056
     0.09499    -0.001443
      0.1025     -0.02059
      0.1101     -0.05889
      0.1177     -0.07804
      0.1328     -0.07804
      0.1404     -0.03974
      0.1479     -0.02059
      0.1555        0.056
       0.163       0.0943
      0.1706       0.1709
      0.1782       0.2283
      0.1857       0.2858
      0.1933       0.3241
      0.2008       0.3624
      0.2084       0.4007
      0.2235       0.3432
      0.2311       0.2666
      0.2387       0.1709
      0.2462       0.0943
      0.2462    -0.001443
      0.2538     -0.05889
      0.2613      -0.1738
      0.2689      -0.3078
      0.2765      -0.4227
       0.284      -0.4802
       0.284      -0.5568
      0.2916      -0.6525
      0.2991      -0.7865
      0.3067      -0.8823
      0.3143       -0.978
      0.3218       -1.035
      0.3294       -1.074
       0.337       -1.055
      0.3445       -0.978
      0.3445       -1.016
      0.3521      -0.9206
      0.3596       -0.844
      0.3672      -0.7291
      0.3748      -0.6334
      0.3823      -0.5376
      0.3899       -0.461
       0.405      -0.4419
      0.4126       -0.461
      0.4277      -0.5185
      0.4428      -0.5185
      0.4504      -0.4993
      0.4579      -0.4419
      0.4655      -0.4036
      0.4731      -0.3461
      0.4806      -0.2887
      0.4882      -0.2121
      0.4957      -0.1546
      0.5033     -0.05889
      0.5109      0.01771
      0.5184       0.1135
       0.526       0.1709
      0.5336       0.2283
      0.5411       0.2475
      0.5487       0.2858
      0.5562       0.3049
      0.5638       0.3241
      0.5789       0.3815
      0.5865       0.3815
       0.594       0.3432
      0.6016       0.3049
      0.6092       0.2283
      0.6167       0.1517
      0.6243      0.07515
      0.6318     -0.02059
      0.6394     -0.05889
       0.647     -0.09719
      0.6545      -0.1163
      0.6697      -0.1355
      0.6772      -0.1355
      0.6848      -0.1163
      0.6923     -0.09719
      0.6999     -0.03974
      0.7075      0.03685
       0.715       0.0943
      0.7226       0.1326
      0.7301       0.1709
      0.7453       0.1326
      0.7528       0.0943
      0.7604        0.056
       0.768    -0.001443
      0.7831     -0.02059
      0.7906     -0.02059
      0.8058     -0.03974
      0.8133     -0.05889
      0.8209     -0.03974
      0.8284      0.01771
       0.836       0.0943
      0.8436       0.1709
      0.8511       0.2092
      0.8587       0.2283
      0.8738       0.2092
      0.8814       0.2092
      0.8965       0.1517
      0.9041       0.1326
      0.9192       0.1517
      0.9267       0.1709
      0.9419       0.2092
       0.957       0.1517
      0.9646      0.07515
      0.9721      0.03685
      0.9721     -0.02059
      0.9797     -0.07804
      0.9872      -0.1738
      0.9948      -0.2312
       1.002      -0.2695
        1.01      -0.2887
       1.025      -0.2504
       1.048      -0.1929
       1.055      -0.1738
        1.07      -0.1355
       1.086      -0.1163
       1.093      -0.1163
       1.101      -0.1163
       1.108      -0.1546
       1.116      -0.1929
       1.123      -0.2504
       1.131      -0.2887
       1.138       -0.327
       1.146      -0.3461
       1.154       -0.327
       1.161      -0.2887
       1.169      -0.2312
       1.176      -0.1738
       1.184      -0.1355
       1.191     -0.09719
       1.199     -0.05889
       1.207     -0.02059
       1.222        0.056
       1.229      0.07515
       1.244       0.1326
       1.252       0.1709
       1.259       0.2092
       1.275       0.2283
       1.282       0.2092
        1.29       0.1709
       1.305       0.1135
       1.312       0.1135
        1.32       0.1326
       1.335       0.1517
       1.343       0.1517
       1.358       0.1709
       1.373       0.1326
        1.38       0.0943
       1.388        0.056
       1.403        0.056
       1.411      0.07515
       1.418       0.1135
       1.426       0.1326
       1.441       0.0943
       1.448        0.056
       1.456      0.01771
       1.471     -0.02059
       1.479     -0.02059
       1.486      0.03685
       1.486    -0.001443
       1.494        0.056
       1.501       0.1135
       1.509         0.19
       1.517       0.2475
       1.524       0.3241
       1.532       0.4007
       1.539        0.439
       1.547       0.4581
       1.562        0.439
       1.569       0.4007
       1.577       0.3624
       1.592       0.3241
         1.6       0.2858
       1.607       0.2475
       1.615       0.2092
       1.622       0.1517
        1.63       0.0943
       1.638      0.01771
       1.645     -0.03974
        1.66     -0.07804
       1.668     -0.09719
       1.675      -0.1163
       1.683      -0.1546
        1.69      -0.1929
       1.698      -0.2312
       1.706      -0.2504
       1.721      -0.2121
       1.728      -0.2121
       1.736      -0.2121
       1.743      -0.2504
       1.759      -0.2887
       1.766      -0.3078
       1.774      -0.2887
       1.789      -0.2504
       1.796      -0.2504
       1.811      -0.2312
       1.819      -0.1738
       1.827      -0.1163
       1.834     -0.05889
       1.842    -0.001443
       1.849        0.056
       1.857       0.0943
       1.872       0.1326
       1.879       0.1709
       1.887       0.2092
       1.895       0.2475
       1.902       0.2858
       1.917       0.2666
       1.925       0.2475
        1.94         0.19
       1.955       0.1326
       1.963       0.1135
       1.978        0.056
       1.985      0.01771
       1.993     -0.02059
       2.008     -0.02059
       2.016    -0.001443
       2.046      0.03685
       2.053        0.056
       2.069       0.0943
       2.076      0.07515
       2.091    -0.001443
       2.099     -0.02059
       2.114     -0.02059
       2.121      0.01771
       2.129        0.056
       2.137       0.0943
       2.152       0.1326
       2.159       0.1326
       2.174       0.1326
       2.182       0.1517
        2.19       0.2092
       2.197       0.3049
       2.205       0.3815
       2.212       0.4581
        2.22       0.4964
       2.227       0.4773
       2.235        0.439
       2.242       0.4007
       2.258       0.3624
       2.265       0.4007
        2.28       0.4007
       2.288       0.3624
       2.295       0.2858
       2.303       0.2283
        2.31       0.1135
       2.318      0.01771
       2.326      -0.1163
       2.333      -0.2504
       2.341      -0.3844
       2.348       -0.461
       2.348      -0.5759
       2.356      -0.6908
       2.363      -0.7674
       2.379      -0.7674
       2.386      -0.7099
       2.394      -0.6525
       2.401      -0.5951
       2.409      -0.5376
       2.416      -0.4993
       2.431       -0.461
       2.447      -0.4419
       2.462      -0.4227
       2.469      -0.4036
       2.484      -0.3461
       2.492      -0.3078
         2.5      -0.2504
       2.507      -0.1546
       2.515     -0.07804
       2.522      0.07515
       2.522    -0.001443
        2.53       0.1326
       2.537       0.2475
       2.545       0.3241
       2.552       0.4007
        2.56       0.4581
       2.575       0.4773
       2.583       0.4773
       2.598       0.4773
       2.605       0.4773
       2.613       0.4773
       2.621        0.439
       2.628       0.4007
       2.636       0.3624
       2.643       0.3049
       2.651       0.2283
       2.658       0.1709
       2.666       0.1517
       2.681      0.07515
       2.689     -0.02059
       2.696     -0.09719
       2.704      -0.1929
       2.711      -0.2695
       2.719      -0.3078
       2.726      -0.2887
       2.734      -0.2695
       2.741      -0.2312
       2.749      -0.1929
       2.764      -0.1546
       2.772      -0.1738
       2.779      -0.2121
       2.787      -0.2312
       2.802      -0.2504
        2.81      -0.2121
       2.825      -0.1738
        2.84      -0.1546
       2.847      -0.1355
       2.862     -0.07804
        2.87     -0.02059
       2.878        0.056
       2.878    -0.001443
       2.885       0.1135
       2.893       0.1517
         2.9         0.19
       2.915       0.2475
       2.923       0.2858
       2.938       0.3241
       2.946       0.3241
       2.961       0.2666
       2.968       0.2092
       2.976       0.1517
       2.983       0.0943
       2.991        0.056
       3.006       0.0943
       3.014       0.1517
       3.021       0.2092
       3.029       0.2666
       3.036       0.2666
       3.044       0.2092
       3.052       0.0943
       3.059      0.03685
       3.059     -0.05889
       3.067      -0.1738
       3.074      -0.2887
       3.082      -0.3653
       3.089      -0.4419
       3.097      -0.4802
       3.104      -0.5185
       3.112      -0.5185
        3.12      -0.5185
       3.135      -0.5376
       3.142      -0.5185
       3.157       -0.461
       3.165      -0.4227
       3.172      -0.3653
        3.18      -0.3078
       3.188      -0.2312
       3.195      -0.1355
       3.203     -0.05889
        3.21      0.07515
        3.21    -0.001443
       3.218       0.1709
       3.225       0.2858
       3.233       0.3815
       3.241       0.4198
       3.248       0.4581
       3.256       0.4773
       3.271       0.4581
       3.278       0.4773
       3.293       0.4964
       3.301       0.4964
       3.316       0.5347
       3.331       0.5922
       3.339       0.5922
       3.346       0.5922
       3.362       0.5539
       3.369       0.4964
       3.377       0.4581
       3.384       0.4198
       3.392       0.3815
       3.399       0.3049
       3.407       0.2283
       3.414       0.1517
       3.422      0.07515
       3.422    -0.001443
        3.43     -0.03974
       3.437      -0.1163
       3.445      -0.1738
       3.452      -0.2121
        3.46      -0.2312
       3.467      -0.2504
       3.475      -0.2887
       3.483       -0.327
        3.49      -0.3844
       3.498      -0.4419
       3.505      -0.5185
       3.513      -0.5376
       3.528      -0.5568
       3.535      -0.5185
       3.543       -0.461
       3.551      -0.4036
       3.558      -0.3461
       3.566      -0.2887
       3.581      -0.2312
       3.588      -0.2121
       3.603      -0.2312
       3.611      -0.2312
       3.619      -0.2121
       3.626      -0.1355
       3.634     -0.07804
       3.641     -0.03974
       3.656        0.056
       3.664      0.07515
       3.672       0.1135
       3.679       0.1517
       3.694       0.1517
       3.702       0.1326
       3.717       0.1517
       3.724       0.2092
       3.732       0.2475
        3.74       0.2858
       3.747       0.3241
       3.755       0.3432
        3.77       0.3815
       3.777       0.3624
       3.785       0.3241
       3.793       0.2475
         3.8       0.1709
       3.808       0.0943
       3.815      0.03685
       3.815     -0.02059
       3.823     -0.09719
        3.83      -0.1546
       3.838      -0.2121
       3.853      -0.2312
       3.861      -0.2312
       3.868      -0.2887
       3.876       -0.327
       3.883      -0.3844
       3.891      -0.4419
       3.906      -0.4036
       3.914       -0.327
       3.921      -0.2504
       3.929      -0.1546
       3.936     -0.07804
       3.944        0.056
       3.944     -0.02059
       3.951       0.0943
       3.959       0.1517
       3.966         0.19
       3.982       0.2283
       3.989       0.2475
       4.004       0.2475
       4.012       0.2283
       4.027         0.19
       4.035         0.19
       4.042       0.2283
        4.05       0.2858
       4.057       0.3624
       4.065        0.439
       4.072       0.4964
        4.08       0.5347
       4.087       0.5539
       4.103       0.4964
        4.11       0.4581
       4.118       0.4198
       4.125       0.3815
       4.133       0.3432
        4.14       0.2666
       4.148         0.19
       4.155       0.1135
       4.163        0.056
       4.171    -0.001443
       4.178     -0.03974
       4.186     -0.09719
       4.193      -0.1546
       4.201      -0.2312
       4.208      -0.3078
       4.216      -0.3653
       4.224      -0.3844
       4.239      -0.3653
       4.246       -0.327
       4.254      -0.2887
       4.261      -0.2312
       4.269      -0.1929
       4.276      -0.1738
       4.292      -0.2312
       4.299      -0.3078
       4.307      -0.3653
       4.314      -0.4227
       4.329       -0.461
       4.337      -0.4419
       4.352      -0.3844
        4.36      -0.3461
       4.367      -0.3078
       4.375      -0.2504
       4.382      -0.1929
        4.39      -0.1163
       4.397     -0.03974
       4.405    -0.001443
       4.413        0.056
       4.428      0.07515
       4.435      0.07515
       4.443      0.07515
       4.458      0.03685
       4.466    -0.001443
       4.473    -0.001443
       4.488     -0.02059
       4.496    -0.001443
       4.503      0.07515
       4.511       0.1326
       4.518       0.2283
       4.526       0.2858
       4.541       0.2858
       4.549       0.2475
       4.556         0.19
       4.564       0.1517
       4.579       0.1709
       4.586       0.2283
       4.594       0.2858
       4.602       0.3432
       4.609       0.3815
       4.624       0.4007
       4.632       0.3624
       4.639       0.2858
       4.647       0.2092
       4.655       0.1135
       4.662        0.056
        4.67    -0.001443
       4.677      0.01771
       4.692      0.03685
         4.7      0.01771
       4.707     -0.02059
       4.723     -0.05889
        4.73     -0.09719
       4.745     -0.07804
       4.753     -0.03974
        4.76      0.03685
        4.76    -0.001443
       4.768        0.056
       4.776      0.07515
       4.783      0.07515
       4.798      0.03685
       4.806      0.03685
       4.821      0.01771
       4.828     -0.02059
       4.836     -0.07804
       4.844      -0.1355
       4.851      -0.1738
       4.859      -0.1929
       4.874      -0.1929
       4.881      -0.2121
       4.889      -0.2504
       4.897      -0.2887
       4.904      -0.3078
       4.919       -0.327
       4.927      -0.3078
       4.934      -0.2312
       4.942      -0.1546
       4.949     -0.05889
       4.957        0.056
       4.957    -0.001443
       4.965       0.0943
        4.98       0.0943
       4.987       0.1326
       4.995       0.1709
       5.002       0.2092
        5.01       0.2475
       5.025       0.2858
       5.033       0.2858
        5.04       0.3049
       5.055       0.3241
       5.063       0.3624
        5.07       0.4198
       5.078       0.4581
       5.086       0.4964
       5.093       0.4773
       5.101       0.4198
       5.108       0.3624
       5.116       0.3049
       5.123       0.2475
       5.131         0.19
       5.138       0.1517
       5.146      0.07515
       5.154     -0.02059
       5.161     -0.09719
       5.169      -0.1546
       5.176      -0.2121
       5.184      -0.2695
       5.191      -0.3078
       5.207       -0.327
       5.214      -0.3078
       5.222      -0.2887
       5.237      -0.2312
       5.244      -0.2121
       5.259      -0.2695
       5.267      -0.3461
       5.275      -0.3844
       5.282      -0.4419
        5.29      -0.4419
       5.297      -0.4036
       5.305      -0.3461
       5.312      -0.2504
        5.32      -0.1546
       5.328     -0.07804
       5.335     -0.02059
       5.343        0.056
       5.358      0.07515
       5.365       0.0943
        5.38       0.1135
       5.388       0.1135
       5.403       0.1709
       5.418       0.2092
       5.426       0.2283
       5.441       0.2858
       5.448       0.3241
       5.456       0.3432
       5.471       0.3241
       5.479       0.3049
       5.494       0.2666
       5.501       0.2283
       5.509         0.19
       5.517       0.1326
       5.524      0.07515
       5.532     -0.02059
       5.539     -0.09719
       5.547      -0.2121
       5.554      -0.3078
       5.562      -0.3844
       5.569      -0.4227
       5.577      -0.4227
       5.585      -0.3844
       5.592      -0.3461
         5.6      -0.3078
       5.615      -0.2887
       5.622      -0.2887
       5.638      -0.2504
       5.653      -0.1929
        5.66      -0.1355
       5.668     -0.09719
       5.675     -0.05889
        5.69    -0.001443
       5.698        0.056
       5.706       0.1135
       5.713       0.1709
       5.721       0.2283
       5.728       0.2666
       5.736       0.3241
       5.743       0.3624
       5.751       0.4198
       5.759       0.4581
       5.766       0.5156
       5.774        0.573
       5.781       0.6496
       5.789       0.6879
       5.804       0.6305
       5.811       0.5156
       5.819       0.3815
       5.827       0.2283
       5.834       0.0943
       5.842      0.03685
       5.842     -0.02059
       5.849     -0.05889
       5.857     -0.09719
       5.864     -0.09719
       5.872     -0.07804
       5.879     -0.03974
       5.887      0.01771
       5.895        0.056
       5.902        0.056
        5.91        0.056
       5.925      0.03685
       5.932        0.056
       5.948      0.07515
       5.955    -0.001443
       5.963     -0.03974
        5.97      -0.1163
       5.978      -0.1929
       5.985      -0.2695
       5.993       -0.327
           6      -0.3653
       6.016      -0.4227
       6.038       -0.461
       6.046      -0.4419
       6.061      -0.4419
       6.069      -0.4419
       6.084      -0.4227
       6.091      -0.4036
       6.106       -0.327
       6.114      -0.2695
       6.121      -0.2121
       6.129      -0.1355
       6.137     -0.05889
       6.144      0.01771
       6.152       0.0943
       6.159       0.1326
       6.167       0.1709
       6.182       0.2475
        6.19       0.3049
       6.197       0.3432
       6.205       0.4007
        6.22       0.3624
       6.227       0.3049
       6.242       0.2092
        6.25       0.1517
       6.258       0.0943
       6.265      0.01771
       6.273     -0.03974
        6.28     -0.09719
       6.295      -0.1163
       6.303     -0.09719
        6.31     -0.07804
       6.326     -0.02059
       6.333     -0.02059
       6.348        0.056
       6.356       0.0943
       6.363       0.1326
       6.371       0.1517
       6.379       0.1517
       6.386       0.1135
       6.394       0.0943
       6.409        0.056
       6.416      0.03685
       6.439      0.07515
       6.447       0.1135
       6.454       0.1517
       6.469       0.1709
       6.477       0.1326
       6.484       0.0943
       6.492        0.056
       6.492    -0.001443
         6.5    -0.001443
       6.515     -0.05889
       6.522     -0.05889
       6.537     -0.05889
       6.552      0.03685
       6.552    -0.001443
        6.56       0.1517
        6.56      0.07515
       6.568       0.2092
       6.575       0.3049
       6.583       0.3815
        6.59       0.4198
       6.598       0.4007
       6.605       0.4007
       6.621       0.4007
       6.628       0.4198
       6.643       0.4007
       6.651       0.3624
       6.658       0.3241
       6.666       0.2475
       6.673         0.19
       6.681       0.1135
       6.689        0.056
       6.689    -0.001443
       6.696     -0.02059
       6.704     -0.07804
       6.711      -0.1355
       6.726      -0.1738
       6.734      -0.1929
       6.749      -0.1929
       6.764      -0.1929
       6.772      -0.1546
       6.787      -0.1355
       6.794      -0.1355
        6.81      -0.1163
       6.817      -0.1163
       6.832      -0.1929
        6.84      -0.2312
       6.847      -0.2887
       6.855      -0.3078
        6.87      -0.2887
       6.885      -0.2312
       6.893      -0.2121
         6.9      -0.1738
       6.908      -0.1355
       6.915     -0.09719
       6.923     -0.02059
       6.931      0.01771
       6.938        0.056
       6.946       0.1135
       6.953       0.1326
       6.968         0.19
       6.976         0.19
       6.983         0.19
       6.999       0.1517
       7.006       0.1326
       7.021      0.07515
       7.029      0.03685
       7.036    -0.001443
       7.044     -0.03974
       7.052     -0.09719
       7.059      -0.1355
       7.074      -0.1738
       7.082      -0.1929
       7.089      -0.2312
       7.097      -0.2695
       7.104      -0.2887
        7.12      -0.3078
       7.127      -0.2887
       7.135      -0.2504
       7.142      -0.1929
        7.15      -0.1355
       7.157     -0.05889
       7.165      0.01771
       7.173      0.07515
        7.18       0.1135
       7.188       0.1517
       7.195         0.19
        7.21       0.2092
       7.218       0.2283
       7.233       0.2283
       7.241       0.2092
       7.256         0.19
       7.271       0.1709
       7.278       0.1709
       7.293       0.1517
       7.301       0.1709
       7.309       0.2092
       7.316       0.2666
       7.331       0.2858
       7.339       0.2858
       7.354       0.2666
       7.362       0.2283
       7.369       0.1709
       7.377       0.0943
       7.384      0.03685
       7.384     -0.03974
       7.392      -0.1355
       7.399      -0.2312
       7.407      -0.3078
       7.414      -0.3653
       7.422      -0.3844
       7.437      -0.3461
       7.452      -0.3461
        7.46      -0.3461
       7.467       -0.327
       7.483      -0.2887
        7.49      -0.2695
       7.505      -0.2504
       7.513      -0.2312
        7.52      -0.1929
       7.528      -0.1355
       7.535     -0.07804
       7.543     -0.03974
       7.558     -0.03974
       7.566     -0.07804
       7.581      -0.1163
       7.588      -0.1546
       7.604      -0.1738
       7.611      -0.1546
       7.619      -0.1163
       7.626     -0.09719
       7.641     -0.07804
       7.649     -0.07804
       7.664     -0.05889
       7.679     -0.02059
       7.687    -0.001443
       7.694        0.056
       7.702       0.1135
       7.709       0.1709
       7.724         0.19
       7.732       0.1517
        7.74       0.1135
       7.747      0.07515
       7.762      0.01771
        7.77    -0.001443
       7.785      0.01771
       7.793      0.03685
         7.8      0.07515
       7.815       0.1135
       7.823       0.1326
       7.838       0.1326
       7.845       0.1517
       7.861       0.1709
       7.868         0.19
       7.883       0.2283
       7.891       0.2475
       7.898       0.2858
       7.906       0.3049
       7.921       0.3241
       7.929       0.3241
       7.944       0.3624
       7.959       0.3624
       7.966       0.3624
       7.982       0.3049
       7.997       0.2475
       8.004       0.2475
       8.019       0.2858
       8.035       0.2666
       8.042       0.2092
        8.05       0.1326
       8.057      0.07515
       8.065      0.01771
       8.072     -0.02059
        8.08     -0.05889
       8.095     -0.09719
       8.103     -0.09719
        8.11     -0.07804
       8.118     -0.03974
       8.125      0.03685
       8.125    -0.001443
       8.133        0.056
       8.148       0.0943
       8.155       0.0943
       8.163        0.056
       8.171      0.03685
       8.193    -0.001443
       8.201    -0.001443
       8.216    -0.001443
       8.224     -0.02059
       8.239      -0.1163
       8.246      -0.1929
       8.254      -0.2887
       8.261      -0.3461
       8.269      -0.3844
       8.276      -0.4036
       8.292      -0.4036
       8.299      -0.4036
       8.307      -0.3653
       8.314      -0.3461
       8.322      -0.2887
       8.329      -0.2504
       8.337      -0.2121
       8.352      -0.2121
        8.36      -0.2121
       8.375      -0.1929
       8.382      -0.1355
        8.39     -0.07804
       8.397     -0.02059
       8.405      0.01771
       8.413      0.01771
       8.435    -0.001443
       8.443      0.03685
        8.45       0.0943
       8.458       0.1517
       8.466       0.2283
       8.473       0.3049
       8.481       0.3432
       8.488       0.3815
       8.496       0.3432
       8.503       0.3049
       8.511       0.2283
       8.518       0.1517
       8.526      0.07515
       8.534      0.01771
       8.541    -0.001443
       8.556     -0.03974
       8.564     -0.03974
       8.579     -0.05889
       8.586     -0.03974
       8.594     -0.02059
       8.602        0.056
       8.609       0.0943
       8.617       0.1326
       8.624       0.1517
       8.639       0.1135
       8.647       0.0943
       8.662      0.07515
       8.677      0.01771
       8.685     -0.02059
       8.692     -0.09719
         8.7      -0.1929
       8.707      -0.2504
       8.715      -0.2887
       8.723      -0.2887
        8.73      -0.2695
       8.738      -0.1929
       8.745      -0.1355
       8.753     -0.05889
        8.76    -0.001443
       8.768        0.056
       8.776      0.07515
       8.791       0.0943
       8.798       0.1135
       8.806       0.1517
       8.828       0.1517
       8.836       0.1326
       8.836        0.056
       8.844        0.056
       8.844    -0.001443
       8.844     -0.05889
       8.851      -0.1546
       8.859      -0.2695
       8.866      -0.3653
       8.874      -0.4227
       8.881      -0.4802
       8.889      -0.5185
       8.897      -0.5376
       8.912      -0.5185
       8.927      -0.4419
       8.934      -0.3844
       8.942      -0.3078
       8.949      -0.2121
       8.957      -0.1355
       8.965     -0.09719
