     0.01198     -0.09418
     0.01955     -0.02031
     0.01955     -0.07572
     0.02711      0.01662
     0.03468      0.07202
     0.04224        0.109
     0.05737        0.109
     0.06494      0.09049
     0.08007      0.07202
     0.08763      0.07202
      0.1028      0.07202
      0.1179      0.03509
      0.1255      0.01662
      0.1406    -0.001847
      0.1481    -0.001847
      0.1633     -0.03878
      0.1708     -0.05725
       0.186     -0.05725
      0.1935     -0.03878
      0.2011    -0.001847
      0.2087      0.05355
      0.2162       0.1274
      0.2238       0.1644
      0.2314       0.2013
      0.2389       0.2382
      0.2541       0.2567
      0.2616       0.2198
      0.2692       0.1828
      0.2767        0.109
      0.2843      0.03509
      0.2919     -0.03878
      0.2994      -0.1311
       0.307       -0.205
      0.3146      -0.2604
      0.3221      -0.3158
      0.3297      -0.3527
      0.3373      -0.3897
      0.3524      -0.3712
        0.36      -0.2973
      0.3675      -0.1865
      0.3751     -0.05725
      0.3826      0.05355
      0.3902       0.1459
      0.3978       0.2198
      0.4053       0.2752
      0.4129       0.2936
       0.428       0.2752
      0.4356       0.2752
      0.4507       0.2198
      0.4583       0.1828
      0.4659       0.1274
      0.4734      0.05355
       0.481    -0.001847
      0.4886     -0.07572
      0.4961      -0.1496
      0.5037       -0.205
      0.5112      -0.2789
      0.5188      -0.3158
      0.5339      -0.2973
      0.5415      -0.2235
      0.5491      -0.1311
      0.5566     -0.03878
      0.5642      0.03509
      0.5718        0.109
      0.5793       0.1644
      0.5869       0.2198
       0.602       0.2567
      0.6096       0.2567
      0.6172       0.2198
      0.6247       0.1828
      0.6323       0.1459
      0.6398      0.09049
      0.6474      0.03509
       0.655    -0.001847
      0.6625     -0.05725
      0.6701     -0.09418
      0.6852      -0.1496
      0.6928      -0.1681
      0.7004      -0.1496
      0.7079      -0.1311
      0.7155     -0.07572
      0.7306      0.01662
      0.7382      0.07202
      0.7609      0.09049
      0.7684      0.09049
      0.7836      0.07202
      0.7911      0.05355
      0.7987      0.07202
      0.8138        0.109
      0.8214       0.1274
      0.8365       0.1459
      0.8441       0.1274
      0.8517      0.09049
      0.8592      0.05355
      0.8668      0.01662
      0.8819     -0.02031
      0.8895     -0.02031
      0.9046    -0.001847
      0.9122      0.01662
      0.9273      0.01662
      0.9349    -0.001847
      0.9424     -0.05725
        0.95     -0.09418
      0.9651      -0.1127
      0.9727     -0.09418
      0.9878     -0.05725
       1.003    -0.001847
       1.011    -0.001847
       1.026    -0.001847
       1.041     -0.02031
       1.048     -0.02031
       1.063     -0.03878
       1.071     -0.05725
       1.086     -0.02031
       1.094    -0.001847
       1.109      0.03509
       1.116      0.07202
       1.132       0.1274
       1.139       0.1459
       1.147       0.1644
       1.154       0.2013
       1.162       0.2382
       1.177       0.2752
       1.184       0.2567
       1.192       0.2567
         1.2       0.2198
       1.207       0.1644
       1.215      0.07202
       1.222     -0.05725
        1.23      -0.1681
       1.237      -0.2604
       1.245      -0.2973
       1.253      -0.2973
       1.268      -0.2419
       1.275      -0.2235
       1.283      -0.1865
        1.29      -0.1496
       1.298      -0.1127
       1.306     -0.05725
       1.313     -0.02031
       1.328      0.03509
       1.336      0.07202
       1.351       0.1274
       1.358       0.1644
       1.374       0.2198
       1.381       0.2198
       1.396       0.1828
       1.404       0.1274
       1.411      0.09049
       1.419      0.03509
       1.427    -0.001847
       1.434     -0.05725
       1.442     -0.05725
       1.449     -0.02031
       1.457      0.01662
       1.464      0.05355
       1.472        0.109
       1.487      0.07202
       1.495      0.03509
       1.502    -0.001847
        1.51     -0.03878
       1.525     -0.03878
       1.532     -0.05725
       1.548     -0.09418
       1.555      -0.1311
       1.563      -0.1311
       1.578      -0.1681
       1.585       -0.205
       1.601       -0.205
       1.608      -0.1865
       1.616      -0.1311
       1.623     -0.07572
       1.631     -0.02031
       1.638      0.01662
       1.646      0.03509
       1.654      0.09049
       1.661       0.1274
       1.669       0.1828
       1.676       0.2013
       1.691       0.1828
       1.699       0.1274
       1.706      0.09049
       1.714      0.05355
       1.729      0.01662
       1.737      0.01662
       1.744      0.01662
       1.752    -0.001847
       1.759     -0.03878
       1.767     -0.05725
       1.782     -0.07572
        1.79     -0.07572
       1.805     -0.03878
       1.812     -0.02031
        1.82      0.01662
       1.835      0.05355
       1.843      0.05355
       1.858      0.07202
       1.873      0.09049
        1.88      0.09049
       1.896      0.03509
       1.911    -0.001847
       1.918     -0.03878
       1.933     -0.07572
       1.941      -0.1127
       1.949      -0.1127
       1.964      -0.1127
       1.971      -0.1127
       1.979     -0.09418
       1.986     -0.05725
       1.994    -0.001847
       2.001      0.05355
       2.009        0.109
       2.017       0.1644
       2.024       0.2013
       2.039       0.2198
       2.047       0.1644
       2.054        0.109
       2.062      0.05355
        2.07      0.01662
       2.085     -0.02031
       2.092     -0.03878
       2.107     -0.07572
       2.115     -0.09418
        2.13      -0.1311
       2.138      -0.1311
       2.145      -0.1127
        2.16     -0.07572
       2.168     -0.05725
       2.175    -0.001847
       2.191      0.07202
       2.198      0.09049
       2.213        0.109
       2.221      0.09049
       2.236      0.05355
       2.244      0.03509
       2.259      0.05355
       2.266      0.07202
       2.274      0.09049
       2.289      0.05355
       2.296      0.03509
       2.312      0.01662
       2.319     -0.02031
       2.334     -0.05725
       2.342     -0.05725
       2.349     -0.03878
       2.365    -0.001847
        2.38      0.05355
       2.387      0.07202
       2.395      0.09049
        2.41      0.03509
       2.418    -0.001847
       2.425     -0.05725
        2.44     -0.05725
       2.448     -0.03878
       2.455    -0.001847
       2.463      0.01662
        2.47      0.01662
       2.478     -0.02031
       2.486     -0.05725
       2.493     -0.09418
       2.508      -0.1127
       2.516     -0.07572
       2.523     -0.02031
       2.531      0.03509
       2.539      0.07202
       2.554       0.1274
       2.561       0.1644
       2.576       0.1644
       2.584       0.1459
       2.592        0.109
       2.599      0.05355
       2.607    -0.001847
       2.622     -0.03878
       2.629     -0.02031
       2.644    -0.001847
       2.652      0.01662
       2.667      0.03509
       2.675      0.05355
        2.69      0.05355
       2.697      0.03509
       2.705      0.03509
        2.72      0.01662
       2.728      0.01662
       2.735      0.03509
        2.75      0.05355
       2.758      0.03509
       2.773    -0.001847
       2.781     -0.02031
       2.796     -0.02031
       2.803    -0.001847
       2.811      0.03509
       2.818      0.09049
       2.834      0.09049
       2.841      0.05355
       2.856    -0.001847
       2.864     -0.02031
       2.879     -0.05725
       2.887     -0.05725
       2.902     -0.02031
       2.909      0.01662
       2.917      0.03509
       2.924      0.07202
       2.932        0.109
       2.947       0.1644
       2.955       0.1644
        2.97       0.1459
       2.977        0.109
       2.985      0.03509
       2.992     -0.02031
           3     -0.07572
       3.008      -0.1127
       3.015      -0.1311
        3.03      -0.1496
       3.038      -0.1496
       3.053      -0.1311
       3.068     -0.07572
       3.076     -0.05725
       3.083    -0.001847
       3.091      0.03509
       3.098      0.07202
       3.106        0.109
       3.113       0.1644
       3.129       0.1828
       3.136       0.1644
       3.151      0.09049
       3.159      0.05355
       3.166    -0.001847
       3.174     -0.05725
       3.182      -0.1311
       3.189      -0.1865
       3.197       -0.205
       3.212       -0.205
       3.219      -0.1865
       3.227      -0.1496
       3.235      -0.1127
       3.242     -0.07572
        3.25     -0.03878
       3.257    -0.001847
       3.272      0.03509
        3.28      0.05355
       3.287      0.09049
       3.295       0.1459
       3.303       0.2013
        3.31       0.2567
       3.318       0.2936
       3.333       0.3306
        3.34       0.2936
       3.348       0.2198
       3.356       0.1459
       3.363      0.07202
       3.371      0.01662
       3.378     -0.03878
       3.386     -0.07572
       3.393      -0.1311
       3.401      -0.1681
       3.408       -0.205
       3.416      -0.2604
       3.424      -0.2789
       3.439      -0.2604
       3.446      -0.2235
       3.454      -0.1496
       3.461     -0.07572
       3.469      0.01662
       3.477      0.09049
       3.484       0.1644
       3.492       0.2013
       3.507       0.2198
       3.514       0.2198
       3.522       0.2013
        3.53       0.1644
       3.537       0.1274
       3.545      0.07202
       3.552      0.03509
        3.56      0.01662
       3.575     -0.03878
       3.582     -0.07572
       3.598      -0.1127
       3.605      -0.1127
       3.613     -0.07572
        3.62     -0.02031
       3.628      0.01662
       3.635      0.07202
       3.643        0.109
       3.651       0.1274
       3.658       0.1459
       3.673       0.1274
       3.681       0.1274
       3.696      0.09049
       3.704      0.03509
       3.711    -0.001847
       3.719     -0.05725
       3.726     -0.07572
       3.741     -0.09418
       3.749     -0.07572
       3.764     -0.05725
       3.772     -0.05725
       3.779     -0.05725
       3.794     -0.09418
       3.802      -0.1127
       3.817     -0.09418
       3.832     -0.05725
        3.84     -0.03878
       3.855      0.01662
       3.862      0.07202
        3.87        0.109
       3.877       0.1644
       3.893       0.1644
         3.9       0.1459
       3.915       0.1459
       3.923       0.1644
       3.938       0.1644
       3.946        0.109
       3.953      0.05355
       3.961     -0.02031
       3.968      -0.1127
       3.976      -0.1865
       3.983      -0.2604
       3.999      -0.2604
       4.006      -0.2235
       4.014      -0.1681
       4.021      -0.1311
       4.029     -0.07572
       4.036     -0.03878
       4.044      0.01662
       4.051      0.03509
       4.067      0.07202
       4.074      0.09049
       4.082        0.109
       4.097       0.1644
       4.104       0.1828
        4.12       0.1644
       4.127       0.1274
       4.135      0.05355
       4.142    -0.001847
        4.15     -0.09418
       4.157      -0.1496
       4.173      -0.1681
        4.18      -0.1311
       4.188     -0.09418
       4.195     -0.07572
       4.203     -0.03878
        4.21     -0.02031
       4.218      0.01662
       4.225      0.03509
       4.233      0.07202
       4.241      0.09049
       4.248       0.1274
       4.256       0.1644
       4.263       0.1828
       4.271       0.1828
       4.278       0.1459
       4.286      0.09049
       4.294      0.01662
       4.301     -0.03878
       4.309      -0.1127
       4.316      -0.1681
       4.324       -0.205
       4.331      -0.2419
       4.339      -0.2604
       4.354      -0.2419
       4.362      -0.1865
       4.369      -0.1311
       4.377     -0.07572
       4.384    -0.001847
       4.392      0.03509
       4.399      0.09049
       4.407       0.1459
       4.415       0.2013
       4.422       0.2567
        4.43       0.2936
       4.445       0.2936
       4.452       0.2567
        4.46       0.2198
       4.468       0.1644
       4.475        0.109
        4.49      0.05355
       4.498      0.03509
       4.513     -0.02031
        4.52     -0.09418
       4.528      -0.1681
       4.536      -0.2419
       4.543      -0.2973
       4.551      -0.3343
       4.558      -0.3343
       4.566      -0.3158
       4.573      -0.2604
       4.581       -0.205
       4.589      -0.1496
       4.596     -0.09418
       4.604     -0.03878
       4.611      0.01662
       4.619      0.07202
       4.626        0.109
       4.642       0.1459
       4.649       0.1459
       4.664       0.1459
       4.672       0.1459
       4.679       0.1459
       4.694      0.09049
       4.702      0.05355
        4.71      0.03509
       4.717    -0.001847
       4.732     -0.02031
        4.74    -0.001847
       4.755      0.05355
       4.763      0.09049
        4.77       0.1274
       4.785       0.1459
       4.793       0.1459
       4.808       0.1459
       4.816       0.1459
       4.823       0.1459
       4.838        0.109
       4.853      0.05355
       4.861    -0.001847
       4.868     -0.05725
       4.876      -0.1127
       4.884      -0.1681
       4.891       -0.205
       4.899      -0.2235
       4.914      -0.2235
       4.921      -0.1865
       4.929      -0.1496
       4.937     -0.09418
       4.944     -0.02031
       4.952      0.03509
       4.959        0.109
       4.967       0.1828
       4.974       0.2567
       4.982       0.2936
       4.989       0.3121
       4.997       0.2936
       5.005       0.2567
       5.012       0.2013
        5.02       0.1644
       5.035       0.1459
       5.042       0.1459
        5.05       0.1274
       5.058      0.07202
       5.065    -0.001847
       5.073     -0.07572
        5.08      -0.1681
       5.088      -0.2235
       5.095      -0.2789
       5.103      -0.2973
       5.111      -0.2789
       5.118      -0.2419
       5.126       -0.205
       5.133      -0.1681
       5.141      -0.1127
       5.148     -0.05725
       5.156      0.01662
       5.163      0.05355
       5.171        0.109
       5.179       0.1274
       5.194       0.1459
       5.201       0.1644
       5.216       0.1828
       5.224       0.2013
       5.239       0.1459
       5.247      0.09049
       5.254      0.01662
       5.262     -0.05725
       5.269      -0.1496
       5.277       -0.205
       5.292      -0.2419
         5.3      -0.2419
       5.315      -0.1865
       5.322      -0.1311
        5.33     -0.07572
       5.337     -0.02031
       5.345      0.01662
       5.353      0.05355
        5.36        0.109
       5.368       0.1459
       5.383       0.2013
        5.39       0.2198
       5.406       0.2198
       5.413       0.2013
       5.428       0.1274
       5.436      0.09049
       5.443      0.03509
       5.451     -0.02031
       5.458     -0.07572
       5.466      -0.1311
       5.474      -0.1865
       5.481      -0.2419
       5.489      -0.2789
       5.496      -0.2973
       5.504      -0.2789
       5.511      -0.2419
       5.519      -0.1865
       5.527      -0.1496
       5.534     -0.09418
       5.542     -0.05725
       5.549    -0.001847
       5.557      0.05355
       5.564      0.09049
       5.572       0.1459
        5.58       0.1828
       5.587       0.2382
       5.595       0.2752
       5.602       0.2936
       5.617       0.2198
       5.625       0.1828
       5.632       0.1274
        5.64      0.07202
       5.648      0.01662
       5.655     -0.02031
        5.67     -0.02031
       5.678     -0.02031
       5.693     -0.03878
       5.701     -0.07572
       5.716      -0.1311
       5.723      -0.1496
       5.738      -0.1496
       5.746      -0.1311
       5.754     -0.09418
       5.761     -0.03878
       5.769    -0.001847
       5.776      0.03509
       5.791      0.05355
       5.799      0.09049
       5.814       0.1274
       5.822       0.1459
       5.829       0.1828
       5.837       0.2198
       5.844       0.2567
       5.852       0.2936
       5.867       0.2567
       5.875       0.2013
       5.882       0.1274
        5.89      0.05355
       5.897     -0.02031
       5.905     -0.07572
       5.912      -0.1681
        5.92      -0.2235
       5.927      -0.2604
       5.943      -0.2419
        5.95      -0.1865
       5.958      -0.1127
       5.965     -0.03878
       5.973      0.01662
        5.98      0.05355
       5.988        0.109
       5.996       0.1274
       6.011       0.1644
       6.018       0.1828
       6.033      0.09049
       6.041      0.01662
       6.049     -0.07572
       6.056      -0.1311
       6.064      -0.1865
       6.071      -0.2235
       6.086      -0.2419
       6.094       -0.205
       6.101      -0.1496
       6.109     -0.09418
       6.117     -0.03878
       6.124    -0.001847
       6.132      0.03509
       6.139      0.07202
       6.154      0.07202
       6.162      0.03509
       6.177      0.01662
       6.185      0.01662
         6.2      0.03509
       6.207      0.05355
       6.223      0.09049
        6.23      0.09049
       6.245      0.09049
       6.253      0.09049
       6.268      0.09049
       6.275       0.1274
       6.291       0.1644
       6.298       0.1828
       6.313       0.2013
       6.321       0.2013
       6.328       0.1644
       6.336        0.109
       6.344      0.03509
       6.351     -0.09418
       6.359       -0.205
       6.366      -0.3158
       6.374      -0.3712
       6.381      -0.4081
       6.389      -0.3897
       6.397      -0.3527
       6.404      -0.3158
       6.412      -0.2604
       6.419      -0.1865
       6.427     -0.07572
       6.434      0.03509
       6.442       0.1459
       6.449       0.2567
       6.457       0.3121
       6.465       0.3675
       6.472       0.4044
       6.487       0.3675
       6.495       0.3306
       6.502       0.2752
        6.51       0.2198
       6.518       0.1459
       6.525      0.07202
       6.533     -0.02031
        6.54      -0.1127
       6.548      -0.1681
       6.555       -0.205
       6.563      -0.2235
       6.578      -0.1865
       6.586      -0.1681
       6.601      -0.1127
       6.608     -0.05725
       6.616    -0.001847
       6.623      0.05355
       6.631        0.109
       6.639       0.1644
       6.646       0.1828
       6.661       0.1828
       6.669       0.1274
       6.676      0.09049
       6.684      0.03509
       6.692    -0.001847
       6.699     -0.02031
       6.714     -0.05725
       6.722     -0.07572
       6.737     -0.07572
       6.752      -0.1127
        6.76      -0.1127
       6.767      -0.1127
       6.782      -0.1127
        6.79      -0.1127
       6.805      -0.1127
        6.82      -0.1496
       6.828      -0.1496
       6.835      -0.1311
       6.843     -0.07572
        6.85     -0.02031
       6.858      0.03509
       6.866      0.09049
       6.873       0.1644
       6.881       0.2382
       6.888       0.3121
       6.896       0.3306
       6.903       0.3306
       6.911       0.2936
       6.918       0.2382
       6.926       0.2013
       6.934       0.1459
       6.941      0.07202
       6.949    -0.001847
       6.956     -0.07572
       6.964      -0.1311
       6.971      -0.1681
       6.987       -0.205
       6.994       -0.205
       7.002      -0.1681
       7.009      -0.1496
       7.017      -0.1127
       7.024     -0.05725
       7.032    -0.001847
       7.039      0.03509
       7.047      0.07202
       7.055       0.1274
       7.062       0.1644
        7.07       0.2013
       7.085       0.1828
       7.092       0.1644
       7.108       0.1644
       7.115       0.1828
        7.13       0.1828
       7.138       0.1274
       7.145      0.03509
       7.153     -0.09418
       7.161       -0.205
       7.168      -0.2604
       7.183       -0.205
       7.191      -0.1311
       7.198     -0.07572
       7.206     -0.03878
       7.213     -0.03878
       7.229     -0.03878
       7.236     -0.03878
       7.251     -0.03878
       7.259     -0.02031
       7.274      0.03509
       7.282      0.07202
       7.297        0.109
       7.304       0.1459
       7.312       0.1828
       7.327       0.1644
       7.335        0.109
       7.342      0.05355
        7.35    -0.001847
       7.357     -0.02031
       7.372     -0.05725
        7.38     -0.07572
       7.387     -0.07572
       7.403     -0.05725
        7.41     -0.07572
       7.418     -0.07572
       7.433      -0.1127
        7.44      -0.1127
       7.456      -0.1496
       7.463      -0.1496
       7.471      -0.1127
       7.478     -0.05725
       7.486      0.01662
       7.493      0.09049
       7.501       0.1274
       7.516       0.1459
       7.524       0.1459
       7.539        0.109
       7.546      0.09049
       7.554      0.09049
       7.569        0.109
       7.577       0.1274
       7.592       0.1274
       7.599       0.1274
       7.607      0.09049
       7.614      0.05355
       7.622     -0.02031
        7.63     -0.07572
       7.637      -0.1127
       7.652      -0.1496
        7.66      -0.1311
       7.675      -0.1127
       7.682      -0.1127
       7.698     -0.09418
       7.705     -0.05725
       7.713    -0.001847
        7.72      0.05355
       7.728        0.109
       7.735       0.1644
       7.743       0.2198
       7.751       0.2936
       7.758       0.3306
       7.773       0.3306
       7.781       0.2936
       7.788       0.2198
       7.796       0.1459
       7.804      0.05355
       7.811     -0.02031
       7.819     -0.09418
       7.826      -0.1496
       7.834      -0.1865
       7.841      -0.2235
       7.849      -0.2604
       7.856      -0.2789
       7.872      -0.2604
       7.879      -0.2235
       7.887      -0.1681
       7.894      -0.1311
       7.902     -0.07572
       7.909     -0.03878
       7.917    -0.001847
       7.925      0.03509
       7.932      0.07202
        7.94       0.1274
       7.947       0.1644
       7.955       0.2013
       7.962       0.2382
       7.978       0.2567
       7.985       0.2013
       7.993       0.1459
           8      0.03509
       8.008     -0.05725
       8.015      -0.1311
       8.023      -0.1681
        8.03      -0.1865
       8.046      -0.1496
       8.053      -0.1311
       8.061     -0.09418
       8.068     -0.07572
       8.083     -0.09418
       8.091     -0.09418
       8.106     -0.09418
       8.114     -0.07572
       8.121     -0.02031
       8.129      0.05355
       8.136       0.1274
       8.144       0.1828
       8.151       0.2198
       8.167       0.1828
       8.174        0.109
       8.182      0.03509
       8.189     -0.05725
       8.197      -0.1127
       8.204      -0.1496
       8.212      -0.1496
        8.22     -0.09418
       8.227     -0.02031
       8.235      0.01662
       8.242      0.05355
        8.25      0.09049
       8.265       0.1459
       8.273       0.1644
       8.288       0.1828
       8.295       0.1828
        8.31       0.1644
       8.318       0.1644
       8.333        0.109
       8.341      0.07202
       8.348      0.01662
       8.356     -0.05725
       8.363      -0.1311
       8.371      -0.1865
       8.378      -0.2419
       8.386      -0.2604
       8.394      -0.2419
       8.401       -0.205
       8.409      -0.1496
       8.416     -0.07572
       8.424     -0.02031
       8.431      0.05355
       8.439        0.109
       8.447       0.1459
       8.454       0.1644
       8.462       0.1644
       8.469       0.1274
       8.477      0.09049
       8.484      0.09049
       8.492        0.109
       8.499       0.1459
       8.507       0.1828
       8.522       0.1459
        8.53      0.07202
       8.537      0.01662
       8.545     -0.07572
       8.552      -0.1681
        8.56      -0.2235
       8.575      -0.2419
       8.583       -0.205
        8.59      -0.1311
       8.598      0.01662
       8.598     -0.05725
       8.605      0.03509
       8.613       0.1274
        8.62       0.2013
       8.628       0.2752
       8.636       0.3306
       8.643       0.3675
       8.658        0.349
       8.666       0.2567
       8.673       0.1459
       8.681      0.03509
       8.689     -0.09418
       8.696      -0.1865
       8.704      -0.2419
       8.711      -0.2973
       8.719      -0.3343
       8.726      -0.3897
       8.734      -0.4266
       8.749      -0.4266
       8.757      -0.3897
       8.764      -0.3158
       8.772      -0.2235
       8.779      -0.1311
       8.787     -0.03878
       8.794      0.05355
       8.802       0.1274
        8.81       0.2013
       8.817       0.2567
       8.825       0.3121
       8.832        0.349
       8.847        0.349
       8.855       0.3121
       8.863       0.2567
        8.87       0.2198
       8.878       0.1828
       8.885       0.1459
       8.893      0.09049
         8.9    -0.001847
       8.908     -0.09418
       8.916       -0.205
       8.923      -0.3158
       8.931      -0.3712
       8.938      -0.3527
       8.946      -0.3158
       8.953      -0.2419
       8.961      -0.1681
       8.968      -0.1127
       8.976     -0.03878
