     0.01181      -0.2506
     0.01937      -0.3018
     0.02693      -0.3018
     0.04205      -0.1381
      0.0496    -0.005115
     0.05716       0.1176
     0.06472       0.1893
     0.07228       0.2506
      0.0874       0.2813
      0.1025       0.3223
      0.1101       0.2506
      0.1176       0.1483
      0.1252      0.07673
      0.1252     -0.01535
      0.1327     -0.07673
      0.1403      -0.1893
      0.1479      -0.3018
      0.1554      -0.3836
       0.163      -0.4143
      0.1705      -0.4041
      0.1781      -0.3427
      0.1857      -0.2506
      0.1932      -0.1688
      0.2008     -0.09719
      0.2083     -0.01535
      0.2159      0.05627
      0.2159    -0.005115
      0.2235      0.07673
       0.231       0.1381
      0.2386       0.1381
      0.2537       0.1483
      0.2612       0.1688
      0.2764       0.1893
      0.2839       0.1483
      0.2915      0.07673
       0.299      0.03581
       0.299    -0.005115
      0.3142    -0.005115
      0.3217      0.05627
      0.3293       0.1176
      0.3368       0.1483
      0.3444       0.2097
      0.3595       0.1893
      0.3671       0.1688
      0.3822       0.1688
      0.3897      0.09719
      0.3973      0.05627
      0.3973     -0.03581
      0.4049      -0.1381
      0.4124      -0.1893
        0.42      -0.1893
      0.4275      -0.1381
      0.4351     -0.07673
      0.4427     -0.03581
      0.4502    -0.005115
      0.4578      0.03581
      0.4653      0.03581
      0.4653    -0.005115
      0.4729     -0.01535
      0.4804     -0.09719
       0.488      -0.1688
      0.4956      -0.2302
      0.5031      -0.2711
      0.5107      -0.2711
      0.5258      -0.2097
      0.5334      -0.1483
      0.5409     -0.09719
      0.5485     -0.03581
       0.556      0.01535
      0.5636      0.09719
      0.5712       0.1893
      0.5787       0.2711
      0.5863       0.3427
      0.5938       0.3836
      0.6014       0.4041
      0.6165       0.3427
      0.6241       0.2711
      0.6316       0.1483
      0.6392      0.01535
      0.6467      -0.1381
      0.6543      -0.2506
      0.6619      -0.3223
      0.6694      -0.3427
      0.6845      -0.2711
      0.6921      -0.1893
      0.6996     -0.09719
      0.7072      0.03581
      0.7072     -0.01535
      0.7148      0.07673
      0.7223       0.1176
      0.7299       0.1688
      0.7374       0.1893
      0.7526       0.2302
      0.7601       0.1893
      0.7677       0.1176
      0.7752      0.05627
      0.7752    -0.005115
      0.7828     -0.05627
      0.7904      -0.1381
      0.7979      -0.1893
       0.813      -0.1688
      0.8206      -0.1381
      0.8281     -0.07673
      0.8357      0.05627
      0.8357     -0.01535
      0.8433       0.1381
      0.8508       0.2813
      0.8584       0.4041
      0.8659       0.4552
      0.8735       0.4143
      0.8811       0.3632
      0.8886       0.3018
      0.8962       0.2711
      0.9037       0.2302
      0.9113       0.1893
      0.9188       0.1176
      0.9264      0.07673
      0.9264    -0.005115
       0.934     -0.05627
      0.9415      -0.1381
      0.9491      -0.2097
      0.9566      -0.2506
      0.9642      -0.2711
      0.9718      -0.2302
      0.9793      -0.1893
      0.9869      -0.1176
      0.9944     -0.03581
       1.002      0.05627
       1.002    -0.005115
        1.01      0.09719
       1.025       0.1381
       1.032       0.1176
        1.04      0.07673
       1.047      0.01535
       1.055     -0.03581
       1.062     -0.09719
        1.07      -0.1381
       1.078      -0.1688
       1.085      -0.1483
       1.093      -0.1381
       1.108     -0.07673
       1.115     -0.03581
       1.123      0.01535
        1.13      0.09719
       1.138       0.1381
       1.153       0.1688
       1.161       0.1688
       1.168       0.2097
       1.183       0.2506
       1.191       0.2506
       1.199       0.1688
       1.206      0.09719
       1.206    -0.005115
       1.214     -0.09719
       1.221      -0.2506
       1.229      -0.3836
       1.236      -0.4348
       1.244      -0.4552
       1.251      -0.3836
       1.259      -0.3018
       1.267      -0.1893
       1.274     -0.07673
       1.282      0.07673
       1.282    -0.005115
       1.289       0.1893
       1.297       0.3223
       1.304       0.4552
       1.312       0.5371
       1.312       0.4962
       1.319       0.5166
       1.327       0.4348
       1.335       0.2813
       1.342       0.1381
       1.342     -0.01535
        1.35      -0.1176
       1.357      -0.3223
       1.365      -0.4962
       1.372      -0.6087
        1.38      -0.6496
       1.387      -0.5678
       1.395      -0.4041
       1.395      -0.5166
       1.403      -0.2813
        1.41      -0.1688
       1.418     -0.07673
       1.425      0.03581
       1.425     -0.01535
       1.433      0.07673
        1.44       0.1483
       1.448       0.2097
       1.456       0.2813
       1.463       0.3427
       1.478       0.3427
       1.486       0.2506
       1.493       0.1381
       1.501      0.07673
       1.508     -0.07673
       1.508      -0.1688
       1.516      -0.2506
       1.524      -0.2711
       1.531      -0.2097
       1.539     -0.07673
       1.539      -0.1688
       1.546      0.05627
       1.546     -0.03581
       1.554       0.1176
       1.561       0.2097
       1.569       0.2711
       1.584       0.3018
       1.592       0.3018
       1.599       0.3018
       1.607       0.2711
       1.614       0.2097
       1.622       0.1176
       1.629      0.05627
       1.629     -0.05627
       1.637      -0.1893
       1.644      -0.3018
       1.652      -0.3427
       1.667      -0.3223
       1.675      -0.2506
       1.682      -0.1483
        1.69     -0.03581
       1.697      0.07673
       1.697    -0.005115
       1.705       0.1381
       1.713       0.1688
        1.72       0.2097
       1.728       0.1893
       1.735       0.1381
       1.743      0.01535
        1.75     -0.09719
       1.758      -0.2097
       1.765      -0.2711
       1.773      -0.2711
       1.781      -0.2097
       1.788      -0.1381
       1.796     -0.07673
       1.803      0.03581
       1.803     -0.01535
       1.811      0.09719
       1.818       0.2302
       1.826       0.3427
       1.833       0.4552
       1.841       0.5371
       1.849       0.5473
       1.864       0.4757
       1.871       0.4143
       1.879       0.3223
       1.886       0.2097
       1.894      0.09719
       1.894     -0.01535
       1.901      -0.1483
       1.909      -0.3427
       1.917      -0.4757
       1.924      -0.5473
       1.932      -0.5371
       1.939      -0.4757
       1.947      -0.3632
       1.954      -0.2506
       1.962      -0.1176
        1.97    -0.005115
       1.977       0.1483
       1.985       0.2506
       1.992       0.3427
           2       0.3836
       2.015       0.4041
       2.022       0.3632
        2.03       0.2711
       2.038       0.1381
       2.045     -0.03581
       2.053      -0.1483
        2.06      -0.2302
       2.068      -0.2711
       2.083      -0.2711
        2.09      -0.2302
       2.098      -0.1688
       2.106     -0.09719
       2.113     -0.03581
       2.121    -0.005115
       2.128      0.03581
       2.136      0.01535
       2.143     -0.03581
       2.151      -0.1176
       2.158      -0.2097
       2.166      -0.2711
       2.174      -0.3018
       2.181      -0.2813
       2.189      -0.2097
       2.196      -0.1176
       2.204      0.05627
       2.204     -0.03581
       2.211      0.09719
       2.219       0.1688
       2.226       0.2097
       2.234       0.2302
       2.249       0.2506
       2.257       0.2711
       2.272       0.2711
       2.287       0.2302
       2.295       0.1688
       2.302      0.09719
       2.302    -0.005115
        2.31     -0.05627
       2.317      -0.1893
       2.325      -0.2813
       2.332      -0.3223
        2.34      -0.2813
       2.347      -0.2097
       2.355      -0.1176
       2.363      0.03581
       2.363     -0.03581
        2.37      0.09719
       2.378       0.1688
       2.385       0.2302
         2.4       0.2097
       2.408       0.1893
       2.423       0.1893
       2.431       0.1483
       2.438      0.07673
       2.438    -0.005115
       2.446     -0.03581
       2.453      -0.1483
       2.461      -0.2302
       2.468      -0.2813
       2.483      -0.2302
       2.491      -0.1381
       2.499      0.03581
       2.499     -0.03581
       2.506      0.09719
       2.514       0.1688
       2.521       0.2506
       2.529       0.3018
       2.536       0.3427
       2.544       0.3427
       2.552       0.3018
       2.559       0.2711
       2.567       0.2097
       2.574       0.1688
       2.582      0.09719
       2.589      0.03581
       2.589     -0.05627
       2.597      -0.1893
       2.604      -0.3632
       2.612      -0.4962
        2.62      -0.5882
       2.627      -0.6087
       2.635      -0.5473
       2.642      -0.4143
        2.65      -0.2711
       2.657     -0.09719
       2.665      0.07673
       2.665     -0.01535
       2.672       0.1483
        2.68       0.2097
       2.688       0.2302
       2.695       0.2097
       2.703       0.1688
        2.71       0.1381
       2.718      0.05627
       2.725      0.03581
       2.733      0.05627
        2.74      0.07673
       2.756       0.1176
       2.763       0.1381
       2.771       0.1483
       2.778       0.2097
       2.786       0.3018
       2.793       0.4143
       2.801       0.4962
       2.809       0.5473
       2.816       0.5473
       2.824       0.4962
       2.831       0.4041
       2.839       0.2711
       2.846       0.1381
       2.854      0.05627
       2.854     -0.03581
       2.861      -0.1381
       2.869      -0.2506
       2.877      -0.3427
       2.884      -0.4041
       2.892      -0.4143
       2.899      -0.4041
       2.907      -0.3223
       2.914      -0.2711
       2.922      -0.1893
       2.929      -0.1176
       2.937     -0.05627
       2.945     -0.05627
       2.952      -0.1176
        2.96      -0.1688
       2.967      -0.2097
       2.982      -0.1893
        2.99      -0.1688
       3.005      -0.1176
       3.013      -0.1176
        3.02     -0.07673
       3.028     -0.03581
       3.035      0.03581
       3.043       0.1176
        3.05       0.1893
       3.058       0.2506
       3.066       0.3427
       3.073       0.4348
       3.081       0.5678
       3.081       0.4962
       3.088       0.6292
       3.096       0.6905
       3.103       0.6087
       3.111       0.5473
       3.111       0.4348
       3.118       0.2813
       3.126       0.1176
       3.126    -0.005115
       3.134     -0.05627
       3.141      -0.1483
       3.149      -0.2302
       3.156      -0.3018
       3.164      -0.3632
       3.171      -0.4041
       3.179      -0.4041
       3.186      -0.3632
       3.194      -0.3018
       3.202      -0.2302
       3.209      -0.1483
       3.217     -0.09719
       3.224     -0.01535
       3.232      0.07673
       3.239       0.1483
       3.247       0.1688
       3.254       0.1381
       3.262      0.07673
       3.262     -0.01535
        3.27      -0.1176
       3.277      -0.2506
       3.285      -0.3632
       3.292      -0.4143
         3.3      -0.3836
       3.307      -0.3018
       3.315      -0.1893
       3.323      0.03581
       3.323     -0.05627
        3.33       0.1176
       3.338       0.2506
       3.345       0.3836
       3.353       0.5166
        3.36       0.6087
       3.368       0.6701
       3.375       0.6292
       3.383       0.5678
       3.383       0.4757
       3.391       0.4041
       3.398       0.2302
       3.406       0.1176
       3.406    -0.005115
       3.413     -0.09719
       3.421      -0.2711
       3.428      -0.4041
       3.436      -0.4757
       3.451      -0.4348
       3.459      -0.3632
       3.466      -0.2506
       3.474      -0.1688
       3.481     -0.09719
       3.489     -0.01535
       3.496      0.07673
       3.504       0.1483
       3.511       0.1893
       3.519       0.1688
       3.527       0.1381
       3.534      0.07673
       3.542     -0.01535
       3.549     -0.05627
       3.557     -0.09719
       3.572     -0.09719
       3.579     -0.05627
       3.587     -0.03581
       3.595      0.01535
       3.602      0.07673
        3.61       0.1483
       3.617       0.2097
       3.625       0.2506
       3.632       0.2711
       3.648       0.1893
       3.655       0.1176
       3.663      0.03581
       3.663     -0.03581
        3.67      -0.1176
       3.678      -0.1688
       3.693      -0.2097
         3.7      -0.2711
       3.708      -0.3018
       3.716      -0.3223
       3.731      -0.2711
       3.738      -0.1893
       3.746     -0.07673
       3.753      0.07673
       3.753    -0.005115
       3.761       0.1483
       3.768       0.2097
       3.776       0.2506
       3.791       0.1893
       3.799       0.1381
       3.806       0.1176
       3.814       0.1381
       3.821       0.1688
       3.836       0.2302
       3.844       0.1893
       3.852       0.1176
       3.859      0.01535
       3.867     -0.05627
       3.874      -0.1176
       3.882      -0.1688
       3.889      -0.2097
       3.897      -0.2302
       3.905      -0.2302
       3.912      -0.1688
        3.92      -0.1381
       3.927     -0.07673
       3.942     -0.03581
        3.95     -0.01535
       3.957      0.03581
       3.957    -0.005115
       3.965      0.07673
       3.973       0.1483
        3.98       0.2097
       3.995       0.2097
       4.003       0.1688
       4.018       0.1381
       4.025      0.07673
       4.033      0.01535
       4.041     -0.03581
       4.048     -0.09719
       4.056      -0.1381
       4.063      -0.1483
       4.078      -0.1893
       4.086      -0.1688
       4.093     -0.09719
       4.101      0.01535
       4.109       0.1483
       4.116       0.2711
       4.124       0.3427
       4.131       0.3836
       4.139       0.3427
       4.146       0.3018
       4.154       0.2506
       4.162       0.1688
       4.169      0.09719
       4.177      0.03581
       4.177     -0.03581
       4.184      -0.1381
       4.192      -0.2097
       4.199      -0.2711
       4.214      -0.2506
       4.222      -0.1483
        4.23     -0.05627
       4.237      0.07673
       4.245       0.1483
       4.252       0.1893
        4.26       0.2302
       4.267       0.1893
       4.275       0.1176
       4.282      0.05627
        4.29    -0.005115
       4.298     -0.01535
       4.305     -0.07673
       4.313      -0.1176
        4.32      -0.1483
       4.328      -0.1483
       4.335      -0.1381
       4.343     -0.07673
        4.35      0.05627
        4.35     -0.01535
       4.358      0.09719
       4.366       0.1688
       4.373       0.2506
       4.381       0.2813
       4.388       0.3223
       4.403       0.3632
       4.411       0.3632
       4.419       0.3632
       4.426       0.3223
       4.434       0.2506
       4.441       0.1688
       4.449      0.07673
       4.449    -0.005115
       4.456     -0.05627
       4.464      -0.1893
       4.471      -0.3018
       4.479      -0.4041
       4.494      -0.3836
       4.502      -0.3018
       4.509      -0.1893
       4.517     -0.05627
       4.524      0.07673
       4.524    -0.005115
       4.532       0.1688
       4.539       0.2506
       4.547       0.3018
       4.562       0.3223
        4.57       0.2711
       4.577       0.1688
       4.585      0.03581
       4.592      -0.1176
         4.6      -0.2711
       4.607      -0.3427
       4.615      -0.3836
       4.623      -0.3018
        4.63      -0.1893
       4.638     -0.05627
       4.645      0.07673
       4.645    -0.005115
       4.653       0.1688
        4.66       0.2506
       4.668       0.2813
       4.676       0.3223
       4.683       0.3427
       4.691       0.3836
       4.698       0.4041
       4.706       0.3632
       4.713       0.3018
       4.721       0.2097
       4.728      0.09719
       4.728     -0.01535
       4.736      -0.1381
       4.744      -0.3223
       4.751      -0.4757
       4.759      -0.5882
       4.766      -0.6087
       4.774      -0.5678
       4.781      -0.4552
       4.781      -0.5371
       4.789      -0.4143
       4.796      -0.3223
       4.804      -0.2097
       4.812     -0.09719
       4.819      0.01535
       4.827       0.1381
       4.834       0.2506
       4.842       0.3632
       4.849       0.4041
       4.857       0.3836
       4.864       0.3018
       4.872       0.2097
        4.88       0.1176
       4.887      0.05627
       4.895      0.03581
        4.91     -0.01535
       4.917    -0.005115
       4.925      0.05627
       4.932      0.09719
        4.94       0.1688
       4.948       0.2302
       4.963       0.2711
        4.97       0.2302
       4.978       0.1893
       4.985       0.1176
       4.993      0.03581
       5.001     -0.07673
       5.008      -0.1688
       5.016      -0.2813
       5.023      -0.4041
       5.031      -0.4757
       5.038      -0.5166
       5.046      -0.4962
       5.053      -0.4143
       5.061      -0.3427
       5.069      -0.2302
       5.076      -0.1381
       5.084     -0.03581
       5.091      0.05627
       5.091    -0.005115
       5.099      0.09719
       5.106       0.1688
       5.114       0.2302
       5.121       0.2813
       5.129       0.3223
       5.144       0.3632
       5.152       0.3427
       5.159       0.3018
       5.167       0.2711
       5.174       0.2097
       5.182       0.1381
       5.189      0.07673
       5.197      0.03581
       5.197    -0.005115
       5.205    -0.005115
        5.22    -0.005115
       5.227      0.01535
       5.242      0.05627
        5.25      0.09719
       5.258       0.1176
       5.273      0.09719
        5.28      0.05627
        5.28     -0.03581
       5.288      -0.1381
       5.295      -0.2302
       5.303      -0.3018
       5.318      -0.3018
       5.326      -0.2813
       5.333      -0.2506
       5.341      -0.2097
       5.356      -0.2097
       5.363      -0.2302
       5.378      -0.2506
       5.386      -0.2097
       5.394      -0.1483
       5.401     -0.09719
       5.409     -0.01535
       5.416    -0.005115
       5.431    -0.005115
       5.446    -0.005115
       5.462    -0.005115
       5.469      0.03581
       5.484      0.07673
       5.492      0.09719
       5.507       0.1483
       5.515       0.1688
        5.53       0.1893
       5.537       0.1893
       5.552       0.1483
        5.56       0.1381
       5.575      0.07673
        5.59    -0.005115
       5.598     -0.03581
       5.605     -0.07673
       5.613      -0.1381
        5.62      -0.1688
       5.635      -0.1893
       5.643      -0.1483
       5.651     -0.07673
       5.658      0.03581
       5.658     -0.01535
       5.666      0.07673
       5.673       0.1176
       5.681       0.1381
       5.696       0.1483
       5.703       0.1688
       5.711       0.2506
       5.719       0.3223
       5.726       0.3836
       5.741       0.4041
       5.749       0.3223
       5.756       0.2302
       5.764       0.1381
       5.772      0.01535
       5.779     -0.05627
       5.787     -0.09719
       5.802     -0.09719
       5.809      -0.1176
       5.817      -0.1688
       5.824      -0.2302
       5.832      -0.3018
        5.84      -0.3223
       5.847      -0.3018
       5.855      -0.2506
       5.862      -0.1688
        5.87      -0.1176
       5.877     -0.05627
       5.885    -0.005115
         5.9      0.01535
       5.908    -0.005115
       5.915     -0.03581
       5.923     -0.05627
       5.938     -0.01535
       5.945    -0.005115
       5.968    -0.005115
       5.976    -0.005115
       5.991      0.01535
       5.998      0.03581
       6.006      0.01535
       6.021     -0.01535
       6.029    -0.005115
       6.036      0.05627
       6.044       0.1176
       6.051       0.1483
       6.059       0.2097
       6.066       0.2506
       6.074       0.2711
       6.089       0.2506
       6.097       0.2097
       6.104       0.1381
       6.112      0.07673
       6.112    -0.005115
       6.119     -0.05627
       6.127      -0.1381
       6.134      -0.2302
       6.142      -0.2711
       6.149      -0.3018
       6.165      -0.2711
       6.172      -0.2097
        6.18      -0.1176
       6.187      0.05627
       6.187     -0.03581
       6.195      0.09719
       6.202       0.2097
        6.21       0.2711
       6.217       0.3018
       6.225       0.2711
       6.233       0.2097
        6.24       0.1688
       6.248       0.1176
       6.255      0.07673
       6.263      0.05627
       6.278    -0.005115
       6.285     -0.03581
       6.293     -0.07673
       6.301      -0.1381
       6.308      -0.1893
       6.316      -0.2711
       6.323      -0.3018
       6.331      -0.2813
       6.338      -0.2097
       6.346     -0.09719
       6.354      0.03581
       6.354     -0.01535
       6.361      0.05627
       6.369      0.09719
       6.376      0.05627
       6.384      0.01535
       6.391     -0.01535
       6.406     -0.01535
       6.414      0.03581
       6.422       0.1381
       6.429       0.2302
       6.437       0.3223
       6.444       0.3632
       6.459       0.3836
       6.467       0.3427
       6.474       0.2813
       6.482       0.2302
        6.49       0.1483
       6.497      0.07673
       6.505      0.03581
       6.505     -0.01535
       6.512     -0.05627
        6.52      -0.1176
       6.527      -0.1688
       6.535      -0.2097
       6.542      -0.2302
       6.558      -0.2097
       6.565      -0.1893
        6.58      -0.1381
       6.595     -0.07673
       6.611     -0.03581
       6.626     -0.03581
       6.641     -0.03581
       6.648     -0.03581
       6.656     -0.01535
       6.671     -0.05627
       6.679      -0.1176
       6.686      -0.1688
       6.701      -0.1381
       6.709     -0.05627
       6.716      0.03581
       6.724       0.1176
       6.731       0.1688
       6.739       0.2506
       6.747       0.3018
       6.762       0.3427
       6.769       0.3018
       6.777       0.2711
       6.784       0.2097
       6.792       0.1483
       6.799       0.1176
       6.807      0.09719
       6.822      0.09719
        6.83      0.05627
       6.837    -0.005115
       6.845     -0.05627
       6.852      -0.1176
        6.86      -0.1483
       6.868      -0.1483
       6.883      -0.1688
        6.89      -0.1688
       6.905      -0.1483
        6.92      -0.1381
       6.928     -0.09719
       6.936     -0.03581
       6.943      0.03581
       6.951      0.09719
       6.958       0.1381
       6.966       0.1893
       6.973       0.2302
       6.981       0.2813
       6.988       0.3223
       6.996       0.3632
       7.011       0.4041
       7.019       0.4041
       7.026       0.3632
       7.034       0.2813
       7.041       0.1688
       7.049      0.03581
       7.056     -0.09719
       7.064      -0.2097
       7.072      -0.2711
       7.079      -0.2813
       7.094      -0.2813
       7.102      -0.2506
       7.109      -0.1893
       7.117      -0.1176
       7.125     -0.03581
       7.132      0.05627
        7.14      0.09719
       7.155      0.07673
       7.162     -0.03581
        7.17      -0.1176
       7.177      -0.1893
       7.193      -0.1381
         7.2     -0.05627
       7.208      0.01535
       7.215      0.07673
       7.223       0.1176
        7.23       0.1381
       7.245      0.07673
       7.253      0.03581
       7.261    -0.005115
       7.268    -0.005115
       7.276      0.05627
       7.283      0.09719
       7.291       0.1483
       7.298       0.2097
       7.306       0.2506
       7.313       0.2711
       7.329       0.2813
       7.336       0.2506
       7.344       0.2097
       7.351       0.1381
       7.359      0.07673
       7.366      0.03581
       7.366     -0.01535
       7.374     -0.05627
       7.382     -0.07673
       7.397     -0.07673
       7.404     -0.05627
       7.412     -0.09719
       7.419      -0.1483
       7.427      -0.2097
       7.434      -0.2813
       7.442      -0.2813
        7.45      -0.2506
       7.457      -0.1893
       7.465      -0.1176
       7.472     -0.05627
       7.487     -0.01535
       7.495     -0.03581
        7.51     -0.05627
       7.525     -0.05627
       7.533     -0.05627
       7.548     -0.03581
       7.563    -0.005115
        7.57    -0.005115
       7.586      0.01535
       7.593      0.05627
       7.601       0.1176
       7.608       0.1688
       7.616       0.2506
       7.623       0.2813
       7.638       0.3223
       7.646       0.2813
       7.661       0.2097
       7.669       0.1483
       7.676      0.07673
       7.676     -0.01535
       7.684      -0.1381
       7.691      -0.3018
       7.699      -0.4143
       7.707      -0.4552
       7.714      -0.3836
       7.722      -0.2711
       7.729      -0.1688
       7.737     -0.07673
       7.744     -0.01535
       7.752      0.05627
       7.759      0.07673
       7.775       0.1381
       7.782       0.1688
        7.79       0.2097
       7.797       0.2711
       7.812       0.2506
        7.82       0.1893
       7.827       0.1381
       7.835      0.03581
       7.843     -0.09719
        7.85      -0.2097
       7.858      -0.2813
       7.873      -0.2813
        7.88      -0.2302
       7.888      -0.1688
       7.895      -0.1176
       7.903     -0.05627
       7.911     -0.01535
       7.926     -0.05627
       7.933     -0.09719
       7.941      -0.1483
       7.948      -0.1688
       7.956      -0.1483
       7.964      -0.1176
       7.971     -0.05627
       7.979      0.03581
       7.979     -0.01535
       7.986      0.05627
       7.994      0.07673
       8.001      0.09719
       8.009       0.1176
       8.016       0.1688
       8.024       0.2506
       8.032       0.3427
       8.039       0.4041
       8.047       0.4757
       8.054       0.5166
       8.069       0.5473
       8.069       0.4962
       8.077       0.4348
       8.084       0.2506
       8.092      0.01535
         8.1      -0.2302
       8.107      -0.4041
       8.107      -0.5166
       8.115      -0.5166
        8.13      -0.4143
       8.137      -0.3223
       8.145      -0.2097
       8.152     -0.09719
        8.16      0.05627
        8.16     -0.01535
       8.168      0.09719
       8.175       0.1688
       8.183       0.2097
       8.198       0.2711
       8.205       0.2711
       8.213       0.2813
       8.228       0.2097
       8.236       0.1176
       8.243      0.05627
       8.243     -0.09719
       8.251      -0.2813
       8.258      -0.4757
       8.266      -0.5882
       8.281      -0.4962
       8.289      -0.3223
       8.296      -0.1483
       8.304      0.01535
       8.311       0.1483
       8.319       0.2711
       8.326       0.3836
       8.334       0.4552
       8.341       0.5678
       8.349       0.6496
       8.357       0.7417
       8.364       0.8235
       8.372       0.8542
       8.379       0.8235
       8.387       0.6701
       8.394       0.5678
       8.394       0.3223
       8.402    -0.005115
       8.409      -0.3018
       8.409      -0.5473
       8.417      -0.6701
       8.425      -0.7826
       8.432      -0.7621
        8.44      -0.6496
       8.447      -0.4552
       8.447      -0.5473
       8.455      -0.4143
       8.462      -0.3427
        8.47      -0.2711
       8.478      -0.2097
       8.485      -0.1483
       8.493     -0.09719
         8.5     -0.03581
       8.515     -0.03581
       8.523     -0.05627
       8.538     -0.07673
       8.546     -0.07673
       8.553     -0.09719
       8.561      -0.1381
       8.568      -0.2097
       8.576      -0.2813
       8.583      -0.2813
       8.591      -0.2097
       8.598     -0.07673
       8.606      0.09719
       8.606    -0.005115
       8.614       0.2097
       8.621       0.3427
       8.629       0.4348
       8.636       0.5371
       8.644       0.5678
       8.659       0.5473
       8.666       0.5371
       8.666       0.4757
       8.674       0.3836
       8.682       0.2302
       8.689      0.09719
       8.689     -0.01535
       8.697      -0.1381
       8.704      -0.2711
       8.712      -0.3632
       8.727      -0.3223
       8.735      -0.2711
       8.742      -0.2097
        8.75      -0.1688
       8.757      -0.1176
       8.765     -0.07673
       8.772     -0.03581
        8.78    -0.005115
       8.787      0.03581
       8.795      0.05627
        8.81      0.07673
       8.818      0.09719
       8.825       0.1176
        8.84       0.1381
       8.848       0.1176
       8.855      0.05627
       8.863      0.01535
       8.871    -0.005115
       8.886      0.05627
       8.893       0.1176
       8.901       0.1893
       8.908       0.2302
       8.923       0.1688
       8.931      0.09719
       8.939      0.05627
       8.939     -0.01535
       8.946     -0.07673
       8.954      -0.1483
       8.961      -0.2097
       8.969      -0.2506
       8.976      -0.2506
