     0.01198     -0.00554
     0.03467      0.05429
     0.04223       0.1141
     0.04979       0.1939
     0.05735       0.2537
     0.07247       0.2737
     0.08003       0.2139
     0.08759       0.1341
     0.09515      0.07424
      0.1103      0.05429
      0.1178      0.07424
       0.133      0.07424
      0.1405      0.03435
      0.1481     -0.02548
      0.1556     -0.08532
      0.1632      -0.1452
      0.1708       -0.205
      0.1783      -0.2249
      0.1934      -0.2449
       0.201      -0.2249
      0.2086       -0.185
      0.2161      -0.1452
      0.2237      -0.1053
      0.2312     -0.06537
      0.2388     -0.00554
      0.2464      0.05429
      0.2539      0.09418
      0.2615        0.174
      0.2691       0.2139
      0.2766       0.2537
      0.2842       0.2936
      0.2917       0.3335
      0.3069       0.3335
      0.3144       0.2936
       0.322       0.2537
      0.3295       0.2139
      0.3371        0.174
      0.3447        0.154
      0.3522       0.1141
      0.3598      0.07424
      0.3673      0.03435
      0.3749     -0.00554
      0.3825     -0.04543
        0.39      -0.1053
      0.3976      -0.1452
      0.4051       -0.205
      0.4127      -0.2848
      0.4203      -0.3645
      0.4278      -0.4443
      0.4354      -0.5042
       0.443      -0.5241
      0.4581      -0.5042
      0.4656      -0.4842
      0.4732      -0.4443
      0.4808      -0.3845
      0.4883      -0.3446
      0.4959      -0.2449
      0.5034       -0.205
       0.511      -0.1651
      0.5186      -0.1053
      0.5261     -0.06537
      0.5337     -0.02548
      0.5412      0.03435
      0.5488      0.05429
      0.5564       0.1141
      0.5639        0.174
      0.5715       0.2338
       0.579       0.2936
      0.5866       0.3734
      0.5942       0.4332
      0.6017       0.4731
      0.6093       0.4332
      0.6169       0.3934
      0.6244       0.3335
       0.632       0.2737
      0.6395       0.2139
      0.6471        0.174
      0.6622       0.1141
      0.6698       0.1141
      0.6849       0.1341
      0.6925       0.1141
         0.7      0.05429
      0.7076     -0.04543
      0.7151      -0.1252
      0.7227       -0.185
      0.7378       -0.205
      0.7454       -0.185
      0.7529      -0.1651
      0.7681      -0.1252
      0.7756      -0.1053
      0.7908     -0.04543
      0.7983     -0.06537
      0.8059      -0.1252
       0.821      -0.1651
      0.8286      -0.1651
      0.8361      -0.1452
      0.8437      -0.1053
      0.8512     -0.04543
      0.8588       0.0144
      0.8664      0.07424
      0.8739        0.154
      0.8815       0.2338
       0.889       0.2936
      0.8966       0.3136
      0.9042       0.3136
      0.9117       0.2737
      0.9193       0.2338
      0.9268       0.1939
       0.942       0.1341
      0.9495       0.1141
      0.9647      0.09418
      0.9798      0.03435
      0.9873     -0.00554
      0.9949     -0.04543
        1.01     -0.06537
       1.018     -0.06537
       1.025     -0.04543
        1.04     -0.06537
       1.048     -0.06537
       1.055     -0.06537
       1.071     -0.06537
       1.078     -0.04543
       1.093     -0.00554
       1.101      0.03435
       1.108      0.09418
       1.123       0.1141
       1.131      0.09418
       1.139       0.1141
       1.154       0.1341
       1.161       0.1341
       1.169       0.1341
       1.176      0.07424
       1.184      0.03435
       1.191     -0.00554
       1.199     -0.06537
       1.207      -0.1053
       1.222     -0.08532
       1.229     -0.02548
       1.237      0.03435
       1.244      0.07424
        1.26       0.0144
       1.267     -0.04543
       1.275      -0.1053
       1.282      -0.1252
       1.297      -0.1651
       1.305       -0.185
       1.312       -0.185
       1.328      -0.1651
       1.335      -0.1452
        1.35      -0.1053
       1.358     -0.08532
       1.365     -0.02548
       1.373      0.03435
       1.381       0.1141
       1.388       0.1939
       1.396       0.2737
       1.403       0.3136
       1.418       0.3136
       1.426       0.2537
       1.433       0.1939
       1.441       0.1141
       1.449       0.0144
       1.456     -0.04543
       1.464      -0.1053
       1.471      -0.1452
       1.486       -0.185
       1.494       -0.185
       1.501      -0.1651
       1.509      -0.1252
       1.517     -0.08532
       1.524     -0.04543
       1.539     -0.00554
       1.547       0.0144
       1.562      0.07424
        1.57      0.09418
       1.585        0.154
       1.592        0.174
       1.607        0.174
       1.615        0.154
       1.622        0.154
       1.638       0.1341
       1.645      0.09418
       1.653      0.03435
        1.66     -0.00554
       1.668     -0.06537
       1.683     -0.06537
        1.69     -0.02548
       1.698       0.0144
       1.706      0.03435
       1.721       0.0144
       1.728       0.0144
       1.736     -0.02548
       1.743     -0.04543
       1.751     -0.08532
       1.766      -0.1053
       1.774      -0.1053
       1.781     -0.06537
       1.796     -0.04543
       1.804     -0.04543
       1.819     -0.08532
       1.827     -0.08532
       1.834     -0.06537
       1.849      -0.1252
       1.857       -0.185
       1.864       -0.205
       1.872       -0.185
        1.88      -0.1252
       1.887     -0.02548
       1.895      0.07424
       1.902        0.154
        1.91       0.2139
       1.917       0.2537
       1.932       0.2936
        1.94       0.2936
       1.948       0.2737
       1.963       0.1939
        1.97       0.1341
       1.978      0.07424
       1.985       0.0144
       1.993     -0.02548
           2     -0.06537
       2.008      -0.1053
       2.016      -0.1651
       2.023       -0.205
       2.031      -0.2449
       2.038      -0.2848
       2.046      -0.3247
       2.061      -0.3845
       2.069      -0.4044
       2.084      -0.4443
       2.091      -0.4044
       2.099      -0.3247
       2.106      -0.2449
       2.114      -0.1651
       2.121      -0.1053
       2.129     -0.06537
       2.137     -0.02548
       2.144       0.0144
       2.152      0.05429
       2.159      0.09418
       2.167       0.1341
       2.174        0.174
       2.182       0.2139
       2.197        0.174
       2.212        0.154
        2.22        0.174
       2.235       0.2139
       2.242       0.2338
       2.258       0.2737
       2.273       0.3136
        2.28       0.3335
       2.295       0.3535
       2.303       0.3734
       2.318       0.2936
       2.326       0.2139
       2.333       0.1341
       2.341      0.07424
       2.348       0.0144
       2.356     -0.02548
       2.371     -0.06537
       2.379     -0.08532
       2.386     -0.06537
       2.401     -0.02548
       2.409      0.03435
       2.416      0.09418
       2.424        0.154
       2.431       0.2139
       2.439       0.1939
       2.447       0.1341
       2.454      0.05429
       2.462     -0.02548
       2.469     -0.08532
       2.484      -0.1053
       2.492     -0.06537
         2.5     -0.00554
       2.507     -0.00554
       2.522     -0.06537
        2.53     -0.08532
       2.545      -0.1252
       2.552      -0.1252
       2.568      -0.1252
       2.575      -0.1252
        2.59      -0.1252
       2.598      -0.1252
       2.613      -0.1053
        2.62     -0.08532
       2.636      -0.1053
       2.643      -0.1452
       2.651       -0.185
       2.658       -0.205
       2.673      -0.1452
       2.681      -0.1053
       2.689     -0.06537
       2.704     -0.06537
       2.711     -0.06537
       2.719     -0.02548
       2.726     -0.00554
       2.734      0.05429
       2.741       0.1141
       2.749       0.1939
       2.757       0.2537
       2.764       0.3335
       2.772       0.3934
       2.787       0.3934
       2.794       0.3535
       2.802       0.2936
        2.81       0.2338
       2.817        0.174
       2.825      0.09418
       2.832     -0.02548
        2.84      -0.1452
       2.847      -0.2648
       2.855      -0.3645
       2.862      -0.4443
        2.87      -0.4443
       2.878      -0.4044
       2.885      -0.3446
       2.893      -0.3047
       2.908      -0.2848
       2.915      -0.2848
        2.93       -0.205
       2.938      -0.1252
       2.946     -0.04543
       2.953      0.05429
       2.961        0.154
       2.968       0.2537
       2.976       0.3734
       2.983       0.4731
       2.991       0.5529
       3.006       0.5529
       3.014        0.513
       3.021       0.4532
       3.029       0.3734
       3.036       0.2737
       3.044        0.174
       3.051      0.05429
       3.059     -0.04543
       3.067      -0.1452
       3.074      -0.2249
       3.082      -0.2648
       3.097      -0.2648
       3.104      -0.2449
       3.119       -0.185
       3.127       -0.185
       3.135       -0.185
        3.15      -0.2249
       3.157      -0.2249
       3.165       -0.205
       3.172      -0.1452
        3.18     -0.06537
       3.188      0.03435
       3.195        0.154
       3.203       0.2338
        3.21       0.2737
       3.218       0.2537
       3.225       0.1939
       3.233       0.1141
        3.24      0.05429
       3.256       0.0144
       3.263      0.03435
       3.278      0.03435
       3.286      0.07424
       3.301      0.09418
       3.309      0.09418
       3.316       0.1141
       3.324       0.1341
       3.331       0.1939
       3.339       0.2537
       3.346       0.3335
       3.354       0.3934
       3.361       0.4332
       3.369       0.4532
       3.384       0.4332
       3.392       0.3934
       3.399       0.3335
       3.407       0.2338
       3.414      0.09418
       3.422     -0.06537
       3.429      -0.2249
       3.437      -0.4244
       3.445       -0.564
       3.452      -0.6637
        3.46      -0.7435
       3.467      -0.7834
       3.475      -0.7834
       3.482      -0.7435
        3.49      -0.6837
       3.498      -0.6438
       3.505      -0.6039
       3.513      -0.5241
        3.52      -0.4643
       3.528      -0.3645
       3.535      -0.2449
       3.543      -0.1252
        3.55      0.03435
       3.558       0.1939
       3.566       0.3335
       3.573       0.4332
       3.581       0.4931
       3.596        0.533
       3.603        0.533
       3.611       0.5529
       3.626       0.4931
       3.634       0.4133
       3.641       0.3335
       3.649       0.2537
       3.656        0.154
       3.664      0.09418
       3.671      0.07424
       3.687      0.07424
       3.694      0.07424
       3.709      0.05429
       3.717      0.05429
       3.732       0.0144
       3.739      0.03435
       3.747      0.05429
       3.755      0.09418
       3.762       0.1341
       3.777       0.1939
       3.785       0.1939
       3.792        0.154
         3.8       0.1141
       3.808      0.03435
       3.815     -0.08532
       3.823      -0.1651
        3.83      -0.2648
       3.838      -0.3645
       3.845      -0.4643
       3.853       -0.564
        3.86      -0.6039
       3.876       -0.564
       3.883      -0.4643
       3.891      -0.3845
       3.898      -0.3047
       3.906      -0.2249
       3.913      -0.1452
       3.921     -0.08532
       3.929     -0.00554
       3.936      0.07424
       3.944        0.154
       3.951       0.2338
       3.959       0.2936
       3.966       0.3535
       3.974       0.4133
       3.981       0.4532
       3.989       0.4931
       4.004       0.4931
       4.012       0.4332
       4.019       0.3535
       4.027       0.2537
       4.034        0.154
       4.042      0.05429
       4.049     -0.04543
       4.057      -0.1452
       4.065       -0.185
        4.08      -0.1651
       4.087      -0.1252
       4.095     -0.06537
        4.11     -0.04543
       4.118     -0.04543
       4.125     -0.02548
        4.14       0.0144
       4.148      0.03435
       4.163      0.03435
        4.17      0.03435
       4.186     -0.00554
       4.193     -0.02548
       4.201     -0.02548
       4.216     -0.06537
       4.223      -0.1252
       4.231       -0.205
       4.239      -0.2848
       4.246      -0.3845
       4.254      -0.4643
       4.261      -0.5042
       4.269      -0.4842
       4.276      -0.4244
       4.284      -0.3446
       4.291      -0.2648
       4.299       -0.185
       4.307      -0.1053
       4.314     -0.02548
       4.322      0.05429
       4.329       0.1141
       4.337       0.1939
       4.344       0.2537
       4.352       0.3136
       4.359       0.3535
       4.375       0.3934
       4.382       0.4133
       4.397       0.4332
       4.405       0.4133
       4.412       0.3535
        4.42       0.2737
       4.428        0.174
       4.435      0.03435
       4.443      -0.1053
        4.45      -0.2449
       4.458      -0.3446
       4.465      -0.4244
       4.473      -0.4643
        4.48      -0.4643
       4.488      -0.4044
       4.496      -0.3446
       4.503      -0.2449
       4.511      -0.1651
       4.518      -0.1053
       4.526     -0.06537
       4.533     -0.02548
       4.541       0.0144
       4.549      0.07424
       4.556        0.154
       4.564       0.2338
       4.571       0.2936
       4.579       0.3535
       4.594       0.3734
       4.601       0.3734
       4.617       0.3734
       4.624       0.3335
       4.632       0.2537
       4.639        0.174
       4.647      0.07424
       4.654     -0.02548
       4.662      -0.1252
       4.669       -0.185
       4.685      -0.1651
       4.692      -0.1053
         4.7     -0.04543
       4.707     -0.00554
       4.715      0.03435
       4.722      0.07424
        4.73       0.1341
       4.738        0.174
       4.753        0.174
        4.76        0.154
       4.775       0.1141
       4.783       0.1141
       4.798       0.1141
       4.806       0.1141
       4.821      0.05429
       4.828       0.0144
       4.836     -0.06537
       4.843      -0.1452
       4.851      -0.2249
       4.858      -0.2848
       4.866      -0.3247
       4.874      -0.3845
       4.881      -0.4443
       4.889       -0.544
       4.896      -0.5839
       4.904       -0.544
       4.911      -0.4443
       4.919      -0.3047
       4.927       -0.185
       4.934     -0.08532
       4.942     -0.02548
       4.949       0.0144
       4.957      0.05429
       4.964       0.1141
       4.972        0.154
       4.979       0.1939
       4.995       0.2537
       5.002       0.2537
       5.017       0.3136
       5.025       0.3335
       5.032       0.3934
        5.04       0.3934
       5.048       0.3734
       5.055       0.2936
       5.063       0.2139
        5.07       0.1141
       5.078      0.03435
       5.085     -0.04543
       5.093      -0.1053
         5.1      -0.1452
       5.108       -0.205
       5.116      -0.2449
       5.131      -0.2449
       5.138       -0.185
       5.146     -0.08532
       5.153       0.0144
       5.161       0.1141
       5.168       0.1939
       5.176       0.2338
       5.191       0.2737
       5.199       0.2737
       5.214       0.2338
       5.221       0.2139
       5.229       0.2139
       5.237        0.174
       5.244       0.1341
       5.252      0.07424
       5.259       0.0144
       5.267     -0.04543
       5.274     -0.08532
       5.282      -0.1053
       5.297      -0.1452
       5.305      -0.1452
        5.32       -0.185
       5.327       -0.205
       5.335       -0.185
       5.342      -0.1452
        5.35     -0.08532
       5.358     -0.00554
       5.365      0.05429
       5.373       0.1141
        5.38        0.154
       5.395      0.09418
       5.403       0.0144
        5.41     -0.04543
       5.418      -0.1053
       5.433       -0.185
       5.441      -0.2249
       5.448      -0.2848
       5.456      -0.3047
       5.471      -0.3645
       5.478      -0.3645
       5.494      -0.3845
       5.501      -0.3645
       5.509      -0.3446
       5.516      -0.2848
       5.524       -0.205
       5.531     -0.08532
       5.539      0.07424
       5.547       0.2338
       5.554       0.3734
       5.562        0.513
       5.569       0.6127
       5.577       0.6925
       5.584       0.7324
       5.599       0.6726
       5.607       0.5928
       5.615        0.513
       5.622       0.4332
        5.63       0.3535
       5.637       0.2537
       5.645        0.154
       5.652      0.03435
        5.66     -0.08532
       5.668       -0.205
       5.675      -0.3446
       5.683      -0.4443
        5.69       -0.544
       5.698      -0.6238
       5.705      -0.6837
       5.713      -0.7235
       5.728      -0.6637
       5.736       -0.564
       5.743      -0.4443
       5.751      -0.3047
       5.758      -0.1452
       5.766     -0.02548
       5.766      -0.1053
       5.773       0.0144
       5.781       0.1341
       5.788       0.1939
       5.796       0.2338
       5.804       0.2537
       5.819       0.2537
       5.826       0.2537
       5.841       0.2537
       5.849       0.2537
       5.864       0.2537
       5.879       0.2338
       5.887       0.1939
       5.894        0.154
       5.902      0.07424
       5.909       0.0144
       5.917     -0.04543
       5.932     -0.00554
        5.94      0.05429
       5.947      0.09418
       5.962      0.07424
        5.97      0.03435
       5.978     -0.02548
       5.985     -0.08532
       5.993      -0.1252
           6      -0.1452
       6.015      -0.1452
       6.023      -0.1452
        6.03      -0.1452
       6.046      -0.1651
       6.053      -0.1651
       6.068      -0.1651
       6.076      -0.1651
       6.091      -0.1452
       6.106      -0.1452
       6.114      -0.1452
       6.121      -0.1252
       6.129     -0.08532
       6.136     -0.02548
       6.144      0.05429
       6.151       0.1341
       6.159       0.2139
       6.167       0.2737
       6.174       0.3136
       6.182       0.3535
       6.197       0.4133
       6.204       0.4133
       6.212       0.4133
       6.219       0.3734
       6.227       0.3335
       6.235       0.2737
        6.25       0.2338
       6.257       0.2139
       6.265       0.1939
       6.272        0.154
        6.28      0.07424
       6.288       0.0144
       6.295     -0.06537
       6.303      -0.1252
        6.31       -0.185
       6.318      -0.2449
       6.325      -0.2848
       6.333      -0.2648
       6.348      -0.2249
       6.356      -0.2449
       6.371      -0.2449
       6.378      -0.2249
       6.393       -0.185
       6.401      -0.1651
       6.408      -0.1252
       6.416      -0.1053
       6.424     -0.06537
       6.431     -0.02548
       6.439       0.0144
       6.446      0.05429
       6.461      0.09418
       6.469      0.09418
       6.484      0.05429
       6.492      0.05429
       6.507      0.07424
       6.514      0.09418
       6.522        0.154
       6.529       0.2139
       6.537       0.2737
       6.545       0.3535
       6.552       0.3934
       6.567       0.4332
       6.575       0.4133
       6.582       0.3734
        6.59       0.3335
       6.605       0.2737
       6.613       0.2338
        6.62        0.154
       6.628      0.03435
       6.635     -0.08532
       6.643       -0.205
        6.65      -0.3247
       6.658      -0.4244
       6.666       -0.544
       6.673      -0.6637
       6.681      -0.7435
       6.688      -0.7834
       6.696      -0.7634
       6.703      -0.6837
       6.711      -0.5839
       6.718      -0.4643
       6.726      -0.3446
       6.734       -0.205
       6.741     -0.06537
       6.749      0.07424
       6.756       0.2139
       6.764       0.3335
       6.771       0.4133
       6.779       0.4731
       6.787        0.533
       6.794       0.5928
       6.802       0.6327
       6.817       0.6127
       6.824       0.5529
       6.832       0.4731
       6.839       0.3734
       6.847       0.2537
       6.855        0.154
       6.862      0.03435
        6.87     -0.08532
       6.877       -0.185
       6.885      -0.2848
       6.892      -0.3247
         6.9      -0.3446
       6.915      -0.3247
        6.93      -0.2648
       6.938      -0.2648
       6.953      -0.2449
        6.96      -0.2249
       6.968      -0.1452
       6.976     -0.08532
       6.983     -0.04543
       6.991       0.0144
       6.998      0.03435
       7.006      0.05429
       7.021       0.1341
       7.028        0.174
       7.044        0.154
       7.051      0.09418
       7.059       0.0144
       7.066     -0.04543
       7.074      -0.1053
       7.081      -0.1651
       7.097       -0.185
       7.104      -0.1651
       7.112      -0.1252
       7.119     -0.08532
       7.127     -0.02548
       7.142      0.03435
       7.149      0.03435
       7.165      0.05429
        7.18      0.05429
       7.187      0.05429
       7.195      0.07424
        7.21       0.1141
       7.217        0.174
       7.225       0.2338
       7.233       0.2936
        7.24       0.3335
       7.248       0.3335
       7.255       0.2936
       7.263       0.2139
        7.27       0.1341
       7.278      0.07424
       7.286       0.0144
       7.293     -0.00554
       7.308     -0.02548
       7.316     -0.02548
       7.331     -0.02548
       7.346     -0.08532
       7.354      -0.1252
       7.361       -0.185
       7.369      -0.2449
       7.376      -0.2848
       7.384      -0.3047
       7.399      -0.3047
       7.407      -0.2848
       7.414      -0.2449
       7.422      -0.2249
       7.437       -0.185
       7.452      -0.1252
       7.459     -0.08532
       7.475     -0.04543
       7.482     -0.00554
        7.49      0.05429
       7.497       0.1341
       7.505       0.1939
       7.512       0.2537
        7.52       0.3136
       7.527       0.3734
       7.535       0.4133
        7.55       0.4133
       7.558       0.3734
       7.565       0.2936
       7.573       0.2338
        7.58        0.154
       7.588      0.07424
       7.596       0.0144
       7.611       0.0144
       7.618      0.03435
       7.633      0.05429
       7.641      0.03435
       7.656     -0.02548
       7.664     -0.04543
       7.679     -0.08532
       7.686     -0.06537
       7.701     -0.06537
       7.709     -0.06537
       7.717      -0.1053
       7.732      -0.1452
       7.739      -0.1651
       7.747      -0.1452
       7.762      -0.1053
       7.769     -0.08532
       7.777     -0.04543
       7.785     -0.00554
         7.8     -0.00554
       7.807     -0.00554
       7.822     -0.00554
       7.837     -0.04543
       7.845     -0.06537
        7.86     -0.08532
       7.868     -0.06537
       7.875     -0.04543
       7.883       0.0144
        7.89      0.07424
       7.898       0.1341
       7.906        0.174
       7.913       0.2139
       7.928       0.2139
       7.936       0.2338
       7.951       0.2338
       7.958       0.2338
       7.966       0.2537
       7.981       0.2537
       7.989       0.2338
       8.004       0.2139
       8.011       0.2139
       8.019        0.174
       8.027       0.1141
       8.034      0.05429
       8.042     -0.00554
       8.049     -0.06537
       8.057      -0.1452
       8.064       -0.205
       8.072      -0.2848
       8.079      -0.3645
       8.087      -0.4244
       8.102      -0.4443
        8.11      -0.4044
       8.117      -0.3645
       8.125      -0.3247
       8.132      -0.2648
        8.14       -0.205
       8.147      -0.1651
       8.163      -0.1252
        8.17      -0.1452
       8.185      -0.1651
         8.2       -0.205
       8.208       -0.185
       8.216      -0.1252
       8.223     -0.04543
       8.231      0.09418
       8.238       0.2338
       8.246       0.3335
       8.253       0.3934
       8.261       0.4133
       8.268       0.3934
       8.276       0.3535
       8.284       0.3136
       8.291       0.2737
       8.299       0.1939
       8.306       0.1141
       8.314       0.0144
       8.321     -0.04543
       8.329      -0.1053
       8.336      -0.1452
       8.352      -0.1651
       8.359      -0.1651
       8.367      -0.1252
       8.374     -0.06537
       8.382       0.0144
       8.389      0.07424
       8.405       0.1341
       8.412        0.174
        8.42       0.2537
       8.427       0.3335
       8.435       0.3934
        8.45       0.3734
       8.457       0.3335
       8.465       0.2936
        8.48       0.2936
       8.488       0.2737
       8.495       0.2338
       8.503       0.1939
        8.51        0.154
       8.518       0.1141
       8.526      0.07424
       8.533       0.0144
       8.541     -0.06537
       8.548      -0.1252
       8.556       -0.185
       8.571      -0.2249
       8.578      -0.2249
       8.586       -0.205
       8.601       -0.205
       8.609      -0.1651
       8.624      -0.1053
       8.631     -0.08532
       8.646     -0.08532
       8.654      -0.1053
       8.662     -0.08532
       8.677     -0.04543
       8.684     -0.00554
       8.692      0.03435
       8.707      0.07424
       8.715      0.09418
        8.73       0.1141
       8.737       0.1341
       8.752        0.174
        8.76       0.1939
       8.767       0.1939
       8.775        0.154
       8.783      0.07424
        8.79     -0.00554
       8.798     -0.06537
       8.805      -0.1252
       8.813       -0.185
        8.82      -0.2249
       8.828      -0.2449
       8.843      -0.2648
       8.851      -0.2449
       8.858      -0.2249
       8.866      -0.1651
       8.873      -0.1452
       8.888      -0.1252
       8.896      -0.1053
       8.911     -0.08532
       8.919     -0.08532
       8.934     -0.02548
       8.941       0.0144
       8.949      0.05429
       8.964      0.09418
