     0.01186       -0.168
     0.01186      -0.2222
     0.01942      -0.2764
     0.02699      -0.3126
     0.03455      -0.3306
     0.04212      -0.2945
     0.04968      -0.2403
     0.05725       -0.168
     0.06481     -0.09575
     0.07238     -0.04155
     0.08751      0.03071
     0.09507      0.03071
      0.1026      0.04878
      0.1178      0.03071
      0.1253      0.03071
      0.1405      0.03071
       0.148      0.03071
      0.1556      0.04878
      0.1707        0.103
      0.1783       0.1391
      0.1859       0.1752
      0.1934       0.1933
       0.201       0.2294
      0.2085       0.2475
      0.2161       0.2836
      0.2237       0.2836
      0.2312       0.3017
      0.2539       0.2475
      0.2615       0.2294
      0.2691       0.2475
      0.2842       0.2836
      0.2918       0.2836
      0.2993       0.2294
      0.3069       0.1572
      0.3145      0.08491
       0.322      0.03071
       0.322     -0.02349
      0.3296     -0.09575
      0.3371       -0.168
      0.3447      -0.2222
      0.3523      -0.2764
      0.3598      -0.3126
      0.3674      -0.3487
       0.375      -0.3848
      0.3901      -0.3848
      0.3977      -0.3487
      0.4052      -0.2945
      0.4128      -0.2222
      0.4204        -0.15
      0.4279     -0.05962
      0.4355      0.06685
      0.4355     -0.00542
      0.4431        0.121
      0.4506       0.1933
      0.4582       0.2294
      0.4733       0.2656
      0.4809       0.2475
      0.4884       0.2475
      0.5036       0.1933
      0.5111       0.1572
      0.5187       0.1391
      0.5338        0.103
      0.5414        0.103
      0.5565        0.103
      0.5641        0.103
      0.5717      0.08491
      0.5792      0.04878
      0.5868      0.01265
      0.5944     -0.02349
      0.6019     -0.05962
      0.6171      -0.1138
      0.6246      -0.1319
      0.6397       -0.168
      0.6549       -0.168
      0.6624        -0.15
        0.67      -0.1138
      0.6776     -0.09575
      0.6851     -0.05962
      0.6927     -0.04155
      0.7078      0.04878
      0.7154      0.08491
       0.723        0.121
      0.7305       0.1752
      0.7381       0.2114
      0.7457       0.2114
      0.7532       0.1752
      0.7608        0.121
      0.7683      0.06685
      0.7759      0.01265
      0.7835     -0.02349
      0.7986     -0.05962
      0.8062     -0.07769
      0.8213     -0.07769
      0.8289     -0.05962
      0.8516     -0.00542
      0.8591     -0.00542
      0.8743     -0.00542
      0.8818     -0.00542
       0.897      0.03071
      0.9045      0.08491
      0.9121       0.1391
      0.9196       0.1933
      0.9272       0.1572
      0.9348      0.08491
      0.9423      0.04878
      0.9423     -0.02349
      0.9499     -0.05962
      0.9575     -0.07769
      0.9726     -0.05962
      0.9802     -0.04155
      0.9953      0.04878
       1.003      0.04878
        1.01      0.01265
       1.018     -0.02349
       1.026     -0.04155
       1.033     -0.07769
       1.048      -0.1319
       1.056       -0.168
       1.063      -0.2042
       1.071      -0.2042
       1.079      -0.1861
       1.086      -0.1319
       1.094     -0.07769
       1.101     -0.02349
       1.109      0.04878
       1.116      0.08491
       1.131        0.121
       1.139        0.103
       1.147      0.06685
       1.154      0.04878
       1.162      0.01265
       1.169     -0.00542
       1.177     -0.00542
       1.192     -0.02349
         1.2     -0.04155
       1.207     -0.05962
       1.222     -0.09575
        1.23      -0.1138
       1.245     -0.04155
       1.253      0.08491
       1.253     -0.00542
        1.26       0.1572
       1.268       0.2475
       1.275       0.2836
       1.283       0.2836
        1.29       0.2475
       1.298       0.1752
       1.305        0.121
       1.313      0.06685
       1.321     -0.00542
       1.328     -0.02349
       1.343     -0.05962
       1.351     -0.09575
       1.358        -0.15
       1.366       -0.168
       1.374      -0.2042
       1.381      -0.2222
       1.396      -0.2584
       1.404      -0.2584
       1.411      -0.2403
       1.419      -0.1861
       1.426      -0.1319
       1.434     -0.05962
       1.442      0.03071
       1.449        0.121
       1.457       0.1752
       1.464       0.2294
       1.472       0.2656
       1.487       0.2475
       1.495       0.2294
        1.51       0.2475
       1.525       0.2475
       1.532       0.2475
        1.54       0.2294
       1.548       0.1933
       1.555       0.1572
       1.563        0.103
        1.57      0.04878
       1.585     -0.00542
       1.593     -0.02349
         1.6     -0.05962
       1.608      -0.1138
       1.616       -0.168
       1.623      -0.2042
       1.631      -0.2403
       1.646      -0.2222
       1.653      -0.1861
       1.661        -0.15
       1.669      -0.1138
       1.676     -0.07769
       1.691     -0.07769
       1.699     -0.09575
       1.714      -0.1319
       1.722        -0.15
       1.737      -0.1319
       1.744      -0.1138
       1.752     -0.05962
       1.759      0.01265
       1.767      0.08491
       1.774       0.1391
       1.782       0.1752
       1.797        0.103
       1.812      0.04878
        1.82      0.04878
       1.835      0.08491
       1.843        0.103
        1.85        0.121
       1.865        0.121
       1.873        0.103
        1.88      0.06685
       1.888      0.01265
       1.896     -0.02349
       1.903     -0.09575
       1.911        -0.15
       1.918      -0.2042
       1.933      -0.2222
       1.941      -0.2042
       1.956        -0.15
       1.964      -0.1138
       1.971     -0.05962
       1.979     -0.02349
       1.986      0.01265
       2.001      0.06685
       2.009      0.08491
       2.024      0.08491
       2.032      0.08491
       2.039        0.103
       2.054        0.121
       2.062        0.121
       2.077        0.121
       2.085       0.1391
         2.1       0.1933
       2.107       0.2475
       2.115       0.2836
        2.13       0.3017
       2.138       0.2836
       2.153       0.2656
       2.168       0.2294
       2.175       0.1933
       2.183       0.1572
       2.191        0.103
       2.198      0.04878
       2.198     -0.00542
       2.206     -0.04155
       2.213      -0.1138
       2.221      -0.2042
       2.228      -0.2764
       2.236      -0.3126
       2.251      -0.3126
       2.259      -0.2764
       2.274      -0.2584
       2.281      -0.2764
       2.289      -0.2764
       2.304      -0.2764
       2.312      -0.2584
       2.319      -0.2222
       2.327       -0.168
       2.334      -0.1319
       2.342     -0.09575
       2.357     -0.07769
       2.365     -0.07769
       2.372     -0.05962
       2.387     -0.05962
       2.395     -0.05962
        2.41     -0.04155
       2.425     -0.02349
       2.433     -0.00542
        2.44      0.04878
       2.448        0.121
       2.455       0.1933
       2.463       0.2656
        2.47       0.3198
       2.486       0.2836
       2.493       0.2475
       2.501       0.1752
       2.508        0.121
       2.516      0.08491
       2.531      0.06685
       2.539      0.04878
       2.546      0.01265
       2.561     -0.02349
       2.569     -0.04155
       2.584     -0.07769
       2.591     -0.05962
       2.607     -0.04155
       2.614     -0.04155
       2.629     -0.07769
       2.637     -0.07769
       2.652      -0.1138
       2.667      -0.1319
       2.675      -0.1138
       2.682     -0.07769
        2.69     -0.02349
       2.697      0.04878
       2.713      0.08491
        2.72      0.08491
       2.735      0.06685
       2.743      0.04878
       2.758      0.08491
       2.773      0.04878
       2.781     -0.02349
       2.788     -0.07769
       2.796      -0.1319
       2.803       -0.168
       2.811       -0.168
       2.818        -0.15
       2.826     -0.09575
       2.834     -0.05962
       2.841     -0.04155
       2.856     -0.02349
       2.864     -0.00542
       2.879     -0.00542
       2.887     -0.00542
       2.894      0.03071
       2.902      0.06685
       2.917        0.121
       2.924        0.121
       2.932        0.121
       2.947        0.103
       2.955      0.08491
        2.97      0.03071
       2.977     -0.00542
       2.992      0.04878
       3.008      0.08491
       3.015      0.08491
        3.03      0.06685
       3.038      0.08491
       3.045        0.121
       3.053       0.1933
       3.061       0.2294
       3.068       0.2294
       3.076       0.2294
       3.091       0.1752
       3.098       0.1391
       3.106      0.06685
       3.113      0.03071
       3.113     -0.00542
       3.121     -0.00542
       3.136      0.01265
       3.144      0.03071
       3.159      0.04878
       3.166      0.06685
       3.182        0.103
       3.189        0.103
       3.204        0.103
       3.212        0.103
       3.219        0.103
       3.235      0.06685
       3.242      0.06685
       3.257      0.06685
       3.265      0.06685
        3.28      0.01265
       3.287     -0.00542
       3.295     -0.02349
        3.31     -0.07769
       3.325     -0.09575
       3.333     -0.07769
       3.348     -0.04155
       3.356     -0.04155
       3.363     -0.02349
       3.378     -0.02349
       3.386     -0.02349
       3.401     -0.05962
       3.409     -0.09575
       3.424     -0.09575
       3.431     -0.09575
       3.454     -0.07769
       3.461     -0.05962
       3.477     -0.02349
       3.492     -0.04155
       3.499     -0.05962
       3.507     -0.04155
       3.514      0.03071
       3.514     -0.02349
       3.522      0.06685
        3.53        0.103
       3.537        0.121
       3.545        0.103
        3.56      0.06685
       3.567      0.08491
       3.582        0.103
        3.59      0.08491
       3.598      0.04878
       3.613     -0.02349
        3.62     -0.05962
       3.628     -0.09575
       3.635      -0.1319
       3.651      -0.1861
       3.658      -0.2222
       3.666      -0.2584
       3.673      -0.2764
       3.688      -0.2945
       3.696      -0.2403
       3.704       -0.168
       3.711     -0.07769
       3.719      0.01265
       3.726        0.103
       3.734       0.1572
       3.749       0.1752
       3.756       0.1391
       3.764      0.08491
       3.772      0.04878
       3.787      0.03071
       3.794      0.03071
       3.817      0.01265
       3.825     -0.00542
        3.84     -0.00542
       3.855      0.03071
       3.862      0.06685
       3.878        0.103
       3.885        0.103
       3.893       0.1391
         3.9       0.1752
       3.908       0.2294
       3.915       0.2836
       3.923       0.3379
        3.93       0.3379
       3.938       0.3017
       3.946       0.2656
       3.953       0.2294
       3.961       0.1752
       3.968       0.1391
       3.976      0.08491
       3.983      0.04878
       3.999     -0.00542
       4.006     -0.02349
       4.014     -0.05962
       4.021      -0.1138
       4.029        -0.15
       4.052       -0.168
       4.059        -0.15
       4.074     -0.09575
       4.082     -0.09575
       4.089     -0.09575
       4.097      -0.1319
       4.104       -0.168
       4.112      -0.1861
        4.12       -0.168
       4.135      -0.1138
       4.142      -0.1138
        4.15     -0.09575
       4.165     -0.05962
       4.173     -0.04155
       4.188     -0.02349
       4.195     -0.02349
       4.203     -0.02349
       4.218     -0.05962
       4.226     -0.05962
       4.233     -0.02349
       4.248      0.04878
       4.256      0.08491
       4.271       0.1391
       4.278       0.1572
       4.286       0.1752
       4.301       0.2294
       4.309       0.2294
       4.316       0.2294
       4.331       0.1572
       4.339        0.121
       4.347      0.06685
       4.354      0.01265
       4.362     -0.05962
       4.369      -0.1138
       4.377       -0.168
       4.392      -0.2042
         4.4      -0.2222
       4.415      -0.1861
       4.422      -0.1319
        4.43     -0.09575
       4.437     -0.05962
       4.452     -0.02349
        4.46     -0.02349
       4.475     -0.02349
       4.483     -0.00542
        4.49      0.03071
       4.498      0.03071
       4.513     -0.00542
       4.521     -0.02349
       4.536     -0.07769
       4.543     -0.07769
       4.558     -0.05962
       4.574     -0.05962
       4.581     -0.05962
       4.596     -0.02349
       4.604      0.01265
       4.611      0.08491
       4.619       0.1572
       4.626       0.2114
       4.634       0.2475
       4.649       0.2475
       4.657       0.2294
       4.664       0.2294
       4.679       0.1933
       4.687       0.1572
       4.695        0.121
       4.702      0.06685
        4.71     -0.02349
       4.717     -0.05962
       4.725      -0.1138
       4.732        -0.15
        4.74      -0.1861
       4.747      -0.2042
       4.763      -0.2584
        4.77      -0.2764
       4.785      -0.2403
       4.793      -0.2222
         4.8       -0.168
       4.808      -0.1319
       4.816     -0.07769
       4.823     -0.04155
       4.831     -0.00542
       4.838      0.03071
       4.846      0.04878
       4.853      0.08491
       4.869        0.121
       4.876        0.121
       4.891        0.121
       4.899        0.121
       4.914        0.121
       4.921        0.121
       4.937        0.103
       4.944        0.103
       4.959        0.121
       4.967       0.1391
       4.982        0.121
        4.99        0.121
       5.005        0.121
       5.012       0.1391
       5.027       0.1572
       5.035       0.1572
        5.05       0.1391
       5.058        0.121
       5.065        0.103
       5.073      0.06685
        5.08     -0.00542
       5.088     -0.00542
       5.103     -0.02349
       5.111     -0.02349
       5.118     -0.02349
       5.133     -0.05962
       5.141     -0.09575
       5.156        -0.15
       5.164      -0.2042
       5.171      -0.2403
       5.179      -0.2764
       5.186      -0.3126
       5.194      -0.3306
       5.209      -0.3126
       5.217      -0.2584
       5.224      -0.2042
       5.232        -0.15
       5.239     -0.09575
       5.247     -0.05962
       5.254     -0.00542
       5.262      0.04878
       5.269      0.06685
       5.277       0.1391
       5.277      0.08491
       5.292       0.1933
       5.307       0.1933
       5.322       0.1933
        5.33       0.1933
       5.345       0.1572
       5.353       0.1391
        5.36        0.103
       5.368      0.06685
       5.375     -0.02349
       5.383     -0.05962
       5.391      -0.1319
       5.398        -0.15
       5.413      -0.1319
       5.421     -0.07769
       5.428     -0.04155
       5.436      0.01265
       5.443      0.06685
       5.451        0.103
       5.459       0.1391
       5.466       0.1572
       5.474        0.121
       5.481      0.08491
       5.489      0.04878
       5.496     -0.02349
       5.512     -0.07769
       5.519      -0.1319
       5.527       -0.168
       5.534      -0.1861
       5.549      -0.2222
       5.557      -0.2042
       5.565      -0.1861
       5.572        -0.15
        5.58      -0.1138
       5.587     -0.05962
       5.595     -0.02349
       5.602      0.04878
        5.61        0.103
       5.617       0.1572
       5.625       0.1933
       5.633       0.2114
       5.648       0.1391
       5.655        0.103
       5.663      0.08491
       5.678      0.06685
       5.686      0.04878
       5.701     -0.00542
       5.708     -0.00542
       5.723     -0.00542
       5.731     -0.00542
       5.746      0.04878
       5.761        0.103
       5.769        0.121
       5.784        0.121
       5.791      0.06685
       5.799     -0.04155
       5.807     -0.07769
       5.814      -0.1319
       5.822      -0.1319
       5.837      -0.1138
       5.852     -0.09575
        5.86     -0.05962
       5.867     -0.04155
       5.882      0.04878
        5.89      0.06685
       5.905        0.103
       5.912        0.103
       5.928        0.121
       5.935       0.1391
       5.943       0.1572
       5.958      0.08491
       5.965      0.04878
       5.973      0.01265
       5.981     -0.02349
       5.988     -0.05962
       5.996     -0.09575
       6.003      -0.1138
       6.011     -0.09575
       6.018     -0.07769
       6.034     -0.02349
       6.041     -0.02349
       6.056     -0.04155
       6.071     -0.04155
       6.079     -0.04155
       6.094     -0.04155
       6.102     -0.04155
       6.117     -0.04155
       6.124     -0.04155
       6.139     -0.04155
       6.147     -0.04155
       6.155     -0.02349
        6.17     -0.04155
       6.177     -0.04155
       6.192     -0.02349
         6.2      0.04878
       6.208        0.103
       6.215       0.1391
       6.223       0.1752
       6.238       0.2114
       6.245       0.2294
        6.26       0.2475
       6.268       0.2114
       6.276       0.1752
       6.283       0.1572
       6.298       0.1391
       6.306        0.121
       6.313      0.08491
       6.321      0.01265
       6.329     -0.05962
       6.336      -0.1138
       6.344      -0.1861
       6.351      -0.2042
       6.366      -0.2042
       6.374      -0.1861
       6.382       -0.168
       6.389      -0.1319
       6.397     -0.07769
       6.404     -0.04155
       6.412     -0.00542
       6.427     -0.00542
       6.434      0.03071
        6.45      0.04878
       6.465     -0.00542
       6.472     -0.00542
        6.48     -0.00542
       6.495     -0.00542
       6.503     -0.00542
       6.525      0.03071
       6.533      0.03071
       6.556      0.03071
       6.563      0.03071
       6.571      0.04878
       6.586        0.103
       6.593        0.103
       6.601      0.08491
       6.608      0.04878
       6.616     -0.02349
       6.624     -0.05962
       6.639     -0.07769
       6.646     -0.07769
       6.661     -0.07769
       6.677      -0.1138
       6.684      -0.1138
       6.692     -0.09575
       6.707      -0.1319
       6.714        -0.15
        6.73        -0.15
       6.737      -0.1319
       6.752     -0.09575
        6.76     -0.07769
       6.775     -0.05962
       6.782     -0.05962
        6.79     -0.04155
       6.805     -0.00542
       6.813     -0.00542
       6.828     -0.00542
       6.835     -0.00542
       6.851      0.04878
       6.866      0.04878
       6.873      0.03071
       6.881     -0.00542
       6.888     -0.00542
       6.903      0.04878
       6.911      0.06685
       6.919        0.121
       6.926       0.1572
       6.941       0.1752
       6.949       0.1572
       6.956       0.1572
       6.972       0.1752
       6.979       0.2114
       6.987       0.2475
       7.002       0.2656
       7.009       0.2294
       7.017       0.1933
       7.025       0.1391
       7.032        0.103
        7.04      0.04878
       7.047      0.03071
       7.047     -0.00542
       7.055     -0.00542
        7.07     -0.04155
       7.077     -0.05962
       7.085     -0.05962
         7.1     -0.05962
       7.108     -0.04155
       7.123      0.04878
        7.13      0.06685
       7.146        0.121
       7.153       0.1391
       7.168       0.1933
       7.176       0.1752
       7.183        0.121
       7.191      0.06685
       7.199      0.01265
       7.206     -0.02349
       7.214     -0.04155
       7.229     -0.05962
       7.236     -0.05962
       7.251     -0.07769
       7.259     -0.07769
       7.274     -0.05962
       7.289     -0.04155
       7.297     -0.02349
       7.304      0.03071
       7.304     -0.00542
       7.312      0.04878
        7.32        0.103
       7.327        0.121
       7.335        0.103
       7.342      0.06685
        7.35      0.03071
       7.357     -0.02349
       7.365     -0.07769
        7.38      -0.1138
       7.388      -0.1319
       7.403      -0.1138
        7.41     -0.07769
       7.418     -0.04155
       7.425     -0.00542
       7.433      0.03071
       7.441      0.03071
       7.448      0.04878
       7.463      0.04878
       7.471      0.03071
       7.486      0.03071
       7.494      0.03071
       7.509     -0.00542
       7.516     -0.04155
       7.524     -0.09575
       7.531        -0.15
       7.539      -0.1861
       7.547       -0.168
       7.554        -0.15
       7.562      -0.1138
       7.569     -0.07769
       7.577     -0.02349
       7.584      0.04878
       7.584     -0.00542
       7.592        0.103
       7.599       0.1391
       7.607       0.1572
       7.622       0.1572
        7.63       0.1572
       7.645        0.121
       7.652      0.08491
        7.66      0.04878
       7.668     -0.00542
       7.675     -0.04155
       7.683     -0.07769
        7.69     -0.09575
       7.705      -0.1319
       7.713        -0.15
       7.728        -0.15
       7.736      -0.1319
       7.743     -0.09575
       7.751     -0.04155
       7.758      0.03071
       7.766       0.1391
       7.773       0.2294
       7.781       0.2836
       7.789       0.2656
       7.796       0.1933
       7.804       0.1391
       7.811        0.103
       7.826      0.08491
       7.834      0.06685
       7.849      0.04878
       7.857     -0.00542
       7.864     -0.04155
       7.879     -0.09575
       7.887      -0.1319
       7.895       -0.168
        7.91      -0.2042
       7.917      -0.2222
       7.932      -0.2222
       7.947      -0.2584
       7.955      -0.2584
       7.963      -0.2222
        7.97      -0.1861
       7.978     -0.09575
       7.985      0.04878
       7.985     -0.02349
       7.993        0.103
           8       0.1752
       8.008       0.2114
       8.016       0.1752
       8.023       0.1391
       8.031      0.08491
       8.038      0.06685
       8.053      0.08491
       8.068      0.06685
       8.076      0.04878
       8.091      0.03071
       8.099      0.04878
       8.106      0.06685
       8.121      0.08491
       8.129      0.08491
       8.144      0.08491
       8.152      0.08491
       8.167      0.03071
       8.174      0.01265
       8.182     -0.00542
        8.19     -0.04155
       8.197     -0.07769
       8.205      -0.1138
       8.212        -0.15
        8.22        -0.15
       8.227     -0.09575
       8.235     -0.04155
       8.242      0.04878
        8.25        0.121
       8.258       0.1933
       8.265       0.2656
       8.273       0.3017
        8.28       0.3379
       8.288       0.3017
       8.295       0.2475
       8.303       0.1933
       8.311       0.1572
       8.318        0.121
       8.326      0.08491
       8.333      0.04878
       8.341     -0.00542
       8.348     -0.02349
       8.364     -0.05962
       8.371     -0.07769
       8.379      -0.1138
       8.386      -0.1319
       8.401        -0.15
       8.409      -0.1319
       8.424     -0.07769
       8.432     -0.05962
       8.447     -0.05962
       8.454     -0.05962
       8.469      -0.1138
       8.477      -0.1319
       8.485      -0.1319
         8.5        -0.15
       8.507       -0.168
       8.515      -0.2042
        8.53      -0.2403
       8.538      -0.2403
       8.553      -0.2042
        8.56      -0.1861
       8.568       -0.168
       8.575      -0.1319
       8.583     -0.04155
        8.59      0.08491
        8.59     -0.00542
       8.598       0.1933
       8.606       0.3198
       8.613       0.4282
       8.621       0.5005
       8.628       0.5366
       8.636       0.5185
       8.651       0.4463
       8.659       0.4101
       8.666       0.3559
       8.674       0.3379
       8.681       0.3017
       8.689       0.2836
       8.704       0.2475
       8.712       0.2294
       8.719       0.1933
       8.727       0.1752
       8.742       0.1391
       8.749       0.1391
       8.764        0.121
       8.772      0.08491
        8.78      0.04878
        8.78     -0.00542
       8.787     -0.02349
       8.795     -0.05962
       8.802     -0.07769
       8.817     -0.09575
       8.825     -0.07769
        8.84      -0.1138
       8.848        -0.15
       8.863      -0.1861
        8.87      -0.2042
       8.878      -0.2042
       8.893      -0.2222
       8.901      -0.2042
       8.908      -0.1319
       8.916     -0.05962
       8.923      0.04878
       8.923     -0.00542
       8.931      0.06685
       8.938     -0.00542
       8.946     -0.04155
       8.954      -0.1138
       8.976      -0.1138
