     0.01181      0.01535
     0.02693     -0.07673
     0.03449      -0.1136
     0.04205      -0.1688
      0.0496      -0.1872
     0.06472      -0.1688
     0.07228      -0.1504
      0.0874      -0.1136
     0.09496     -0.09514
      0.1025     -0.07673
      0.1176      -0.0399
      0.1252    -0.003069
      0.1403    -0.003069
      0.1479    -0.003069
       0.163      -0.0399
      0.1705     -0.05831
      0.1781      -0.0399
      0.2008    -0.003069
      0.2083      0.03376
      0.2235      0.07059
      0.2386      0.05217
      0.2461      0.05217
      0.2612      0.03376
      0.2688      0.01535
      0.2839    -0.003069
      0.2915    -0.003069
      0.3066    -0.003069
      0.3142    -0.003069
      0.3217      0.03376
      0.3293      0.05217
      0.3444      0.05217
       0.352      0.07059
      0.3671      0.07059
      0.3746      0.07059
      0.3897      0.03376
      0.3973    -0.003069
      0.4049    -0.003069
        0.42      -0.0399
      0.4275     -0.05831
      0.4427     -0.09514
      0.4502     -0.09514
      0.4653     -0.09514
      0.4729     -0.07673
       0.488      -0.0399
      0.4956      -0.0399
      0.5031      -0.0399
      0.5182     -0.05831
      0.5258     -0.05831
      0.5334      -0.0399
      0.5485     -0.02148
       0.556    -0.003069
      0.5712      0.03376
      0.5787      0.05217
      0.5938       0.1074
      0.6014       0.1442
      0.6165       0.1995
      0.6241       0.2179
      0.6392       0.2179
      0.6467       0.1811
      0.6543       0.1074
      0.6619      0.05217
      0.6694     -0.02148
       0.677     -0.05831
      0.6845     -0.09514
      0.6996      -0.1136
      0.7072     -0.09514
      0.7223     -0.05831
      0.7299      -0.0399
       0.745      -0.0399
      0.7526      -0.0399
      0.7601     -0.02148
      0.7752    -0.003069
      0.7828    -0.003069
      0.7979      0.03376
      0.8055      0.03376
      0.8281    -0.003069
      0.8357    -0.003069
      0.8433      -0.0399
      0.8584     -0.09514
      0.8659     -0.09514
      0.8811     -0.09514
      0.8886     -0.07673
      0.8962      -0.0399
      0.9037     -0.02148
      0.9113      0.01535
      0.9188      0.05217
      0.9264       0.1074
       0.934       0.1258
      0.9491       0.1811
      0.9566       0.1995
      0.9718       0.2363
      0.9793       0.2179
      0.9944       0.1627
       1.002       0.1258
        1.01        0.089
       1.017      0.07059
       1.032      0.07059
        1.04       0.1074
       1.047       0.1442
       1.055       0.1627
        1.07       0.1074
       1.078      0.05217
       1.078    -0.003069
       1.085      -0.0399
       1.093       -0.132
         1.1      -0.2425
       1.108      -0.3161
       1.123      -0.3345
        1.13      -0.2977
       1.138      -0.2793
       1.146      -0.2425
       1.153      -0.2056
       1.161      -0.1504
       1.168     -0.09514
       1.176     -0.05831
       1.183     -0.02148
       1.191      0.01535
       1.199      0.05217
       1.214      0.07059
       1.221        0.089
       1.229       0.1074
       1.244       0.1627
       1.251       0.1627
       1.259       0.1811
       1.267       0.1995
       1.274       0.2363
       1.282       0.2731
       1.297         0.31
       1.304       0.2916
       1.312       0.2363
       1.319       0.1995
       1.327       0.1442
       1.335      0.07059
       1.342      0.03376
       1.342     -0.02148
        1.35     -0.07673
       1.357       -0.132
       1.365      -0.1688
        1.38      -0.2056
       1.395       -0.224
       1.403       -0.224
       1.418      -0.2056
       1.425      -0.1688
       1.433       -0.132
        1.44       -0.132
       1.448       -0.132
       1.456      -0.1688
       1.471      -0.1872
       1.478      -0.1688
       1.486      -0.1504
       1.493     -0.09514
       1.501     -0.05831
       1.508     -0.02148
       1.524      0.03376
       1.531      0.05217
       1.539       0.1074
       1.546       0.1442
       1.554       0.1811
       1.569       0.1627
       1.576       0.1258
       1.584        0.089
       1.592      0.05217
       1.607    -0.003069
       1.622      0.03376
       1.637    -0.003069
       1.644      -0.0399
       1.652     -0.09514
        1.66       -0.132
       1.675      -0.1504
       1.682       -0.132
       1.697     -0.09514
       1.705     -0.07673
        1.72      -0.0399
       1.728     -0.02148
       1.735      0.01535
       1.743      0.05217
        1.75      0.07059
       1.765       0.1442
       1.773       0.1995
       1.781       0.2731
       1.788         0.31
       1.796       0.3468
       1.803       0.3836
       1.811       0.3836
       1.818        0.402
       1.826       0.3652
       1.833       0.3284
       1.841       0.2547
       1.849       0.1811
       1.856       0.1074
       1.864      0.03376
       1.871     -0.02148
       1.879     -0.09514
       1.886      -0.1136
       1.894      -0.1504
       1.901      -0.1688
       1.917      -0.2056
       1.924      -0.2056
       1.939      -0.1688
       1.947      -0.1504
       1.954      -0.1136
       1.962     -0.09514
       1.977     -0.02148
       1.985    -0.003069
       1.992      0.03376
           2      0.07059
       2.015        0.089
       2.022      0.07059
        2.03      0.05217
       2.038      0.01535
       2.053      -0.0399
        2.06     -0.05831
       2.075      -0.0399
       2.083      -0.0399
       2.098      -0.0399
       2.113     -0.07673
       2.121     -0.05831
       2.128      -0.0399
       2.143      0.01535
       2.151      0.03376
       2.166      0.03376
       2.174      0.03376
       2.196      0.07059
       2.204       0.1074
       2.211       0.1442
       2.219       0.1995
       2.226       0.2363
       2.242       0.2363
       2.249       0.1995
       2.257       0.1627
       2.264       0.1074
       2.272      0.03376
       2.279     -0.05831
       2.287       -0.132
       2.295      -0.1872
       2.302      -0.2056
       2.317       -0.224
       2.325      -0.2056
       2.332      -0.1872
       2.347      -0.1504
       2.355      -0.1136
       2.363     -0.07673
       2.378      -0.0399
       2.385      -0.0399
       2.393     -0.02148
       2.408      0.05217
       2.415      0.07059
       2.431        0.089
       2.438       0.1074
       2.453        0.089
       2.461      0.07059
       2.476      0.03376
       2.483      0.03376
       2.491      0.05217
       2.506        0.089
       2.514       0.1074
       2.529       0.1258
       2.536       0.1258
       2.544       0.1258
       2.552        0.089
       2.559      0.05217
       2.567      0.03376
       2.567    -0.003069
       2.574      -0.0399
       2.589     -0.09514
       2.597     -0.09514
       2.612     -0.09514
       2.627      -0.1136
       2.635       -0.132
        2.65     -0.09514
       2.665     -0.07673
       2.672     -0.05831
        2.68      -0.0399
       2.695      0.05217
       2.703        0.089
       2.718       0.1442
       2.725       0.1627
        2.74       0.1627
       2.748       0.1442
       2.763       0.1258
       2.771       0.1442
       2.778       0.1811
       2.786       0.1995
       2.801       0.1811
       2.809       0.1442
       2.816      0.07059
       2.824     -0.02148
       2.831     -0.09514
       2.839      -0.1872
       2.846      -0.2425
       2.861      -0.2609
       2.869      -0.2793
       2.884      -0.2793
       2.892      -0.2609
       2.899      -0.2056
       2.907      -0.1504
       2.914     -0.09514
       2.922      -0.0399
       2.929      0.01535
       2.937      0.05217
       2.945        0.089
        2.96       0.1258
       2.967       0.1258
       2.975       0.1442
        2.99       0.1442
       2.997       0.1258
       3.005        0.089
       3.013      0.05217
        3.02      0.03376
       3.035    -0.003069
       3.043      0.03376
        3.05      0.05217
       3.066        0.089
       3.073      0.07059
       3.081      0.05217
       3.096    -0.003069
       3.103      -0.0399
       3.111     -0.07673
       3.118     -0.09514
       3.134       -0.132
       3.141       -0.132
       3.149      -0.1136
       3.164     -0.07673
       3.171      -0.0399
       3.186      0.05217
       3.194        0.089
       3.209       0.1258
       3.217       0.1442
       3.232       0.1627
       3.239       0.1627
       3.247       0.1811
       3.262       0.1811
        3.27       0.1811
       3.277       0.1627
       3.285       0.1258
       3.292        0.089
         3.3      0.07059
       3.315      0.03376
       3.323    -0.003069
       3.338      -0.0399
       3.345      -0.0399
        3.36      -0.0399
       3.368     -0.05831
       3.375     -0.05831
       3.391     -0.07673
       3.398     -0.09514
       3.413       -0.132
       3.421      -0.1136
       3.428     -0.09514
       3.436      -0.0399
       3.443    -0.003069
       3.451      0.03376
       3.459      0.03376
       3.474      0.05217
       3.481      0.07059
       3.496       0.1074
       3.504       0.1258
       3.519       0.1074
       3.527       0.1074
       3.534       0.1258
       3.549       0.1258
       3.557       0.1074
       3.564      0.07059
       3.572     -0.02148
       3.579     -0.09514
       3.587      -0.1872
       3.595      -0.2609
       3.602      -0.3161
        3.61      -0.3529
       3.617      -0.3345
       3.625      -0.3161
       3.632      -0.2609
        3.64      -0.2056
       3.648      -0.1504
       3.655     -0.09514
       3.663     -0.05831
       3.678    -0.003069
       3.685      0.03376
       3.693      0.05217
         3.7        0.089
       3.708       0.1627
       3.716       0.1995
       3.723       0.2547
       3.738       0.2731
       3.746       0.2363
       3.753       0.1995
       3.761       0.1627
       3.768       0.1258
       3.776        0.089
       3.791      0.05217
       3.799      0.03376
       3.806    -0.003069
       3.814      -0.0399
       3.821     -0.07673
       3.829       -0.132
       3.836      -0.1504
       3.852      -0.1872
       3.859      -0.1688
       3.867      -0.1504
       3.882      -0.1136
       3.889     -0.09514
       3.897     -0.07673
       3.905     -0.02148
       3.912      0.05217
       3.912    -0.003069
        3.92       0.1074
       3.927       0.1627
       3.935       0.2179
       3.942       0.2547
        3.95       0.2916
       3.965       0.2731
       3.973       0.2363
        3.98       0.1995
       3.988       0.1627
       3.995       0.1442
       4.003       0.1074
        4.01        0.089
       4.018      0.05217
       4.025    -0.003069
       4.033      -0.0399
       4.041     -0.09514
       4.048       -0.132
       4.063       -0.132
       4.071      -0.1136
       4.086     -0.05831
       4.093      -0.0399
       4.109      0.03376
       4.116      0.05217
       4.124      0.07059
       4.139        0.089
       4.146       0.1074
       4.162        0.089
       4.169        0.089
       4.184      0.05217
       4.192      0.03376
       4.199     -0.02148
       4.207     -0.05831
       4.214       -0.132
       4.222      -0.2056
        4.23      -0.2793
       4.237      -0.3345
       4.245      -0.3529
       4.252      -0.3345
       4.267      -0.2793
       4.275      -0.2425
       4.282      -0.1872
        4.29      -0.1136
       4.298      -0.0399
       4.305      0.07059
       4.313       0.1442
        4.32       0.1811
       4.328       0.2547
       4.335         0.31
       4.343       0.3284
       4.358         0.31
       4.366       0.2916
       4.373       0.2547
       4.388       0.1995
       4.396       0.1811
       4.411       0.1442
       4.419       0.1258
       4.426        0.089
       4.434      0.05217
       4.441     -0.02148
       4.449     -0.09514
       4.456      -0.1872
       4.464      -0.2425
       4.471      -0.2977
       4.479      -0.3161
       4.494      -0.3345
       4.502      -0.2977
       4.509      -0.2609
       4.517       -0.224
       4.524      -0.1504
       4.532     -0.09514
       4.539      -0.0399
       4.547      0.03376
       4.555      0.07059
       4.562       0.1074
        4.57       0.1442
       4.577       0.1995
       4.585       0.2179
         4.6       0.2363
       4.607       0.2363
       4.615       0.2363
        4.63       0.1627
       4.638       0.1258
       4.645        0.089
       4.653      0.05217
        4.66    -0.003069
       4.668      -0.0399
       4.676     -0.07673
       4.683     -0.09514
       4.698       -0.132
       4.706      -0.1136
       4.721      -0.1136
       4.728      -0.1136
       4.744      -0.1136
       4.751      -0.1136
       4.759     -0.09514
       4.774     -0.05831
       4.781     -0.02148
       4.789      0.05217
       4.789    -0.003069
       4.796      0.07059
       4.812      0.07059
       4.819      0.07059
       4.827        0.089
       4.842       0.1074
       4.849       0.1074
       4.864       0.1074
       4.872       0.1074
        4.88       0.1074
       4.895      0.07059
       4.902      0.05217
        4.91      0.05217
       4.925      0.03376
       4.932      0.05217
       4.948      0.07059
       4.955        0.089
        4.97        0.089
       4.978      0.07059
       4.993      0.03376
       5.001      0.03376
       5.016      0.03376
       5.023      0.01535
       5.031    -0.003069
       5.038      -0.0399
       5.046     -0.07673
       5.053      -0.1136
       5.069      -0.1504
       5.076      -0.1688
       5.084      -0.1504
       5.099      -0.1136
       5.106     -0.09514
       5.121     -0.07673
       5.129     -0.05831
       5.144      -0.0399
       5.152      -0.0399
       5.159     -0.02148
       5.174    -0.003069
       5.182      0.03376
       5.189      0.07059
       5.205        0.089
       5.212        0.089
       5.227        0.089
       5.242        0.089
        5.25       0.1074
       5.265       0.1258
       5.273       0.1074
        5.28      0.07059
       5.295    -0.003069
       5.303     -0.02148
       5.318     -0.05831
       5.326     -0.07673
       5.333     -0.07673
       5.348     -0.07673
       5.356     -0.07673
       5.363     -0.05831
       5.378     -0.02148
       5.386    -0.003069
       5.394      0.03376
       5.401      0.05217
       5.409      0.05217
       5.424    -0.003069
       5.431    -0.003069
       5.446    -0.003069
       5.454      0.01535
       5.469      0.07059
       5.477      0.07059
       5.492      0.05217
       5.499      0.07059
       5.515      0.07059
       5.522      0.05217
        5.53      0.01535
       5.545     -0.02148
       5.552     -0.02148
       5.567     -0.02148
       5.575     -0.02148
        5.59    -0.003069
       5.598    -0.003069
       5.613    -0.003069
        5.62    -0.003069
       5.635    -0.003069
       5.643    -0.003069
       5.658    -0.003069
       5.666      0.03376
       5.681      0.03376
       5.688      0.03376
       5.703    -0.003069
       5.711     -0.02148
       5.719     -0.05831
       5.726     -0.07673
       5.741     -0.05831
       5.749      -0.0399
       5.764    -0.003069
       5.772    -0.003069
       5.787    -0.003069
       5.794      0.03376
       5.802      0.05217
       5.817       0.1074
       5.824       0.1074
       5.832       0.1258
       5.847       0.1258
       5.855        0.089
       5.862      0.05217
        5.87    -0.003069
       5.877      -0.0399
       5.892     -0.07673
         5.9     -0.09514
       5.915       -0.132
       5.923       -0.132
        5.93     -0.09514
       5.938     -0.07673
       5.945      -0.0399
       5.953    -0.003069
        5.96      0.05217
       5.976        0.089
       5.983       0.1074
       5.998       0.1627
       6.013       0.1811
       6.021       0.1811
       6.036       0.1442
       6.051      0.07059
       6.059      0.01535
       6.066      -0.0399
       6.074     -0.07673
       6.089       -0.132
       6.097       -0.132
       6.112      -0.1504
       6.119       -0.132
       6.134     -0.09514
       6.142     -0.05831
       6.149     -0.02148
       6.157      0.01535
       6.165      0.05217
       6.187       0.1074
       6.195       0.1074
        6.21      0.07059
       6.217      0.05217
       6.233      0.07059
       6.248       0.1258
       6.255       0.1442
       6.263       0.1811
        6.27       0.1995
       6.285       0.1995
       6.293       0.1627
       6.301       0.1074
       6.308      0.05217
       6.308    -0.003069
       6.316      -0.0399
       6.323      -0.1136
       6.331      -0.1872
       6.338       -0.224
       6.346      -0.2425
       6.361      -0.2793
       6.369      -0.2609
       6.376      -0.2425
       6.391      -0.1688
       6.399       -0.132
       6.406     -0.09514
       6.414     -0.07673
       6.429     -0.02148
       6.437    -0.003069
       6.452      0.05217
       6.459      0.07059
       6.467        0.089
       6.474       0.1258
       6.482       0.1627
       6.497       0.1995
       6.505       0.1442
       6.512       0.1074
        6.52      0.05217
       6.527    -0.003069
       6.535      -0.0399
       6.542     -0.07673
       6.558      -0.1136
       6.565      -0.1504
        6.58       -0.132
       6.588     -0.09514
       6.595     -0.07673
       6.611     -0.02148
       6.618    -0.003069
       6.626      0.03376
       6.633      0.07059
       6.641        0.089
       6.656       0.1627
       6.663       0.1811
       6.679       0.2179
       6.686       0.2363
       6.701       0.1811
       6.709       0.1442
       6.716       0.1074
       6.724      0.07059
       6.731      0.05217
       6.739      0.01535
       6.747    -0.003069
       6.754      -0.0399
       6.762     -0.07673
       6.769      -0.1136
       6.784      -0.1504
       6.792      -0.1688
       6.807      -0.1872
       6.815      -0.1504
       6.822      -0.1136
        6.83     -0.05831
       6.837      0.03376
       6.837    -0.003069
       6.845      0.07059
       6.852       0.1258
        6.86       0.1811
       6.868       0.2363
       6.883       0.2363
        6.89       0.1995
       6.898       0.1442
       6.905       0.1074
       6.913      0.05217
        6.92      0.03376
        6.92    -0.003069
       6.928      -0.0399
       6.936      -0.1136
       6.943      -0.1688
       6.951       -0.224
       6.966      -0.2609
       6.973      -0.2425
       6.981      -0.2056
       6.988      -0.1504
       6.996     -0.09514
       7.004     -0.05831
       7.019    -0.003069
       7.026    -0.003069
       7.034      0.05217
       7.049        0.089
       7.056       0.1074
       7.072       0.1074
       7.079       0.1074
       7.087       0.1442
       7.102       0.1811
       7.109       0.1995
       7.117       0.1995
       7.125       0.1627
       7.132       0.1074
        7.14      0.07059
       7.147    -0.003069
       7.155      -0.0399
        7.17     -0.07673
       7.177      -0.1136
       7.185      -0.1136
         7.2      -0.1136
       7.208      -0.1136
       7.223     -0.07673
       7.238      -0.0399
       7.245      -0.0399
       7.253    -0.003069
       7.268      0.03376
       7.276      0.03376
       7.283      0.05217
       7.298        0.089
       7.306       0.1258
       7.313       0.1627
       7.329       0.1811
       7.336       0.1627
       7.351       0.1627
       7.359       0.1442
       7.374        0.089
       7.382      0.05217
       7.389      0.03376
       7.389    -0.003069
       7.397     -0.02148
       7.412     -0.05831
       7.419      -0.0399
       7.434      -0.0399
       7.442      -0.0399
        7.45     -0.07673
       7.465       -0.132
       7.472      -0.1688
       7.487      -0.1688
       7.495      -0.1504
        7.51     -0.07673
       7.518     -0.05831
       7.525     -0.02148
       7.533      0.05217
        7.54      0.07059
       7.555       0.1258
       7.563       0.1258
        7.57       0.1258
       7.586       0.1258
       7.593       0.1258
       7.608       0.1442
       7.616       0.1442
       7.631       0.1074
       7.638      0.07059
       7.654    -0.003069
       7.661     -0.02148
       7.669     -0.05831
       7.676     -0.09514
       7.684      -0.1136
       7.699      -0.1136
       7.707     -0.09514
       7.722     -0.05831
       7.729      -0.0399
       7.744    -0.003069
       7.752      0.01535
       7.767      0.03376
       7.775      0.05217
       7.782        0.089
       7.797       0.1074
       7.805       0.1074
        7.82      0.07059
       7.827      0.05217
       7.835    -0.003069
       7.843     -0.02148
       7.858     -0.05831
       7.865     -0.05831
        7.88     -0.05831
       7.888     -0.05831
       7.903     -0.09514
       7.911      -0.1136
       7.926      -0.1504
       7.933      -0.1872
       7.941      -0.1872
       7.956      -0.1688
       7.964      -0.1504
       7.971     -0.09514
       7.979      -0.0399
       7.986      0.01535
       7.994        0.089
       8.001       0.1627
       8.009       0.2363
       8.016       0.2731
       8.032       0.2731
       8.039       0.2363
       8.047       0.1811
       8.054       0.1074
       8.062      0.05217
       8.069     -0.02148
       8.077     -0.05831
       8.084      -0.1136
         8.1      -0.1504
       8.107       -0.132
       8.122     -0.07673
        8.13     -0.05831
       8.137     -0.02148
       8.145      0.05217
       8.152       0.1074
        8.16       0.1811
       8.168       0.2179
       8.183       0.2179
        8.19       0.1995
       8.198       0.1627
       8.213       0.1074
       8.221        0.089
       8.236      0.05217
       8.243      0.03376
       8.251    -0.003069
       8.258      -0.0399
       8.266     -0.09514
       8.273       -0.132
       8.281      -0.1872
       8.289       -0.224
       8.304      -0.2609
       8.311      -0.2609
       8.326       -0.224
       8.334      -0.2056
       8.341      -0.1504
       8.349     -0.09514
       8.357      -0.0399
       8.364      0.01535
       8.372      0.07059
       8.379       0.1258
       8.387       0.1811
       8.394       0.2179
       8.402       0.2363
       8.409       0.2547
       8.425       0.2916
       8.432       0.2916
       8.447       0.2916
       8.462       0.2179
        8.47       0.1811
       8.478       0.1074
       8.485      0.05217
       8.493    -0.003069
         8.5      -0.0399
       8.515     -0.07673
       8.523      -0.1136
       8.538      -0.1504
       8.546      -0.1688
       8.561      -0.2056
       8.568      -0.1872
       8.583      -0.1504
       8.591      -0.1504
       8.598      -0.1504
       8.606      -0.1872
       8.614      -0.2056
       8.629       -0.224
       8.636      -0.2056
       8.644      -0.1688
       8.651      -0.1136
       8.659     -0.05831
       8.666     -0.02148
       8.674      0.05217
       8.682      0.07059
       8.689       0.1074
       8.697       0.1442
       8.712       0.1442
       8.719       0.1627
       8.735       0.1811
       8.742       0.1811
        8.75       0.1811
       8.765       0.1811
       8.772       0.1811
       8.787       0.1442
       8.795       0.1442
        8.81       0.1627
       8.818       0.1811
       8.833       0.1627
        8.84       0.1258
       8.848      0.07059
       8.855      0.01535
       8.871      -0.0399
       8.878      -0.0399
       8.893     -0.07673
       8.901     -0.09514
       8.916     -0.09514
       8.923     -0.09514
       8.931     -0.07673
       8.946     -0.07673
       8.961     -0.05831
       8.976     -0.07673
