     0.01181      -0.1483
     0.03448      -0.1483
     0.04203      -0.1483
     0.05714      -0.1295
      0.0647     -0.09168
     0.07225     -0.05391
     0.08736     0.002754
     0.09492     0.002754
        0.11     0.002754
      0.1176     0.002754
      0.1402     0.002754
      0.1478     -0.01613
      0.1629     -0.01613
      0.1705     -0.01613
      0.1856     0.002754
      0.2007     0.002754
      0.2082     0.002754
      0.2611      0.02164
      0.2687      0.05941
      0.2762       0.0783
      0.2838       0.1161
      0.2913       0.1538
      0.2989       0.1916
      0.3065       0.2294
      0.3216       0.2483
      0.3291       0.2483
      0.3442       0.1727
      0.3593       0.1161
      0.3669       0.0783
       0.382     0.002754
      0.3896     -0.01613
      0.4047     -0.01613
      0.4122     0.002754
      0.4273      0.04053
      0.4349      0.05941
      0.4424       0.1161
        0.45       0.1538
      0.4651       0.1727
      0.4727       0.1727
      0.4802       0.1727
      0.4953        0.135
      0.5029        0.135
       0.518        0.135
      0.5256        0.135
      0.5407        0.135
      0.5482        0.135
      0.5558        0.135
      0.5709       0.1161
      0.5784       0.1161
       0.586       0.1538
      0.5936       0.1727
      0.6087       0.2294
      0.6162       0.2294
      0.6238       0.2294
      0.6389       0.2105
      0.6464       0.1727
      0.6615       0.1161
      0.6691      0.09719
      0.6767      0.05941
      0.6842      0.04053
      0.6918     0.002754
      0.6993     0.002754
      0.7144     0.002754
      0.7295     -0.03502
      0.7371     -0.03502
      0.7522     -0.05391
      0.7598     -0.03502
      0.7749     -0.03502
      0.7824     -0.03502
      0.7975     -0.07279
      0.8051     -0.07279
      0.8202     -0.05391
      0.8353     -0.07279
      0.8429     -0.07279
       0.858      -0.1106
      0.8655      -0.1106
      0.8806     -0.09168
      0.8882     -0.09168
      0.8958     -0.09168
      0.9109      -0.1483
      0.9184      -0.1861
       0.926      -0.2239
      0.9335      -0.2617
      0.9411      -0.3183
      0.9486      -0.3561
      0.9562       -0.375
      0.9713      -0.4127
      0.9789      -0.4127
       0.994       -0.375
       1.002      -0.3372
       1.009      -0.2994
       1.017      -0.2805
       1.032       -0.205
       1.039      -0.1861
       1.054      -0.1483
       1.062      -0.1295
       1.077      -0.1106
       1.085     -0.09168
       1.092     -0.07279
       1.107     -0.07279
       1.115     -0.07279
       1.122     -0.03502
       1.138      0.05941
       1.138     0.002754
       1.145      0.09719
       1.153       0.1538
        1.16       0.1916
       1.175       0.2483
       1.183       0.2672
       1.198       0.2861
       1.206       0.2861
       1.213       0.3049
       1.228       0.2861
       1.236       0.2861
       1.251       0.2672
       1.258       0.2483
       1.266       0.2105
       1.281       0.1727
       1.289       0.1727
       1.304       0.2105
       1.311       0.2294
       1.319       0.2672
       1.326       0.2672
       1.342       0.2672
       1.357       0.2105
       1.364       0.1727
       1.379        0.135
       1.387       0.1161
       1.402      0.09719
       1.409       0.1161
       1.425       0.0783
        1.44     0.002754
       1.447     -0.03502
       1.455     -0.09168
       1.462      -0.1106
       1.477      -0.1106
       1.485     -0.09168
         1.5     -0.07279
       1.508     -0.05391
       1.515     -0.01613
       1.523      0.04053
        1.53       0.0783
       1.538       0.1161
       1.553       0.1727
       1.561       0.1727
       1.576       0.1727
       1.583       0.1727
       1.591       0.1727
       1.606        0.135
       1.613      0.09719
       1.629      0.05941
       1.636      0.02164
       1.644     -0.01613
       1.651     -0.07279
       1.659     -0.09168
       1.674      -0.1295
       1.681      -0.1106
       1.697     -0.07279
       1.704     -0.05391
       1.719     -0.07279
       1.734     -0.07279
       1.749      -0.1106
       1.757      -0.1295
       1.772      -0.1672
        1.78      -0.1861
       1.795       -0.205
        1.81      -0.2428
       1.817      -0.2617
       1.825      -0.2617
        1.84      -0.2805
       1.848      -0.2617
       1.855      -0.2239
       1.863      -0.1672
        1.87     -0.09168
       1.878     -0.01613
       1.885      0.05941
       1.893      0.09719
       1.908        0.135
       1.916        0.135
       1.938       0.1161
       1.946      0.09719
       1.961      0.04053
       1.969     0.002754
       1.984     0.002754
       2.006      0.02164
       2.014      0.05941
       2.021       0.0783
       2.029        0.135
       2.037       0.1916
       2.044       0.2294
       2.059       0.2672
       2.067       0.2483
       2.082       0.1916
       2.097        0.135
       2.105       0.1161
        2.12       0.0783
       2.135      0.05941
        2.15      0.04053
       2.157     0.002754
       2.173     -0.03502
        2.18     -0.03502
       2.188     -0.01613
       2.203     0.002754
        2.21     0.002754
       2.225     0.002754
       2.233     0.002754
       2.248     -0.01613
       2.256     -0.01613
       2.271     -0.01613
       2.278     -0.01613
       2.293     -0.01613
       2.301     -0.01613
       2.316     -0.05391
       2.324     -0.09168
       2.339      -0.1295
       2.346      -0.1483
       2.361      -0.1295
       2.369      -0.1106
       2.377     -0.07279
       2.384     -0.03502
       2.392      0.02164
       2.399       0.0783
       2.407       0.1161
       2.414       0.1727
       2.422       0.1916
       2.437       0.1916
       2.445       0.1916
        2.46       0.2105
       2.467       0.1916
       2.475       0.1538
       2.482       0.1161
        2.49      0.09719
       2.497      0.05941
       2.505      0.02164
       2.513     -0.01613
        2.52     -0.03502
       2.535     -0.07279
       2.543     -0.09168
        2.55     -0.09168
       2.565      -0.1106
       2.573      -0.1106
       2.581     -0.09168
       2.596     -0.07279
       2.603     -0.03502
       2.618     0.002754
       2.626      0.05941
       2.641       0.0783
       2.649       0.0783
       2.664      0.04053
       2.671      0.02164
       2.686     0.002754
       2.701     -0.03502
       2.709     -0.05391
       2.717     -0.05391
       2.739     -0.07279
       2.747     -0.07279
       2.754     -0.07279
       2.762      -0.1106
       2.777      -0.1483
       2.785      -0.1483
         2.8     -0.09168
       2.807     -0.05391
       2.815     -0.03502
        2.83      0.02164
       2.837      0.04053
       2.853      0.02164
        2.86     -0.01613
       2.868     -0.05391
       2.883      -0.1106
        2.89     -0.09168
       2.898     -0.05391
       2.905     -0.01613
       2.913      0.05941
       2.921       0.0783
       2.936       0.0783
       2.943       0.0783
       2.958      0.09719
       2.966       0.1161
       2.981       0.1161
       2.989       0.1161
       2.996        0.135
       3.011      0.09719
       3.019       0.0783
       3.026       0.0783
       3.041      0.05941
       3.049      0.02164
       3.064     -0.01613
       3.072     -0.01613
       3.087      0.02164
       3.094      0.04053
       3.109      0.02164
       3.124     -0.01613
       3.132     -0.01613
        3.14     0.002754
       3.155      0.04053
       3.162      0.05941
        3.17      0.09719
       3.177       0.1161
       3.185        0.135
         3.2       0.1727
       3.208       0.1727
       3.223       0.1538
        3.23        0.135
       3.238        0.135
       3.253      0.09719
        3.26       0.0783
       3.268      0.09719
       3.283       0.1161
       3.291        0.135
       3.306        0.135
       3.313        0.135
       3.328       0.0783
       3.336       0.0783
       3.351       0.0783
       3.359       0.0783
       3.366       0.0783
       3.381      0.04053
       3.389      0.04053
       3.404     0.002754
       3.412     0.002754
       3.427     -0.01613
       3.434     -0.01613
       3.449     -0.05391
       3.457     -0.09168
       3.472      -0.1106
       3.487      -0.1672
       3.495      -0.1861
       3.502      -0.1672
       3.517      -0.1106
       3.525     -0.07279
       3.532     -0.05391
        3.54     -0.01613
       3.548      0.05941
       3.563      0.09719
        3.57      0.09719
       3.585       0.0783
         3.6     0.002754
       3.608     0.002754
       3.623     -0.05391
       3.631     -0.09168
       3.638      -0.1483
       3.646      -0.1861
       3.653      -0.2239
       3.661      -0.2239
       3.676      -0.1861
       3.684      -0.1672
       3.699      -0.1295
       3.706      -0.1295
       3.721      -0.1295
       3.736      -0.1672
       3.744       -0.205
       3.752      -0.2239
       3.767      -0.2617
       3.774      -0.2617
       3.782      -0.2428
       3.789      -0.2239
       3.797      -0.1861
       3.804      -0.1483
       3.812      -0.1106
        3.82     -0.07279
       3.827     -0.03502
       3.835     -0.01613
       3.842      0.05941
        3.85      0.09719
       3.857        0.135
       3.865       0.1727
        3.88       0.1916
       3.888       0.1916
       3.903       0.1727
        3.91       0.1538
       3.918        0.135
       3.933      0.09719
        3.94       0.0783
       3.948       0.0783
       3.963       0.0783
       3.971       0.1161
       3.986       0.1538
       3.993       0.1727
       4.008       0.1727
       4.016       0.2105
       4.024       0.2483
       4.031       0.3049
       4.039       0.3427
       4.054       0.3616
       4.061       0.3616
       4.076       0.3238
       4.084       0.3049
       4.099       0.2672
       4.107       0.2483
       4.114       0.2483
       4.137       0.2105
       4.144       0.2105
        4.16       0.2483
       4.167       0.2672
       4.182       0.2483
        4.19       0.2294
       4.197       0.1916
       4.205        0.135
       4.212       0.0783
        4.22     0.002754
       4.228     -0.05391
       4.235      -0.1295
       4.243      -0.1861
        4.25      -0.2239
       4.258      -0.2428
       4.273       -0.205
        4.28       -0.205
       4.296       -0.205
       4.303      -0.1861
       4.311      -0.1483
       4.318      -0.1106
       4.333     -0.07279
       4.341     -0.05391
       4.356     -0.03502
       4.364     0.002754
       4.379     0.002754
       4.386     -0.03502
       4.394     -0.07279
       4.401      -0.1295
       4.409      -0.1672
       4.424      -0.1861
       4.432      -0.1672
       4.447      -0.1295
       4.454      -0.1106
       4.469      -0.1106
       4.477      -0.1106
       4.492      -0.1106
       4.507      -0.1483
       4.515      -0.1672
        4.53      -0.1861
       4.545      -0.2239
       4.552      -0.2428
       4.568      -0.2805
       4.575      -0.2994
        4.59      -0.2805
       4.598      -0.2617
       4.605      -0.2428
        4.62      -0.1861
       4.628      -0.1483
       4.636     -0.09168
       4.643     -0.03502
       4.651      0.02164
       4.658      0.09719
       4.666       0.1538
       4.673       0.2294
       4.681       0.2861
       4.688       0.3427
       4.696       0.3994
       4.711       0.4183
       4.719       0.3805
       4.726       0.3427
       4.734       0.3049
       4.749       0.2483
       4.756       0.2105
       4.764       0.1727
       4.772        0.135
       4.779       0.0783
       4.787      0.05941
       4.794     0.002754
       4.802     0.002754
       4.817      0.02164
       4.824      0.05941
       4.832       0.0783
       4.839       0.1161
       4.847       0.1538
       4.862       0.1916
        4.87       0.2105
       4.885       0.2105
       4.892       0.1916
         4.9       0.1538
       4.907       0.1161
       4.915      0.05941
       4.923     0.002754
        4.93     -0.05391
       4.945     -0.09168
       4.953     -0.09168
       4.968     -0.07279
       4.975     -0.05391
       4.991     0.002754
       4.998      0.02164
       5.013      0.05941
       5.021      0.05941
       5.036      0.04053
       5.043      0.02164
       5.059     0.002754
       5.074     -0.03502
       5.081     -0.07279
       5.089      -0.1106
       5.096      -0.1483
       5.111      -0.1672
       5.119      -0.1483
       5.127     -0.09168
       5.134     -0.01613
       5.142      0.05941
       5.149       0.1161
       5.157       0.1538
       5.164       0.1727
       5.179       0.1916
       5.187       0.2105
       5.202       0.2105
       5.217       0.2105
       5.225       0.2105
       5.232       0.2105
       5.247       0.1727
       5.255       0.1538
        5.27        0.135
       5.278        0.135
       5.293        0.135
       5.308      0.09719
       5.315      0.09719
       5.331      0.05941
       5.338      0.02164
       5.346     -0.03502
       5.353     -0.07279
       5.368      -0.1106
       5.376      -0.1295
       5.391      -0.1672
       5.399      -0.1861
       5.406      -0.1861
       5.421      -0.1672
       5.429      -0.1483
       5.444      -0.1295
       5.451      -0.1295
       5.467      -0.1295
       5.482      -0.1483
       5.489      -0.1295
       5.497     -0.09168
       5.504     -0.03502
       5.512     0.002754
       5.519      0.02164
       5.535      0.02164
        5.55      0.02164
       5.587     0.002754
       5.595     0.002754
        5.61     0.002754
       5.618      0.02164
       5.625      0.05941
       5.633      0.09719
       5.648       0.1161
       5.655       0.0783
       5.671     -0.01613
       5.678     -0.05391
       5.693     -0.07279
       5.701     -0.05391
       5.716     -0.01613
       5.723     -0.01613
       5.731     -0.01613
       5.746     -0.03502
       5.754     -0.05391
       5.761     -0.09168
       5.769      -0.1295
       5.776      -0.1483
       5.791       -0.205
       5.799      -0.2239
       5.807      -0.2239
       5.822       -0.205
       5.829      -0.1861
       5.837      -0.1483
       5.844      -0.1106
       5.852     -0.05391
       5.859     -0.01613
       5.867      0.02164
       5.882      0.04053
        5.89      0.04053
       5.897       0.0783
       5.912       0.1161
        5.92      0.09719
       5.927      0.05941
       5.935      0.02164
       5.943     0.002754
       5.958     -0.03502
       5.965     -0.05391
        5.98     -0.07279
       5.988     -0.05391
       6.003     -0.03502
       6.011     -0.01613
       6.026     0.002754
       6.033     0.002754
       6.048      0.02164
       6.056     0.002754
       6.071     0.002754
       6.079     0.002754
       6.094     -0.03502
       6.101     -0.07279
       6.109      -0.1106
       6.131      -0.1106
       6.139     -0.09168
       6.147     -0.05391
       6.154     0.002754
       6.177      0.04053
       6.184      0.05941
       6.192      0.09719
       6.199        0.135
       6.207       0.1916
       6.215       0.2483
       6.222       0.3238
        6.23       0.3616
       6.245       0.3994
       6.252       0.3994
       6.267       0.3805
       6.283       0.3616
        6.29       0.3427
       6.298       0.3238
       6.305       0.2861
       6.313       0.2294
        6.32       0.1538
       6.328      0.09719
       6.335      0.05941
       6.343      0.04053
       6.358      0.05941
       6.373       0.0783
       6.381       0.0783
       6.388      0.09719
       6.403      0.09719
       6.411        0.135
       6.426       0.1727
       6.434       0.1727
       6.441       0.1538
       6.449       0.1161
       6.464      0.05941
       6.471      0.04053
       6.487      0.04053
       6.494      0.04053
       6.509      0.04053
       6.517     0.002754
       6.532     -0.03502
       6.547     -0.09168
       6.555      -0.1106
        6.57      -0.1483
       6.577      -0.1672
       6.592      -0.1483
       6.607      -0.1483
       6.615      -0.1483
        6.63      -0.1483
       6.638      -0.1672
       6.645      -0.1672
        6.66      -0.1861
       6.668       -0.205
       6.675      -0.1861
        6.69      -0.1483
       6.698      -0.1106
       6.706     -0.07279
       6.721     -0.01613
       6.728     0.002754
       6.736      0.04053
       6.751       0.0783
       6.758      0.09719
       6.774       0.0783
       6.781       0.0783
       6.789      0.09719
       6.804       0.0783
       6.811      0.05941
       6.819     0.002754
       6.826     -0.03502
       6.842     -0.07279
       6.849     -0.07279
       6.864     -0.07279
       6.879     -0.05391
       6.887     -0.03502
       6.902      0.04053
        6.91      0.04053
       6.925     0.002754
       6.932     0.002754
       6.947      0.04053
       6.955      0.04053
        6.97      0.05941
       6.978      0.05941
       6.993     0.002754
           7     -0.01613
       7.008     -0.01613
       7.023     -0.03502
        7.03     -0.03502
       7.046     -0.03502
       7.061     -0.07279
       7.068     -0.09168
       7.076     -0.07279
       7.083     -0.03502
       7.091      0.02164
       7.106      0.09719
       7.114      0.09719
       7.129      0.05941
       7.136     0.002754
       7.144     0.002754
       7.166     -0.05391
       7.174     -0.05391
       7.189     -0.03502
       7.197     -0.01613
       7.212     -0.01613
       7.219     -0.03502
       7.227     -0.01613
       7.234      0.04053
       7.242      0.09719
        7.25       0.1727
       7.257       0.2294
       7.265       0.2672
       7.272       0.2672
       7.287       0.1916
       7.302        0.135
        7.31       0.1161
       7.325       0.1161
        7.34       0.0783
       7.348       0.0783
       7.363      0.09719
        7.37        0.135
       7.386       0.1538
       7.393       0.1538
       7.408       0.1161
       7.416      0.09719
       7.423      0.09719
       7.438       0.0783
       7.446       0.0783
       7.454      0.09719
       7.469       0.1161
       7.476      0.09719
       7.484       0.0783
       7.499     0.002754
       7.506     -0.03502
       7.522     -0.07279
       7.529     -0.07279
       7.544     -0.07279
       7.552     -0.05391
       7.567     -0.05391
       7.582      -0.1106
        7.59      -0.1483
       7.597      -0.1861
       7.605      -0.2239
       7.612      -0.2428
       7.627      -0.2428
       7.635      -0.2239
       7.642      -0.1861
        7.65      -0.1483
       7.665      -0.1295
       7.673      -0.1106
        7.68     -0.09168
       7.688     -0.07279
       7.695     -0.03502
       7.703      0.02164
        7.71       0.0783
       7.726       0.1161
       7.733       0.0783
       7.741      0.04053
       7.748     -0.01613
       7.756     -0.03502
       7.771     -0.03502
       7.778     -0.03502
       7.794     -0.03502
       7.809     0.002754
       7.816      0.02164
       7.824      0.05941
       7.831      0.09719
       7.846        0.135
       7.854        0.135
       7.869       0.1538
       7.884       0.1727
       7.892       0.1538
       7.899       0.1161
       7.907       0.0783
       7.914      0.02164
       7.922     -0.01613
       7.937     -0.07279
       7.945     -0.09168
        7.96     -0.09168
       7.975     -0.05391
       7.982     -0.01613
        7.99       0.0783
       7.998       0.1538
       8.005       0.2483
       8.013       0.3238
        8.02       0.3616
       8.028       0.3805
       8.043       0.3616
        8.05       0.3427
       8.058       0.3049
       8.066       0.2483
       8.073       0.2105
       8.081       0.1538
       8.088      0.09719
       8.096      0.05941
       8.103     0.002754
       8.111     -0.03502
       8.118     -0.07279
       8.126     -0.09168
       8.141      -0.1295
       8.149      -0.1295
       8.164      -0.1295
       8.179      -0.1672
       8.186      -0.1861
       8.202      -0.2239
       8.209      -0.2239
       8.224      -0.2239
       8.232       -0.205
       8.247      -0.1672
       8.254      -0.1672
        8.27      -0.1672
       8.285       -0.205
       8.292       -0.205
         8.3      -0.1861
       8.307      -0.1672
       8.315      -0.1295
       8.322     -0.09168
        8.33     -0.03502
       8.337      0.02164
       8.345       0.0783
       8.353        0.135
        8.36       0.1727
       8.368       0.1916
       8.383        0.135
        8.39      0.09719
       8.398      0.02164
       8.405     -0.05391
       8.413      -0.1106
       8.428      -0.1483
       8.436      -0.1483
       8.451      -0.1483
       8.458      -0.1483
       8.473      -0.1295
       8.481      -0.1106
       8.489     -0.07279
       8.496     -0.03502
       8.511      0.04053
       8.519      0.04053
       8.526      0.05941
       8.541      0.05941
       8.549      0.04053
       8.557     0.002754
       8.572     -0.05391
       8.579     -0.03502
       8.587     -0.01613
       8.594      0.02164
       8.602      0.05941
       8.617      0.09719
       8.625       0.1161
        8.64       0.1538
       8.647       0.1916
       8.662       0.2105
        8.67       0.2105
       8.685       0.2105
       8.693       0.2105
       8.708       0.1727
       8.715        0.135
       8.723       0.0783
        8.73      0.04053
       8.738     -0.01613
       8.745     -0.05391
       8.753     -0.09168
       8.761      -0.1106
       8.776     -0.09168
       8.783     -0.03502
       8.791       0.0783
       8.791     0.002754
       8.798       0.1538
       8.806       0.2483
       8.813       0.2861
       8.829       0.3049
       8.836       0.3049
       8.851       0.2672
       8.859       0.2483
       8.874       0.2483
       8.881       0.2105
       8.889       0.1538
       8.897       0.1161
       8.904       0.0783
       8.912      0.05941
       8.927      0.05941
       8.942      0.04053
       8.949      0.04053
       8.957       0.0783
       8.965      0.09719
