     0.01186      0.09214
     0.03455      0.09214
     0.04212      0.07407
     0.04968      0.07407
     0.06481      0.03794
     0.07238      0.03794
     0.08751     0.001807
     0.09507     0.001807
      0.1102     0.001807
      0.1178     0.001807
      0.1329      0.03794
       0.148      0.01987
      0.1556      0.01987
      0.1707      0.01987
      0.1783      0.01987
      0.1934     0.001807
       0.201     0.001807
      0.2161     -0.01626
      0.2237     -0.03433
      0.2388     -0.03433
      0.2464     -0.03433
      0.2615     0.001807
      0.2766      0.01987
      0.2842      0.03794
      0.2993      0.03794
      0.3145     0.001807
       0.322     0.001807
      0.3296     0.001807
      0.3447     0.001807
      0.3523      0.01987
      0.3674      0.03794
       0.375      0.03794
      0.3901      0.03794
      0.3977      0.05601
      0.4128      0.07407
      0.4204      0.07407
      0.4279      0.09214
      0.4431       0.1102
      0.4506       0.1283
      0.4658       0.1102
      0.4733      0.09214
      0.4809      0.09214
       0.496      0.07407
      0.5036      0.07407
      0.5187      0.05601
      0.5263      0.05601
      0.5414      0.01987
       0.549      0.01987
      0.5641     0.001807
      0.5717      0.01987
      0.5868     0.001807
      0.5944     0.001807
      0.6095     -0.03433
      0.6171     -0.05239
      0.6322      -0.1066
      0.6397      -0.1247
      0.6549      -0.1247
      0.6624      -0.1247
      0.6776      -0.1247
      0.6851      -0.1247
      0.7003      -0.1247
      0.7078      -0.1247
       0.723     -0.08853
      0.7381     -0.03433
      0.7457     0.001807
      0.7532      0.03794
      0.7683      0.09214
      0.7759      0.09214
       0.791       0.1102
      0.8062       0.1102
      0.8137      0.09214
      0.8213      0.09214
      0.8364      0.05601
       0.844      0.03794
      0.8591     0.001807
      0.8667     0.001807
      0.8818     0.001807
       0.897     0.001807
      0.9121      0.01987
      0.9196      0.03794
      0.9423      0.03794
      0.9499      0.01987
       0.965      0.01987
      0.9726      0.03794
      0.9877      0.03794
      0.9953      0.03794
        1.01      0.03794
       1.018      0.05601
       1.033      0.09214
       1.041      0.09214
       1.056      0.09214
       1.071      0.07407
       1.079      0.05601
       1.086      0.05601
       1.101      0.03794
       1.109      0.03794
       1.124      0.03794
       1.131      0.05601
       1.147      0.09214
       1.154      0.09214
       1.169      0.09214
       1.184      0.07407
       1.192      0.09214
       1.207      0.07407
       1.215      0.07407
        1.23      0.07407
       1.237      0.07407
       1.253      0.07407
        1.26      0.07407
       1.275      0.05601
       1.283      0.01987
        1.29     -0.01626
       1.298     -0.07046
       1.305     -0.08853
       1.321      -0.1066
       1.328      -0.1066
       1.343     -0.08853
       1.351     -0.07046
       1.366     -0.07046
       1.374     -0.05239
       1.389     -0.05239
       1.396     -0.05239
       1.411     -0.03433
       1.426     0.001807
       1.434     0.001807
       1.449     0.001807
       1.457     0.001807
       1.472     0.001807
       1.479     0.001807
       1.495     -0.01626
       1.502     -0.01626
       1.517     0.001807
       1.532      0.01987
        1.54      0.03794
       1.555      0.03794
       1.563      0.03794
       1.578      0.03794
       1.593     0.001807
         1.6     -0.03433
       1.608     -0.03433
       1.623     -0.05239
       1.631     -0.03433
       1.646     -0.01626
       1.653      0.01987
       1.669      0.05601
       1.676      0.07407
       1.684      0.07407
       1.699      0.01987
       1.706     0.001807
       1.722     -0.03433
       1.729     -0.03433
       1.744     -0.03433
       1.752     -0.03433
       1.767     -0.03433
       1.774     -0.01626
        1.79      0.01987
       1.797      0.01987
       1.812      0.03794
       1.827      0.01987
       1.835      0.01987
        1.85      0.03794
       1.858      0.03794
       1.873      0.03794
        1.88      0.01987
       1.896      0.01987
       1.903      0.01987
       1.918     0.001807
       1.926     0.001807
       1.941     -0.03433
       1.948     -0.05239
       1.956     -0.03433
       1.971     -0.01626
       1.979     -0.01626
       1.994     -0.01626
       2.009      0.01987
       2.017      0.05601
       2.032      0.09214
       2.039       0.1102
       2.054      0.07407
       2.062      0.05601
       2.077      0.01987
       2.085      0.01987
         2.1      0.01987
       2.107      0.01987
       2.122     0.001807
        2.13     -0.01626
       2.145     0.001807
        2.16     0.001807
       2.168     -0.01626
       2.183     -0.01626
       2.191     -0.01626
       2.206     -0.01626
       2.213     -0.01626
       2.221     0.001807
       2.236      0.01987
       2.244      0.03794
       2.259      0.03794
       2.266      0.03794
       2.281      0.01987
       2.289      0.01987
       2.296      0.03794
       2.312      0.05601
       2.319      0.05601
       2.334      0.03794
       2.342      0.03794
       2.357      0.01987
       2.365      0.03794
        2.38      0.03794
       2.387      0.03794
       2.402      0.03794
        2.41      0.03794
       2.425      0.05601
        2.44      0.09214
       2.448      0.09214
       2.463      0.03794
        2.47     0.001807
       2.478     -0.03433
       2.486     -0.07046
       2.493     -0.08853
       2.508      -0.1247
       2.516      -0.1247
       2.531     -0.08853
       2.539     -0.07046
       2.546     -0.03433
       2.554     -0.01626
       2.561      0.03794
       2.569      0.07407
       2.584       0.1102
       2.591       0.1102
       2.607      0.05601
       2.614      0.03794
       2.629     0.001807
       2.637     0.001807
       2.644     -0.03433
        2.66     -0.07046
       2.667     -0.08853
       2.682     -0.08853
        2.69     -0.08853
       2.705     -0.07046
        2.72     -0.03433
       2.728     0.001807
       2.743      0.01987
        2.75      0.03794
       2.758      0.05601
       2.773      0.09214
       2.781       0.1102
       2.796       0.1102
       2.811      0.05601
       2.826      0.01987
       2.834     0.001807
       2.849     -0.03433
       2.856     -0.03433
       2.871     -0.07046
       2.879     -0.07046
       2.894     -0.08853
       2.902     -0.05239
       2.917     0.001807
       2.924      0.01987
       2.939      0.03794
       2.947      0.05601
       2.962      0.09214
       2.977       0.1463
       2.985       0.1644
           3       0.1825
       3.008       0.1825
       3.023       0.2005
        3.03       0.2005
       3.045       0.1644
       3.053       0.1463
       3.061       0.1463
       3.076       0.1102
       3.083       0.1102
       3.091       0.1102
       3.106      0.09214
       3.113      0.09214
       3.121      0.05601
       3.129      0.01987
       3.136     -0.03433
       3.144     -0.07046
       3.159     -0.08853
       3.166     -0.07046
       3.182     -0.01626
       3.189     -0.01626
       3.197     -0.01626
       3.204     -0.07046
       3.212      -0.1066
       3.219      -0.1608
       3.227       -0.215
       3.235      -0.2692
        3.25      -0.3053
       3.257      -0.2873
       3.265      -0.2511
       3.272      -0.1969
        3.28      -0.1427
       3.287     -0.08853
       3.295     -0.05239
       3.303     -0.01626
        3.31      0.03794
       3.325      0.09214
       3.333      0.09214
        3.34      0.07407
       3.356      0.01987
       3.363     0.001807
       3.378      0.01987
       3.386      0.01987
       3.393      0.01987
       3.409     -0.01626
       3.416     -0.01626
       3.431     -0.03433
       3.439     -0.03433
       3.454     -0.08853
       3.461      -0.1066
       3.477      -0.1427
       3.484      -0.1427
       3.492      -0.1247
       3.507     -0.08853
       3.514     -0.05239
       3.522     -0.01626
        3.53      0.05601
       3.537       0.1102
       3.545       0.1825
       3.552       0.2547
        3.56       0.3089
       3.567       0.3451
       3.575        0.327
       3.582       0.2909
        3.59       0.2005
       3.598       0.1102
       3.605      0.01987
       3.613     -0.03433
        3.62     -0.03433
       3.628      0.01987
       3.635      0.07407
       3.643       0.1283
       3.651       0.2005
       3.658       0.2367
       3.666       0.2367
       3.673       0.2005
       3.681       0.1644
       3.688       0.1463
       3.704      0.09214
       3.711      0.07407
       3.726      0.01987
       3.741     -0.01626
       3.749     -0.01626
       3.764      0.01987
       3.772      0.07407
       3.779       0.1102
       3.794       0.1102
       3.802      0.09214
       3.817      0.05601
       3.825      0.03794
        3.84      0.01987
       3.847      0.01987
       3.862     -0.01626
        3.87     -0.03433
       3.885     -0.07046
       3.893      -0.1247
       3.908      -0.1789
       3.915      -0.1789
        3.93      -0.1608
       3.938      -0.1608
       3.946      -0.1427
       3.961      -0.1427
       3.968      -0.1427
       3.983      -0.1427
       3.991      -0.1427
       4.006      -0.1247
       4.021      -0.1608
       4.029      -0.1608
       4.036      -0.1247
       4.052     -0.08853
       4.059     -0.07046
       4.074     -0.07046
       4.082     -0.03433
       4.089     -0.01626
       4.097      0.03794
       4.104      0.05601
        4.12      0.09214
       4.127      0.07407
       4.142      0.05601
        4.15      0.05601
       4.157      0.09214
       4.165       0.1283
       4.173       0.1644
        4.18       0.2186
       4.188       0.2547
       4.195       0.2909
        4.21       0.2728
       4.218       0.2367
       4.226       0.2005
       4.233       0.1463
       4.241       0.1102
       4.248      0.07407
       4.256      0.05601
       4.263      0.01987
       4.271     0.001807
       4.286      0.01987
       4.301      0.05601
       4.309      0.09214
       4.324      0.09214
       4.331      0.07407
       4.347      0.03794
       4.354      0.03794
       4.362      0.05601
       4.377      0.07407
       4.384      0.09214
       4.392      0.09214
       4.407      0.07407
       4.415      0.07407
        4.43      0.07407
       4.445      0.03794
       4.452      0.01987
       4.468      0.03794
       4.475      0.05601
        4.49      0.07407
       4.498      0.05601
       4.505      0.03794
       4.513     0.001807
       4.521     -0.01626
       4.536     -0.07046
       4.543     -0.08853
       4.551      -0.1427
       4.558      -0.1789
       4.566      -0.2331
       4.574      -0.2511
       4.589      -0.2331
       4.596       -0.215
       4.611      -0.1969
       4.619      -0.1789
       4.634      -0.1427
       4.642      -0.1247
       4.649     -0.08853
       4.657     -0.07046
       4.664     -0.03433
       4.672     -0.03433
       4.679     -0.01626
       4.695     -0.01626
       4.702     -0.01626
        4.71     0.001807
       4.725      0.01987
       4.732      0.01987
       4.747      0.05601
       4.755      0.09214
        4.77       0.1283
       4.778       0.1283
       4.793       0.1283
         4.8       0.1283
       4.816       0.1102
       4.823       0.1102
       4.838       0.1102
       4.853      0.07407
       4.861      0.07407
       4.876      0.07407
       4.884      0.07407
       4.899       0.1102
       4.906       0.1102
       4.921      0.09214
       4.929      0.05601
       4.937      0.01987
       4.944     0.001807
       4.959     -0.03433
       4.967     -0.03433
       4.982     -0.01626
        4.99     0.001807
       4.997      0.01987
       5.012      0.05601
        5.02      0.05601
       5.027      0.03794
       5.043     0.001807
        5.05     -0.01626
       5.065     -0.01626
       5.073     0.001807
       5.088     0.001807
       5.103     -0.03433
       5.111     -0.05239
       5.126     -0.08853
       5.133      -0.1066
       5.141      -0.1066
       5.156      -0.1066
       5.164      -0.1066
       5.171     -0.08853
       5.186     -0.07046
       5.194     -0.05239
       5.209     -0.01626
       5.217     0.001807
       5.232      0.03794
       5.247      0.03794
       5.254      0.01987
       5.269     0.001807
       5.277     0.001807
       5.292      0.01987
       5.307      0.03794
       5.315      0.03794
        5.33     0.001807
       5.338     0.001807
       5.353     0.001807
        5.36     0.001807
       5.375     -0.03433
       5.383     -0.05239
       5.391     -0.03433
       5.406     -0.03433
       5.413     -0.01626
       5.421     0.001807
       5.428      0.01987
       5.436      0.07407
       5.443       0.1102
       5.451       0.1463
       5.466       0.1644
       5.474       0.1825
       5.489       0.1825
       5.496       0.1825
       5.512       0.1102
       5.519      0.07407
       5.527      0.03794
       5.534      0.01987
       5.549     0.001807
       5.557     0.001807
       5.572      0.03794
       5.587      0.01987
       5.595      0.01987
        5.61     0.001807
       5.625     -0.05239
       5.633     -0.03433
       5.648     -0.01626
       5.655     -0.01626
        5.67     -0.03433
       5.678     -0.03433
       5.693     -0.01626
       5.708     -0.01626
       5.716     0.001807
       5.739     -0.01626
       5.746     0.001807
       5.761     0.001807
       5.769     0.001807
       5.784     -0.05239
       5.791     -0.07046
       5.807     -0.01626
       5.814      0.01987
       5.822      0.05601
       5.837      0.07407
       5.844      0.09214
        5.86      0.07407
       5.867      0.07407
       5.882      0.05601
        5.89      0.05601
       5.905      0.05601
       5.912      0.05601
       5.928      0.03794
       5.935      0.03794
       5.943      0.05601
       5.958      0.05601
       5.965      0.03794
       5.973      0.01987
       5.988     -0.01626
       5.996     -0.01626
       6.011     -0.01626
       6.018     -0.01626
       6.026     0.001807
       6.041     -0.01626
       6.049     -0.01626
       6.064     -0.03433
       6.071     -0.05239
       6.086     -0.07046
       6.094     -0.08853
       6.109     -0.08853
       6.117     -0.05239
       6.132     0.001807
       6.139      0.03794
       6.155      0.09214
       6.162      0.09214
        6.17       0.1102
       6.185       0.1102
       6.192       0.1102
       6.208      0.09214
       6.215      0.07407
        6.23      0.03794
       6.238     0.001807
        6.26     -0.01626
       6.268     -0.01626
       6.291      0.03794
       6.306      0.05601
       6.321      0.05601
       6.329      0.05601
       6.344      0.03794
       6.351      0.03794
       6.359      0.05601
       6.374      0.07407
       6.382      0.07407
       6.389      0.09214
       6.404       0.1102
       6.412       0.1102
       6.427       0.1102
       6.434       0.1102
       6.442       0.1102
       6.457      0.05601
       6.472     0.001807
        6.48     -0.01626
       6.487     -0.01626
       6.503     -0.03433
        6.51     0.001807
       6.525      0.03794
       6.533      0.03794
       6.548      0.03794
       6.556      0.01987
       6.563     0.001807
       6.578     -0.05239
       6.586     -0.07046
       6.593     -0.07046
       6.608      -0.1066
       6.616      -0.1247
       6.624      -0.1247
       6.639      -0.1247
       6.646      -0.1066
       6.654     -0.07046
       6.661     -0.01626
       6.669      0.01987
       6.677      0.05601
       6.692      0.09214
       6.699      0.07407
       6.707      0.07407
       6.722      0.03794
        6.73      0.01987
       6.737     -0.03433
       6.745     -0.07046
       6.752     -0.08853
       6.767     -0.08853
       6.775     -0.08853
        6.79     -0.08853
       6.798     -0.07046
       6.813     -0.03433
       6.828      0.03794
       6.835      0.07407
       6.851      0.09214
       6.858       0.1102
       6.866       0.1102
       6.881      0.05601
       6.896      0.01987
       6.903     0.001807
       6.911     0.001807
       6.926      0.01987
       6.934      0.01987
       6.949      0.03794
       6.956      0.03794
       6.972      0.03794
       6.987      0.01987
       6.994      0.01987
       7.009     0.001807
       7.017     0.001807
       7.032     0.001807
        7.04     0.001807
       7.047     0.001807
       7.062     0.001807
        7.07     0.001807
       7.085      0.03794
         7.1      0.01987
       7.108     0.001807
       7.115     0.001807
        7.13     0.001807
       7.138      0.01987
       7.153      0.01987
       7.161      0.03794
       7.168      0.05601
       7.183      0.05601
       7.191      0.03794
       7.199     0.001807
       7.206     -0.03433
       7.221     -0.07046
       7.229     -0.07046
       7.236     -0.05239
       7.251     -0.01626
       7.259     0.001807
       7.267      0.03794
       7.274      0.03794
       7.289      0.05601
       7.297      0.05601
       7.304      0.07407
        7.32      0.07407
       7.327      0.07407
       7.335      0.07407
        7.35      0.07407
       7.357      0.07407
       7.373      0.05601
        7.38      0.03794
       7.395      0.01987
       7.403      0.01987
       7.418      0.03794
       7.425      0.03794
       7.441      0.03794
       7.448      0.03794
       7.463      0.01987
       7.471      0.01987
       7.486      0.01987
       7.494      0.01987
       7.509     0.001807
       7.516     0.001807
       7.524     0.001807
       7.539     -0.03433
       7.547     -0.03433
       7.562     -0.03433
       7.569     -0.03433
       7.584     -0.01626
       7.592     0.001807
       7.607     0.001807
       7.615     0.001807
       7.622     0.001807
       7.637     -0.03433
       7.645     -0.03433
       7.652     -0.01626
        7.66      0.01987
       7.668      0.03794
       7.683      0.05601
        7.69      0.05601
       7.705      0.05601
       7.713      0.05601
       7.736      0.03794
       7.751     -0.01626
       7.766     -0.05239
       7.773     -0.07046
       7.781     -0.07046
       7.796     -0.08853
       7.804     -0.08853
       7.811     -0.07046
       7.826     -0.03433
       7.834     0.001807
       7.842      0.03794
       7.849      0.05601
       7.864      0.09214
       7.872      0.09214
       7.887      0.09214
       7.895      0.09214
        7.91      0.09214
       7.917      0.07407
       7.932      0.03794
        7.94      0.03794
       7.955      0.01987
       7.963      0.01987
        7.97      0.05601
       7.985      0.09214
       7.993       0.1102
       8.008       0.1102
       8.016       0.1102
       8.023      0.07407
       8.038      0.01987
       8.046     0.001807
       8.053     0.001807
       8.068     -0.05239
       8.084     -0.08853
       8.091      -0.1066
       8.099      -0.1066
       8.114      -0.1247
       8.121      -0.1066
       8.137     -0.08853
       8.144     -0.07046
       8.152     -0.05239
       8.167     -0.05239
       8.174     -0.03433
        8.19     0.001807
       8.197     0.001807
       8.212      0.01987
        8.22      0.01987
       8.235      0.01987
       8.242      0.01987
       8.258      0.01987
       8.265      0.01987
        8.28     0.001807
       8.288     0.001807
       8.303      0.03794
       8.318      0.07407
       8.333       0.1102
       8.341       0.1102
       8.356      0.09214
       8.364      0.07407
       8.379      0.03794
       8.386      0.03794
       8.401      0.01987
       8.409      0.01987
       8.424     0.001807
       8.432     0.001807
       8.439      0.01987
       8.454      0.03794
       8.462      0.03794
       8.477      0.03794
       8.485      0.03794
         8.5     0.001807
       8.507     -0.01626
       8.522     -0.03433
       8.538     -0.03433
       8.553     0.001807
       8.568      0.01987
       8.575      0.03794
        8.59      0.07407
       8.598      0.07407
       8.606      0.07407
       8.621      0.05601
       8.628      0.05601
       8.643      0.05601
       8.651      0.05601
       8.666      0.05601
       8.681      0.03794
       8.689      0.03794
       8.704     0.001807
       8.712     -0.01626
       8.727     -0.03433
       8.742     -0.01626
       8.757     -0.01626
       8.764     -0.01626
        8.78     -0.01626
       8.787     -0.01626
       8.795     0.001807
        8.81     0.001807
       8.817     0.001807
       8.833     0.001807
        8.84     0.001807
       8.855      0.01987
       8.863      0.01987
       8.878     0.001807
       8.886     -0.01626
       8.901     -0.03433
       8.908     -0.03433
       8.923     -0.01626
       8.938     -0.01626
       8.946     0.001807
       8.969     0.001807
       8.976     -0.01626
