     0.01186     -0.05962
     0.03455     -0.04155
     0.04212     -0.04155
     0.04968     -0.04155
     0.06481     -0.07769
     0.07238     -0.09575
     0.08751      -0.1138
     0.09507      -0.1319
      0.1102      -0.1319
      0.1178      -0.1319
      0.1329      -0.1319
       0.148      -0.1138
      0.1556     -0.09575
      0.1707     -0.04155
      0.1783     -0.00542
      0.1859      0.03071
      0.1934      0.06685
      0.2085      0.08491
      0.2161      0.08491
      0.2312      0.08491
      0.2388      0.08491
      0.2464      0.08491
      0.2615      0.04878
      0.2691      0.03071
      0.2842     -0.00542
      0.2918      0.01265
      0.3069      0.06685
      0.3145      0.08491
      0.3296       0.1391
      0.3371       0.1572
      0.3447       0.1572
      0.3598        0.121
      0.3674        0.103
      0.3825      0.06685
      0.3901      0.04878
      0.4052      0.06685
      0.4128      0.08491
      0.4279       0.1391
      0.4355       0.1391
      0.4431       0.1391
      0.4506        0.103
      0.4582      0.08491
      0.4658      0.04878
      0.4733      0.03071
      0.4884      0.01265
       0.496      0.03071
      0.5111      0.06685
      0.5187      0.06685
      0.5338      0.06685
      0.5414      0.06685
      0.5565      0.03071
      0.5641      0.03071
      0.5792     -0.00542
      0.5868     -0.00542
      0.5944      0.01265
      0.6095      0.03071
      0.6171      0.03071
      0.6322      0.01265
      0.6397      0.01265
      0.6549      0.01265
      0.6624      0.01265
      0.6776     -0.00542
      0.6851     -0.00542
      0.7003     -0.00542
      0.7078     -0.00542
      0.7154     -0.00542
      0.7305     -0.02349
      0.7381     -0.02349
      0.7532     -0.00542
      0.7608      0.01265
      0.7759      0.04878
      0.7835      0.03071
      0.7986     -0.00542
      0.8062     -0.00542
      0.8213     -0.02349
      0.8289     -0.02349
       0.844     -0.02349
      0.8516     -0.00542
      0.8667      0.01265
      0.8743      0.03071
      0.8894      0.03071
       0.897      0.03071
      0.9121      0.01265
      0.9196      0.03071
      0.9348      0.03071
      0.9423      0.01265
      0.9575      0.01265
       0.965      0.03071
      0.9802      0.03071
      0.9877      0.03071
       1.003      0.03071
        1.01      0.03071
       1.026      0.06685
       1.033      0.08491
       1.048      0.04878
       1.056      0.03071
       1.071     -0.00542
       1.079     -0.00542
       1.086     -0.00542
       1.101     -0.02349
       1.109     -0.00542
       1.124      0.01265
       1.131      0.01265
       1.147     -0.00542
       1.154     -0.02349
       1.169     -0.02349
       1.177     -0.02349
       1.192     -0.04155
         1.2     -0.02349
       1.215     -0.02349
       1.222     -0.02349
       1.237     -0.02349
       1.245     -0.02349
       1.253     -0.00542
       1.268      0.04878
       1.275      0.04878
        1.29      0.06685
       1.298      0.04878
       1.305      0.04878
       1.321      0.01265
       1.336     -0.02349
       1.343     -0.02349
       1.358     -0.04155
       1.366     -0.02349
       1.381     -0.00542
       1.389     -0.00542
       1.404     -0.00542
       1.411     -0.02349
       1.419     -0.04155
       1.434     -0.07769
       1.442     -0.07769
       1.449     -0.05962
       1.464     -0.04155
       1.472     -0.04155
       1.487     -0.04155
       1.495     -0.04155
       1.502     -0.04155
       1.517     -0.04155
       1.525     -0.04155
       1.532     -0.02349
       1.548     -0.00542
       1.555     -0.00542
        1.57     -0.00542
       1.578     -0.00542
       1.593     -0.00542
       1.608     -0.02349
       1.616     -0.02349
       1.623     -0.00542
       1.638      0.01265
       1.646      0.03071
       1.661      0.03071
       1.669      0.01265
       1.691     -0.02349
       1.699     -0.02349
       1.722     -0.00542
       1.729     -0.00542
       1.737      0.01265
       1.752      0.03071
       1.759      0.04878
       1.774      0.04878
       1.782      0.04878
       1.797      0.06685
       1.805      0.06685
        1.82      0.06685
       1.827      0.06685
       1.843      0.08491
       1.858      0.08491
       1.865      0.08491
        1.88      0.08491
       1.888      0.08491
       1.903      0.06685
       1.911      0.06685
       1.926      0.06685
       1.933      0.06685
       1.948      0.04878
       1.956      0.04878
       1.971      0.03071
       1.979      0.03071
       1.994      0.01265
       2.001      0.01265
       2.017      0.04878
       2.032      0.06685
       2.039      0.06685
       2.054      0.04878
       2.062      0.04878
       2.077      0.04878
       2.085      0.04878
         2.1      0.03071
       2.107      0.03071
       2.122     -0.00542
        2.13     -0.02349
       2.145     -0.00542
        2.16      0.01265
       2.168      0.03071
       2.183      0.03071
       2.191      0.03071
       2.206     -0.00542
       2.213     -0.00542
       2.221     -0.00542
       2.236     -0.02349
       2.244     -0.02349
       2.251     -0.02349
       2.266     -0.02349
       2.274     -0.02349
       2.281     -0.02349
       2.296     -0.04155
       2.304     -0.05962
       2.319     -0.05962
       2.327     -0.04155
       2.342     -0.00542
       2.349     -0.00542
       2.365     -0.00542
        2.38     -0.02349
       2.387     -0.02349
       2.402     -0.04155
        2.41     -0.04155
       2.425     -0.05962
       2.433     -0.05962
        2.44     -0.04155
       2.455     -0.05962
       2.463     -0.04155
       2.478     -0.04155
       2.486     -0.04155
       2.501     -0.04155
       2.508     -0.04155
       2.523     -0.02349
       2.539     -0.00542
       2.546     -0.00542
       2.561      0.01265
       2.576      0.03071
       2.584      0.03071
       2.591      0.03071
       2.607     -0.00542
       2.614     -0.02349
       2.629     -0.02349
       2.637     -0.02349
       2.652     -0.02349
        2.66     -0.04155
       2.675     -0.04155
       2.682     -0.04155
       2.697     -0.02349
       2.705     -0.00542
        2.72      0.03071
       2.728      0.04878
       2.743      0.04878
        2.75      0.03071
       2.765     -0.00542
       2.773     -0.00542
       2.788     -0.02349
       2.796     -0.02349
       2.811     -0.00542
       2.826     -0.00542
       2.834      0.01265
       2.849     -0.00542
       2.856     -0.00542
       2.871     -0.00542
       2.879     -0.00542
       2.894     -0.00542
       2.909     -0.04155
       2.917     -0.02349
       2.932     -0.02349
       2.939     -0.02349
       2.955     -0.02349
       2.962     -0.02349
       2.977     -0.00542
       2.992     -0.00542
           3     -0.00542
       3.015     -0.02349
       3.023     -0.02349
       3.038      0.01265
       3.045      0.04878
       3.053      0.06685
       3.068      0.06685
       3.076      0.04878
       3.083      0.01265
       3.098     -0.04155
       3.106     -0.05962
       3.129     -0.04155
       3.136     -0.04155
       3.151     -0.00542
       3.166      0.01265
       3.174      0.01265
       3.189     -0.00542
       3.197     -0.00542
       3.212     -0.02349
       3.227     -0.05962
       3.235     -0.05962
       3.242     -0.04155
       3.257     -0.00542
       3.265      0.01265
        3.28      0.03071
       3.287      0.03071
       3.303      0.03071
        3.31      0.04878
       3.333      0.04878
        3.34      0.04878
       3.348      0.04878
       3.363      0.04878
       3.371      0.06685
       3.386      0.06685
       3.393      0.08491
       3.409      0.08491
       3.416      0.06685
       3.424      0.06685
       3.439      0.03071
       3.446      0.01265
       3.461     -0.00542
       3.469      0.01265
       3.477      0.03071
       3.492      0.03071
       3.499      0.03071
       3.514      0.03071
       3.522      0.04878
       3.537      0.04878
       3.545      0.04878
       3.552      0.04878
       3.567      0.03071
       3.575      0.01265
       3.582      0.01265
       3.598     -0.00542
       3.605      0.01265
        3.62      0.01265
       3.628     -0.00542
       3.643     -0.00542
       3.651     -0.00542
       3.666     -0.00542
       3.673     -0.00542
       3.688     -0.00542
       3.696     -0.00542
       3.711      0.01265
       3.726      0.01265
       3.734      0.01265
       3.749      0.01265
       3.756      0.03071
       3.772      0.03071
       3.779      0.03071
       3.787      0.03071
       3.802     -0.00542
       3.809     -0.00542
       3.825     -0.02349
       3.832     -0.02349
       3.847     -0.04155
       3.855     -0.05962
        3.87     -0.05962
       3.878     -0.04155
       3.893     -0.02349
         3.9     -0.02349
       3.915     -0.04155
        3.93     -0.07769
       3.938     -0.09575
       3.946     -0.09575
       3.961      -0.1138
       3.968     -0.09575
       3.976     -0.07769
       3.991     -0.04155
       3.999     -0.02349
       4.014     -0.00542
       4.021     -0.02349
       4.036     -0.05962
       4.052     -0.09575
       4.059     -0.09575
       4.067     -0.05962
       4.082     -0.00542
       4.089      0.03071
       4.097      0.06685
       4.104      0.08491
        4.12      0.08491
       4.135      0.08491
        4.15      0.08491
       4.157      0.08491
       4.173      0.06685
        4.18      0.06685
       4.195      0.06685
       4.203      0.06685
       4.218      0.06685
       4.226        0.103
       4.241       0.1391
       4.248       0.1391
       4.256       0.1391
       4.263        0.103
       4.278      0.04878
       4.286      0.03071
       4.301     -0.02349
       4.309     -0.02349
       4.316     -0.00542
       4.331      0.03071
       4.339      0.04878
       4.354      0.04878
       4.362      0.04878
       4.377      0.03071
       4.384      0.03071
         4.4     -0.00542
       4.407     -0.00542
       4.422      0.01265
        4.43      0.03071
       4.445      0.04878
       4.452      0.03071
       4.468     -0.00542
       4.475     -0.00542
        4.49     -0.00542
       4.498     -0.00542
       4.505      0.01265
       4.521      0.01265
       4.528      0.01265
       4.543      0.01265
       4.558     -0.02349
       4.566     -0.02349
       4.581     -0.02349
       4.589     -0.02349
       4.596     -0.00542
       4.611     -0.02349
       4.619     -0.02349
       4.634     -0.02349
       4.642     -0.02349
       4.657     -0.02349
       4.664     -0.02349
       4.679      0.01265
       4.687      0.03071
       4.702      0.03071
        4.71      0.03071
       4.725      0.01265
       4.732     -0.00542
       4.747     -0.02349
       4.755     -0.02349
       4.763     -0.02349
       4.778     -0.02349
       4.785     -0.02349
       4.793     -0.00542
       4.808     -0.02349
       4.816     -0.04155
       4.831     -0.07769
       4.838     -0.07769
       4.853     -0.05962
       4.861     -0.04155
       4.876     -0.00542
       4.884     -0.00542
       4.899     -0.00542
       4.914     -0.00542
       4.921     -0.00542
       4.937      0.01265
       4.944      0.01265
       4.959      0.03071
       4.967      0.03071
       4.982      0.03071
        4.99      0.03071
       5.005     -0.00542
        5.02     -0.02349
       5.027     -0.02349
       5.043      0.01265
        5.05      0.01265
       5.065      0.04878
        5.08      0.04878
       5.088      0.06685
       5.103      0.08491
       5.118      0.08491
       5.126      0.06685
       5.133      0.06685
       5.148      0.03071
       5.156      0.01265
       5.171      0.01265
       5.179      0.01265
       5.194      0.01265
       5.201      0.01265
       5.217      0.01265
       5.224      0.01265
       5.232      0.01265
       5.247     -0.02349
       5.254     -0.04155
       5.269     -0.04155
       5.277     -0.02349
       5.292     -0.02349
         5.3     -0.02349
       5.315     -0.02349
        5.33      0.01265
       5.345      0.04878
       5.353      0.04878
       5.368      0.04878
       5.375      0.04878
       5.391      0.04878
       5.398      0.04878
       5.413      0.04878
       5.421      0.04878
       5.436      0.03071
       5.443      0.03071
       5.459      0.03071
       5.466      0.01265
       5.481     -0.00542
       5.489      0.01265
       5.504      0.01265
       5.512      0.01265
       5.527      0.01265
       5.534      0.01265
       5.549     -0.00542
       5.557     -0.02349
       5.572     -0.04155
        5.58     -0.04155
       5.595     -0.05962
       5.602     -0.05962
       5.617     -0.07769
       5.625     -0.07769
        5.64     -0.07769
       5.648     -0.05962
       5.655     -0.02349
       5.663     -0.00542
        5.67      0.03071
       5.678      0.06685
       5.693      0.06685
       5.701      0.06685
       5.716      0.03071
       5.723      0.01265
       5.739     -0.00542
       5.754     -0.02349
       5.761     -0.02349
       5.769     -0.00542
       5.784     -0.00542
       5.791     -0.00542
       5.807     -0.00542
       5.822     -0.02349
       5.829     -0.02349
       5.844     -0.05962
       5.852     -0.05962
        5.86     -0.04155
       5.867     -0.02349
       5.882      0.03071
        5.89      0.03071
       5.905      0.03071
        5.92      0.01265
       5.928      0.01265
       5.943     -0.00542
        5.95     -0.00542
       5.965     -0.00542
       5.973     -0.00542
       5.988      0.03071
       5.996      0.04878
       6.003      0.08491
       6.011       0.1391
       6.026        0.121
       6.034      0.08491
       6.041      0.04878
       6.049      0.01265
       6.056     -0.00542
       6.071     -0.05962
       6.079     -0.05962
       6.094     -0.05962
       6.102     -0.04155
       6.109     -0.02349
       6.124     -0.00542
       6.132     -0.00542
       6.147     -0.00542
       6.162     -0.00542
        6.17     -0.00542
       6.185     -0.00542
       6.192     -0.00542
       6.208      0.01265
       6.215      0.03071
        6.23      0.03071
       6.238      0.03071
       6.253      0.03071
       6.268     -0.00542
       6.276     -0.00542
       6.291      0.01265
       6.298      0.03071
       6.306      0.04878
       6.321      0.06685
       6.329      0.06685
       6.336      0.08491
       6.351      0.06685
       6.359      0.04878
       6.374      0.01265
       6.389     -0.02349
       6.397     -0.05962
       6.412     -0.05962
       6.419     -0.04155
       6.434     -0.00542
       6.442      0.01265
        6.45      0.04878
       6.457      0.04878
       6.472      0.06685
       6.487      0.04878
       6.495      0.03071
        6.51     -0.00542
       6.518     -0.00542
       6.533      0.01265
        6.54      0.03071
       6.556      0.04878
       6.563      0.06685
       6.578      0.04878
       6.586      0.03071
       6.601     -0.00542
       6.608      0.01265
       6.624      0.04878
       6.639      0.03071
       6.646     -0.00542
       6.661     -0.04155
       6.669     -0.04155
       6.684     -0.05962
       6.692     -0.05962
       6.707     -0.07769
       6.714     -0.05962
        6.73     -0.04155
       6.737     -0.02349
       6.752     -0.02349
        6.76     -0.02349
       6.775     -0.02349
       6.782     -0.02349
       6.798     -0.00542
       6.805      0.01265
       6.813      0.01265
       6.828     -0.00542
       6.835     -0.00542
       6.843      0.01265
       6.858      0.03071
       6.866      0.03071
       6.881      0.03071
       6.896     -0.00542
       6.903     -0.00542
       6.926     -0.04155
       6.934     -0.04155
       6.949     -0.02349
       6.956     -0.00542
       6.964      0.01265
       6.979      0.03071
       6.987      0.03071
       7.002      0.03071
       7.009      0.03071
       7.025      0.03071
       7.032      0.03071
       7.047      0.04878
       7.062      0.04878
        7.07      0.04878
       7.077      0.04878
       7.093      0.03071
         7.1      0.01265
       7.115      0.01265
       7.123      0.01265
       7.138      0.03071
       7.146      0.03071
       7.161      0.01265
       7.168      0.01265
       7.183     -0.02349
       7.191     -0.02349
       7.206     -0.00542
       7.214     -0.00542
       7.229      0.01265
       7.244      0.03071
       7.251      0.03071
       7.267      0.04878
       7.274      0.06685
       7.289      0.08491
       7.297      0.08491
       7.304      0.08491
        7.32      0.04878
       7.327      0.03071
       7.342      0.01265
        7.35      0.01265
       7.365     -0.02349
       7.373     -0.04155
       7.388     -0.04155
       7.395     -0.02349
        7.41     -0.02349
       7.418     -0.02349
       7.433     -0.02349
       7.441     -0.02349
       7.448     -0.00542
       7.463      0.01265
       7.471      0.01265
       7.486      0.01265
       7.501     -0.00542
       7.509     -0.02349
       7.524     -0.02349
       7.531     -0.00542
       7.547     -0.00542
       7.562     -0.00542
       7.577     -0.00542
       7.592     -0.00542
       7.607     -0.02349
       7.622     -0.04155
       7.637     -0.04155
       7.645     -0.04155
       7.652     -0.02349
       7.668     -0.00542
       7.675     -0.00542
       7.683     -0.00542
       7.698     -0.02349
       7.705     -0.02349
       7.728     -0.04155
       7.736     -0.04155
       7.751     -0.02349
       7.758     -0.00542
       7.773     -0.00542
       7.781     -0.00542
       7.796     -0.00542
       7.804      0.01265
       7.819      0.01265
       7.826     -0.00542
       7.834     -0.00542
       7.849     -0.00542
       7.857     -0.00542
       7.864      0.01265
       7.879      0.03071
       7.887      0.04878
       7.902      0.03071
        7.91      0.03071
       7.925      0.01265
       7.932     -0.00542
       7.947     -0.00542
       7.963     -0.04155
        7.97     -0.04155
       7.985     -0.04155
       7.993     -0.02349
       8.008      0.01265
       8.016      0.03071
       8.031      0.04878
       8.038      0.04878
       8.046      0.06685
       8.061      0.06685
       8.068      0.06685
       8.084      0.04878
       8.091      0.04878
       8.106      0.04878
       8.121      0.01265
       8.129     -0.00542
       8.137     -0.00542
       8.152     -0.00542
       8.159     -0.00542
       8.174      0.01265
       8.182      0.01265
       8.197      0.01265
       8.205      0.01265
        8.22      0.03071
       8.227      0.03071
       8.242      0.01265
        8.25      0.01265
       8.258      0.01265
       8.273     -0.00542
        8.28     -0.00542
       8.288      0.01265
       8.303      0.03071
       8.311      0.03071
       8.326      0.03071
       8.333      0.03071
       8.348     -0.00542
       8.356     -0.00542
       8.371      0.01265
       8.379      0.03071
       8.394      0.03071
       8.401      0.01265
       8.416      0.01265
       8.424     -0.00542
       8.439     -0.00542
       8.454     -0.00542
       8.462     -0.00542
       8.477     -0.02349
       8.485     -0.02349
         8.5     -0.02349
       8.507     -0.00542
       8.522      0.01265
       8.538      0.01265
       8.545      0.01265
       8.553      0.01265
       8.568     -0.02349
       8.575     -0.02349
        8.59     -0.04155
       8.598     -0.04155
       8.613     -0.02349
       8.628      0.01265
       8.636      0.03071
       8.651      0.03071
       8.659      0.03071
       8.674      0.01265
       8.681     -0.00542
       8.689     -0.00542
       8.704     -0.04155
       8.712     -0.05962
       8.727     -0.04155
       8.734     -0.02349
       8.742     -0.00542
       8.757     -0.00542
       8.764     -0.00542
       8.772      0.01265
       8.787      0.03071
       8.795      0.04878
        8.81      0.04878
       8.817      0.04878
       8.833      0.04878
        8.84      0.04878
       8.855      0.03071
       8.863      0.03071
        8.87      0.04878
       8.886      0.06685
       8.893      0.06685
       8.901      0.06685
       8.916      0.03071
       8.923      0.01265
       8.938     -0.00542
       8.946     -0.00542
       8.969     -0.00542
       8.976     -0.00542
