     0.01181       0.1381
     0.01937      0.06036
     0.01937     -0.05627
     0.02693      -0.1923
     0.03449      -0.3867
     0.04205      -0.4645
     0.04205      -0.5616
      0.0496      -0.6394
     0.05716      -0.6977
     0.07228      -0.7171
     0.07984      -0.6394
      0.0874      -0.5616
     0.09496      -0.4645
      0.1025      -0.3673
      0.1101      -0.2701
      0.1176      -0.1923
      0.1252       -0.134
      0.1327      -0.0757
      0.1403     -0.01739
      0.1479       0.0798
      0.1479     0.002046
      0.1554       0.1381
       0.163       0.1964
      0.1705       0.2547
      0.1857       0.2936
      0.1932        0.313
      0.2083       0.3325
      0.2159       0.3519
       0.231       0.3714
      0.2386       0.3714
      0.2461       0.3325
      0.2537       0.2936
      0.2612       0.2547
      0.2688       0.2159
      0.2764       0.2159
      0.2915       0.1964
       0.299       0.1575
      0.3066       0.0798
      0.3142      0.04092
      0.3142     -0.01739
      0.3217      -0.0757
      0.3293      -0.1535
      0.3368      -0.2118
      0.3444      -0.2701
       0.352      -0.3284
      0.3595      -0.3867
      0.3671      -0.4256
      0.3746       -0.445
      0.3897      -0.3867
      0.3973      -0.3284
      0.4049      -0.2312
      0.4124       -0.134
        0.42     -0.03683
      0.4275      0.06036
      0.4275     0.002046
      0.4351       0.1187
      0.4427       0.1964
      0.4502       0.2547
      0.4578       0.2936
      0.4653       0.3325
      0.4804       0.3519
       0.488       0.3714
      0.5031       0.3714
      0.5107       0.3325
      0.5182       0.2742
      0.5258        0.177
      0.5334      0.09923
      0.5409     -0.03683
      0.5485       -0.134
       0.556      -0.2312
      0.5636       -0.309
      0.5712      -0.3673
      0.5787      -0.3867
      0.5863      -0.3673
      0.5938       -0.309
      0.6014      -0.2506
      0.6089      -0.1729
      0.6165     -0.09514
      0.6241     -0.01739
      0.6316      0.02148
      0.6467       0.0798
      0.6543      0.09923
      0.6619       0.1381
      0.6694        0.177
      0.6845       0.1575
      0.6921       0.1381
      0.7072       0.0798
      0.7148      0.06036
      0.7223     -0.01739
      0.7299     -0.09514
      0.7374      -0.1729
       0.745      -0.2506
      0.7526       -0.309
      0.7601      -0.3673
      0.7677      -0.4256
      0.7752       -0.445
      0.7828      -0.4256
      0.7904      -0.3478
      0.7979      -0.2506
      0.8055       -0.134
       0.813     -0.03683
      0.8206      0.06036
      0.8206     0.002046
      0.8281       0.1187
      0.8357        0.177
      0.8433       0.2159
      0.8508       0.2742
      0.8584       0.3325
      0.8735       0.4102
      0.8811       0.4102
      0.8886       0.4297
      0.9037       0.3908
      0.9113       0.3714
      0.9113       0.2936
      0.9188       0.2159
      0.9264      0.04092
       0.934      -0.1146
      0.9415      -0.2312
      0.9491       -0.309
      0.9566      -0.3478
      0.9718      -0.2895
      0.9793      -0.1923
      0.9869     -0.09514
      0.9944      0.04092
      0.9944     -0.01739
       1.002       0.0798
        1.01       0.1381
       1.017       0.2159
       1.025       0.2547
       1.032        0.313
       1.047       0.3714
       1.055       0.3714
        1.07       0.3325
       1.078       0.2742
       1.085       0.2353
       1.093        0.177
         1.1       0.1187
       1.108       0.0798
       1.115     -0.01739
       1.123      -0.0757
        1.13      -0.1535
       1.138      -0.2118
       1.146      -0.2701
       1.153      -0.3284
       1.161      -0.3867
       1.168      -0.4256
       1.183      -0.4256
       1.191      -0.3867
       1.199      -0.2895
       1.206      -0.1729
       1.214     -0.05627
       1.221       0.0798
       1.221     0.002046
       1.229        0.177
       1.236       0.2936
       1.244       0.3714
       1.251       0.4297
       1.259       0.4685
       1.274       0.4491
       1.282       0.3714
       1.289       0.2936
       1.297        0.177
       1.304       0.0798
       1.304     0.002046
       1.312     -0.03683
       1.319       -0.134
       1.327      -0.1923
       1.342      -0.2506
        1.35      -0.2506
       1.365      -0.2701
       1.372      -0.2506
        1.38      -0.2118
       1.387       -0.134
       1.395     -0.03683
       1.403      0.06036
       1.403     0.002046
        1.41       0.1187
       1.418       0.1964
       1.425       0.2547
        1.44        0.313
       1.448        0.313
       1.463       0.2742
       1.471       0.2547
       1.478       0.2547
       1.486       0.2159
       1.493       0.1575
       1.501      0.02148
       1.508      -0.1535
       1.516      -0.3284
       1.524       -0.445
       1.531      -0.5228
       1.539      -0.5422
       1.554      -0.5228
       1.561      -0.4839
       1.569      -0.3867
       1.576      -0.2701
       1.584      -0.1535
       1.592      0.06036
       1.592     -0.03683
       1.599       0.1187
       1.607       0.2159
       1.614       0.2936
       1.622       0.3325
       1.629       0.3325
       1.644       0.3325
       1.652       0.3325
       1.667        0.313
       1.675       0.2159
       1.682      0.09923
       1.682     -0.01739
        1.69     -0.09514
       1.697      -0.2506
       1.705      -0.3284
        1.72      -0.2701
       1.728      -0.1729
       1.735     -0.05627
       1.743      0.06036
       1.743     0.002046
        1.75       0.1187
       1.758        0.177
       1.765       0.2159
       1.773       0.2159
       1.788        0.177
       1.796        0.177
       1.811       0.1964
       1.826        0.177
       1.833        0.177
       1.841        0.177
       1.856       0.1575
       1.864       0.1187
       1.871       0.0798
       1.879     -0.01739
       1.886     -0.09514
       1.894      -0.1923
       1.901      -0.2895
       1.909      -0.3673
       1.917       -0.445
       1.924      -0.4839
       1.932      -0.4645
       1.939      -0.4256
       1.947       -0.309
       1.954      -0.1729
       1.962      0.06036
       1.962     -0.05627
        1.97       0.1187
       1.977       0.2547
       1.985       0.3714
       1.992       0.4491
           2       0.5074
       2.015       0.5074
       2.022       0.5074
        2.03       0.4491
       2.038       0.3714
       2.045       0.2742
       2.053        0.177
        2.06      0.04092
       2.068     -0.09514
       2.075      -0.1923
       2.083      -0.2312
       2.098      -0.2701
       2.113      -0.2506
       2.128      -0.2312
       2.136      -0.2118
       2.143      -0.1729
       2.151       -0.134
       2.158      -0.0757
       2.166     -0.01739
       2.174      0.02148
       2.181      0.06036
       2.196       0.1187
       2.204       0.1381
       2.211       0.1964
       2.219       0.2353
       2.226       0.2547
       2.234       0.2353
       2.242        0.177
       2.249       0.0798
       2.249     0.002046
       2.257      -0.0757
       2.264      -0.1923
       2.272       -0.309
       2.279      -0.3673
       2.287      -0.4061
       2.302      -0.3673
        2.31      -0.3284
       2.317      -0.2701
       2.325      -0.1923
       2.332       -0.134
        2.34     -0.05627
       2.347     -0.01739
       2.355      0.06036
       2.363       0.1187
        2.37       0.1964
       2.378       0.2742
       2.385       0.3519
       2.393       0.4102
         2.4       0.4297
       2.408       0.4297
       2.415       0.3714
       2.423        0.313
       2.431       0.2353
       2.438       0.1575
       2.446      0.09923
       2.453      0.06036
       2.468      0.04092
       2.476      0.06036
       2.483      0.09923
       2.491       0.1381
       2.499        0.177
       2.514       0.1575
       2.521       0.1187
       2.529      0.06036
       2.536      0.02148
       2.552     -0.01739
       2.559     -0.01739
       2.567     -0.01739
       2.574      -0.0757
       2.582      -0.1146
       2.589      -0.1729
       2.597      -0.1923
       2.612      -0.2312
        2.62      -0.2506
       2.627      -0.2895
       2.635      -0.3478
       2.642      -0.3867
        2.65      -0.3673
       2.657      -0.2895
       2.665      -0.1923
       2.672     -0.09514
        2.68     -0.01739
       2.688      0.02148
       2.695      0.06036
        2.71      0.09923
       2.718       0.1187
       2.733        0.177
        2.74       0.1964
       2.748       0.2353
       2.756       0.2936
       2.763       0.3325
       2.771       0.3714
       2.786       0.4102
       2.793       0.4102
       2.801       0.4102
       2.816       0.3519
       2.824        0.313
       2.831       0.2159
       2.839      0.09923
       2.839     0.002046
       2.846     -0.09514
       2.854      -0.2506
       2.861      -0.3673
       2.869      -0.4061
       2.877      -0.4256
       2.884      -0.3867
       2.892      -0.3284
       2.899      -0.2506
       2.907      -0.1923
       2.914       -0.134
       2.929     -0.09514
       2.937      -0.0757
       2.952     -0.01739
        2.96      0.04092
       2.967       0.0798
       2.975       0.1381
        2.99       0.1575
       2.997       0.1381
       3.013      0.09923
        3.02       0.0798
       3.035      0.06036
       3.043      0.06036
        3.05      0.06036
       3.058     0.002046
       3.066     -0.05627
       3.073       -0.134
       3.081      -0.2118
       3.088      -0.2701
       3.103      -0.2701
       3.111      -0.2312
       3.118      -0.1923
       3.126      -0.1535
       3.134     -0.09514
       3.141     -0.05627
       3.149     -0.01739
       3.164     0.002046
       3.171     -0.01739
       3.179     -0.01739
       3.194     -0.01739
       3.202     0.002046
       3.209      0.06036
       3.209     0.002046
       3.217      0.09923
       3.224       0.1575
       3.232       0.1964
       3.247        0.177
       3.254       0.1381
       3.262      0.09923
        3.27      0.06036
       3.277     0.002046
       3.285     -0.03683
         3.3     -0.03683
       3.307     -0.01739
       3.315       0.0798
       3.323       0.1187
        3.33       0.1381
       3.345       0.0798
       3.353      0.04092
        3.36     0.002046
       3.375     0.002046
       3.383     0.002046
       3.391      0.06036
       3.398       0.0798
       3.413       0.1187
       3.421       0.1381
       3.436       0.1187
       3.443       0.1381
       3.459        0.177
       3.466       0.1964
       3.481        0.177
       3.496       0.1575
       3.504      0.09923
       3.511      0.02148
       3.519      -0.1146
       3.527      -0.2506
       3.534      -0.3673
       3.542      -0.4256
       3.549      -0.4256
       3.557      -0.3673
       3.564      -0.2895
       3.572      -0.2312
       3.579      -0.1535
       3.587     -0.09514
       3.595     -0.05627
       3.602     0.002046
        3.61      0.04092
       3.617       0.0798
       3.632       0.1381
        3.64       0.1575
       3.648       0.1964
       3.655       0.2353
        3.67       0.2353
       3.678       0.2353
       3.693       0.2353
         3.7       0.2353
       3.708       0.2353
       3.723       0.1575
       3.731      0.09923
       3.738     -0.05627
       3.746      -0.1535
       3.753      -0.2312
       3.761      -0.2701
       3.768      -0.2895
       3.776      -0.2895
       3.791      -0.3284
       3.799       -0.309
       3.806      -0.2895
       3.814      -0.2312
       3.821      -0.1729
       3.829      -0.1146
       3.836     -0.05627
       3.844     -0.01739
       3.852      0.02148
       3.859      0.06036
       3.867       0.0798
       3.874       0.1187
       3.882       0.1575
       3.889       0.1964
       3.897       0.2353
       3.912       0.2742
        3.92       0.2547
       3.927       0.2353
       3.942       0.1964
        3.95        0.177
       3.957       0.1575
       3.965       0.1187
       3.973       0.0798
        3.98      0.02148
       3.988     -0.01739
       4.003     -0.03683
        4.01     -0.05627
       4.018     -0.09514
       4.025       -0.134
       4.033      -0.1923
       4.041      -0.2506
       4.048       -0.309
       4.056      -0.3478
       4.071      -0.3478
       4.078      -0.3284
       4.086      -0.2701
       4.093      -0.1923
       4.101     -0.09514
       4.109      0.02148
       4.116       0.1187
       4.124       0.1964
       4.131       0.2353
       4.139       0.2742
       4.146       0.2936
       4.154       0.2936
       4.169       0.2547
       4.177       0.2353
       4.192       0.1964
       4.199        0.177
       4.214       0.1187
       4.222      0.09923
       4.237      0.04092
       4.245     0.002046
        4.26     0.002046
       4.275      0.04092
       4.282      0.06036
       4.298      0.09923
       4.305      0.09923
        4.32      0.06036
       4.328      0.04092
       4.343      0.06036
        4.35      0.06036
       4.358     0.002046
       4.366     -0.01739
       4.373      -0.0757
       4.381      -0.1146
       4.396      -0.1146
       4.403     -0.09514
       4.411     -0.05627
       4.419     -0.03683
       4.434     0.002046
       4.441      0.06036
       4.449      0.09923
       4.456       0.1575
       4.471       0.1575
       4.479       0.1575
       4.502       0.1575
       4.517      0.09923
       4.524      0.06036
       4.532     -0.01739
       4.539     -0.05627
       4.547      -0.1146
       4.555      -0.1923
       4.562      -0.2506
        4.57       -0.309
       4.577      -0.3478
       4.585      -0.3673
         4.6      -0.3478
       4.607      -0.2895
       4.615      -0.2312
       4.623       -0.134
        4.63     -0.05627
       4.638     -0.01739
       4.645      0.02148
       4.653      0.02148
       4.668     0.002046
       4.676      0.04092
       4.683       0.1187
       4.691       0.2353
       4.698        0.313
       4.706       0.3908
       4.713       0.4491
       4.728       0.5074
       4.736       0.4685
       4.744       0.4102
       4.751       0.2936
       4.759       0.1964
       4.766       0.0798
       4.766     0.002046
       4.774     -0.03683
       4.781     -0.09514
       4.789      -0.1535
       4.796      -0.2118
       4.804      -0.2506
       4.812       -0.309
       4.819      -0.3673
       4.834      -0.4061
       4.842      -0.3867
       4.849      -0.3284
       4.857      -0.2701
       4.864      -0.1729
       4.872     -0.09514
        4.88     -0.01739
       4.887      0.06036
       4.895       0.1381
       4.902       0.2353
        4.91       0.3325
       4.917       0.3908
       4.932       0.4102
        4.94       0.3519
       4.948        0.313
       4.955       0.2353
       4.963       0.1575
        4.97      0.09923
       4.978      0.04092
       4.985     -0.01739
       4.993      -0.0757
       5.001      -0.1146
       5.016      -0.1729
       5.023      -0.1923
       5.038      -0.1729
       5.046      -0.1535
       5.061      -0.1146
       5.069      -0.1146
       5.076     -0.09514
       5.084     -0.05627
       5.091     -0.01739
       5.099      0.06036
       5.099     0.002046
       5.106       0.0798
       5.114       0.1187
       5.121       0.1575
       5.137       0.1964
       5.144       0.1575
       5.152       0.1187
       5.159      0.06036
       5.167     0.002046
       5.182     -0.05627
       5.189     -0.01739
       5.205      0.02148
        5.22      0.04092
       5.227     0.002046
       5.235     -0.01739
        5.25     -0.05627
       5.258      -0.0757
       5.273     -0.05627
        5.28     -0.03683
       5.288     0.002046
       5.295      0.06036
       5.303       0.0798
        5.31       0.1381
       5.318       0.1964
       5.326       0.2547
       5.333       0.2936
       5.348       0.2742
       5.356       0.2159
       5.363       0.1381
       5.371      0.06036
       5.371     0.002046
       5.378     -0.03683
       5.386     -0.09514
       5.394      -0.1146
       5.409      -0.1535
       5.416       -0.134
       5.431      -0.1146
       5.439      -0.0757
       5.454     -0.01739
       5.462     0.002046
       5.469      0.06036
       5.484       0.0798
       5.499       0.1187
       5.507       0.1575
       5.515       0.1964
       5.522       0.2353
        5.53       0.2936
       5.537       0.2936
       5.552       0.2353
        5.56        0.177
       5.567       0.1187
       5.575      0.06036
       5.575     0.002046
       5.583     -0.03683
        5.59     -0.09514
       5.598      -0.1729
       5.613      -0.2118
        5.62      -0.2312
       5.635      -0.2312
       5.643      -0.2118
       5.658      -0.1729
       5.666      -0.1729
       5.673      -0.1729
       5.688      -0.1729
       5.696      -0.1535
       5.711      -0.1535
       5.719      -0.1535
       5.734      -0.1146
       5.741      -0.0757
       5.749     -0.01739
       5.756       0.0798
       5.764       0.1381
       5.772        0.177
       5.779       0.2159
       5.787        0.177
       5.794       0.1187
       5.802      0.06036
       5.802     0.002046
       5.809     -0.01739
       5.817     -0.05627
       5.824     -0.09514
        5.84      -0.0757
       5.855     -0.03683
        5.87      0.06036
       5.877       0.0798
       5.892       0.1381
         5.9       0.1575
       5.908       0.1964
       5.915       0.2547
       5.923       0.2936
        5.93       0.3325
       5.945       0.3519
       5.953       0.3325
       5.968       0.2936
       5.976       0.2742
       5.983       0.2547
       5.991       0.1964
       5.998       0.1187
       6.006      0.06036
       6.006     -0.03683
       6.013      -0.1146
       6.021      -0.2118
       6.029      -0.2895
       6.044       -0.309
       6.051      -0.2895
       6.066      -0.2312
       6.074      -0.1923
       6.081       -0.134
       6.089     -0.09514
       6.097     -0.05627
       6.104     -0.03683
       6.119      0.06036
       6.127      0.09923
       6.134       0.1381
       6.142        0.177
       6.157       0.1187
       6.165      0.06036
       6.172     0.002046
       6.187     0.002046
       6.195     -0.01739
       6.202     -0.05627
        6.21      -0.1146
       6.217      -0.1729
       6.233      -0.1923
        6.24      -0.1535
       6.248     -0.09514
       6.255     -0.05627
       6.263     -0.01739
       6.278     -0.03683
       6.293     0.002046
       6.301      0.04092
       6.308      0.09923
       6.316       0.1575
       6.323       0.1964
       6.331       0.2353
       6.346       0.2742
       6.354       0.2547
       6.361       0.1964
       6.369       0.1381
       6.376      0.06036
       6.376     0.002046
       6.384     -0.05627
       6.391     -0.09514
       6.414     -0.09514
       6.422     -0.09514
       6.437     -0.09514
       6.444      -0.0757
       6.452     -0.05627
       6.459     -0.01739
       6.467      0.02148
       6.474      0.06036
       6.482      0.09923
        6.49       0.1381
       6.497       0.1964
       6.505       0.2353
       6.512       0.2742
       6.527        0.313
       6.535        0.313
       6.542        0.313
        6.55       0.2742
       6.558       0.2353
       6.565       0.1964
       6.573       0.1381
        6.58       0.0798
       6.588     0.002046
       6.595      -0.0757
       6.603      -0.1535
       6.611      -0.2118
       6.618      -0.2506
       6.626      -0.2895
       6.633       -0.309
       6.641      -0.2895
       6.648      -0.2506
       6.656      -0.1729
       6.663      -0.0757
       6.671      0.04092
       6.671     -0.01739
       6.679       0.0798
       6.686       0.1381
       6.694       0.1964
       6.709       0.1964
       6.716       0.1381
       6.724       0.0798
       6.724     0.002046
       6.731      -0.0757
       6.739      -0.1923
       6.747      -0.2701
       6.762      -0.2701
       6.769      -0.2506
       6.777      -0.1923
       6.784      -0.1146
       6.792     -0.03683
       6.799       0.0798
       6.807       0.1575
       6.815       0.2353
       6.822       0.3325
        6.83       0.4102
       6.837       0.4685
       6.852       0.4297
        6.86       0.3908
       6.868        0.313
       6.875       0.2547
       6.883       0.1964
        6.89       0.1575
       6.898       0.1187
       6.905      0.06036
       6.913     -0.03683
        6.92      -0.1535
       6.928      -0.3284
       6.936      -0.5228
       6.943      -0.7171
       6.951      -0.8338
       6.966       -0.756
       6.973      -0.6199
       6.981      -0.4839
       6.988      -0.3478
       6.996      -0.2312
       7.004     -0.09514
       7.011      0.02148
       7.019       0.1575
       7.026       0.2742
       7.034       0.3714
       7.041       0.4491
       7.049        0.488
       7.056       0.4685
       7.072       0.4102
       7.079       0.3908
       7.094       0.3325
       7.102        0.313
       7.117       0.2742
       7.125       0.2742
        7.14       0.1964
       7.147       0.1187
       7.155      0.02148
       7.162     -0.09514
        7.17      -0.2118
       7.177      -0.3284
       7.185      -0.4061
       7.193      -0.4645
         7.2      -0.4839
       7.208      -0.4645
       7.215      -0.4061
       7.223      -0.3478
        7.23      -0.2895
       7.238      -0.2312
       7.245      -0.1535
       7.253     -0.09514
       7.261     -0.03683
       7.268      0.02148
       7.276       0.0798
       7.283       0.1187
       7.291        0.177
       7.298       0.2159
       7.306       0.2547
       7.321       0.2936
       7.329       0.2936
       7.344       0.2936
       7.351        0.313
       7.366        0.313
       7.374       0.2936
       7.389       0.2547
       7.397       0.2353
       7.412        0.177
       7.419      0.09923
       7.427      0.04092
       7.427     -0.03683
       7.434       -0.134
       7.442      -0.2701
        7.45      -0.3478
       7.457      -0.3867
       7.465      -0.3673
       7.472       -0.309
        7.48      -0.2312
       7.487      -0.1923
       7.495      -0.1146
       7.502     -0.05627
        7.51      0.02148
       7.518      0.09923
       7.525       0.1575
       7.533       0.2159
        7.54       0.2547
       7.548       0.2742
       7.563       0.2742
        7.57       0.2159
       7.578      0.09923
       7.586      0.04092
       7.586     -0.05627
       7.593      -0.1535
       7.601      -0.2312
       7.608       -0.309
       7.616      -0.3284
       7.631      -0.3673
       7.638      -0.3673
       7.654      -0.3478
       7.661      -0.2895
       7.669      -0.2118
       7.676      -0.1146
       7.684     -0.03683
       7.691      0.04092
       7.691     0.002046
       7.699      0.06036
       7.707      0.06036
       7.714       0.0798
       7.729       0.0798
       7.737      0.06036
       7.744      0.02148
       7.752     -0.01739
       7.759      -0.0757
       7.767     -0.09514
       7.775     -0.05627
       7.782      0.04092
       7.782     -0.01739
        7.79       0.0798
       7.797       0.1575
       7.805       0.1964
        7.82       0.1964
       7.827       0.2159
       7.843       0.2159
        7.85       0.2353
       7.865       0.2353
       7.873       0.2159
        7.88        0.177
       7.888       0.1381
       7.895      0.09923
       7.903      0.04092
       7.911     -0.03683
       7.918      -0.1146
       7.926      -0.1729
       7.941      -0.1729
       7.948      -0.1535
       7.956      -0.1146
       7.964     -0.05627
       7.971     -0.01739
       7.979      0.04092
       7.994      0.04092
       8.001      0.02148
       8.016     0.002046
       8.024      0.04092
       8.039      0.02148
       8.047     -0.01739
       8.054      -0.0757
       8.062      -0.1146
       8.069      -0.1729
       8.077      -0.1923
       8.092      -0.2118
         8.1      -0.1923
       8.107      -0.1729
       8.122      -0.1146
        8.13     -0.09514
       8.137     -0.05627
       8.145     -0.01739
       8.152      0.02148
        8.16      0.09923
       8.168       0.1575
       8.175       0.2353
       8.183       0.2936
        8.19       0.3519
       8.198       0.3908
       8.205       0.4297
       8.213        0.488
       8.228       0.4685
       8.236       0.4297
       8.243       0.3714
       8.251       0.2936
       8.258       0.2159
       8.266       0.1381
       8.273       0.0798
       8.281     0.002046
       8.289     -0.01739
       8.304     -0.03683
       8.311     -0.05627
       8.319      -0.1146
       8.326      -0.1923
       8.334      -0.2701
       8.341      -0.3478
       8.349      -0.4061
       8.357       -0.445
       8.372      -0.4061
       8.379      -0.3478
       8.387      -0.2701
       8.394      -0.2118
       8.402      -0.1729
       8.409       -0.134
       8.425      -0.0757
       8.432     -0.05627
       8.447     -0.01739
       8.455      0.02148
       8.462       0.0798
        8.47       0.1381
       8.478       0.2159
       8.485       0.2936
       8.493       0.3519
         8.5       0.4102
       8.508       0.4491
       8.515       0.5074
       8.523       0.5074
        8.53       0.5074
       8.538       0.4685
       8.546       0.4102
       8.553       0.3325
       8.561       0.2353
       8.568       0.1381
       8.576      0.02148
       8.583      -0.1146
       8.591      -0.2506
       8.598      -0.3673
       8.606       -0.445
       8.606      -0.5228
       8.614      -0.5422
       8.621      -0.5811
       8.629      -0.5811
       8.636      -0.4839
       8.636      -0.5422
       8.644       -0.445
       8.651      -0.3478
       8.659      -0.2701
       8.666      -0.1729
       8.674     -0.05627
       8.682       0.0798
       8.689       0.2159
       8.697       0.3325
       8.704       0.4297
       8.712       0.4685
       8.719       0.5074
       8.735       0.5463
       8.742       0.5463
       8.757        0.488
       8.765       0.3908
       8.772       0.2547
        8.78       0.1187
        8.78     -0.01739
       8.787       -0.134
       8.795      -0.3284
       8.803       -0.445
       8.803      -0.5228
        8.81      -0.5422
       8.818      -0.5811
       8.825      -0.6005
       8.833      -0.5811
        8.84      -0.4839
        8.84      -0.5422
       8.848      -0.4256
       8.855      -0.2895
       8.863      -0.1535
       8.871     -0.03683
       8.878      0.09923
       8.893       0.2159
       8.901       0.2936
       8.908       0.3325
       8.916       0.3908
       8.923       0.3908
       8.931       0.3519
       8.939       0.2936
       8.946       0.1964
       8.954      0.09923
       8.954     0.002046
       8.961     -0.03683
       8.969       -0.134
       8.976      -0.1923
       8.976      -0.2506
