     0.01181      -0.2302
     0.01181      -0.2872
     0.01937      -0.1542
     0.02693     -0.05919
      0.0345      0.01681
     0.04206       0.0928
     0.04962       0.1498
     0.05718       0.1878
     0.06474       0.1878
      0.0723       0.1688
     0.07986       0.1308
     0.08743       0.1118
      0.1025       0.1118
      0.1101       0.0738
      0.1101    -0.002192
      0.1177     -0.05919
      0.1252      -0.1922
      0.1328      -0.2872
      0.1404      -0.3632
      0.1555      -0.3442
       0.163      -0.2492
      0.1706      -0.1732
      0.1782     -0.09719
      0.1857     -0.04019
      0.1933      0.01681
      0.2008       0.1118
      0.2084       0.2258
       0.216       0.3398
      0.2235       0.3968
      0.2311       0.4348
      0.2387       0.3968
      0.2462       0.3588
      0.2538       0.3398
      0.2613       0.2828
      0.2689       0.2068
      0.2765       0.1118
      0.2765    -0.002192
       0.284      0.03581
       0.284     -0.09719
      0.2916      -0.2492
      0.2991      -0.3822
      0.3067      -0.4582
      0.3143      -0.4582
      0.3218      -0.3822
      0.3294      -0.2682
       0.337      -0.1542
      0.3445      0.03581
      0.3445     -0.04019
      0.3521       0.0928
      0.3596       0.1878
      0.3672       0.2638
      0.3748       0.3208
      0.3823       0.3588
      0.3899       0.3778
       0.405       0.3778
      0.4126       0.3588
      0.4201       0.3018
      0.4277       0.2068
      0.4353       0.1118
      0.4428      0.01681
      0.4504     -0.07819
      0.4579      -0.1542
      0.4655      -0.2492
      0.4731      -0.3442
      0.4806      -0.4202
      0.4882      -0.4392
      0.4957      -0.3822
      0.5033      -0.2872
      0.5109      -0.1542
      0.5184     -0.04019
       0.526       0.0738
      0.5336       0.1308
      0.5411       0.1878
      0.5487       0.1878
      0.5562       0.1878
      0.5714       0.1878
      0.5789       0.2068
       0.594       0.2068
      0.6016       0.1688
      0.6092       0.0928
      0.6167      0.03581
      0.6167     -0.04019
      0.6243      -0.1542
      0.6318      -0.2872
      0.6394      -0.4012
       0.647      -0.4772
       0.647      -0.5152
      0.6621      -0.5152
      0.6697      -0.4392
      0.6772      -0.3822
      0.6848      -0.3062
      0.6923      -0.2112
      0.6999      -0.1162
      0.7075      0.03581
      0.7075     -0.04019
       0.715       0.0738
      0.7226       0.1118
      0.7377       0.1498
      0.7453       0.1688
      0.7528       0.1878
      0.7604       0.2448
       0.768       0.3018
      0.7755       0.3588
      0.7831       0.4158
      0.7982       0.3398
      0.8058       0.2258
      0.8133       0.1118
      0.8209      0.03581
      0.8209     -0.05919
      0.8284      -0.1542
       0.836      -0.2302
      0.8436      -0.2682
      0.8511      -0.2492
      0.8663      -0.2492
      0.8738      -0.2112
      0.8814      -0.1732
      0.8889      -0.1162
      0.8965     -0.04019
      0.9041      0.03581
      0.9116       0.0738
      0.9267       0.1118
      0.9343       0.1118
      0.9494       0.0548
       0.957      0.01681
      0.9646    -0.002192
      0.9797    -0.002192
      0.9948       0.0548
        1.01       0.1118
       1.017       0.1118
       1.033       0.0738
        1.04       0.0548
       1.048      0.01681
       1.063    -0.002192
        1.07      0.03581
       1.078       0.0928
       1.086       0.1498
       1.093       0.1878
       1.108       0.2258
       1.116       0.2068
       1.131       0.1878
       1.138       0.2068
       1.154       0.2258
       1.161       0.1688
       1.169       0.0928
       1.176       0.0548
       1.176    -0.002192
       1.184     -0.04019
       1.191      -0.1162
       1.199      -0.1542
       1.207      -0.1922
       1.214      -0.1922
       1.222      -0.1542
       1.229      -0.1162
       1.237     -0.05919
       1.244     -0.02119
       1.252      0.03581
       1.259      0.03581
       1.267       0.0548
       1.275       0.1118
       1.282       0.1688
        1.29       0.2448
       1.297       0.3018
       1.312       0.3208
        1.32       0.2638
       1.328       0.1878
       1.335       0.1118
       1.343       0.0548
        1.35      0.01681
       1.358     -0.02119
       1.373     -0.05919
        1.38     -0.07819
       1.396     -0.07819
       1.403     -0.05919
       1.418     -0.02119
       1.426    -0.002192
       1.433       0.0548
       1.441       0.0928
       1.448       0.1308
       1.464       0.1308
       1.471       0.0928
       1.479       0.0548
       1.486      0.03581
       1.486    -0.002192
       1.494     -0.02119
       1.501     -0.05919
       1.517      -0.1162
       1.524      -0.1352
       1.539      -0.1162
       1.547     -0.07819
       1.554     -0.02119
       1.569      0.03581
       1.577       0.0548
       1.592       0.0928
         1.6       0.0928
       1.607       0.0928
       1.622       0.0548
        1.63      0.03581
       1.638      0.01681
       1.653     -0.02119
        1.66     -0.05919
       1.668     -0.09719
       1.675      -0.1352
       1.683      -0.1542
       1.698      -0.1542
       1.713     -0.09719
       1.721     -0.07819
       1.728     -0.05919
       1.736     -0.02119
       1.743       0.0738
       1.751       0.1308
       1.759       0.2068
       1.766       0.2448
       1.774       0.2828
       1.781       0.2828
       1.796       0.2258
       1.804       0.2068
       1.819       0.1878
       1.827       0.1308
       1.834       0.0928
       1.842       0.0548
       1.849    -0.002192
       1.864    -0.002192
       1.872     -0.04019
       1.879      -0.1352
       1.887      -0.2302
       1.895      -0.3252
       1.902      -0.4012
       1.917      -0.4012
       1.925      -0.3442
       1.932      -0.2682
        1.94      -0.1732
       1.948     -0.09719
       1.955     -0.02119
       1.963       0.0548
        1.97       0.1118
       1.978       0.1498
       1.985       0.1688
           2       0.2068
       2.016       0.1308
       2.023       0.0928
       2.031       0.0548
       2.038      0.03581
       2.053       0.0548
       2.061       0.0548
       2.076      0.01681
       2.084    -0.002192
       2.091    -0.002192
       2.099     -0.04019
       2.106     -0.09719
       2.114      -0.1162
       2.129      -0.1542
       2.137      -0.1542
       2.144      -0.1352
       2.152     -0.09719
       2.159     -0.04019
       2.167    -0.002192
       2.174       0.0548
        2.19       0.0928
       2.197       0.1308
       2.212       0.1688
        2.22       0.1878
       2.227       0.2068
       2.242       0.2638
        2.25       0.2828
       2.265       0.2068
       2.273       0.1308
        2.28       0.0738
        2.28    -0.002192
       2.288     -0.02119
       2.295     -0.07819
       2.303      -0.1162
        2.31      -0.1542
       2.318      -0.1922
       2.333      -0.2302
       2.341      -0.2492
       2.356      -0.2302
       2.363      -0.1732
       2.371     -0.07819
       2.379      0.03581
       2.379     -0.02119
       2.386       0.0548
       2.394       0.0928
       2.401       0.1118
       2.416       0.1308
       2.424       0.1498
       2.439       0.1498
       2.447       0.1498
       2.454       0.1498
       2.469       0.0928
       2.477       0.0738
       2.492     -0.02119
         2.5     -0.07819
       2.507      -0.1352
       2.515      -0.1922
       2.522      -0.2302
        2.53      -0.2682
       2.537      -0.3252
       2.545      -0.3632
        2.56      -0.3442
       2.568      -0.2492
       2.575      -0.1542
       2.583     -0.05919
        2.59      0.03581
       2.598       0.1308
       2.605       0.2068
       2.613       0.2638
       2.628       0.2638
       2.636       0.2258
       2.651       0.1878
       2.658       0.1878
       2.673       0.1878
       2.681       0.1878
       2.689       0.1688
       2.696       0.1118
       2.704       0.0548
       2.704    -0.002192
       2.711     -0.07819
       2.719      -0.1732
       2.726      -0.2492
       2.741      -0.2682
       2.749      -0.2302
       2.757      -0.1922
       2.764      -0.1352
       2.772     -0.09719
       2.779     -0.02119
       2.787      0.03581
       2.794       0.0928
       2.802       0.1688
        2.81       0.2068
       2.825       0.2448
       2.832       0.2448
        2.84       0.2448
       2.847       0.1878
       2.855       0.1118
       2.862       0.0548
       2.862     -0.04019
        2.87      -0.1352
       2.878      -0.2492
       2.885      -0.3062
         2.9      -0.3442
       2.908      -0.3062
       2.915      -0.2492
       2.923      -0.1542
       2.931     -0.07819
       2.938      0.03581
       2.938     -0.02119
       2.946       0.0738
       2.953       0.1308
       2.961       0.1688
       2.976       0.2068
       2.983       0.2068
       2.991       0.2068
       2.999       0.1688
       3.006       0.1118
       3.014       0.0928
       3.029       0.0928
       3.036       0.0928
       3.052       0.0738
       3.067    -0.002192
       3.074     -0.02119
       3.082     -0.05919
       3.089     -0.09719
       3.097      -0.1542
       3.112      -0.1922
        3.12      -0.1732
       3.127      -0.1542
       3.135     -0.09719
       3.142     -0.05919
        3.15     -0.02119
       3.157      0.01681
       3.172       0.0738
        3.18       0.0928
       3.195       0.1308
       3.218       0.2448
       3.225       0.2828
       3.233       0.2448
       3.241       0.1118
       3.248    -0.002192
       3.256      -0.1732
       3.263      -0.3442
       3.271      -0.4392
       3.278      -0.4772
       3.286      -0.4582
       3.293      -0.3822
       3.301      -0.3062
       3.309      -0.2112
       3.316      -0.1352
       3.324     -0.07819
       3.331     -0.02119
       3.339       0.0548
       3.339    -0.002192
       3.346       0.1308
       3.354       0.2258
       3.362       0.3208
       3.369       0.4158
       3.377       0.4728
       3.384       0.4728
       3.392       0.4538
       3.399       0.3968
       3.407       0.3398
       3.414       0.3018
       3.422       0.2448
        3.43       0.2068
       3.437       0.1308
       3.445      0.01681
       3.452      -0.1162
        3.46      -0.2492
       3.467      -0.3252
       3.475      -0.3632
       3.483      -0.3632
        3.49      -0.3252
       3.498      -0.2682
       3.505      -0.2302
       3.513      -0.1732
        3.52      -0.1162
       3.528     -0.05919
       3.535      0.01681
       3.543       0.1118
       3.551       0.1878
       3.558       0.2448
       3.573       0.2638
       3.581       0.2448
       3.588       0.2068
       3.596       0.1498
       3.603       0.0928
       3.611      0.03581
       3.619     -0.04019
       3.634     -0.07819
       3.641     -0.07819
       3.649     -0.05919
       3.664      -0.1162
       3.672      -0.1542
       3.679      -0.1922
       3.694      -0.1922
       3.702      -0.1542
       3.709      -0.1352
       3.717     -0.09719
       3.724     -0.04019
        3.74       0.0548
       3.747       0.0928
       3.762       0.1688
        3.77       0.1878
       3.785       0.2068
       3.793       0.2068
         3.8       0.1688
       3.808       0.1498
       3.823       0.1308
        3.83       0.1308
       3.838       0.1308
       3.853       0.0928
       3.861       0.0928
       3.876       0.0548
       3.883      0.03581
       3.898     -0.02119
       3.906     -0.04019
       3.921     -0.05919
       3.929     -0.05919
       3.936     -0.09719
       3.944      -0.1542
       3.951      -0.2302
       3.959      -0.2872
       3.974      -0.3062
       3.982      -0.2492
       3.989      -0.1922
       3.997     -0.09719
       4.004     -0.04019
       4.012       0.0738
       4.019       0.1308
       4.027       0.1688
       4.042       0.2068
        4.05       0.1878
       4.057       0.1688
       4.072       0.1118
        4.08       0.1118
       4.095       0.1118
       4.103       0.1118
       4.118       0.0928
       4.125       0.0738
        4.14    -0.002192
       4.148     -0.04019
       4.163     -0.07819
       4.171     -0.07819
       4.193     -0.05919
       4.201     -0.05919
       4.208     -0.04019
       4.216     -0.02119
       4.224       0.0548
       4.231       0.1118
       4.239       0.1688
       4.246       0.2068
       4.261       0.1878
       4.269       0.1498
       4.276       0.1118
       4.292       0.0928
       4.299       0.1118
       4.314       0.0548
       4.314    -0.002192
       4.322     -0.04019
       4.329      -0.1162
       4.337      -0.1732
       4.345      -0.2112
       4.352      -0.2302
       4.367      -0.1922
       4.375      -0.1352
       4.382     -0.07819
        4.39     -0.02119
       4.397       0.0548
       4.405       0.0928
        4.42       0.0738
       4.428       0.0738
       4.435       0.0928
        4.45       0.1308
       4.458       0.1498
       4.473       0.1308
       4.481       0.0738
       4.488     -0.02119
       4.496     -0.05919
       4.503     -0.09719
       4.518      -0.1162
       4.526     -0.09719
       4.541     -0.05919
       4.549     -0.05919
       4.564     -0.05919
       4.571     -0.05919
       4.579     -0.04019
       4.594    -0.002192
       4.602       0.0548
       4.617       0.0928
       4.624       0.0738
       4.632       0.0738
       4.647      0.03581
       4.655      0.01681
        4.67    -0.002192
       4.677    -0.002192
       4.692    -0.002192
       4.707     -0.04019
       4.715     -0.02119
        4.73      0.03581
       4.738      0.03581
       4.753    -0.002192
        4.76    -0.002192
       4.776    -0.002192
       4.783      0.03581
       4.791       0.0928
       4.806       0.0738
       4.821    -0.002192
       4.828     -0.04019
       4.844     -0.09719
       4.851      -0.1162
       4.866      -0.1352
       4.874      -0.1352
       4.889      -0.1352
       4.897     -0.09719
       4.904     -0.07819
       4.919    -0.002192
       4.927    -0.002192
       4.942    -0.002192
       4.949       0.0548
       4.957       0.1118
       4.965       0.1878
       4.972       0.2448
       4.987       0.2258
       4.995       0.1878
       5.002       0.1118
        5.01       0.0548
       5.017    -0.002192
       5.033     -0.04019
        5.04     -0.05919
       5.048     -0.09719
       5.055      -0.1352
       5.063      -0.1542
       5.078      -0.1732
       5.086      -0.1542
       5.093     -0.09719
       5.101     -0.04019
       5.108       0.0548
       5.108    -0.002192
       5.116       0.1118
       5.123       0.1498
       5.131       0.1878
       5.146       0.1878
       5.154       0.1688
       5.161       0.1688
       5.176       0.1118
       5.184      0.03581
       5.191     -0.05919
       5.199      -0.1352
       5.207      -0.1922
       5.222      -0.2112
       5.229      -0.1542
       5.237     -0.07819
       5.244     -0.02119
       5.252       0.0738
       5.259       0.1308
       5.267       0.1878
       5.275       0.2638
       5.282       0.3018
       5.297       0.3018
       5.305       0.2258
       5.312       0.1498
        5.32       0.0738
        5.32    -0.002192
       5.328     -0.02119
       5.335     -0.07819
       5.343      -0.1352
        5.35      -0.1922
       5.358      -0.2492
       5.373      -0.2302
        5.38      -0.1732
       5.388     -0.09719
       5.396     -0.04019
       5.403      0.01681
       5.411       0.0738
       5.418       0.1118
       5.426       0.1688
       5.433       0.2068
       5.441       0.2258
       5.448       0.2068
       5.456       0.1688
       5.464       0.0928
       5.471      0.03581
       5.479     -0.02119
       5.486     -0.07819
       5.494      -0.1352
       5.501      -0.1922
       5.509      -0.2492
       5.517      -0.2872
       5.524      -0.2872
       5.532      -0.2302
       5.539      -0.1732
       5.547     -0.07819
       5.554      0.01681
       5.562       0.1118
       5.569       0.1688
       5.577       0.2068
       5.592       0.2638
         5.6       0.2828
       5.615       0.3018
       5.622       0.2828
        5.63       0.2448
       5.638       0.1878
       5.645       0.1308
       5.653       0.0738
        5.66     -0.04019
       5.668     -0.09719
       5.675      -0.1732
       5.683      -0.2302
       5.698      -0.2682
       5.706      -0.2682
       5.713      -0.2492
       5.721      -0.2112
       5.728      -0.1732
       5.743      -0.1162
       5.751     -0.09719
       5.759     -0.07819
       5.766     -0.02119
       5.774      0.01681
       5.781       0.0548
       5.789       0.0928
       5.804       0.0928
       5.811       0.0928
       5.827       0.0928
       5.842       0.0548
       5.849    -0.002192
       5.857     -0.02119
       5.864     -0.05919
       5.872      -0.1162
       5.879      -0.1732
       5.895      -0.1922
       5.902      -0.1732
        5.91      -0.1352
       5.917      -0.1162
       5.925     -0.05919
       5.932     -0.02119
        5.94       0.0738
       5.948       0.1308
       5.955       0.1688
        5.97       0.2068
       5.978       0.2258
       5.993       0.2448
           6       0.2638
       6.016       0.2258
       6.023       0.1878
       6.038       0.1308
       6.046       0.1118
       6.061       0.0548
       6.076    -0.002192
       6.084    -0.002192
       6.099     -0.02119
       6.106     -0.02119
       6.121     -0.02119
       6.129     -0.02119
       6.144    -0.002192
       6.152       0.0548
       6.152    -0.002192
       6.159       0.0928
       6.167       0.1498
       6.174       0.2068
       6.182       0.2448
        6.19       0.2828
       6.197       0.3208
       6.212       0.3968
        6.22       0.3968
       6.235       0.3968
       6.242       0.3968
       6.258       0.4158
       6.265       0.4158
        6.28       0.3968
       6.288       0.3018
       6.295       0.1878
       6.303       0.0928
       6.303    -0.002192
        6.31     -0.05919
       6.318      -0.1542
       6.326      -0.2112
       6.333      -0.2492
       6.341      -0.2682
       6.356      -0.2872
       6.363      -0.3062
       6.379      -0.3442
       6.386      -0.3442
       6.394      -0.3062
       6.409      -0.2492
       6.416      -0.2492
       6.424      -0.2872
       6.431      -0.3252
       6.447      -0.3442
       6.454      -0.3252
       6.469      -0.2682
       6.477      -0.2492
       6.484      -0.1922
       6.492      -0.1542
         6.5     -0.09719
       6.507     -0.09719
       6.522      -0.1162
        6.53      -0.1162
       6.545     -0.05919
       6.552     -0.02119
        6.56    -0.002192
       6.575    -0.002192
        6.59     -0.07819
       6.598      -0.1542
       6.605      -0.2112
       6.613      -0.2492
       6.628      -0.2302
       6.636      -0.1922
       6.643      -0.1542
       6.658      -0.1352
       6.666     -0.09719
       6.681     -0.04019
       6.689     -0.02119
       6.704    -0.002192
       6.711    -0.002192
       6.719      0.03581
       6.726       0.0548
       6.742       0.1308
       6.749       0.1878
       6.757       0.2828
       6.764       0.3968
       6.772       0.5108
       6.779       0.6058
       6.787       0.6438
       6.794       0.6058
       6.802       0.5678
       6.802       0.4918
        6.81       0.4158
       6.817       0.2828
       6.825       0.1308
       6.832       0.0548
       6.832     -0.02119
        6.84     -0.07819
       6.847      -0.1162
       6.862      -0.1162
        6.87      -0.1352
       6.878      -0.1352
       6.893      -0.1352
         6.9     -0.05919
       6.908      0.03581
       6.908     -0.02119
       6.915       0.0738
       6.923       0.1308
       6.931       0.1688
       6.946       0.2258
       6.953       0.2258
       6.961       0.1878
       6.968       0.1498
       6.976       0.1118
       6.983       0.0738
       6.991       0.0738
       7.006      0.03581
       7.014    -0.002192
       7.029     -0.04019
       7.044     -0.04019
       7.052     -0.02119
       7.067      0.03581
       7.074       0.0738
       7.089       0.1118
       7.097       0.1118
       7.104       0.0738
       7.112    -0.002192
        7.12     -0.02119
       7.127     -0.05919
       7.135     -0.07819
       7.142     -0.05919
       7.157     -0.02119
       7.165     -0.07819
       7.173      -0.1352
        7.18      -0.2302
       7.188      -0.2872
       7.195      -0.3442
       7.203      -0.3632
        7.21      -0.3442
       7.218      -0.2872
       7.225      -0.2492
       7.233      -0.2302
       7.248      -0.2302
       7.263      -0.2112
       7.271      -0.1542
       7.278     -0.07819
       7.286      0.01681
       7.293       0.0928
       7.301       0.1498
       7.309       0.1878
       7.316       0.1878
       7.331       0.1308
       7.339       0.1118
       7.346       0.1308
       7.354       0.1688
       7.362       0.2258
       7.369       0.2638
       7.377       0.3018
       7.384       0.3018
       7.392       0.2828
       7.399       0.2068
       7.407       0.1308
       7.414       0.0738
       7.414    -0.002192
       7.422     -0.02119
        7.43     -0.07819
       7.437      -0.1162
       7.445      -0.1732
        7.46      -0.2112
       7.467      -0.1922
       7.483      -0.1542
        7.49      -0.1352
       7.505      -0.1352
       7.513      -0.1162
       7.528     -0.07819
       7.535     -0.05919
       7.551     -0.04019
       7.558     -0.04019
       7.566     -0.07819
       7.573      -0.1352
       7.581      -0.1922
       7.588      -0.2112
       7.604      -0.1542
       7.611     -0.05919
       7.619       0.1118
       7.619    -0.002192
       7.626       0.2068
       7.634       0.3398
       7.641       0.3968
       7.656       0.4348
       7.664       0.4158
       7.672       0.4158
       7.687       0.3778
       7.694       0.3018
       7.702       0.1688
       7.709       0.0738
       7.709    -0.002192
       7.717     -0.04019
       7.724     -0.09719
       7.732      -0.1352
       7.747      -0.2112
       7.755      -0.2492
       7.762      -0.2682
       7.777      -0.2492
       7.785      -0.1732
       7.793     -0.07819
         7.8     -0.02119
       7.808      0.03581
       7.815      0.03581
        7.83    -0.002192
       7.838    -0.002192
       7.845      0.03581
       7.853       0.0738
       7.861       0.0928
       7.876       0.1498
       7.883       0.1498
       7.898       0.1878
       7.914       0.1878
       7.921       0.1878
       7.929       0.1498
       7.936       0.0928
       7.944      0.03581
       7.944     -0.07819
       7.951      -0.1922
       7.959      -0.3252
       7.966      -0.4012
       7.982      -0.3822
       7.989      -0.3252
       7.997      -0.2682
       8.004      -0.2302
       8.019      -0.1732
       8.027      -0.1352
       8.035     -0.09719
       8.042     -0.05919
        8.05     -0.02119
       8.057       0.0548
       8.065       0.0928
       8.072       0.1498
        8.08       0.1878
       8.095       0.2448
       8.103       0.2638
        8.11       0.2828
       8.125       0.2638
       8.133       0.2258
        8.14       0.1878
       8.148       0.1308
       8.155       0.0928
       8.171       0.0548
       8.178      0.03581
       8.186    -0.002192
       8.193     -0.04019
       8.201     -0.09719
       8.208      -0.1352
       8.224      -0.1542
       8.231      -0.1542
       8.246      -0.1732
       8.261      -0.1732
       8.269      -0.1352
       8.276     -0.04019
       8.284       0.0548
       8.284    -0.002192
       8.292       0.1118
       8.299       0.1878
       8.307       0.2448
       8.314       0.3208
       8.322       0.3778
       8.337       0.3968
       8.345       0.3588
       8.352       0.3018
        8.36       0.2448
       8.367       0.1878
       8.375       0.1118
        8.39      0.03581
       8.397    -0.002192
       8.413      0.01681
        8.42       0.0548
       8.428       0.0928
       8.435       0.1498
       8.435       0.1118
       8.443       0.1688
       8.458       0.2068
       8.466       0.1878
       8.473       0.1878
       8.488       0.1878
       8.496       0.2068
       8.511       0.1308
       8.518       0.0738
       8.518    -0.002192
       8.526     -0.04019
       8.534      -0.1162
       8.541      -0.1732
       8.549      -0.2112
       8.556      -0.2492
       8.564      -0.3062
       8.571      -0.3632
       8.586      -0.4012
       8.594      -0.4012
       8.609      -0.3632
       8.624      -0.3062
       8.632      -0.2492
       8.639      -0.1732
       8.647     -0.07819
       8.655      0.01681
       8.662       0.1118
        8.67       0.2068
       8.677       0.3208
       8.685       0.3968
       8.692       0.4348
       8.707       0.4538
       8.715       0.4158
        8.73       0.3778
       8.738       0.3968
       8.753       0.3588
        8.76       0.2828
       8.768       0.1688
       8.776       0.0738
       8.776    -0.002192
       8.783     -0.02119
       8.791     -0.07819
       8.798      -0.1352
       8.806      -0.1732
       8.813      -0.2302
       8.821      -0.2492
       8.836      -0.2682
       8.844      -0.2682
       8.859      -0.2682
       8.866      -0.2682
       8.874      -0.2492
       8.881      -0.2302
       8.897      -0.1732
       8.912      -0.1162
       8.919     -0.05919
       8.927      0.01681
       8.934       0.1308
       8.942       0.2258
       8.949       0.2828
       8.965       0.3018
