     0.01186      0.03794
     0.01942      0.05601
     0.03455      0.07407
     0.04212      0.09214
     0.04968       0.1102
     0.05725       0.1463
     0.06481       0.1825
     0.07994       0.1825
     0.08751       0.1644
     0.09507       0.1644
      0.1102       0.1102
      0.1178       0.1102
      0.1329       0.1102
      0.1405       0.1102
      0.1556      0.09214
      0.1632      0.07407
      0.1707      0.07407
      0.1859     0.001807
      0.1934     -0.03433
      0.2085     -0.08853
      0.2161      -0.1066
      0.2312      -0.1427
      0.2388      -0.1608
      0.2539      -0.1969
      0.2615      -0.1969
      0.2766      -0.1789
      0.2918      -0.1066
      0.2993     -0.08853
      0.3145      -0.1066
       0.322      -0.1247
      0.3371      -0.1608
      0.3447      -0.1608
      0.3523      -0.1608
      0.3674      -0.1969
       0.375       -0.215
      0.3901      -0.1969
      0.3977      -0.1969
      0.4128      -0.1608
      0.4279      -0.1427
      0.4355      -0.1247
      0.4431      -0.1066
      0.4582     -0.05239
      0.4658     -0.03433
      0.4809      0.05601
      0.4884      0.09214
       0.496       0.1463
      0.5036       0.1644
      0.5111       0.1825
      0.5263       0.1644
      0.5338       0.1463
       0.549       0.1283
      0.5641      0.07407
      0.5792     0.001807
      0.5868     -0.01626
      0.6019     -0.01626
      0.6095     -0.01626
      0.6171     0.001807
      0.6246      0.03794
      0.6322      0.05601
      0.6397       0.1102
      0.6473       0.1463
      0.6549       0.1825
        0.67       0.2367
      0.6776       0.2367
      0.6851       0.2005
      0.6927       0.1463
      0.7003      0.09214
      0.7078      0.03794
      0.7154     -0.01626
       0.723     -0.03433
      0.7381     -0.07046
      0.7457     -0.07046
      0.7608      -0.1066
      0.7683      -0.1427
      0.7759      -0.1789
      0.7835       -0.215
      0.7986      -0.2511
      0.8062      -0.2692
      0.8137      -0.2511
      0.8289      -0.1969
      0.8364      -0.1608
       0.844      -0.1247
      0.8516     -0.07046
      0.8591     -0.01626
      0.8667      0.05601
      0.8743      0.09214
      0.8818       0.1283
       0.897       0.1825
      0.9045       0.1825
      0.9121       0.1644
      0.9196       0.1283
      0.9272      0.07407
      0.9348     -0.01626
      0.9423     -0.07046
      0.9499      -0.1247
      0.9575      -0.1789
       0.965       -0.215
      0.9802      -0.2692
      0.9877      -0.2692
       1.003      -0.2511
       1.018      -0.2331
       1.026      -0.2331
       1.033       -0.215
       1.048      -0.1969
       1.056      -0.1608
       1.071      -0.1247
       1.079     -0.08853
       1.086     -0.03433
       1.094     0.001807
       1.109      0.05601
       1.124       0.1102
       1.131       0.1283
       1.147       0.1463
       1.154       0.1644
       1.169       0.1825
       1.177       0.2005
       1.192       0.2367
         1.2       0.2547
       1.207       0.2728
       1.222       0.2728
        1.23       0.2728
       1.245       0.2728
       1.253       0.2728
        1.26       0.2909
       1.275       0.2909
       1.283       0.2909
       1.298       0.2909
       1.305       0.2909
       1.313       0.2909
       1.321       0.2547
       1.328       0.2186
       1.336       0.1825
       1.343       0.1463
       1.358       0.1102
       1.366      0.09214
       1.381      0.07407
       1.389      0.07407
       1.404      0.07407
       1.411      0.07407
       1.426      0.07407
       1.434      0.05601
       1.449      0.05601
       1.457      0.05601
       1.472      0.05601
       1.479      0.03794
       1.487     0.001807
       1.495     -0.01626
        1.51     -0.05239
       1.517     -0.05239
       1.532     -0.03433
       1.548     -0.03433
       1.555     -0.05239
        1.57     -0.05239
       1.585     -0.07046
       1.593     -0.08853
       1.608      -0.1066
       1.616      -0.1066
       1.631      -0.1066
       1.638     -0.08853
       1.653      -0.1066
       1.661      -0.1066
       1.676      -0.1247
       1.684      -0.1427
       1.691      -0.1247
       1.706      -0.1066
       1.714     -0.08853
       1.729     -0.07046
       1.737     -0.05239
       1.752     -0.01626
       1.759     -0.01626
       1.774     -0.01626
       1.782     -0.01626
        1.79     -0.01626
       1.805     -0.05239
       1.812     -0.05239
       1.827     -0.05239
       1.835     -0.03433
        1.85     -0.05239
       1.858     -0.07046
       1.873     -0.07046
        1.88     -0.05239
       1.888     -0.01626
       1.896      0.05601
       1.911      0.07407
       1.918      0.09214
       1.933      0.07407
       1.941      0.09214
       1.956       0.1102
       1.964       0.1283
       1.971       0.1463
       1.986       0.1463
       1.994       0.1283
       2.001      0.09214
       2.009      0.05601
       2.024      0.01987
       2.032      0.01987
       2.047      0.03794
       2.054      0.03794
       2.062      0.05601
       2.077      0.07407
       2.085      0.09214
       2.092       0.1283
         2.1       0.1644
       2.107       0.2186
       2.115       0.2728
       2.122        0.327
       2.138       0.3631
       2.145       0.3631
       2.153        0.327
        2.16       0.2909
       2.168       0.2547
       2.175       0.2005
       2.183       0.1644
       2.191       0.1283
       2.198      0.07407
       2.213     -0.01626
       2.221     -0.05239
       2.228     -0.08853
       2.236      -0.1247
       2.244      -0.1608
       2.251      -0.1969
       2.259      -0.2331
       2.274      -0.2873
       2.281      -0.2692
       2.289      -0.2511
       2.296      -0.1969
       2.304      -0.1427
       2.312     -0.08853
       2.319     -0.05239
       2.327     0.001807
       2.349     0.001807
       2.357     -0.01626
       2.365     -0.07046
       2.372      -0.1247
        2.38      -0.1789
       2.387       -0.215
       2.395      -0.2692
       2.402      -0.2873
       2.418      -0.3234
       2.425      -0.3234
       2.433      -0.3053
        2.44      -0.2873
       2.448      -0.2511
       2.455       -0.215
       2.463      -0.1789
        2.47      -0.1427
       2.478      -0.1066
       2.486     -0.07046
       2.493     -0.03433
       2.508     -0.01626
       2.523     -0.01626
       2.539     -0.03433
       2.546     -0.03433
       2.561     0.001807
       2.569     0.001807
       2.576     0.001807
       2.591     -0.01626
       2.599     -0.01626
       2.607     0.001807
       2.622     0.001807
       2.629      0.01987
       2.644      0.07407
        2.66      0.09214
       2.667      0.09214
       2.675       0.1102
       2.682       0.1463
        2.69       0.1825
       2.705       0.2186
       2.713       0.2186
       2.728       0.2547
       2.735       0.2728
       2.743       0.2909
       2.758       0.2547
       2.765       0.2005
       2.773       0.1644
       2.781       0.1283
       2.788      0.09214
       2.796      0.05601
       2.803     -0.01626
       2.811     -0.05239
       2.818     -0.07046
       2.834     -0.08853
       2.841     -0.08853
       2.849     -0.05239
       2.864     -0.01626
       2.879      0.03794
       2.887      0.05601
       2.902      0.03794
       2.909      0.03794
       2.917     0.001807
       2.924     0.001807
       2.939      0.03794
       2.947      0.05601
       2.962      0.07407
        2.97      0.07407
       2.985      0.07407
           3      0.03794
       3.008      0.01987
       3.023     0.001807
        3.03     0.001807
       3.038      0.03794
       3.053      0.07407
       3.061      0.09214
       3.068       0.1283
       3.076       0.1463
       3.091       0.1825
       3.098       0.1825
       3.106       0.2005
       3.121       0.2186
       3.129       0.2005
       3.144       0.1463
       3.151       0.1102
       3.159      0.07407
       3.166      0.05601
       3.182      0.01987
       3.189      0.05601
       3.204       0.1102
       3.212       0.1463
       3.227       0.1825
       3.235       0.2005
       3.242       0.2186
        3.25       0.2547
       3.257       0.2909
       3.272       0.3089
        3.28       0.2728
       3.287       0.2186
       3.295       0.1644
       3.303       0.1283
        3.31      0.09214
       3.325      0.05601
       3.333      0.05601
        3.34     -0.01626
       3.348      -0.1247
       3.356      -0.3234
       3.356      -0.5041
       3.363      -0.6486
       3.371      -0.8473
       3.371      -0.9557
       3.378      -0.9738
       3.393      -0.8835
       3.393      -0.9557
       3.401      -0.7931
       3.409      -0.6847
       3.416      -0.5583
       3.424      -0.4679
       3.431      -0.3595
       3.439      -0.2692
       3.446      -0.1969
       3.454      -0.1247
       3.461     -0.05239
       3.469     -0.01626
       3.477      0.01987
       3.492      0.05601
       3.507      0.05601
       3.522      0.01987
        3.53     0.001807
       3.537     -0.03433
       3.545     -0.07046
        3.56      -0.1247
       3.567      -0.1427
       3.575      -0.1427
        3.59     -0.08853
       3.598     -0.03433
       3.605      0.05601
       3.605     0.001807
       3.613      0.07407
       3.628      0.09214
       3.635       0.1102
       3.651       0.1283
       3.658       0.1463
       3.673      0.09214
       3.681      0.05601
       3.688      0.01987
       3.704     -0.01626
       3.711     -0.01626
       3.719     -0.01626
       3.734     -0.01626
       3.749     -0.01626
       3.764      0.05601
       3.772      0.09214
       3.779       0.1283
       3.787       0.1644
       3.802       0.2005
       3.809       0.2005
       3.825       0.2005
       3.832       0.2186
       3.847       0.2186
       3.855       0.2186
       3.862       0.2367
       3.878       0.2547
       3.885       0.2728
       3.893       0.2728
       3.908       0.2186
       3.923       0.1825
        3.93       0.1644
       3.938       0.1283
       3.953      0.09214
       3.961      0.07407
       3.976      0.03794
       3.983      0.01987
       3.999     0.001807
       4.006     0.001807
       4.021     0.001807
       4.029     0.001807
       4.044     -0.01626
       4.052     -0.01626
       4.067     -0.05239
       4.074     -0.03433
       4.089     0.001807
       4.097     0.001807
       4.112      0.05601
        4.12      0.07407
       4.127       0.1102
       4.135       0.1463
        4.15       0.1644
       4.157       0.1463
       4.173       0.1463
       4.188      0.09214
       4.195      0.05601
       4.203     0.001807
        4.21     -0.03433
       4.218     -0.07046
       4.226     -0.08853
       4.233      -0.1247
       4.241      -0.1427
       4.248      -0.1789
       4.263      -0.1969
       4.271      -0.1969
       4.286      -0.1789
       4.309      -0.2331
       4.316      -0.2331
       4.331       -0.215
       4.347       -0.215
       4.354       -0.215
       4.362      -0.1969
       4.369      -0.1789
       4.384      -0.1066
       4.392     -0.08853
       4.407     -0.07046
       4.415     -0.05239
       4.422     -0.01626
        4.43     0.001807
       4.445      0.01987
       4.452      0.03794
        4.46      0.05601
       4.475      0.09214
       4.483       0.1102
       4.505       0.1283
       4.513       0.1283
       4.528       0.1102
       4.536       0.1283
       4.551       0.1825
       4.558       0.1825
       4.566       0.2005
       4.581       0.1825
       4.589       0.1825
       4.604       0.1644
       4.611       0.1463
       4.626       0.1102
       4.634      0.09214
       4.642       0.1102
       4.657       0.1463
       4.664       0.1644
       4.679       0.1644
       4.687       0.1644
       4.695       0.1644
        4.71       0.1463
       4.717       0.1283
       4.732       0.1283
        4.74       0.1463
       4.755       0.1825
       4.763       0.2005
       4.778       0.2186
       4.785       0.2186
         4.8       0.2186
       4.808       0.2186
       4.823       0.2005
       4.838       0.1644
       4.846       0.1283
       4.853      0.09214
       4.861      0.05601
       4.876     0.001807
       4.884     -0.03433
       4.899     -0.08853
       4.906      -0.1066
       4.921      -0.1427
       4.929      -0.1427
       4.944      -0.1608
       4.952      -0.1427
       4.967      -0.1247
       4.974      -0.1066
        4.99     -0.07046
       4.997     -0.05239
       5.012     -0.03433
       5.027     -0.03433
       5.035     -0.01626
        5.05     -0.03433
       5.058     -0.07046
       5.073      -0.1427
        5.08      -0.1789
       5.088      -0.2511
       5.095      -0.3053
       5.103      -0.3415
       5.118      -0.3595
       5.126      -0.3415
       5.133      -0.3053
       5.141      -0.2873
       5.148      -0.2331
       5.156      -0.1789
       5.164      -0.1247
       5.171     -0.08853
       5.179     -0.05239
       5.194     -0.03433
       5.201     -0.03433
       5.209     -0.01626
       5.224     0.001807
       5.232     0.001807
       5.247     0.001807
       5.254     0.001807
       5.262      0.05601
       5.277      0.09214
       5.285      0.09214
       5.292      0.09214
       5.307      0.03794
       5.315      0.01987
        5.33      0.03794
       5.338      0.05601
       5.353      0.09214
        5.36       0.1102
       5.375       0.1283
       5.383       0.1283
       5.398      0.09214
       5.406      0.09214
       5.421      0.07407
       5.428      0.05601
       5.443      0.03794
       5.451      0.05601
       5.459       0.1102
       5.466       0.1644
       5.474       0.2005
       5.489       0.2547
       5.496       0.2547
       5.504       0.2547
       5.519       0.2005
       5.534       0.1463
       5.542       0.1102
       5.549      0.07407
       5.557      0.05601
       5.565     0.001807
       5.572     -0.01626
        5.58     -0.05239
       5.587     -0.08853
       5.595      -0.1247
        5.61      -0.1608
       5.617      -0.1789
       5.633      -0.1427
       5.648      -0.1247
       5.655      -0.1066
        5.67     -0.08853
       5.686     -0.05239
       5.693     -0.05239
       5.708     -0.03433
       5.716     -0.01626
       5.731     -0.01626
       5.739     -0.01626
       5.754     -0.03433
       5.761     -0.05239
       5.776     -0.08853
       5.784      -0.1066
       5.799      -0.1066
       5.814      -0.1247
       5.822      -0.1427
       5.829      -0.1789
       5.837      -0.1969
       5.852       -0.215
        5.86      -0.1969
       5.875      -0.1789
       5.882      -0.1608
        5.89      -0.1247
       5.905     -0.07046
       5.912     -0.05239
       5.928     0.001807
       5.935     0.001807
       5.943      0.03794
        5.95      0.03794
       5.958      0.05601
       5.973      0.09214
       5.988       0.1463
       5.996       0.1644
       6.011       0.1825
       6.018       0.1825
       6.034       0.2005
       6.041       0.2186
       6.056       0.2547
       6.064       0.2547
       6.079       0.2547
       6.086       0.2547
       6.094       0.2909
       6.109       0.3451
       6.124       0.3993
       6.132       0.3812
       6.139       0.3812
       6.155       0.3451
       6.162        0.327
       6.177       0.2728
       6.185       0.2367
       6.192       0.1825
         6.2       0.1463
       6.208       0.1102
       6.215      0.07407
       6.223      0.05601
        6.23     -0.01626
       6.238     -0.05239
       6.245     -0.07046
        6.26     -0.05239
       6.268     -0.01626
       6.283      0.05601
       6.291      0.07407
       6.298       0.1102
       6.306       0.1463
       6.313       0.1825
       6.321       0.2005
       6.329       0.2367
       6.336       0.2728
       6.351       0.2728
       6.359       0.2367
       6.366       0.1644
       6.374      0.09214
       6.382      0.05601
       6.382     0.001807
       6.389     -0.01626
       6.397     -0.07046
       6.404      -0.1066
       6.412      -0.1427
       6.419      -0.1789
       6.427       -0.215
       6.434      -0.2511
        6.45      -0.2873
       6.457      -0.3053
       6.472      -0.3053
        6.48      -0.3053
       6.495      -0.3053
       6.503      -0.3053
        6.51      -0.2873
       6.525      -0.2511
       6.533      -0.2511
       6.548      -0.2511
       6.563      -0.2873
       6.571      -0.3053
       6.586      -0.3053
       6.593      -0.3053
       6.608      -0.3053
       6.616      -0.2873
       6.639      -0.2692
       6.646      -0.2511
       6.669      -0.1789
       6.677      -0.1608
       6.692      -0.1066
       6.699     -0.08853
       6.714     -0.05239
        6.73     -0.03433
       6.737     -0.03433
       6.745     -0.01626
        6.76     0.001807
       6.767      0.03794
       6.775      0.05601
        6.79       0.1283
       6.798       0.1644
       6.813       0.2005
        6.82       0.2186
       6.835       0.2186
       6.843       0.2186
       6.858       0.2005
       6.866       0.1825
       6.881       0.1463
       6.888       0.1463
       6.903       0.1644
       6.911       0.1644
       6.926       0.1283
       6.934       0.1102
       6.949      0.09214
       6.956       0.1102
       6.972       0.1463
       6.979       0.1825
       6.987       0.2186
       6.994       0.2367
       7.009       0.2728
       7.017       0.2728
       7.025       0.2909
        7.04       0.2728
       7.047       0.2367
       7.062       0.1825
        7.07       0.1463
       7.077       0.1102
       7.093      0.07407
         7.1      0.05601
       7.115      0.01987
       7.123     0.001807
       7.138     0.001807
       7.146     0.001807
       7.153      0.05601
       7.168      0.09214
       7.176      0.09214
       7.191      0.09214
       7.206      0.09214
       7.214      0.09214
       7.229      0.05601
       7.236      0.01987
       7.251     -0.03433
       7.259     -0.03433
       7.274     -0.05239
       7.282     -0.07046
       7.289      -0.1066
       7.297      -0.1427
       7.304      -0.1608
       7.312      -0.1608
       7.327      -0.1969
       7.335       -0.215
        7.35      -0.2511
       7.357      -0.2692
       7.373      -0.2511
       7.388      -0.1969
       7.395      -0.1789
       7.403      -0.1247
        7.41     -0.08853
       7.418     -0.05239
       7.425     -0.01626
       7.433      0.03794
       7.433     0.001807
       7.441      0.07407
       7.456      0.09214
       7.463      0.09214
       7.471      0.09214
       7.486      0.05601
       7.494      0.05601
       7.509      0.01987
       7.516     0.001807
       7.524      0.03794
       7.531      0.05601
       7.539      0.09214
       7.547       0.1102
       7.562       0.1825
       7.569       0.2005
       7.584       0.2005
       7.592       0.2005
       7.607       0.2005
       7.615       0.2005
        7.63       0.1463
       7.637       0.1102
       7.645      0.09214
        7.66      0.05601
       7.668      0.03794
       7.683      0.03794
        7.69      0.03794
       7.705      0.05601
       7.713      0.07407
       7.721       0.1283
       7.728       0.2005
       7.736       0.2547
       7.743        0.327
       7.751       0.3631
       7.758       0.3993
       7.773       0.3993
       7.781       0.3812
       7.789       0.3451
       7.796       0.3089
       7.804       0.2547
       7.811       0.1825
       7.819      0.09214
       7.826      0.03794
       7.826     -0.01626
       7.834     -0.07046
       7.842      -0.1427
       7.849      -0.1969
       7.857      -0.2511
       7.864      -0.3053
       7.872      -0.3595
       7.879      -0.3957
       7.902      -0.4137
        7.91      -0.3957
       7.917      -0.3595
       7.925      -0.3234
       7.932      -0.2692
        7.94      -0.2511
       7.955      -0.2331
       7.963      -0.2511
       7.978      -0.2511
       7.993      -0.2692
           8      -0.2692
       8.016       -0.215
       8.023      -0.1789
       8.038      -0.1608
       8.046      -0.1608
       8.053      -0.1427
       8.068      -0.1066
       8.076     -0.08853
       8.091     -0.07046
       8.099     -0.07046
       8.114     -0.05239
       8.129     -0.05239
       8.137     -0.05239
       8.152     -0.03433
       8.159     -0.03433
       8.174     -0.05239
       8.182     -0.05239
       8.197     -0.03433
       8.212     -0.03433
        8.22     -0.03433
       8.227     -0.01626
       8.242      0.05601
        8.25      0.09214
       8.258       0.1463
       8.265       0.2005
       8.273       0.2547
        8.28       0.2728
       8.288       0.2728
       8.303       0.2186
       8.311       0.2005
       8.326       0.1644
       8.333       0.1644
       8.341       0.1644
       8.356       0.1102
       8.364      0.09214
       8.379      0.05601
       8.386      0.05601
       8.401      0.09214
       8.409       0.1102
       8.424       0.1283
       8.432       0.1283
       8.447       0.1102
       8.454       0.1102
       8.462       0.1283
       8.477       0.1644
       8.492       0.2367
       8.507       0.2728
       8.522       0.3089
        8.53       0.3089
       8.538       0.3089
       8.553       0.2728
        8.56       0.2367
       8.568       0.2005
       8.575       0.1825
       8.583       0.1283
        8.59      0.09214
       8.598      0.05601
       8.606      0.01987
       8.613     0.001807
       8.628     -0.03433
       8.636     -0.03433
       8.651     -0.05239
       8.659     -0.05239
       8.674     -0.03433
       8.681     -0.01626
       8.696     -0.03433
       8.704     -0.03433
       8.719     -0.01626
       8.727     0.001807
       8.734      0.05601
       8.742      0.09214
       8.749       0.1283
       8.757       0.1463
       8.772       0.1283
        8.78       0.1283
       8.795      0.09214
       8.802      0.05601
        8.81     -0.01626
       8.817     -0.08853
       8.825      -0.1427
       8.833      -0.1789
        8.84       -0.215
       8.848      -0.2511
       8.863      -0.2873
        8.87      -0.3234
       8.886      -0.3595
       8.893      -0.3776
       8.908      -0.3957
       8.916      -0.3595
       8.923      -0.3415
       8.931      -0.3053
       8.938      -0.2692
       8.946       -0.215
       8.954      -0.1608
       8.961      -0.1247
       8.969     -0.07046
       8.976     -0.01626
