     0.01181      -0.1483
     0.01937      -0.2041
     0.02693      -0.2227
     0.04205      -0.2413
      0.0496      -0.2227
     0.05716      -0.2041
     0.07228      -0.1297
     0.07984      -0.1111
      0.0874     -0.07394
     0.09496     -0.03674
      0.1101      0.03767
      0.1176      0.05627
      0.1252      0.07487
      0.1403      0.05627
      0.1479      0.05627
       0.163     0.000465
      0.1705     -0.01814
      0.1857     -0.03674
      0.2008     -0.05534
      0.2083     -0.05534
      0.2159     -0.03674
       0.231     0.000465
      0.2386     0.000465
      0.2537      0.03767
      0.2612      0.03767
      0.2688      0.05627
      0.2839      0.07487
      0.2915      0.07487
       0.299      0.09347
      0.3142      0.09347
      0.3217      0.09347
      0.3368       0.1307
       0.352       0.1307
      0.3595       0.1121
      0.3746      0.05627
      0.3822     0.000465
      0.3897     -0.03674
      0.4049     -0.07394
      0.4124      -0.1111
      0.4275      -0.1483
      0.4351      -0.1855
      0.4502      -0.2041
      0.4578      -0.1855
      0.4653      -0.1483
      0.4729      -0.1297
      0.4804     -0.09254
       0.488     -0.07394
      0.4956     -0.03674
      0.5031     0.000465
      0.5107      0.05627
      0.5182      0.07487
      0.5334       0.1307
      0.5409       0.1493
       0.556       0.1493
      0.5636       0.1307
      0.5712       0.1307
      0.5863      0.09347
      0.5938      0.09347
      0.6014      0.09347
      0.6165      0.07487
      0.6241      0.07487
      0.6392      0.07487
      0.6467      0.07487
      0.6543      0.09347
      0.6694       0.1121
       0.677      0.09347
      0.6845      0.09347
      0.6996      0.05627
      0.7072      0.05627
      0.7223     0.000465
      0.7299     0.000465
       0.745     -0.03674
      0.7526     -0.05534
      0.7677     -0.05534
      0.7752     -0.05534
      0.7904     -0.05534
      0.7979     -0.05534
       0.813     -0.03674
      0.8206     -0.01814
      0.8357     0.000465
      0.8433     0.000465
      0.8584     0.000465
      0.8659     0.000465
      0.8811     0.000465
      0.8886     0.000465
      0.9037     0.000465
      0.9188     -0.03674
      0.9264     -0.07394
      0.9415      -0.1111
      0.9491      -0.1111
      0.9718     -0.09254
      0.9793     -0.09254
      0.9944     -0.05534
       1.002     -0.03674
       1.017     -0.03674
       1.025     -0.01814
        1.04      0.03767
       1.047      0.05627
       1.062      0.09347
        1.07       0.1121
       1.078       0.1307
       1.093       0.1307
         1.1       0.1493
       1.115       0.1307
       1.123       0.1307
       1.138      0.09347
       1.146      0.07487
       1.161      0.01907
       1.168     -0.01814
       1.176     -0.03674
       1.183     -0.07394
       1.191      -0.1111
       1.199      -0.1297
       1.206      -0.1669
       1.214      -0.1855
       1.229      -0.1483
       1.244     -0.09254
       1.251     -0.07394
       1.267     -0.01814
       1.274     0.000465
       1.289     0.000465
       1.297      0.03767
       1.304      0.05627
       1.319       0.1121
       1.327       0.1307
       1.342       0.1679
        1.35       0.1679
       1.357       0.1679
       1.372       0.1493
        1.38       0.1307
       1.395      0.09347
       1.403      0.07487
       1.418      0.07487
       1.425      0.09347
        1.44      0.05627
       1.448     0.000465
       1.456     -0.03674
       1.471     -0.07394
       1.478      -0.1111
       1.486      -0.1111
       1.501      -0.1297
       1.508      -0.1483
       1.516      -0.1297
       1.531     -0.07394
       1.539     -0.05534
       1.554     -0.03674
       1.561     -0.03674
       1.569     -0.01814
       1.584     0.000465
       1.592     0.000465
       1.607      0.03767
       1.614      0.05627
       1.629       0.1121
       1.637       0.1307
       1.644       0.1679
       1.652       0.1679
       1.667       0.1865
       1.675       0.1865
        1.69       0.1493
       1.697       0.1307
       1.705       0.1307
        1.72      0.09347
       1.728      0.05627
       1.743     0.000465
       1.758      0.03767
       1.773      0.09347
       1.788       0.1307
       1.796       0.1307
       1.803       0.1307
       1.818      0.09347
       1.826      0.05627
       1.841     0.000465
       1.849     -0.01814
       1.864     -0.03674
       1.879     -0.07394
       1.886      -0.1111
       1.901      -0.1669
       1.909      -0.2041
       1.917      -0.2413
       1.924      -0.2599
       1.939      -0.2599
       1.947      -0.2413
        1.97      -0.2041
       1.977      -0.2041
       1.992      -0.2041
           2      -0.1855
       2.015      -0.1483
       2.022      -0.1297
       2.038      -0.1297
       2.045      -0.1111
        2.06     -0.09254
       2.068     -0.05534
       2.075     -0.03674
        2.09      0.03767
       2.098      0.05627
       2.113      0.09347
       2.121       0.1307
       2.128       0.1493
       2.143       0.2051
       2.151       0.2237
       2.174       0.2423
       2.189       0.2237
       2.196       0.2051
       2.211       0.1865
       2.219       0.1865
       2.234       0.1493
       2.242       0.1307
       2.249      0.09347
       2.264      0.05627
       2.272      0.03767
       2.287      0.05627
       2.302      0.07487
        2.31      0.07487
       2.325      0.07487
        2.34      0.03767
       2.347     0.000465
       2.355     0.000465
        2.37     -0.01814
       2.378     -0.01814
       2.385     0.000465
         2.4      0.01907
       2.408      0.01907
       2.423     0.000465
       2.431     0.000465
       2.446     0.000465
       2.453      0.01907
       2.461      0.05627
       2.468      0.07487
       2.476       0.1121
       2.483       0.1121
       2.491       0.1307
       2.506      0.09347
       2.514      0.05627
       2.521      0.01907
       2.536     -0.01814
       2.544     -0.03674
       2.552     -0.07394
       2.559     -0.09254
       2.574      -0.1297
       2.582      -0.1111
       2.597     -0.07394
       2.604     -0.05534
        2.62     -0.01814
       2.627     -0.01814
       2.642     -0.05534
        2.65     -0.07394
       2.665      -0.1111
       2.672      -0.1297
       2.688      -0.1669
       2.695      -0.1669
       2.703      -0.1483
        2.71      -0.1111
       2.718     -0.07394
       2.725     -0.03674
       2.733     0.000465
       2.748      0.03767
       2.756      0.05627
       2.771      0.05627
       2.778      0.05627
       2.793      0.05627
       2.801      0.07487
       2.816      0.09347
       2.824       0.1121
       2.839       0.1121
       2.846       0.1121
       2.854       0.1307
       2.869       0.1493
       2.877       0.1493
       2.884       0.1121
       2.899      0.07487
       2.907      0.03767
       2.922     0.000465
       2.929     0.000465
       2.945     0.000465
       2.952     0.000465
       2.975      0.03767
       2.982      0.05627
       2.997      0.07487
       3.005      0.05627
       3.013      0.05627
       3.028     0.000465
       3.035     -0.03674
       3.043     -0.07394
        3.05     -0.09254
       3.066      -0.1111
       3.073     -0.09254
       3.088     -0.05534
       3.096     -0.01814
       3.103      0.01907
       3.111      0.05627
       3.118      0.09347
       3.134       0.1121
       3.141       0.1307
       3.156       0.1307
       3.171       0.1121
       3.186       0.1121
       3.194       0.1121
       3.209       0.1121
       3.217       0.1121
       3.232      0.09347
       3.239       0.1121
       3.254       0.1121
       3.262       0.1121
       3.277      0.07487
       3.285      0.05627
       3.292      0.01907
         3.3     0.000465
       3.315     -0.01814
       3.323     0.000465
       3.338      0.03767
       3.345      0.05627
       3.368      0.05627
       3.375      0.05627
       3.391      0.01907
       3.398     0.000465
       3.413     -0.05534
       3.428      -0.1111
       3.436      -0.1483
       3.451      -0.2041
       3.459      -0.2041
       3.466      -0.1855
       3.481      -0.1483
       3.489      -0.1483
       3.496      -0.1297
       3.511      -0.1111
       3.519      -0.1111
       3.534      -0.1111
       3.542     -0.09254
       3.557      -0.1111
       3.564      -0.1111
       3.572     -0.09254
       3.587     -0.05534
       3.595     -0.03674
        3.61     0.000465
       3.617     0.000465
       3.632     0.000465
        3.64     0.000465
       3.655      0.01907
       3.663      0.05627
       3.678      0.09347
       3.685      0.09347
         3.7      0.09347
       3.716      0.03767
       3.723     0.000465
       3.731     -0.01814
       3.746     -0.05534
       3.753     -0.07394
       3.768     -0.07394
       3.776     -0.07394
       3.791     -0.03674
       3.806     0.000465
       3.814      0.05627
       3.821      0.09347
       3.829       0.1307
       3.836       0.1679
       3.844       0.1865
       3.859       0.2051
       3.867       0.2051
       3.882       0.2051
       3.897       0.1493
       3.905       0.1121
        3.92      0.05627
       3.927      0.05627
       3.942      0.01907
        3.95     0.000465
       3.973     -0.01814
        3.98     0.000465
       3.988      0.01907
       4.003      0.07487
        4.01      0.09347
       4.025       0.1307
       4.033       0.1307
       4.041       0.1493
       4.056       0.1121
       4.063      0.07487
       4.078      0.03767
       4.086      0.01907
       4.101     -0.03674
       4.109     -0.05534
       4.124     -0.09254
       4.131     -0.07394
       4.146     -0.05534
       4.154     -0.03674
       4.169     0.000465
       4.184     0.000465
       4.199      0.03767
       4.214      0.03767
       4.222      0.01907
       4.237     -0.03674
       4.245     -0.07394
       4.252     -0.09254
       4.267      -0.1111
       4.275     -0.09254
       4.282     -0.07394
       4.298     -0.03674
       4.313     0.000465
        4.32     0.000465
       4.335     0.000465
        4.35     -0.01814
       4.358     -0.03674
       4.366     -0.03674
       4.381     -0.03674
       4.388     -0.01814
       4.403     -0.01814
       4.411     -0.03674
       4.426     -0.07394
       4.434      -0.1111
       4.449      -0.1111
       4.464     -0.07394
       4.479     0.000465
       4.487      0.03767
       4.502      0.07487
       4.509      0.09347
       4.517       0.1121
       4.532       0.1679
       4.539       0.1865
       4.555       0.1679
       4.562       0.1493
       4.577       0.1121
       4.585       0.1121
         4.6      0.09347
       4.607       0.1121
       4.623       0.1121
        4.63      0.09347
       4.645      0.09347
       4.653      0.09347
        4.66      0.09347
       4.676      0.07487
       4.683      0.07487
       4.698      0.03767
       4.706     0.000465
       4.721     -0.03674
       4.728     -0.05534
       4.744     -0.07394
       4.766      -0.1111
       4.774      -0.1297
       4.789      -0.1483
       4.796      -0.1483
       4.812      -0.1297
       4.827     -0.09254
       4.834     -0.05534
       4.849     -0.01814
       4.864      0.03767
       4.872      0.05627
       4.887      0.05627
       4.895      0.07487
        4.91      0.09347
       4.925      0.07487
       4.932      0.07487
       4.948      0.09347
       4.955       0.1121
        4.97       0.1121
       4.978      0.07487
       4.993     0.000465
       5.001     -0.01814
       5.016     -0.07394
       5.023     -0.09254
       5.038      -0.1297
       5.046      -0.1483
       5.061      -0.1855
       5.069      -0.1855
       5.084      -0.1855
       5.091      -0.1669
       5.106      -0.1297
       5.114      -0.1111
       5.129     -0.05534
       5.137     -0.05534
       5.144     -0.03674
       5.159     -0.03674
       5.167     -0.01814
       5.182      0.05627
       5.189      0.07487
       5.197       0.1121
       5.205       0.1493
        5.22       0.1679
       5.227       0.1679
       5.242       0.1493
        5.25       0.1679
       5.265       0.1865
       5.273       0.2051
       5.288       0.2051
       5.295       0.2051
       5.303       0.2051
       5.318       0.1865
       5.326       0.1679
       5.341       0.1307
       5.348      0.09347
       5.363      0.07487
       5.378      0.03767
       5.394     0.000465
       5.409     0.000465
       5.416      0.05627
       5.424      0.07487
       5.431       0.1121
       5.439       0.1493
       5.454      0.09347
       5.462      0.05627
       5.469     0.000465
       5.477     -0.03674
       5.492     -0.09254
       5.499      -0.1297
       5.507      -0.1669
       5.515      -0.1855
        5.53      -0.2227
       5.537      -0.2227
       5.552      -0.2041
       5.567      -0.1483
       5.583     -0.09254
        5.59     -0.07394
       5.605     -0.07394
       5.613     -0.07394
       5.628     -0.07394
       5.635     -0.07394
       5.643     -0.07394
       5.658     -0.05534
       5.666     -0.03674
       5.673      0.01907
       5.681      0.07487
       5.688       0.1121
       5.696       0.1493
       5.703       0.1865
       5.719       0.2423
       5.726       0.2423
       5.734       0.2423
       5.741       0.2051
       5.749       0.1679
       5.756       0.1307
       5.764      0.07487
       5.772      0.01907
       5.779     0.000465
       5.794     -0.01814
       5.802     -0.01814
       5.817     -0.01814
       5.824     -0.01814
        5.84     -0.01814
       5.847     0.000465
       5.862     0.000465
        5.87     0.000465
       5.877      0.01907
       5.892      0.05627
         5.9      0.07487
       5.908       0.1121
       5.923       0.1307
        5.93       0.1307
       5.945      0.09347
       5.953      0.07487
       5.968      0.03767
       5.976      0.03767
       5.991      0.03767
       5.998      0.03767
       6.013      0.03767
       6.021     0.000465
       6.029     -0.01814
       6.044     -0.05534
       6.051     -0.09254
       6.066      -0.1111
       6.074      -0.1111
       6.081     -0.09254
       6.097     -0.07394
       6.104     -0.05534
       6.119     -0.03674
       6.127     -0.01814
       6.142     -0.03674
       6.149     -0.03674
       6.165     -0.03674
       6.172     -0.03674
        6.18     -0.03674
       6.195     -0.05534
       6.202     -0.05534
       6.217     -0.03674
       6.233     -0.03674
        6.24     -0.01814
       6.255     -0.01814
       6.263     0.000465
       6.278     0.000465
       6.285     0.000465
       6.301     -0.03674
       6.308     -0.05534
       6.316     -0.05534
       6.331     -0.03674
       6.338     -0.01814
       6.354     0.000465
       6.369      0.05627
       6.384      0.09347
       6.391      0.09347
       6.406      0.07487
       6.414      0.07487
       6.429      0.05627
       6.437      0.05627
       6.444      0.07487
       6.459      0.05627
       6.467      0.05627
       6.474      0.07487
        6.49      0.09347
       6.497       0.1121
       6.512       0.1307
        6.52       0.1307
       6.535       0.1493
        6.55       0.1493
       6.565       0.1493
        6.58       0.1121
       6.588      0.09347
       6.603      0.03767
       6.611     0.000465
       6.626     0.000465
       6.641     0.000465
       6.648     -0.01814
       6.663     -0.03674
       6.679     -0.09254
       6.686      -0.1111
       6.694      -0.1111
       6.709      -0.1111
       6.716     -0.09254
       6.731     -0.05534
       6.739     -0.03674
       6.747     -0.01814
       6.762     0.000465
       6.769     0.000465
       6.777      0.03767
       6.784      0.03767
       6.799      0.03767
       6.807      0.03767
       6.822      0.03767
        6.83      0.03767
       6.845      0.01907
       6.852      0.01907
       6.868      0.01907
       6.875      0.03767
       6.883      0.05627
       6.898      0.09347
       6.905       0.1121
       6.913       0.1493
        6.92       0.1679
       6.928       0.2051
       6.936       0.2237
       6.951       0.2051
       6.966       0.1307
       6.973      0.09347
       6.981      0.05627
       6.981     0.000465
       6.988     -0.01814
       6.996     -0.07394
       7.004      -0.1297
       7.011      -0.1669
       7.019      -0.1855
       7.034      -0.2041
       7.041      -0.2041
       7.049      -0.1855
       7.064      -0.1483
       7.079     -0.09254
       7.087     -0.05534
       7.102     -0.01814
       7.109     -0.01814
       7.117     0.000465
       7.132     -0.01814
        7.14     -0.01814
       7.162     0.000465
       7.177     -0.01814
       7.185     -0.01814
       7.193     -0.01814
       7.208     -0.05534
       7.215     -0.09254
        7.23      -0.1111
       7.238      -0.1111
       7.253     -0.09254
       7.261     -0.07394
       7.268     -0.05534
       7.283     -0.03674
       7.291     -0.03674
       7.306     -0.01814
       7.321     0.000465
       7.329     0.000465
       7.344      0.01907
       7.359      0.01907
       7.374      0.05627
       7.382       0.1121
       7.389       0.1679
       7.397       0.2051
       7.404       0.2423
       7.412       0.2609
       7.427       0.2609
       7.434       0.2609
        7.45       0.2051
       7.465       0.1679
       7.472       0.1493
       7.487       0.1121
       7.495      0.09347
        7.51      0.07487
       7.518      0.07487
       7.533      0.09347
       7.548      0.09347
       7.555      0.07487
       7.563      0.05627
        7.57      0.01907
       7.586     -0.03674
       7.593     -0.07394
       7.608      -0.1111
       7.616      -0.1111
       7.631     -0.07394
       7.638     -0.05534
       7.654     -0.05534
       7.661     -0.05534
       7.676     -0.09254
       7.684      -0.1111
       7.699      -0.1111
       7.707     -0.09254
       7.714     -0.07394
       7.729     -0.07394
       7.737     -0.07394
       7.759     -0.07394
       7.767     -0.05534
       7.782     -0.03674
        7.79     -0.01814
       7.805     -0.03674
       7.812     -0.03674
        7.82     -0.01814
       7.835     0.000465
       7.843      0.05627
       7.858      0.09347
       7.865       0.1121
       7.873       0.1307
       7.888       0.1307
       7.895       0.1121
       7.911       0.1121
       7.918       0.1121
       7.933      0.07487
       7.941      0.07487
       7.956      0.03767
       7.964      0.03767
       7.979      0.01907
       7.994     0.000465
       8.009     0.000465
       8.016     0.000465
       8.032     0.000465
       8.039     0.000465
       8.054     0.000465
       8.062     0.000465
       8.077     0.000465
       8.084     0.000465
       8.092      0.03767
       8.107      0.05627
       8.115      0.05627
       8.122      0.05627
       8.137      0.05627
       8.145      0.05627
        8.16      0.05627
       8.168      0.03767
       8.175     0.000465
       8.183     -0.01814
       8.198     -0.01814
       8.205     -0.01814
       8.221     -0.01814
       8.228     -0.01814
       8.236     0.000465
       8.251     0.000465
       8.258     0.000465
       8.273     0.000465
       8.289     -0.03674
       8.296     -0.05534
       8.304     -0.05534
       8.319     -0.07394
       8.326     -0.07394
       8.341     -0.03674
       8.349     -0.01814
       8.364      0.03767
       8.372      0.05627
       8.387      0.05627
       8.394      0.03767
       8.402     0.000465
       8.409     0.000465
       8.425     0.000465
       8.432     0.000465
        8.44     0.000465
       8.455     0.000465
       8.462     0.000465
       8.485     0.000465
       8.493     0.000465
       8.508      0.01907
       8.515      0.03767
       8.523      0.05627
       8.538      0.05627
       8.546      0.03767
       8.561     0.000465
       8.568     -0.01814
       8.583     -0.03674
       8.598     -0.05534
       8.606     -0.05534
       8.621     -0.01814
       8.636     -0.01814
       8.644     -0.01814
       8.651     -0.01814
       8.666     -0.03674
       8.674     -0.03674
       8.682     -0.01814
       8.697      0.01907
       8.704      0.05627
       8.712      0.09347
       8.727      0.09347
       8.735      0.09347
        8.75      0.05627
       8.765     0.000465
       8.772     0.000465
       8.787     -0.01814
       8.795     -0.01814
        8.81     -0.01814
       8.818     -0.01814
       8.833     -0.01814
        8.84     -0.01814
       8.855     0.000465
       8.863     0.000465
       8.871      0.05627
       8.886      0.07487
       8.893      0.07487
       8.908      0.03767
       8.916      0.03767
       8.931      0.05627
       8.946      0.07487
       8.961      0.07487
       8.976      0.05627
