     0.01181    -0.005115
     0.04205     -0.02444
      0.0496    -0.005115
     0.05716      0.03353
     0.06472      0.05286
     0.07984      0.07218
      0.0874       0.0915
      0.1025      0.05286
      0.1101     -0.02444
      0.1176      -0.1017
      0.1252      -0.1597
      0.1327      -0.2177
      0.1403      -0.2756
      0.1479      -0.3143
       0.163      -0.3336
      0.1705      -0.3143
      0.1781      -0.2563
      0.1857      -0.1984
      0.1932      -0.1404
      0.2008     -0.08241
      0.2083     -0.04376
      0.2235      0.03353
       0.231      0.07218
      0.2461      0.07218
      0.2537      0.07218
      0.2688    -0.005115
      0.2764     -0.02444
      0.2915     -0.04376
      0.3066     -0.06309
      0.3142     -0.08241
      0.3217     -0.08241
      0.3368     -0.06309
      0.3444     -0.02444
       0.352      0.05286
       0.352    -0.005115
      0.3595      0.07218
      0.3671       0.1302
      0.3746       0.1495
      0.3822       0.1881
      0.3897       0.2268
      0.4049       0.2654
      0.4124       0.2654
        0.42       0.2074
      0.4275       0.1688
      0.4351       0.1108
      0.4502      0.07218
      0.4578      0.07218
      0.4653       0.0915
      0.4804       0.0915
       0.488      0.05286
      0.4956      0.01421
      0.5031     -0.04376
      0.5107      -0.1017
      0.5182      -0.1404
      0.5258       -0.179
      0.5334      -0.2177
      0.5409      -0.2563
      0.5485       -0.295
       0.556      -0.3336
      0.5636      -0.3529
      0.5787      -0.3916
      0.5863      -0.3916
      0.5938      -0.3723
      0.6014      -0.3143
      0.6089       -0.237
      0.6165      -0.1404
      0.6241     -0.06309
      0.6316     -0.02444
      0.6392      0.05286
      0.6467      0.07218
      0.6619       0.0915
      0.6694       0.1302
       0.677       0.1881
      0.6845       0.2461
      0.6921       0.3041
      0.6996        0.362
      0.7072         0.42
      0.7148       0.4587
      0.7223        0.478
      0.7299       0.4973
       0.745        0.478
      0.7526       0.4393
      0.7601       0.3814
      0.7677       0.3234
      0.7752       0.2461
      0.7828       0.1688
      0.7904       0.0915
      0.7979      0.05286
      0.7979    -0.005115
      0.8055     -0.02444
      0.8206     -0.08241
      0.8281      -0.1017
      0.8433      -0.1597
      0.8508      -0.1984
      0.8659       -0.237
      0.8735      -0.2177
      0.8811      -0.1984
      0.8886      -0.1597
      0.8962      -0.1211
      0.9037     -0.08241
      0.9113     -0.04376
      0.9264      0.05286
       0.934       0.0915
      0.9415       0.1495
      0.9491       0.2074
      0.9566       0.2654
      0.9642       0.3041
      0.9718       0.3427
      0.9869        0.362
      0.9944       0.3427
       1.002       0.3041
        1.01       0.2268
       1.017       0.1108
       1.025      0.01421
       1.032      -0.1017
        1.04      -0.2177
       1.047       -0.295
       1.055      -0.3529
       1.062      -0.3916
        1.07      -0.3723
       1.085      -0.3143
       1.093      -0.2756
         1.1      -0.2177
       1.108       -0.179
       1.115      -0.1404
       1.123      -0.1017
        1.13     -0.06309
       1.138    -0.005115
       1.146      0.03353
       1.161      0.07218
       1.168       0.1108
       1.176       0.1495
       1.191       0.1881
       1.199       0.2074
       1.214       0.2074
       1.221       0.1688
       1.229       0.1108
       1.236      0.07218
       1.244      0.05286
       1.259    -0.005115
       1.267     -0.04376
       1.274      -0.1017
       1.282       -0.179
       1.289      -0.2756
       1.297      -0.3336
       1.304      -0.3529
       1.319      -0.3529
       1.327      -0.3336
       1.342      -0.2756
        1.35       -0.237
       1.357       -0.179
       1.365      -0.1211
       1.372     -0.06309
        1.38      0.03353
        1.38    -0.005115
       1.387      0.05286
       1.403       0.1302
        1.41       0.1688
       1.418       0.2074
       1.425       0.2461
        1.44       0.2654
       1.448       0.2461
       1.456       0.2461
       1.471       0.2268
       1.478       0.2074
       1.493       0.1495
       1.501       0.1108
       1.508       0.0915
       1.516      0.05286
       1.531    -0.005115
       1.539    -0.005115
       1.554      0.01421
       1.561      0.05286
       1.576       0.1108
       1.584       0.1302
       1.599       0.1688
       1.607       0.1688
       1.622       0.1108
       1.629       0.1108
       1.644      0.05286
       1.652      0.01421
        1.66     -0.02444
       1.667     -0.08241
       1.682      -0.1404
        1.69      -0.1404
       1.705     -0.08241
       1.713     -0.06309
        1.72     -0.02444
       1.728      0.01421
       1.743      0.07218
        1.75       0.0915
       1.758       0.0915
       1.773      0.03353
       1.781    -0.005115
       1.788     -0.04376
       1.796     -0.08241
       1.803      -0.1211
       1.811       -0.179
       1.818      -0.2177
       1.833      -0.2563
       1.841      -0.2756
       1.856       -0.295
       1.864       -0.295
       1.879      -0.3143
       1.886       -0.295
       1.894      -0.2563
       1.901       -0.237
       1.909      -0.1984
       1.917      -0.1597
       1.924      -0.1017
       1.932     -0.04376
       1.939    -0.005115
       1.947      0.05286
       1.954      0.07218
       1.962       0.1108
        1.97       0.1495
       1.985       0.2074
       1.992       0.2074
           2       0.1688
       2.015       0.1302
       2.022       0.0915
       2.038      0.05286
       2.045      0.05286
        2.06      0.07218
       2.068       0.0915
       2.075       0.1302
       2.083       0.1495
        2.09       0.1881
       2.098       0.2461
       2.106       0.2847
       2.113       0.3041
       2.128       0.3041
       2.136       0.3041
       2.151       0.3041
       2.158       0.2847
       2.174       0.2268
       2.181       0.1688
       2.189       0.1302
       2.196      0.07218
       2.204      0.03353
       2.204     -0.02444
       2.211     -0.08241
       2.219       -0.179
       2.226      -0.2756
       2.234      -0.3336
       2.242      -0.3723
       2.257      -0.4302
       2.264      -0.4109
       2.279      -0.3916
       2.287      -0.3723
       2.302      -0.3336
        2.31      -0.3143
       2.317      -0.2563
       2.325       -0.179
       2.332      -0.1017
        2.34     -0.02444
       2.347      0.05286
       2.355      0.07218
        2.37      0.07218
       2.378       0.0915
       2.393       0.1302
         2.4       0.1302
       2.408       0.1495
       2.423       0.1302
       2.431       0.1108
       2.446       0.1108
       2.453       0.1302
       2.468       0.2074
       2.476       0.2268
       2.499       0.1495
       2.506       0.1108
       2.514      0.07218
       2.529    -0.005115
       2.536     -0.02444
       2.552     -0.06309
       2.559     -0.04376
       2.574    -0.005115
       2.582    -0.005115
       2.597      0.03353
       2.612       0.0915
        2.62       0.1108
       2.635       0.1108
        2.65      0.07218
       2.657      0.05286
       2.672      0.07218
       2.688       0.0915
       2.695       0.1108
        2.71       0.0915
       2.718       0.0915
       2.733       0.1302
        2.74       0.1688
       2.748       0.2074
       2.756       0.2074
       2.763       0.2074
       2.771       0.1688
       2.786       0.1108
       2.793      0.07218
       2.801      0.01421
       2.809     -0.02444
       2.816     -0.08241
       2.824      -0.1211
       2.831      -0.1404
       2.846      -0.1984
       2.854       -0.237
       2.869       -0.295
       2.877      -0.2756
       2.884      -0.2563
       2.892      -0.2177
       2.899      -0.1597
       2.907      -0.1211
       2.914     -0.08241
       2.929     -0.04376
       2.937     -0.02444
       2.952      0.03353
        2.96      0.03353
       2.967     -0.02444
       2.975     -0.08241
       2.982      -0.1404
        2.99      -0.1984
       2.997      -0.2563
       3.005      -0.2756
       3.028       -0.237
       3.035       -0.179
       3.043      -0.1211
        3.05     -0.04376
       3.058      0.05286
       3.058    -0.005115
       3.066       0.1108
       3.073       0.1688
       3.081       0.2074
       3.096       0.2268
       3.103       0.2461
       3.118       0.2268
       3.126       0.2074
       3.141       0.1495
       3.149       0.1302
       3.164       0.1302
       3.171       0.1495
       3.186       0.1302
       3.194       0.1302
       3.209       0.0915
       3.217      0.07218
       3.232      0.07218
       3.239       0.0915
       3.254       0.0915
       3.262       0.0915
       3.277      0.07218
       3.285      0.05286
       3.292      0.07218
       3.307       0.0915
       3.315       0.1108
        3.33       0.1108
       3.338       0.0915
       3.353      0.05286
        3.36      0.03353
       3.368    -0.005115
       3.375     -0.02444
       3.383     -0.06309
       3.391      -0.1017
       3.398      -0.1404
       3.406      -0.1984
       3.413       -0.237
       3.421      -0.2756
       3.428       -0.295
       3.443       -0.295
       3.451      -0.2563
       3.466      -0.2177
       3.474      -0.1597
       3.481      -0.1017
       3.489      0.03353
       3.489     -0.02444
       3.496      0.07218
       3.504       0.1302
       3.511       0.2074
       3.519       0.2461
       3.527       0.2847
       3.534       0.3234
       3.549       0.3041
       3.557       0.2461
       3.564       0.1688
       3.572      0.07218
       3.579     -0.02444
       3.587     -0.08241
       3.595      -0.1404
       3.602      -0.1984
        3.61       -0.237
       3.625       -0.295
       3.632      -0.3336
       3.648      -0.3336
       3.655       -0.295
       3.663       -0.237
        3.67      -0.1597
       3.678     -0.08241
       3.685     -0.02444
       3.693      0.05286
         3.7      0.07218
       3.708       0.1108
       3.716       0.1495
       3.723       0.2074
       3.731       0.2268
       3.746       0.2654
       3.753       0.2654
       3.768       0.2461
       3.784       0.1881
       3.791       0.1881
       3.806       0.1495
       3.814       0.1302
       3.829       0.0915
       3.836      0.07218
       3.852      0.05286
       3.859    -0.005115
       3.867     -0.04376
       3.874     -0.08241
       3.882      -0.1211
       3.897      -0.1404
       3.905      -0.1404
       3.912      -0.1211
       3.927      -0.1211
       3.935      -0.1211
        3.95      -0.1597
       3.957      -0.1597
       3.965      -0.1404
       3.973      -0.1211
        3.98     -0.08241
       3.988     -0.04376
       4.003      0.01421
        4.01      0.05286
       4.018       0.0915
       4.025       0.1302
       4.041       0.1688
       4.048       0.1881
       4.063       0.2074
       4.078       0.1495
       4.086       0.1108
       4.093       0.0915
       4.109      0.05286
       4.116      0.03353
       4.124      0.01421
       4.139     -0.02444
       4.146     -0.04376
       4.162     -0.06309
       4.169     -0.04376
       4.177     -0.02444
       4.192      0.03353
       4.199      0.05286
       4.214      0.03353
       4.222    -0.005115
        4.23     -0.02444
       4.237     -0.06309
       4.252      -0.1211
        4.26      -0.1404
       4.275      -0.1211
       4.282      -0.1017
        4.29     -0.06309
       4.298     -0.06309
       4.305     -0.06309
        4.32     -0.08241
       4.328     -0.06309
       4.343     -0.08241
        4.35     -0.08241
       4.358     -0.06309
       4.366     -0.04376
       4.373      0.01421
       4.381      0.05286
       4.388       0.1108
       4.403       0.1302
       4.411       0.0915
       4.419      0.05286
       4.426    -0.005115
       4.441     -0.04376
       4.449     -0.06309
       4.464     -0.08241
       4.479     -0.04376
       4.487      0.01421
       4.494      0.07218
       4.502       0.1108
       4.517       0.1688
       4.524       0.1688
       4.532       0.1881
       4.547       0.1881
       4.555       0.1881
        4.57       0.1688
       4.577       0.1495
       4.592      0.07218
         4.6    -0.005115
       4.607     -0.02444
       4.615      -0.1017
       4.623      -0.1404
        4.63       -0.179
       4.638      -0.1984
       4.653      -0.2177
        4.66      -0.2177
       4.676       -0.179
       4.683      -0.1597
       4.698       -0.179
       4.706      -0.1984
       4.721       -0.237
       4.728       -0.237
       4.736      -0.2177
       4.744      -0.1984
       4.751      -0.1597
       4.759      -0.1017
       4.766     -0.04376
       4.774      0.01421
       4.781       0.0915
       4.789       0.1881
       4.796       0.2654
       4.804       0.3427
       4.812       0.3814
       4.819       0.3814
       4.827       0.3427
       4.834       0.2847
       4.842       0.2268
       4.849       0.1881
       4.857       0.1495
       4.872       0.1108
        4.88       0.0915
       4.895      0.05286
       4.902      0.03353
        4.91    -0.005115
       4.917    -0.005115
       4.932     -0.04376
        4.94     -0.02444
       4.955     -0.04376
       4.963     -0.04376
       4.978     -0.08241
       4.985     -0.08241
       4.993     -0.06309
       5.008     -0.06309
       5.016     -0.08241
       5.023      -0.1017
       5.038      -0.1597
       5.046      -0.1597
       5.053      -0.1404
       5.069      -0.1211
       5.076      -0.1017
       5.084     -0.06309
       5.091     -0.04376
       5.106      0.05286
       5.114       0.0915
       5.121       0.1302
       5.129       0.1881
       5.137       0.2461
       5.144       0.2654
       5.159       0.2654
       5.167       0.2654
       5.182       0.2074
       5.189       0.1495
       5.197       0.1108
       5.212      0.07218
        5.22      0.03353
       5.227      0.01421
       5.242     -0.04376
       5.258      -0.1017
       5.265      -0.1211
       5.273      -0.1017
       5.288     -0.06309
       5.303     -0.02444
        5.31     -0.02444
       5.326     -0.06309
       5.333     -0.06309
       5.341     -0.04376
       5.348      0.01421
       5.356      0.07218
       5.363       0.1108
       5.378       0.1495
       5.386       0.1495
       5.394       0.1688
       5.409       0.1688
       5.424       0.1688
       5.439       0.2074
       5.446       0.2268
       5.462       0.2074
       5.469       0.1688
       5.477       0.1108
       5.484      0.07218
       5.492    -0.005115
       5.499     -0.04376
       5.515      -0.1017
       5.522      -0.1211
        5.53      -0.1597
       5.537      -0.1984
       5.545      -0.2177
        5.56       -0.237
       5.567       -0.237
       5.575      -0.2177
        5.59       -0.179
       5.598       -0.179
       5.605      -0.1597
        5.62      -0.1211
       5.628      -0.1017
       5.643     -0.06309
       5.651     -0.04376
       5.658    -0.005115
       5.666    -0.005115
       5.673      0.03353
       5.681      0.05286
       5.688      0.07218
       5.703      0.05286
       5.711      0.03353
       5.726      0.03353
       5.734      0.03353
       5.741      0.05286
       5.756      0.03353
       5.764    -0.005115
       5.772     -0.04376
       5.779     -0.08241
       5.787      -0.1017
       5.802      -0.1017
       5.809      -0.1017
       5.824     -0.08241
       5.832     -0.08241
        5.84     -0.08241
       5.855     -0.08241
       5.862     -0.02444
        5.87      0.07218
        5.87    -0.005115
       5.877       0.1495
       5.885       0.2461
       5.892       0.3041
       5.908       0.2461
       5.915       0.1688
       5.923       0.0915
        5.93      0.01421
       5.938     -0.04376
       5.945      -0.1017
       5.953      -0.1597
        5.96      -0.2177
       5.968      -0.2563
       5.983      -0.2563
       5.991       -0.237
       5.998      -0.1984
       6.006      -0.1404
       6.013     -0.06309
       6.021      0.03353
       6.021     -0.02444
       6.029      0.07218
       6.036       0.1108
       6.044       0.1495
       6.059       0.1881
       6.074       0.1881
       6.081       0.1881
       6.097       0.1688
       6.104       0.1495
       6.119       0.1302
       6.127       0.1302
       6.134       0.1302
       6.149       0.0915
       6.157       0.0915
       6.172       0.1302
        6.18       0.1495
       6.195       0.1302
       6.202       0.1108
        6.21       0.1108
       6.225      0.05286
        6.24    -0.005115
       6.248     -0.06309
       6.263      -0.1017
        6.27      -0.1404
       6.285      -0.1597
       6.293      -0.1404
       6.301      -0.1211
       6.308     -0.08241
       6.316     -0.04376
       6.331      0.05286
       6.338       0.1108
       6.346       0.1495
       6.354       0.1688
       6.361       0.1881
       6.376       0.1302
       6.384       0.0915
       6.391      0.05286
       6.399    -0.005115
       6.406    -0.005115
       6.422    -0.005115
       6.429    -0.005115
       6.437     -0.04376
       6.444      -0.1017
       6.452      -0.1404
       6.459       -0.179
       6.467       -0.237
       6.474      -0.2563
        6.49      -0.2756
       6.497      -0.2563
       6.505       -0.237
        6.52      -0.2563
       6.527      -0.2756
       6.535      -0.2756
        6.55      -0.2756
       6.558      -0.2563
       6.565      -0.1984
       6.573      -0.1404
        6.58     -0.06309
       6.588      0.01421
       6.595      0.07218
       6.603       0.1108
       6.611       0.1495
       6.618       0.1688
       6.626       0.2074
       6.641       0.2461
       6.648       0.2074
       6.656       0.1495
       6.663       0.1108
       6.679       0.0915
       6.686       0.1108
       6.701       0.1688
       6.709       0.1881
       6.716       0.2074
       6.731       0.2074
       6.739       0.2074
       6.754       0.1881
       6.762       0.1688
       6.777       0.1495
       6.784       0.1495
       6.799      0.07218
       6.807      0.01421
       6.815     -0.06309
       6.822      -0.1211
       6.837       -0.179
       6.845       -0.179
        6.86       -0.179
       6.875      -0.1597
       6.883      -0.1404
        6.89      -0.1211
       6.905     -0.06309
       6.913     -0.02444
        6.92      0.01421
       6.928      0.05286
       6.936       0.1108
       6.943       0.1495
       6.951       0.1881
       6.958       0.2268
       6.973       0.2654
       6.981       0.2654
       6.996       0.2268
       7.004       0.2074
       7.019       0.1688
       7.026       0.1495
       7.041       0.0915
       7.049      0.05286
       7.056      0.01421
       7.072     -0.04376
       7.079     -0.02444
       7.094    -0.005115
       7.102    -0.005115
       7.117    -0.005115
       7.125    -0.005115
        7.14    -0.005115
       7.147     -0.02444
       7.162     -0.04376
        7.17     -0.04376
       7.185     -0.06309
         7.2     -0.08241
       7.208     -0.08241
       7.223     -0.02444
       7.238    -0.005115
       7.245     -0.02444
       7.253     -0.06309
       7.261     -0.08241
       7.276      -0.1211
       7.283      -0.1404
       7.298       -0.179
       7.306       -0.179
       7.313      -0.1597
       7.329      -0.1211
       7.344     -0.04376
       7.351    -0.005115
       7.359      0.03353
       7.366      0.05286
       7.374       0.0915
       7.382       0.1108
       7.397       0.1495
       7.404       0.1495
       7.419       0.1302
       7.427       0.1108
       7.442       0.0915
       7.457      0.07218
       7.465      0.07218
        7.48      0.03353
       7.487    -0.005115
       7.495    -0.005115
        7.51    -0.005115
       7.518    -0.005115
       7.533    -0.005115
        7.54    -0.005115
       7.555     -0.04376
       7.563     -0.06309
       7.578     -0.02444
       7.593    -0.005115
       7.601    -0.005115
       7.616     -0.02444
       7.623     -0.02444
       7.631    -0.005115
       7.638      0.01421
       7.654      0.07218
       7.661       0.0915
       7.676      0.07218
       7.684      0.05286
       7.684    -0.005115
       7.691     -0.04376
       7.699      -0.1211
       7.707      -0.1984
       7.714      -0.2563
       7.722      -0.2756
       7.737      -0.2756
       7.744      -0.2177
       7.752      -0.1597
       7.759      -0.1017
       7.767     -0.06309
       7.775     -0.02444
        7.79      0.01421
       7.797      0.03353
        7.82      0.07218
       7.835    -0.005115
       7.843     -0.02444
       7.858     -0.04376
       7.865     -0.04376
        7.88     -0.04376
       7.888     -0.06309
       7.903     -0.04376
       7.918      0.01421
       7.933      0.03353
       7.941      0.03353
       7.956      0.03353
       7.964      0.03353
       7.971      0.05286
       7.986      0.05286
       7.994      0.07218
       8.009      0.05286
       8.016      0.03353
       8.032      0.03353
       8.039      0.05286
       8.047       0.0915
       8.054       0.1302
       8.062       0.1688
       8.069       0.2074
       8.077       0.2654
       8.084       0.3041
       8.092       0.3234
         8.1       0.3234
       8.107       0.2847
       8.115       0.2461
       8.122       0.1688
        8.13       0.1108
       8.137      0.05286
       8.137    -0.005115
       8.145     -0.02444
       8.152     -0.08241
        8.16      -0.1211
       8.175      -0.1597
       8.183      -0.1404
       8.198      -0.1211
       8.213      -0.1404
       8.221      -0.1404
       8.236      -0.1404
       8.243      -0.1211
       8.251     -0.08241
       8.258     -0.04376
       8.266      0.01421
       8.273      0.05286
       8.289      0.07218
       8.296      0.07218
       8.311      0.07218
       8.326      0.03353
       8.334      0.03353
       8.349      0.03353
       8.357      0.05286
       8.372      0.07218
       8.379      0.01421
       8.387     -0.04376
       8.394      -0.1211
       8.402       -0.179
       8.409       -0.237
       8.417      -0.2563
       8.432       -0.237
        8.44       -0.179
       8.447      -0.1211
       8.455     -0.06309
       8.462      0.03353
       8.462     -0.02444
        8.47      0.07218
       8.478       0.1302
       8.485       0.1881
       8.493       0.2268
       8.508       0.2268
       8.515       0.2268
       8.523       0.2268
       8.538       0.1881
       8.546       0.1495
       8.553       0.1108
       8.561      0.07218
       8.576    -0.005115
       8.583     -0.02444
       8.591     -0.06309
       8.598     -0.08241
       8.614     -0.08241
       8.621     -0.04376
       8.629    -0.005115
       8.636      0.01421
       8.651    -0.005115
       8.659     -0.02444
       8.674     -0.02444
       8.682     -0.02444
       8.689     -0.02444
       8.704     -0.06309
       8.712      -0.1017
       8.719      -0.1404
       8.735       -0.179
       8.742       -0.179
        8.75      -0.1404
       8.757      -0.1211
       8.765     -0.08241
       8.772     -0.04376
       8.787    -0.005115
       8.795      0.05286
       8.803       0.0915
        8.81       0.1108
       8.818       0.1495
       8.833       0.1688
        8.84       0.1881
       8.855       0.2074
       8.863       0.2074
       8.878       0.1495
       8.893       0.1108
       8.901       0.0915
       8.908       0.0915
       8.923      0.07218
       8.931      0.07218
       8.946       0.0915
       8.954       0.1108
       8.969       0.1688
       8.976       0.1688
