     0.01186      0.09214
     0.03455       0.0813
     0.04212      0.07046
     0.05725      0.05962
     0.06481      0.05962
     0.07994      0.04878
     0.08751      0.04878
     0.09507      0.03794
      0.1026      0.01626
      0.1102      0.00542
      0.1253      0.00542
      0.1329      0.01626
      0.1405       0.0271
      0.1556      0.04878
      0.1632      0.05962
      0.1783      0.05962
      0.1859      0.05962
       0.201      0.05962
      0.2085      0.05962
      0.2237      0.05962
      0.2312      0.07046
      0.2464      0.07046
      0.2539      0.07046
      0.2691      0.07046
      0.2766      0.07046
      0.2918      0.04878
      0.2993      0.04878
      0.3145      0.03794
       0.322      0.03794
      0.3371      0.03794
      0.3447       0.0271
      0.3598      0.01626
       0.375      0.01626
      0.3825       0.0271
      0.3977      0.03794
      0.4052      0.04878
      0.4204      0.05962
      0.4279      0.05962
      0.4431      0.05962
      0.4506      0.05962
      0.4658      0.05962
      0.4733      0.05962
      0.4884      0.04878
       0.496      0.03794
      0.5111      0.04878
      0.5187      0.04878
      0.5338      0.03794
      0.5414      0.03794
       0.549      0.03794
      0.5641       0.0271
      0.5717       0.0271
      0.5868       0.0271
      0.5944       0.0271
      0.6095       0.0271
      0.6246      0.03794
      0.6322      0.04878
      0.6473      0.05962
      0.6549      0.07046
        0.67      0.07046
      0.6776       0.0813
      0.7003      0.07046
      0.7078      0.07046
       0.723      0.07046
      0.7305      0.07046
      0.7457      0.05962
      0.7532      0.05962
      0.7683      0.03794
      0.7759      0.03794
       0.791      0.03794
      0.7986      0.03794
      0.8137      0.03794
      0.8213      0.03794
      0.8289      0.03794
       0.844       0.0271
      0.8516      0.01626
      0.8667      0.00542
      0.8818      0.01626
       0.897      0.04878
      0.9045      0.05962
      0.9121      0.07046
      0.9272      0.07046
      0.9348      0.07046
      0.9499      0.07046
      0.9575      0.07046
      0.9726      0.07046
      0.9877      0.05962
      0.9953      0.04878
        1.01       0.0271
       1.018      0.01626
       1.033      0.01626
       1.041       0.0271
       1.056       0.0271
       1.063       0.0271
       1.079      0.01626
       1.094      0.01626
       1.109      0.00542
       1.124      0.00542
       1.131      0.01626
       1.147      0.03794
       1.154      0.03794
       1.169      0.04878
       1.177      0.04878
       1.192      0.05962
         1.2      0.05962
       1.215      0.07046
       1.222       0.0813
       1.237      0.09214
       1.245      0.09214
       1.253        0.103
       1.268      0.09214
       1.275      0.09214
       1.283      0.09214
       1.298       0.0813
       1.305      0.07046
       1.321      0.04878
       1.328      0.03794
       1.343       0.0271
       1.358      0.00542
       1.366      0.00542
       1.381      0.00542
       1.389      0.01626
       1.404      0.03794
       1.411      0.03794
       1.426      0.03794
       1.434       0.0271
       1.449       0.0271
       1.457      0.03794
       1.472      0.04878
       1.479      0.04878
       1.495      0.05962
       1.502      0.05962
       1.517      0.07046
       1.532       0.0813
        1.54       0.0813
       1.555      0.09214
        1.57       0.0813
       1.578      0.05962
       1.585       0.0271
       1.593      0.00542
       1.608     -0.01626
       1.616     -0.01626
       1.631     -0.00542
       1.638      0.00542
       1.653      0.01626
       1.661      0.01626
       1.676      0.01626
       1.699      0.00542
       1.706      0.00542
       1.722     -0.01626
       1.729     -0.01626
       1.744     -0.01626
       1.752     -0.00542
       1.767      0.00542
       1.774      0.00542
        1.79      0.00542
       1.797      0.01626
       1.812       0.0271
        1.82       0.0271
       1.827      0.03794
       1.843      0.03794
        1.85      0.03794
       1.865      0.03794
       1.873      0.04878
       1.888      0.07046
       1.896       0.0813
       1.911      0.09214
       1.918        0.103
       1.933       0.1138
       1.941       0.1138
       1.948       0.1247
       1.964       0.1247
       1.971       0.1247
       1.979       0.1355
       1.994       0.1355
       2.001       0.1355
       2.017       0.1355
       2.024       0.1355
       2.039       0.1247
       2.047       0.1247
       2.062        0.103
        2.07      0.09214
       2.077      0.07046
       2.085      0.04878
       2.092      0.03794
       2.107      0.01626
       2.115      0.01626
        2.13       0.0271
       2.138      0.03794
       2.153      0.03794
        2.16      0.03794
       2.175      0.01626
       2.183      0.00542
       2.191      0.00542
       2.206     -0.01626
       2.213     -0.01626
       2.221     -0.01626
       2.236      -0.0271
       2.244      -0.0271
       2.259     -0.00542
       2.274      0.00542
       2.281      0.00542
       2.296     -0.00542
       2.304     -0.00542
       2.319      -0.0271
       2.327      -0.0271
       2.334     -0.01626
       2.349      0.01626
       2.357      0.03794
       2.365      0.05962
       2.372      0.07046
       2.387      0.07046
       2.395      0.07046
        2.41      0.07046
       2.418      0.07046
       2.425      0.07046
        2.44      0.07046
       2.448      0.07046
       2.463      0.07046
        2.47      0.07046
       2.478       0.0813
       2.493      0.07046
       2.501      0.07046
       2.516      0.05962
       2.531      0.03794
       2.539       0.0271
       2.554      0.00542
       2.561      0.00542
       2.569      0.01626
       2.584      0.03794
       2.591      0.04878
       2.607      0.05962
       2.614      0.05962
       2.629      0.05962
       2.637      0.05962
       2.652      0.05962
       2.667      0.04878
       2.675      0.04878
        2.69      0.04878
       2.697      0.05962
       2.705      0.07046
        2.72      0.07046
       2.728       0.0813
       2.735      0.09214
        2.75        0.103
       2.758        0.103
       2.773        0.103
       2.781        0.103
       2.796      0.09214
       2.803       0.0813
       2.818       0.0813
       2.834      0.05962
       2.841      0.03794
       2.856      0.01626
       2.864      0.00542
       2.879      0.00542
       2.887      0.00542
       2.902      0.00542
       2.909      0.00542
       2.924      0.01626
       2.939      0.01626
       2.947      0.01626
       2.962      0.01626
        2.97      0.01626
       2.985      0.03794
           3      0.03794
       3.008      0.03794
       3.023      0.03794
        3.03      0.03794
       3.038      0.04878
       3.053      0.05962
       3.061      0.07046
       3.076       0.0813
       3.083      0.09214
       3.098       0.0813
       3.106      0.07046
       3.121      0.04878
       3.129      0.04878
       3.144      0.04878
       3.151      0.04878
       3.166      0.03794
       3.174       0.0271
       3.189       0.0271
       3.197       0.0271
       3.212      0.03794
       3.227      0.04878
       3.235      0.05962
        3.25      0.05962
       3.257      0.05962
       3.272      0.03794
        3.28       0.0271
       3.295      0.01626
       3.303      0.01626
       3.318      0.01626
       3.325      0.01626
       3.333       0.0271
       3.348      0.04878
       3.356      0.05962
       3.363      0.05962
       3.378       0.0271
       3.386       0.0271
       3.401       0.0271
       3.409       0.0271
       3.424      0.01626
       3.431      0.01626
       3.446      0.00542
       3.454      0.00542
       3.469      0.01626
       3.484      0.01626
       3.492      0.01626
       3.499      0.01626
       3.514      0.01626
       3.522      0.01626
       3.537      0.01626
       3.552      0.00542
        3.56     -0.00542
       3.575      -0.0271
       3.582      -0.0271
       3.598     -0.03794
       3.605      -0.0271
        3.62     -0.00542
       3.628       0.0271
       3.635      0.04878
       3.643      0.07046
       3.651      0.09214
       3.666        0.103
       3.673       0.1138
       3.696       0.1138
       3.704       0.1138
       3.719        0.103
       3.726        0.103
       3.734        0.103
       3.749      0.09214
       3.756      0.09214
       3.772      0.09214
       3.779      0.09214
       3.794      0.09214
       3.802      0.09214
       3.817       0.0813
       3.832      0.05962
        3.84      0.04878
       3.855      0.01626
       3.862      0.01626
        3.87      0.01626
       3.885       0.0271
       3.893      0.03794
         3.9      0.04878
       3.915      0.07046
       3.923       0.0813
       3.938       0.0813
       3.946       0.0813
       3.961      0.05962
       3.968      0.05962
       3.983      0.03794
       3.991      0.03794
       4.006       0.0271
       4.014      0.01626
       4.021       0.0271
       4.036      0.03794
       4.044      0.03794
       4.059      0.03794
       4.067      0.03794
       4.074      0.03794
       4.097      0.01626
       4.104      0.01626
       4.112      0.03794
        4.12      0.04878
       4.135      0.07046
       4.142      0.07046
       4.165      0.07046
       4.173      0.07046
        4.18       0.0813
       4.195       0.0813
       4.203       0.0813
       4.218       0.0813
       4.226       0.0813
       4.241      0.07046
       4.248      0.05962
       4.256      0.05962
       4.271      0.03794
       4.278       0.0271
       4.294      0.01626
       4.301      0.00542
       4.316      0.01626
       4.331       0.0271
       4.339       0.0271
       4.347      0.03794
       4.362      0.03794
       4.369      0.03794
       4.384      0.03794
       4.392      0.03794
       4.407      0.03794
       4.415      0.03794
        4.43      0.04878
       4.437      0.04878
       4.452      0.03794
        4.46       0.0271
       4.468       0.0271
       4.483      0.01626
        4.49      0.00542
       4.498      0.00542
       4.513     -0.01626
       4.521     -0.01626
       4.536     -0.00542
       4.551      0.00542
       4.558      0.01626
       4.574       0.0271
       4.581       0.0271
       4.589      0.03794
       4.604      0.03794
       4.611      0.03794
       4.626      0.03794
       4.634      0.04878
       4.649      0.04878
       4.657      0.04878
       4.672       0.0271
       4.687     -0.00542
       4.695     -0.01626
       4.702     -0.00542
        4.71      0.00542
       4.717       0.0271
       4.725      0.04878
        4.74       0.0813
       4.747      0.09214
       4.755        0.103
        4.77        0.103
       4.778        0.103
       4.785        0.103
         4.8      0.09214
       4.808      0.09214
       4.816      0.09214
       4.831       0.0813
       4.838      0.07046
       4.853      0.07046
       4.861      0.07046
       4.869      0.07046
       4.884      0.04878
       4.891      0.04878
       4.906      0.04878
       4.914      0.05962
       4.929      0.07046
       4.944      0.07046
       4.952       0.0813
       4.967       0.0813
       4.974       0.0813
       4.982       0.0813
       4.997      0.07046
       5.005      0.07046
        5.02      0.05962
       5.027      0.04878
       5.043      0.04878
        5.05      0.04878
       5.065      0.03794
       5.073      0.03794
       5.088      0.04878
       5.095      0.04878
       5.103      0.05962
       5.118      0.05962
       5.126      0.05962
       5.141      0.04878
       5.148      0.05962
       5.164      0.05962
       5.171      0.05962
       5.179      0.07046
       5.194      0.05962
       5.201      0.04878
       5.217       0.0271
       5.224       0.0271
       5.232       0.0271
       5.247      0.00542
       5.254     -0.00542
       5.269     -0.03794
       5.277     -0.03794
       5.292     -0.03794
         5.3      -0.0271
       5.315     -0.01626
       5.322     -0.00542
       5.338     -0.00542
       5.345     -0.00542
        5.36      -0.0271
       5.368     -0.03794
       5.383     -0.03794
       5.391      -0.0271
       5.406      0.00542
       5.413      0.01626
       5.428       0.0271
       5.436      0.03794
       5.451      0.04878
       5.459      0.04878
       5.474      0.03794
       5.481      0.03794
       5.496      0.03794
       5.512      0.04878
       5.519      0.05962
       5.534      0.07046
       5.542      0.07046
       5.549       0.0813
       5.565        0.103
       5.572       0.1138
       5.587       0.1138
       5.595        0.103
       5.602      0.09214
       5.617      0.07046
       5.625      0.04878
       5.633      0.04878
       5.648      0.05962
       5.655      0.07046
        5.67       0.0813
       5.693      0.07046
       5.701      0.07046
       5.716      0.05962
       5.723      0.04878
       5.739      0.04878
       5.746      0.04878
       5.761      0.04878
       5.769      0.04878
       5.784      0.03794
       5.791       0.0271
       5.807      0.01626
       5.814      0.01626
       5.829      0.01626
       5.837      0.01626
       5.844      0.03794
        5.86      0.07046
       5.867       0.0813
       5.882      0.09214
        5.89      0.09214
       5.905      0.09214
       5.912      0.09214
       5.928       0.0813
       5.935      0.07046
        5.95      0.07046
       5.965      0.05962
       5.973      0.05962
       5.981      0.07046
       5.996       0.0813
       6.003      0.07046
       6.018      0.05962
       6.026      0.05962
       6.041      0.03794
       6.049       0.0271
       6.056       0.0271
       6.071       0.0271
       6.079       0.0271
       6.094       0.0271
       6.102       0.0271
       6.117       0.0271
       6.124       0.0271
       6.139       0.0271
       6.147       0.0271
       6.162       0.0271
       6.177      0.01626
       6.185      0.01626
         6.2     -0.00542
       6.208     -0.01626
       6.215     -0.01626
        6.23      -0.0271
       6.238      -0.0271
       6.245     -0.01626
        6.26      0.00542
       6.276      0.04878
       6.283      0.05962
       6.291       0.0813
       6.306       0.1138
       6.313       0.1247
       6.329       0.1355
       6.336       0.1355
       6.351       0.1247
       6.359       0.1138
       6.366       0.1138
       6.382      0.09214
       6.389      0.09214
       6.404      0.07046
       6.412      0.04878
       6.427       0.0271
       6.434       0.0271
        6.45      0.01626
       6.457      0.01626
       6.472      0.01626
        6.48       0.0271
       6.495       0.0271
       6.503      0.03794
       6.518      0.03794
       6.525      0.04878
       6.533      0.04878
       6.548      0.03794
       6.556      0.03794
       6.563      0.03794
       6.578       0.0271
       6.586       0.0271
       6.601      0.00542
       6.608     -0.00542
       6.624      -0.0271
       6.631     -0.03794
       6.646     -0.03794
       6.654      -0.0271
       6.661     -0.00542
       6.677      0.01626
       6.684      0.03794
       6.692      0.04878
       6.707      0.05962
       6.714      0.05962
        6.73      0.07046
       6.737      0.07046
       6.752      0.07046
        6.76      0.05962
       6.775      0.05962
       6.782      0.04878
       6.798      0.04878
       6.805      0.04878
        6.82      0.05962
       6.835       0.0813
       6.843       0.0813
       6.851       0.0813
       6.866      0.05962
       6.873      0.04878
       6.888      0.03794
       6.896      0.03794
       6.911      0.04878
       6.919      0.04878
       6.934      0.05962
       6.949       0.0813
       6.956      0.09214
       6.972      0.09214
       6.979      0.09214
       6.987      0.09214
       7.002      0.07046
       7.009      0.05962
       7.025      0.03794
       7.032      0.03794
       7.047      0.03794
       7.055      0.03794
        7.07      0.04878
       7.077      0.04878
       7.093      0.03794
         7.1       0.0271
       7.115       0.0271
       7.123       0.0271
       7.138       0.0271
       7.146       0.0271
       7.161       0.0271
       7.168       0.0271
       7.183       0.0271
       7.191       0.0271
       7.199      0.03794
       7.214      0.03794
       7.221      0.04878
       7.229      0.05962
       7.244      0.05962
       7.251      0.07046
       7.267      0.07046
       7.274       0.0813
       7.289       0.0813
       7.297       0.0813
       7.312      0.07046
       7.327      0.04878
       7.335      0.04878
        7.35      0.04878
       7.357      0.04878
       7.373      0.03794
        7.38      0.03794
       7.395      0.03794
        7.41       0.0271
       7.418      0.01626
       7.433      0.01626
       7.441      0.01626
       7.456      0.01626
       7.463       0.0271
       7.478      0.03794
       7.494      0.04878
       7.501      0.04878
       7.516      0.01626
       7.531     -0.00542
       7.539     -0.01626
       7.554     -0.01626
       7.562     -0.00542
       7.577      0.00542
       7.584      0.00542
       7.599     -0.01626
       7.607     -0.00542
       7.622      0.01626
        7.63       0.0271
       7.645      0.03794
       7.652      0.04878
       7.668      0.05962
        7.69      0.05962
       7.698      0.05962
       7.713      0.05962
       7.721      0.05962
       7.736      0.07046
       7.743      0.07046
       7.751       0.0813
       7.766       0.0813
       7.773       0.0813
       7.789       0.0813
       7.804      0.05962
       7.811      0.04878
       7.826      0.05962
       7.834      0.05962
       7.842      0.07046
       7.857      0.07046
       7.864      0.07046
       7.872      0.07046
       7.887      0.05962
       7.895      0.05962
        7.91      0.04878
       7.925      0.03794
       7.932       0.0271
       7.947      0.01626
       7.955      0.00542
        7.97      0.00542
       7.978      0.00542
       7.993      0.01626
       8.008      0.01626
       8.016      0.01626
       8.023       0.0271
       8.038      0.01626
       8.046      0.01626
       8.061      0.01626
       8.076       0.0271
       8.084      0.04878
       8.091      0.07046
       8.106       0.1138
       8.114       0.1247
       8.129       0.1355
       8.137       0.1247
       8.152       0.1247
       8.167        0.103
       8.174        0.103
        8.19       0.0813
       8.197      0.07046
       8.205      0.07046
        8.22      0.05962
       8.227      0.05962
       8.235      0.05962
        8.25      0.03794
       8.258       0.0271
       8.265       0.0271
        8.28      0.00542
       8.288      0.00542
       8.303     -0.01626
       8.311     -0.01626
       8.326     -0.01626
       8.333     -0.01626
       8.348     -0.01626
       8.356      0.00542
       8.371      0.03794
       8.379      0.04878
       8.394      0.07046
       8.401      0.07046
       8.416      0.07046
       8.432      0.05962
       8.439      0.05962
       8.454      0.05962
       8.462      0.05962
       8.477      0.04878
       8.485      0.03794
       8.492      0.03794
       8.507       0.0271
       8.515       0.0271
        8.53      0.01626
       8.538       0.0271
       8.553      0.05962
       8.568      0.05962
       8.575      0.04878
        8.59      0.03794
       8.598      0.03794
       8.613       0.0271
       8.621      0.03794
       8.636      0.07046
       8.643      0.07046
       8.651       0.0813
       8.666      0.07046
       8.674      0.07046
       8.689      0.05962
       8.696      0.05962
       8.712      0.05962
       8.719      0.04878
       8.727      0.04878
       8.742      0.03794
       8.749       0.0271
       8.764       0.0271
       8.772       0.0271
       8.787      0.03794
       8.802      0.03794
        8.81      0.03794
       8.825      0.04878
        8.84      0.05962
       8.848      0.05962
       8.855      0.05962
        8.87      0.03794
       8.878       0.0271
       8.893       0.0271
       8.901      0.03794
       8.916      0.07046
       8.923      0.07046
       8.938      0.07046
       8.946      0.07046
       8.969       0.0813
       8.976       0.0813
