     0.01186      -0.2873
     0.01186       -0.345
     0.01942      -0.4027
     0.01942      -0.4604
     0.04966      -0.4027
     0.04966      -0.4411
     0.05723      -0.3065
     0.05723      -0.3642
     0.06479      -0.1911
     0.06479      -0.2488
     0.07235     -0.05647
     0.07235      -0.1334
     0.07991      0.07815
     0.07991     0.001224
     0.08747       0.2128
     0.08747       0.1359
     0.09503       0.3089
     0.09503       0.2512
      0.1026       0.3282
      0.1102       0.3666
      0.1253       0.2512
      0.1328       0.2128
      0.1328       0.1551
      0.1404       0.1166
      0.1404      0.03969
       0.148     0.001224
      0.1631      -0.1334
      0.1782     -0.05647
      0.1782     -0.09494
      0.1858     0.001224
      0.2009       0.1166
       0.216       0.1935
      0.2387       0.1935
      0.2689       0.3089
      0.2916        0.232
      0.2916       0.1743
      0.2992       0.1166
      0.2992      0.05892
      0.3067     -0.03724
      0.3143     -0.09494
      0.3143      -0.1334
      0.3521      -0.2103
      0.3672      -0.1911
      0.3824      -0.1526
      0.3899      -0.1334
      0.4126     -0.07571
      0.4429     -0.05647
      0.4504      -0.1334
       0.458      -0.1719
      0.4807      -0.1911
      0.4958     -0.09494
      0.5109     -0.01801
      0.5109     -0.05647
      0.5185      0.03969
      0.5185     0.001224
      0.5336       0.1359
      0.5411       0.1743
      0.6092       0.3282
      0.6243       0.3859
      0.6319       0.3666
      0.6394       0.3089
       0.647       0.2705
       0.647       0.2128
      0.6546       0.1551
      0.6546      0.07815
      0.6621     0.001224
      0.6621     -0.07571
      0.6697      -0.1334
      0.6697      -0.2296
      0.6773      -0.2873
      0.6773       -0.345
      0.6848      -0.3834
      0.7075      -0.4411
      0.7151      -0.4027
      0.7302      -0.2873
      0.7302      -0.3257
      0.7377      -0.1911
      0.7377      -0.2488
      0.7453     -0.09494
      0.7453      -0.1526
      0.7529     -0.03724
       0.768     -0.03724
      0.7755     -0.09494
      0.7831     -0.09494
      0.7982     -0.01801
      0.7982     -0.05647
      0.8058      0.09739
      0.8058      0.03969
      0.8134       0.1935
      0.8134       0.1359
      0.8209       0.3282
      0.8209       0.2512
      0.8285       0.4436
      0.8285       0.3859
       0.836        0.559
       0.836       0.5013
      0.8436       0.5974
      0.8512       0.6744
      0.8587       0.7128
      0.8663       0.6551
      0.8738       0.5974
      0.8738       0.5397
      0.8814        0.482
      0.8814       0.4051
       0.889       0.3282
       0.889        0.232
      0.8965       0.1551
      0.8965      0.07815
      0.9041     -0.03724
      0.9117     -0.07571
      0.9117      -0.1142
      0.9268      -0.2103
      0.9343      -0.2296
      0.9419       -0.268
      0.9646      -0.2296
       1.025      -0.2296
       1.048      -0.2296
       1.055      -0.2103
        1.07     -0.07571
        1.07      -0.1334
       1.078     -0.03724
       1.086       0.1166
       1.086      0.05892
       1.093       0.1743
       1.093       0.1359
       1.138        0.232
       1.184       0.1935
       1.207      0.07815
       1.214     -0.03724
       1.214     -0.09494
       1.222      -0.1719
       1.222      -0.2488
       1.229      -0.3257
       1.229      -0.4027
       1.237      -0.4604
       1.237      -0.5181
       1.244      -0.5565
       1.244       -0.595
       1.259       -0.595
       1.267      -0.5565
       1.275      -0.4796
       1.275      -0.5181
       1.282       -0.345
       1.282      -0.4219
        1.29      -0.1719
        1.29       -0.268
       1.297     0.001224
       1.297     -0.09494
       1.305       0.1551
       1.305      0.07815
       1.312       0.2705
       1.312       0.2128
       1.335       0.4243
       1.343        0.482
       1.373        0.482
       1.388       0.3666
       1.396       0.3474
       1.396       0.2897
       1.403       0.2512
       1.403       0.2128
       1.411       0.1743
       1.411       0.1166
       1.418      0.07815
       1.418     0.001224
       1.426     -0.05647
       1.426      -0.1142
       1.433      -0.1911
       1.433      -0.2873
       1.441      -0.3642
       1.441      -0.4604
       1.449      -0.5181
       1.449       -0.595
       1.456      -0.6527
       1.456      -0.6911
       1.464      -0.7104
       1.486      -0.6334
       1.494      -0.5757
       1.494      -0.6142
       1.501      -0.4604
       1.501      -0.5181
       1.509      -0.2873
       1.509      -0.3834
       1.517     -0.09494
       1.517      -0.1911
       1.524       0.1166
       1.524     0.001224
       1.532       0.3282
       1.532       0.2128
       1.539       0.5013
       1.539       0.4051
       1.547       0.6936
       1.547       0.5974
       1.562       0.8475
       1.585       0.9051
       1.592       0.8475
       1.592       0.7898
         1.6       0.7321
         1.6       0.6744
       1.607       0.5974
       1.607       0.5013
       1.615       0.4243
       1.615       0.3282
       1.622       0.2128
       1.622      0.09739
        1.63     -0.01801
        1.63      -0.1334
       1.638      -0.2488
       1.638      -0.3834
       1.645      -0.4604
       1.645      -0.5757
       1.653      -0.6527
       1.653      -0.7296
        1.66      -0.7873
       1.668      -0.8065
       1.675      -0.7488
       1.675      -0.7873
       1.683      -0.6334
       1.683      -0.7104
        1.69      -0.5181
        1.69      -0.5757
       1.698       -0.345
       1.698      -0.4411
       1.706      -0.2103
       1.706      -0.2873
       1.713     -0.07571
       1.713      -0.1334
       1.721      0.03969
       1.721     -0.01801
       1.728       0.1551
       1.728      0.09739
       1.736       0.2512
       1.736       0.1935
       1.743       0.3474
       1.743       0.2897
       1.751       0.3859
       1.789       0.4436
       1.789       0.4051
       1.796       0.3859
       1.796       0.3474
       1.804       0.3089
       1.804       0.2512
       1.811       0.1935
       1.811       0.1166
       1.819      0.05892
       1.819     -0.03724
       1.827      -0.1142
       1.827      -0.1911
       1.834       -0.268
       1.834      -0.3257
       1.842      -0.3642
       1.849      -0.4027
       1.857      -0.3834
       1.864      -0.3257
       1.864      -0.3642
       1.872      -0.2488
       1.872      -0.2873
       1.879      -0.1334
       1.879      -0.1911
       1.887     -0.01801
       1.887     -0.07571
       1.895      0.07815
       1.902       0.1551
       1.902       0.1166
       1.917       0.2705
       1.948        0.232
       1.948       0.1935
       1.963      0.09739
       1.963      0.03969
        1.97     -0.01801
        1.97     -0.07571
       1.978      -0.1334
       1.978      -0.2103
       1.985      -0.2873
       1.985       -0.345
       1.993      -0.4219
           2      -0.5565
           2      -0.6142
       2.008      -0.6527
       2.008      -0.6911
       2.016      -0.6719
       2.023      -0.6142
       2.031      -0.5181
       2.031      -0.5757
       2.038      -0.3642
       2.038      -0.4604
       2.046      -0.2103
       2.046      -0.2873
       2.053     -0.01801
       2.053      -0.1142
       2.061       0.1935
       2.061      0.07815
       2.069       0.3666
       2.069       0.2705
       2.076       0.4436
       2.084       0.6359
       2.084       0.5782
       2.091       0.6744
       2.099       0.7128
       2.137       0.4628
       2.137       0.3859
       2.144       0.3282
       2.144        0.232
       2.159     -0.09494
       2.159      -0.1911
       2.167       -0.268
       2.167       -0.345
       2.174      -0.4411
        2.19      -0.4796
       2.197      -0.4604
       2.205      -0.3642
       2.205      -0.4027
       2.212      -0.2873
       2.212      -0.3257
        2.22      -0.2103
        2.22      -0.2488
       2.273     -0.07571
       2.273      -0.1142
        2.28     -0.03724
       2.288       0.1551
       2.288      0.07815
       2.295       0.2897
       2.295       0.2128
       2.303       0.4051
       2.303       0.3474
        2.31       0.5013
        2.31       0.4628
       2.326       0.5782
       2.341        0.482
       2.348       0.4436
       2.348       0.3859
       2.363       0.1935
       2.363       0.1166
       2.371      0.05892
       2.371     -0.01801
       2.379     -0.09494
       2.379      -0.1719
       2.386      -0.2296
       2.386      -0.3065
       2.394      -0.3642
       2.394      -0.4219
       2.401      -0.4604
       2.409      -0.5181
       2.416      -0.5565
       2.424      -0.5565
       2.431      -0.5181
       2.447      -0.3642
       2.447      -0.4219
       2.454       -0.268
       2.454      -0.3257
       2.462      -0.1334
       2.462      -0.2103
       2.469     0.001224
       2.469     -0.07571
       2.477       0.1551
       2.477      0.07815
       2.484       0.2897
       2.484        0.232
       2.492       0.4243
       2.492       0.3666
         2.5       0.5397
         2.5        0.482
       2.507       0.6359
       2.507       0.5782
       2.515       0.6551
        2.53       0.6359
       2.537       0.5974
       2.537       0.5013
       2.545       0.4436
       2.545       0.3474
        2.56     -0.01801
        2.56      -0.1334
       2.568      -0.2296
       2.568       -0.345
       2.575      -0.4411
       2.575      -0.5373
       2.583       -0.595
       2.583      -0.6527
        2.59      -0.7296
       2.613       -0.595
       2.613      -0.6527
       2.621      -0.4796
       2.621      -0.5373
       2.628       -0.345
       2.628      -0.4219
       2.636      -0.2296
       2.636      -0.2873
       2.643     -0.09494
       2.643      -0.1719
       2.651     -0.03724
       2.658       0.1359
       2.658      0.07815
       2.666       0.2705
       2.666       0.1935
       2.673       0.3666
       2.673       0.3089
       2.681        0.482
       2.681       0.4243
       2.689        0.559
       2.711       0.5013
       2.719       0.4628
       2.719       0.3859
       2.726       0.3089
       2.726       0.2128
       2.734       0.1166
       2.734      0.03969
       2.741     -0.05647
       2.741      -0.1334
       2.749      -0.1911
       2.764      -0.3257
       2.772      -0.3642
       2.794       -0.268
       2.794      -0.3065
       2.802      -0.1526
       2.802      -0.2103
        2.81     -0.01801
        2.81     -0.09494
       2.817      0.09739
       2.817      0.03969
       2.825       0.1359
       2.832       0.2512
       2.832       0.2128
       2.855       0.2897
       2.862       0.2705
       2.878       0.1743
       2.885       0.1551
       2.885       0.1166
       2.893      0.07815
         2.9     -0.01801
         2.9     -0.09494
       2.908      -0.1719
       2.908      -0.2873
       2.915      -0.3642
       2.915      -0.4604
       2.923      -0.5565
       2.923      -0.6527
       2.931      -0.7104
       2.938      -0.7873
       2.946      -0.7296
       2.946      -0.7681
       2.961      -0.4796
       2.961      -0.5757
       2.968       -0.268
       2.968      -0.4027
       2.976     -0.03724
       2.976      -0.1526
       2.983       0.2128
       2.983      0.09739
       2.991       0.4436
       2.991       0.3282
       2.999       0.6167
       3.006       0.7128
       3.006       0.6744
       3.014       0.7513
       3.021       0.7898
       3.044       0.8282
       3.051       0.7513
       3.059       0.7128
       3.059       0.6551
       3.067       0.5974
       3.067       0.5013
       3.074       0.4051
       3.074       0.2897
       3.082       0.1743
       3.082      0.05892
       3.089     -0.07571
       3.089      -0.1911
       3.097      -0.3065
       3.097      -0.4219
       3.104      -0.5181
       3.104       -0.595
       3.112      -0.6719
       3.112      -0.7488
        3.12      -0.8065
        3.12      -0.8835
       3.127      -0.9219
       3.127      -0.9604
        3.15      -0.8642
        3.15      -0.9219
       3.165      -0.5373
       3.165      -0.6334
       3.172       -0.345
       3.172      -0.4411
        3.18      -0.1142
        3.18      -0.2296
       3.188       0.1166
       3.188     0.001224
       3.195       0.3859
       3.195       0.2512
       3.203       0.6359
       3.203       0.5013
        3.21       0.8475
        3.21       0.7513
       3.218       0.9821
       3.218       0.9244
       3.233        1.059
       3.241        1.001
       3.248       0.9628
       3.248       0.9051
       3.256       0.8667
       3.256       0.7898
       3.263       0.7321
       3.263       0.6359
       3.271        0.559
       3.271        0.482
       3.278       0.3859
       3.278       0.2705
       3.286       0.1551
       3.286      0.05892
       3.293     -0.07571
       3.293      -0.1911
       3.301      -0.2873
       3.301      -0.4027
       3.309      -0.4796
       3.309      -0.5181
       3.309       -0.595
       3.316      -0.6719
       3.316      -0.7488
       3.324      -0.7873
       3.331      -0.8258
       3.339      -0.7873
       3.346      -0.6719
       3.346      -0.7296
       3.362       -0.345
       3.362      -0.4411
       3.369      -0.1911
       3.369       -0.268
       3.377     -0.05647
       3.377      -0.1334
       3.384     -0.01801
       3.392      0.05892
       3.414      0.05892
       3.422      0.03969
       3.445      0.05892
       3.467     -0.03724
       3.475     -0.07571
       3.475      -0.1334
       3.482      -0.1719
       3.498      -0.2296
       3.505      -0.1719
       3.505      -0.2103
       3.513      -0.1142
       3.513      -0.1526
        3.52     -0.09494
       3.543      0.05892
       3.558       0.1935
       3.558       0.1551
       3.566       0.2705
       3.566        0.232
       3.573       0.2897
       3.581       0.3474
       3.596       0.3282
       3.603       0.2897
       3.611        0.232
       3.619       0.1551
       3.626      0.07815
       3.634      0.05892
       3.634     0.001224
       3.641     -0.03724
       3.641     -0.07571
       3.649      -0.1142
       3.672       -0.268
       3.687      -0.3257
       3.717      -0.2103
       3.724      -0.1334
       3.732     0.001224
       3.732     -0.05647
        3.74      0.09739
        3.74      0.03969
       3.747        0.232
       3.747       0.1551
       3.762       0.3666
        3.77       0.4436
       3.777       0.5013
       3.793       0.4628
         3.8       0.4243
       3.815       0.3282
       3.823       0.3089
        3.83        0.232
       3.838       0.2128
       3.845       0.1551
       3.845       0.1166
       3.853      0.03969
       3.861     0.001224
       3.861     -0.03724
       3.868     -0.09494
       3.868      -0.1526
       3.876      -0.1911
       3.876      -0.2488
       3.883      -0.3257
       3.891      -0.3834
       3.929      -0.2873
       3.929       -0.345
       3.936      -0.2103
       3.936      -0.2488
       3.959     -0.05647
       3.974     -0.01801
       3.989     0.001224
       4.034      0.09739
       4.042       0.1166
        4.05       0.1551
       4.065       0.1166
        4.08      0.07815
       4.087      0.09739
       4.095       0.1359
       4.103       0.1743
        4.11       0.2128
       4.118        0.232
       4.125       0.3089
       4.125       0.2705
        4.14       0.3282
       4.163       0.1359
       4.163      0.05892
       4.171     0.001224
       4.171     -0.07571
       4.178      -0.1526
       4.178      -0.2296
       4.186      -0.3065
       4.186      -0.3642
       4.193      -0.4027
       4.193      -0.4411
       4.208      -0.4411
       4.216      -0.4027
       4.223       -0.345
       4.223      -0.3834
       4.231      -0.3257
       4.246       -0.268
       4.254       -0.268
       4.261      -0.3065
       4.276      -0.3065
       4.284      -0.1526
       4.284      -0.2296
       4.292     -0.01801
       4.292     -0.09494
       4.299       0.1359
       4.299      0.03969
       4.307       0.3089
       4.307       0.2128
       4.314       0.4436
       4.314       0.3666
       4.322       0.5782
       4.322       0.5013
       4.329       0.6744
       4.329       0.6359
       4.337       0.7128
        4.36       0.7513
        4.36       0.7128
       4.367       0.6744
       4.367       0.5974
       4.375       0.5397
       4.375       0.4436
       4.382       0.3666
       4.382       0.2705
        4.39       0.1935
        4.39      0.09739
       4.397      0.03969
       4.397     -0.05647
       4.405      -0.1142
       4.405      -0.1526
       4.413      -0.1911
       4.413      -0.2296
        4.42      -0.2873
       4.428      -0.3065
       4.458      -0.4411
       4.473      -0.4027
       4.488      -0.2488
       4.488      -0.3065
       4.496      -0.1719
       4.518     -0.01801
       4.526       0.1166
       4.526      0.05892
       4.534        0.232
       4.534       0.1743
       4.541       0.3282
       4.541       0.2705
       4.549       0.3666
       4.564       0.3474
       4.564       0.2897
       4.571       0.2512
       4.571       0.1935
       4.579       0.1166
       4.579      0.03969
       4.586     -0.01801
       4.586     -0.07571
       4.594      -0.1334
       4.594      -0.1911
       4.609      -0.2296
       4.624      -0.1334
       4.632     -0.05647
       4.639      0.03969
       4.639     -0.01801
       4.647       0.1359
       4.647      0.07815
       4.654       0.2128
       4.654       0.1743
       4.662        0.232
         4.7       0.1551
       4.715      0.05892
       4.723     -0.01801
        4.73     -0.07571
       4.745     -0.01801
       4.745     -0.05647
       4.768     -0.03724
       4.768     -0.09494
       4.775      -0.1526
       4.775      -0.2296
       4.783      -0.2873
       4.783      -0.3642
       4.813      -0.3065
       4.821      -0.2296
       4.821      -0.2873
       4.828      -0.1334
       4.828      -0.1911
       4.836     -0.03724
       4.836     -0.09494
       4.844      0.05892
       4.844     0.001224
       4.851       0.1359
       4.859       0.1935
       4.859       0.1551
       4.866       0.2512
       4.866       0.2128
       4.874       0.3089
       4.874       0.2705
       4.881       0.3666
       4.881       0.3282
       4.896       0.4628
       4.904        0.559
       4.919       0.5782
       4.942       0.4436
       4.942       0.4051
       4.957       0.2705
       4.957       0.2128
       4.965       0.1551
       4.965      0.07815
       4.972     0.001224
       4.972     -0.05647
        4.98      -0.1334
        4.98      -0.1911
       4.987      -0.2296
       4.987      -0.2873
       5.002      -0.3257
        5.01      -0.3257
       5.033      -0.3642
       5.048      -0.2873
       5.048      -0.3257
       5.055      -0.2103
       5.055      -0.2488
       5.063      -0.1142
       5.063      -0.1719
        5.07     0.001224
        5.07     -0.05647
       5.078       0.1166
       5.078      0.03969
       5.085       0.2128
       5.085       0.1551
       5.093       0.3282
       5.093       0.2705
       5.101       0.4243
       5.101       0.3666
       5.108       0.5013
       5.108       0.4628
       5.131       0.5782
       5.146       0.4628
       5.161        0.232
       5.161       0.1166
       5.169     0.001224
       5.169     -0.09494
       5.176      -0.1911
       5.176      -0.2873
       5.184       -0.345
       5.206       -0.345
       5.214      -0.2103
       5.214       -0.268
       5.222      -0.1334
       5.222      -0.1719
       5.237     -0.05647
       5.297      0.07815
       5.305      0.09739
        5.32      0.09739
       5.343      0.03969
       5.358     0.001224
       5.365     -0.05647
       5.365     -0.09494
       5.403      -0.1526
       5.411      -0.1142
       5.426     -0.03724
       5.448       0.1743
       5.448       0.1359
       5.456       0.2512
       5.456       0.2128
       5.464       0.3282
       5.464       0.2897
       5.471       0.4051
       5.471       0.3666
       5.479        0.482
       5.479       0.4436
       5.486       0.5013
       5.501       0.5013
       5.501       0.4628
       5.509       0.4051
       5.509       0.3474
       5.516       0.2897
       5.516       0.2128
       5.524       0.1743
       5.524       0.1166
       5.539     -0.01801
       5.547     -0.05647
       5.547     -0.09494
       5.562      -0.2488
       5.562      -0.3065
       5.569       -0.345
       5.569      -0.4027
       5.577      -0.4411
       5.585      -0.5373
       5.585      -0.5757
       5.592       -0.595
       5.607      -0.5565
       5.615      -0.4796
       5.615      -0.5373
       5.622       -0.345
       5.622      -0.4219
        5.63      -0.2103
        5.63      -0.2873
       5.637     -0.07571
       5.637      -0.1526
       5.645      0.03969
       5.645     -0.01801
       5.653       0.1551
       5.653      0.07815
        5.66       0.2512
        5.66       0.1935
       5.668       0.3666
       5.668       0.3089
       5.675       0.4628
       5.675       0.4051
       5.683        0.559
       5.683       0.5013
       5.706       0.5974
       5.721       0.4628
       5.721       0.4051
       5.728       0.3474
       5.728       0.2705
       5.736       0.2128
       5.736       0.1359
       5.743      0.09739
       5.743      0.03969
       5.758      -0.1142
       5.758      -0.1719
       5.766      -0.2296
       5.766      -0.2873
       5.774       -0.345
       5.774      -0.3834
       5.804      -0.3834
       5.804      -0.4219
       5.811      -0.2873
       5.811       -0.345
       5.819      -0.2103
       5.819      -0.2488
       5.826      -0.1142
       5.826      -0.1719
       5.834     -0.07571
       5.842      0.03969
       5.842     0.001224
       5.864       0.1935
       5.879       0.2897
       5.887       0.3089
       5.895       0.3474
        5.91        0.232
       5.917       0.1935
       5.917       0.1359
       5.925      0.09739
       5.925      0.03969
       5.932     0.001224
       5.932     -0.03724
       5.955      -0.1911
       5.955      -0.2296
       5.963      -0.2873
       5.978      -0.2488
       5.978      -0.2873
       5.985      -0.1526
       5.985      -0.2103
       5.993     -0.03724
       5.993      -0.1142
           6      0.05892
           6     0.001224
       6.008       0.1551
       6.008      0.09739
       6.016       0.2128
       6.046       0.1743
       6.046       0.1359
       6.053      0.09739
       6.053      0.03969
       6.061     -0.01801
       6.068     -0.07571
       6.106     -0.05647
       6.129       0.1166
       6.137       0.1935
       6.205     0.001224
        6.22      0.07815
       6.227       0.1166
        6.25      0.05892
       6.265     -0.03724
       6.265     -0.07571
       6.273      -0.1334
       6.295      -0.2103
       6.303      -0.2103
        6.31      -0.1719
       6.326     -0.07571
       6.326      -0.1142
       6.333     0.001224
       6.341      0.07815
       6.341      0.03969
       6.363       0.1166
       6.371       0.1166
       6.409     0.001224
       6.424     -0.03724
       6.447      0.03969
       6.454      0.09739
       6.492     -0.05647
       6.499     -0.07571
       6.515     -0.05647
        6.53     -0.01801
       6.567     -0.01801
        6.59      0.05892
       6.605      0.05892
        6.62     0.001224
       6.628     -0.07571
       6.643     -0.09494
       6.651     -0.09494
       6.673      -0.1334
       6.688      -0.1142
       6.704     -0.05647
       6.764       0.1359
       6.787       0.2128
       6.794       0.1935
       6.802       0.1551
       6.809       0.1359
       6.809      0.09739
       6.825     -0.01801
       6.825     -0.07571
       6.832      -0.1526
        6.84      -0.1911
        6.84      -0.2296
       6.847      -0.2873
       6.885      -0.2296
       6.908      -0.1719
       6.923      -0.1526
       6.938     -0.07571
       6.983       0.1743
       7.006       0.1551
       7.014       0.1551
       7.029       0.2128
       7.051       0.3282
       7.074       0.3859
       7.082       0.3282
       7.082       0.2705
       7.089        0.232
       7.089       0.1551
       7.097      0.09739
       7.104     -0.03724
       7.104     -0.09494
       7.112      -0.1334
       7.112      -0.1719
       7.119      -0.2103
       7.127      -0.2103
       7.135      -0.2488
       7.157      -0.4027
       7.172      -0.4411
        7.18      -0.3642
        7.18      -0.4027
       7.188      -0.2873
       7.195      -0.1911
       7.195      -0.2488
       7.203      -0.1142
       7.203      -0.1526
        7.21     -0.03724
        7.21     -0.07571
       7.218     0.001224
       7.225      0.09739
       7.225      0.05892
       7.233       0.1166
        7.24       0.1935
       7.248       0.2128
       7.263       0.3089
       7.324      0.05892
       7.331     -0.03724
       7.339     -0.09494
       7.339      -0.1911
       7.354      -0.3834
       7.369      -0.4027
       7.377      -0.3257
       7.377      -0.3642
       7.384      -0.2103
       7.384       -0.268
       7.392      -0.1142
       7.392      -0.1719
       7.399     0.001224
       7.399     -0.05647
       7.407       0.1166
       7.407      0.05892
       7.414       0.2128
       7.414       0.1551
       7.422       0.2705
       7.422        0.232
       7.429       0.3089
       7.445       0.3859
        7.46       0.4436
       7.475       0.4051
       7.482       0.3474
       7.482       0.3089
        7.49       0.2705
        7.49        0.232
       7.498       0.1935
       7.498       0.1359
       7.505      0.09739
       7.505      0.03969
       7.513     0.001224
       7.513     -0.07571
        7.52      -0.1142
        7.52      -0.1911
       7.528      -0.2296
       7.528      -0.2873
       7.535       -0.345
       7.543      -0.4219
       7.558      -0.4411
       7.566      -0.3642
       7.573      -0.2488
       7.573      -0.3257
       7.581      -0.1334
       7.581      -0.2103
       7.588     -0.01801
       7.588     -0.09494
       7.596      0.09739
       7.596      0.03969
       7.603       0.1935
       7.603       0.1359
       7.611        0.232
       7.634       0.3282
       7.641       0.2897
       7.656       0.2128
       7.656       0.1743
       7.664       0.1166
       7.664      0.05892
       7.671     -0.03724
       7.679     -0.09494
       7.679      -0.1526
       7.732      -0.1911
        7.77     -0.07571
       7.777     -0.03724
       7.785     0.001224
       7.792      0.05892
       7.808       0.1551
       7.815       0.2128
       7.823       0.2897
        7.83       0.3089
       7.853       0.2705
       7.868        0.232
       7.883       0.1935
       7.891       0.1166
       7.921     -0.03724
       7.921     -0.07571
       7.929      -0.1334
       7.936      -0.1526
       7.936      -0.1911
       7.944      -0.2103
       7.944      -0.2488
       7.966      -0.2873
       7.981      -0.1719
       7.981      -0.2103
       7.989      -0.1526
       8.027      0.05892
       8.042      0.09739
       8.057       0.1166
       8.072       0.1166
       8.102       0.1935
        8.11       0.1359
       8.118      0.09739
       8.118      0.05892
       8.125     0.001224
       8.133     -0.07571
       8.155      -0.1142
       8.163     -0.05647
       8.163     -0.09494
        8.17     0.001224
        8.17     -0.03724
       8.216       0.1551
       8.231       0.1551
       8.254       0.1743
       8.299     -0.07571
       8.307      -0.1142
       8.307      -0.1526
       8.314      -0.2103
       8.314       -0.268
       8.322      -0.3065
       8.329      -0.4027
       8.352      -0.4796
       8.367      -0.4411
       8.382      -0.2873
       8.382       -0.345
        8.39      -0.1719
        8.39      -0.2488
       8.397     -0.01801
       8.397     -0.09494
       8.405       0.1166
       8.405      0.03969
       8.412        0.232
       8.412       0.1743
        8.42       0.3282
        8.42       0.2705
       8.428       0.4051
       8.428       0.3666
       8.435       0.4436
       8.443       0.4628
       8.458       0.4436
       8.465       0.3859
       8.465       0.3474
       8.473       0.3089
       8.481       0.2128
       8.481       0.1743
       8.488       0.1359
       8.488      0.09739
       8.496      0.05892
       8.496     0.001224
       8.503     -0.03724
       8.503     -0.07571
       8.511      -0.1142
       8.518      -0.1911
       8.526      -0.2488
       8.533      -0.3065
       8.541      -0.3834
       8.556      -0.3834
       8.571      -0.3065
       8.579      -0.2296
       8.586      -0.1526
       8.594     -0.07571
       8.609      0.03969
       8.609     0.001224
       8.617       0.1359
       8.617      0.07815
       8.624        0.232
       8.624       0.1743
       8.632       0.2512
       8.639       0.3282
       8.647       0.4051
       8.662       0.4051
       8.662       0.3666
        8.67       0.3474
        8.67       0.2897
       8.677        0.232
       8.677       0.1743
       8.685       0.1166
       8.685      0.05892
       8.692     -0.03724
       8.707     -0.09494
       8.715     -0.05647
        8.73     0.001224
       8.738      0.03969
       8.753     -0.01801
        8.76     -0.01801
       8.775     -0.01801
       8.783      0.03969
       8.783     0.001224
       8.813       0.1743
       8.851      0.03969
       8.859     -0.05647
       8.866     -0.09494
       8.866      -0.1719
       8.874      -0.2296
       8.874      -0.2873
       8.881      -0.3257
       8.881      -0.3834
       8.889      -0.4027
       8.904      -0.4027
       8.911      -0.3257
       8.911      -0.3834
       8.919      -0.2296
       8.919      -0.2873
       8.927      -0.1334
       8.927      -0.1911
       8.934     -0.03724
       8.934     -0.07571
       8.942      0.07815
       8.964       0.3089
