     0.01181      0.01535
     0.02692      0.03581
     0.04203      0.01535
     0.05714     -0.02558
     0.07225    -0.005115
     0.08736    -0.005115
     0.09492    -0.005115
        0.11    -0.005115
      0.1251     -0.02558
      0.1327    -0.005115
      0.1478      0.01535
      0.1554      0.01535
      0.1705      0.03581
      0.1856      0.01535
      0.1931      0.01535
      0.2007      0.01535
      0.2158     -0.02558
      0.2234     -0.04604
      0.2309     -0.04604
       0.246      -0.0665
      0.2536      -0.0665
      0.2687     -0.04604
      0.2762     -0.02558
      0.2913      0.01535
      0.2989      0.01535
      0.3065      0.03581
      0.3216    -0.005115
      0.3291     -0.04604
      0.3442      -0.0665
      0.3518      -0.0665
      0.3593     -0.04604
      0.3745    -0.005115
       0.382    -0.005115
      0.3971      0.03581
      0.4047      0.03581
      0.4198      0.03581
      0.4273      0.03581
      0.4349      0.03581
        0.45    -0.005115
      0.4576     -0.02558
      0.4727    -0.005115
      0.4878      0.03581
      0.4953      0.03581
      0.5104      0.07673
      0.5256       0.1381
      0.5331       0.1381
      0.5482      0.05627
      0.5633    -0.005115
      0.5709     -0.02558
       0.586     -0.02558
      0.6011      -0.0665
      0.6087      -0.0665
      0.6238     -0.02558
      0.6389     -0.02558
      0.6464     -0.02558
      0.6615     -0.02558
      0.6767    -0.005115
      0.6918    -0.005115
      0.6993      0.01535
      0.7069      0.05627
       0.722      0.09719
      0.7295      0.09719
      0.7447      0.09719
      0.7598      0.05627
      0.7673      0.03581
      0.7749      0.05627
        0.79      0.03581
      0.7975      0.03581
      0.8051      0.03581
      0.8202    -0.005115
      0.8278    -0.005115
      0.8429    -0.005115
      0.8504      0.01535
      0.8655      0.01535
      0.8731      0.01535
      0.8882      0.01535
      0.9033    -0.005115
      0.9109    -0.005115
       0.926    -0.005115
      0.9335    -0.005115
      0.9411    -0.005115
      0.9562      0.01535
      0.9637      0.03581
      0.9789      0.07673
      0.9864      0.07673
       1.002      0.03581
       1.009      0.01535
       1.017      0.01535
       1.032      0.01535
       1.039      0.03581
       1.054      0.07673
       1.062      0.07673
        1.07      0.09719
       1.085      0.07673
       1.092      0.07673
       1.107      0.01535
       1.115    -0.005115
        1.13      -0.0665
       1.138      -0.0665
       1.145      -0.0665
        1.16     -0.08696
       1.168     -0.08696
       1.175      -0.0665
        1.19     -0.04604
       1.198     -0.04604
       1.213     -0.04604
       1.221     -0.04604
       1.236      -0.0665
       1.243      -0.0665
       1.251     -0.04604
       1.266     -0.02558
       1.274    -0.005115
       1.289    -0.005115
       1.296      0.01535
       1.304      0.03581
       1.319      0.03581
       1.326      0.03581
       1.342      0.03581
       1.357      0.01535
       1.364      0.01535
       1.379      0.01535
       1.387      0.01535
       1.402      0.01535
       1.409      0.01535
       1.425      0.01535
       1.432    -0.005115
       1.447    -0.005115
       1.455    -0.005115
        1.47    -0.005115
       1.477    -0.005115
       1.493      0.01535
         1.5      0.01535
       1.515      0.03581
       1.523      0.03581
       1.538      0.03581
       1.545      0.03581
       1.561      0.07673
       1.576      0.09719
       1.583      0.09719
       1.598       0.1176
       1.613      0.09719
       1.621      0.07673
       1.636      0.05627
       1.651      0.01535
       1.659    -0.005115
       1.674    -0.005115
       1.689     -0.02558
       1.697     -0.02558
       1.712     -0.04604
       1.719     -0.04604
       1.727     -0.04604
       1.742     -0.04604
       1.749     -0.04604
       1.765      -0.0665
       1.772      -0.0665
       1.787     -0.04604
       1.802     -0.04604
        1.81     -0.04604
       1.825     -0.04604
       1.833     -0.04604
       1.848     -0.02558
       1.863     -0.02558
        1.87     -0.02558
       1.885     -0.02558
       1.893     -0.02558
       1.908     -0.02558
       1.916    -0.005115
       1.931    -0.005115
       1.938    -0.005115
       1.946    -0.005115
       1.961     -0.04604
       1.969     -0.04604
       1.976     -0.02558
       1.991      0.01535
       1.999      0.03581
       2.014      0.03581
       2.021      0.03581
       2.029      0.05627
       2.044      0.05627
       2.052      0.05627
       2.067      0.03581
       2.074      0.03581
       2.089      0.01535
       2.097      0.03581
       2.105      0.05627
        2.12      0.07673
       2.127      0.09719
       2.142      0.09719
       2.157      0.07673
       2.165      0.05627
       2.173      0.05627
       2.188      0.03581
       2.195      0.05627
        2.21      0.07673
       2.218      0.09719
       2.233      0.07673
       2.241      0.05627
       2.256      0.03581
       2.263      0.03581
       2.278      0.03581
       2.286      0.03581
       2.301      0.01535
       2.309      0.01535
       2.316      0.01535
       2.331    -0.005115
       2.339    -0.005115
       2.354    -0.005115
       2.361    -0.005115
       2.377     -0.02558
       2.384     -0.02558
       2.399     -0.04604
       2.407     -0.04604
       2.422      -0.0665
       2.429      -0.0665
       2.445     -0.08696
       2.452      -0.0665
       2.467     -0.02558
       2.482      0.03581
        2.49      0.05627
       2.497      0.07673
       2.513      0.01535
       2.528     -0.02558
       2.535     -0.04604
       2.543     -0.04604
       2.558      -0.0665
       2.565      -0.0665
       2.573     -0.04604
       2.588    -0.005115
       2.596    -0.005115
       2.611    -0.005115
       2.618    -0.005115
       2.633    -0.005115
       2.649    -0.005115
       2.656      0.01535
       2.671      0.03581
       2.679      0.01535
       2.694      0.01535
       2.701      0.01535
       2.709      0.03581
       2.724      0.03581
       2.732      0.03581
       2.739      0.05627
       2.754      0.07673
       2.762      0.07673
       2.769      0.09719
       2.785      0.07673
       2.792      0.05627
       2.807    -0.005115
       2.815    -0.005115
        2.83    -0.005115
       2.837    -0.005115
       2.853     -0.02558
        2.86     -0.02558
       2.868     -0.02558
       2.883     -0.04604
        2.89     -0.04604
       2.905     -0.04604
       2.913     -0.04604
       2.928     -0.02558
       2.943     -0.02558
       2.951     -0.02558
       2.966    -0.005115
       2.981      0.03581
       2.989      0.05627
       3.004      0.05627
       3.011      0.05627
       3.019      0.05627
       3.034      0.03581
       3.041      0.05627
       3.057      0.07673
       3.072      0.09719
       3.087      0.07673
       3.094      0.05627
       3.109      0.05627
       3.117      0.05627
       3.132      0.05627
        3.14      0.07673
       3.155      0.05627
       3.162      0.05627
       3.177      0.01535
       3.185      0.01535
         3.2      0.01535
       3.208      0.01535
       3.215      0.03581
        3.23      0.01535
       3.238    -0.005115
       3.253     -0.04604
       3.268     -0.04604
       3.283     -0.04604
       3.291     -0.04604
       3.306     -0.04604
       3.313     -0.04604
       3.328     -0.02558
       3.336    -0.005115
       3.351      0.01535
       3.359      0.01535
       3.374     -0.02558
       3.381     -0.02558
       3.389    -0.005115
       3.404      0.01535
       3.412      0.01535
       3.427      0.03581
       3.434      0.03581
       3.449      0.01535
       3.457      0.01535
       3.472    -0.005115
        3.48    -0.005115
       3.487    -0.005115
       3.502     -0.04604
        3.51     -0.04604
       3.517     -0.02558
       3.532    -0.005115
        3.54    -0.005115
       3.555    -0.005115
       3.563      0.01535
       3.578      0.01535
       3.585      0.01535
         3.6    -0.005115
       3.608    -0.005115
       3.623     -0.02558
       3.631     -0.02558
       3.646     -0.02558
       3.653     -0.02558
       3.668     -0.02558
       3.676     -0.02558
       3.684     -0.02558
       3.699     -0.02558
       3.706     -0.02558
       3.721    -0.005115
       3.736      0.01535
       3.744      0.03581
       3.752      0.05627
       3.767      0.05627
       3.774      0.03581
       3.789    -0.005115
       3.797      0.01535
       3.812      0.05627
        3.82      0.05627
       3.835      0.05627
       3.842      0.05627
       3.857      0.03581
       3.865      0.03581
        3.88    -0.005115
       3.888    -0.005115
       3.903    -0.005115
        3.91      0.01535
       3.925      0.03581
       3.933      0.03581
       3.948      0.03581
       3.956      0.03581
       3.971      0.03581
       3.978      0.01535
       3.986      0.01535
       4.001     -0.02558
       4.008     -0.02558
       4.016     -0.02558
       4.031     -0.04604
       4.039     -0.02558
       4.054    -0.005115
       4.069      0.01535
       4.084      0.01535
       4.092      0.01535
       4.107    -0.005115
       4.114    -0.005115
       4.129    -0.005115
       4.137      0.01535
       4.152      0.03581
        4.16      0.03581
       4.167      0.05627
       4.182      0.03581
        4.19      0.03581
       4.205      0.03581
       4.212      0.03581
       4.228      0.03581
       4.235      0.03581
        4.25      0.03581
       4.258      0.03581
       4.273      0.05627
       4.288      0.03581
       4.296      0.01535
       4.311     -0.02558
       4.318     -0.04604
       4.326     -0.04604
       4.341     -0.04604
       4.348     -0.04604
       4.356     -0.02558
       4.371    -0.005115
       4.379      0.01535
       4.394      0.03581
       4.401      0.03581
       4.409      0.03581
       4.424    -0.005115
       4.432     -0.02558
       4.447     -0.02558
       4.454     -0.02558
       4.469     -0.02558
       4.477      0.01535
       4.484      0.03581
         4.5      0.07673
       4.507      0.07673
       4.522      0.03581
        4.53      0.01535
       4.545      0.01535
       4.552      0.01535
       4.568      0.01535
       4.575      0.01535
        4.59    -0.005115
       4.598    -0.005115
       4.613    -0.005115
       4.628     -0.02558
       4.636     -0.02558
       4.651     -0.04604
       4.666      -0.0665
       4.681      -0.0665
       4.696     -0.08696
       4.704     -0.08696
       4.719      -0.0665
       4.734     -0.04604
       4.741     -0.04604
       4.756     -0.04604
       4.764     -0.02558
       4.779    -0.005115
       4.787      0.01535
       4.794      0.05627
       4.802      0.07673
       4.817      0.09719
       4.824       0.1176
       4.839      0.09719
       4.847      0.09719
       4.862      0.09719
        4.87      0.09719
       4.885      0.09719
       4.892      0.09719
       4.907      0.07673
       4.915      0.07673
        4.93      0.05627
       4.938      0.05627
       4.953      0.01535
        4.96     -0.02558
       4.975      -0.0665
       4.983      -0.0665
       4.998      -0.0665
       5.006      -0.0665
       5.021      -0.0665
       5.028     -0.04604
       5.043     -0.02558
       5.051     -0.02558
       5.066     -0.02558
       5.074     -0.02558
       5.089     -0.02558
       5.096     -0.02558
       5.111     -0.02558
       5.119     -0.02558
       5.134    -0.005115
       5.142      0.01535
       5.157      0.03581
       5.164      0.03581
       5.179      0.03581
       5.195    -0.005115
       5.202    -0.005115
       5.217     -0.02558
       5.225     -0.04604
        5.24     -0.04604
       5.247     -0.02558
       5.263     -0.02558
        5.27     -0.02558
       5.278    -0.005115
       5.293      0.01535
         5.3      0.01535
       5.315      0.01535
       5.323      0.01535
       5.338      0.03581
       5.346      0.03581
       5.361      0.03581
       5.368      0.05627
       5.383      0.05627
       5.391      0.05627
       5.406      0.05627
       5.414      0.05627
       5.429    -0.005115
       5.436     -0.02558
       5.451     -0.02558
       5.467      0.01535
       5.482      0.05627
       5.489      0.05627
       5.504      0.05627
       5.519      0.01535
       5.527      0.01535
       5.542    -0.005115
        5.55    -0.005115
       5.565      0.01535
       5.572      0.03581
        5.58      0.05627
       5.595      0.07673
       5.603      0.07673
        5.61      0.07673
       5.625      0.05627
       5.633      0.03581
       5.648      0.01535
       5.663    -0.005115
       5.671      0.01535
       5.686      0.05627
       5.693      0.05627
       5.701      0.05627
       5.716      0.01535
       5.723    -0.005115
       5.739    -0.005115
       5.746    -0.005115
       5.761     -0.02558
       5.769     -0.04604
       5.776     -0.04604
       5.791      -0.0665
       5.799      -0.0665
       5.814     -0.04604
       5.822     -0.02558
       5.837     -0.02558
       5.844    -0.005115
       5.852      0.01535
       5.867      0.03581
       5.875      0.03581
        5.89      0.03581
       5.897      0.03581
       5.912      0.03581
        5.92      0.03581
       5.935      0.01535
        5.95    -0.005115
       5.958      0.01535
       5.973      0.03581
        5.98      0.03581
       5.995      0.01535
       6.003      0.01535
       6.018      0.01535
       6.026      0.01535
       6.041      0.01535
       6.048      0.03581
       6.063      0.03581
       6.071      0.03581
       6.086      0.03581
       6.101      0.01535
       6.109    -0.005115
       6.124      0.01535
       6.131      0.01535
       6.147    -0.005115
       6.154    -0.005115
       6.162    -0.005115
       6.177    -0.005115
       6.184     -0.02558
       6.199     -0.04604
       6.207     -0.04604
       6.222     -0.02558
       6.237    -0.005115
       6.245    -0.005115
        6.26    -0.005115
       6.267    -0.005115
       6.283    -0.005115
        6.29    -0.005115
       6.298    -0.005115
       6.313     -0.04604
        6.32      -0.0665
       6.328      -0.0665
       6.343     -0.08696
       6.351     -0.08696
       6.366     -0.08696
       6.373     -0.08696
       6.388     -0.02558
       6.403      0.01535
       6.419      0.05627
       6.426      0.05627
       6.434      0.05627
       6.449      0.03581
       6.464      0.05627
       6.471      0.05627
       6.494      0.03581
       6.502      0.01535
       6.524      0.01535
       6.532      0.01535
       6.555      0.03581
       6.562      0.03581
        6.57      0.03581
       6.585    -0.005115
       6.592    -0.005115
       6.607      0.01535
       6.622    -0.005115
        6.63    -0.005115
       6.645    -0.005115
       6.653    -0.005115
       6.668      0.01535
       6.675      0.01535
        6.69    -0.005115
       6.698    -0.005115
       6.713      0.03581
       6.728      0.03581
       6.736      0.03581
       6.751      0.01535
       6.758    -0.005115
       6.774      0.01535
       6.781      0.03581
       6.796      0.03581
       6.804      0.05627
       6.819      0.09719
       6.826       0.1176
       6.842      0.09719
       6.849      0.09719
       6.864      0.07673
       6.872      0.07673
       6.887      0.03581
       6.894      0.01535
        6.91     -0.02558
       6.917     -0.04604
       6.932      -0.0665
        6.94      -0.0665
       6.947     -0.04604
       6.962    -0.005115
        6.97    -0.005115
       6.985      0.01535
       6.993      0.01535
       7.008      0.03581
       7.015      0.03581
        7.03      0.03581
       7.038      0.01535
       7.061    -0.005115
       7.076    -0.005115
       7.083    -0.005115
       7.098      0.01535
       7.114      0.03581
       7.121      0.03581
       7.136      0.03581
       7.144      0.03581
       7.159    -0.005115
       7.166    -0.005115
       7.182     -0.02558
       7.189    -0.005115
       7.204    -0.005115
       7.212    -0.005115
       7.227    -0.005115
       7.234    -0.005115
       7.257     -0.02558
       7.265    -0.005115
        7.28    -0.005115
       7.287    -0.005115
       7.302    -0.005115
        7.31    -0.005115
       7.325    -0.005115
       7.333    -0.005115
        7.34    -0.005115
       7.355     -0.02558
       7.363     -0.04604
        7.37     -0.04604
       7.386     -0.04604
       7.393      -0.0665
       7.401     -0.04604
       7.416     -0.02558
       7.423     -0.02558
       7.431    -0.005115
       7.446      0.03581
       7.461      0.03581
       7.476    -0.005115
       7.484    -0.005115
       7.491      0.03581
       7.506      0.05627
       7.514      0.05627
       7.529      0.05627
       7.537      0.05627
       7.552      0.03581
       7.559      0.03581
       7.567      0.03581
       7.582    -0.005115
        7.59    -0.005115
       7.605    -0.005115
       7.612    -0.005115
       7.627      0.01535
       7.635      0.01535
        7.65      0.01535
       7.658      0.01535
       7.673      0.01535
       7.688     -0.02558
       7.695     -0.02558
        7.71      -0.0665
       7.718      -0.0665
       7.733      -0.0665
       7.741      -0.0665
       7.756     -0.04604
       7.763     -0.04604
       7.778     -0.02558
       7.786    -0.005115
       7.801      0.01535
       7.809      0.03581
       7.816      0.05627
       7.831      0.07673
       7.839      0.09719
       7.854       0.1176
       7.862       0.1381
       7.877       0.1381
       7.884       0.1381
       7.899       0.1381
       7.907       0.1381
       7.922       0.1381
        7.93       0.1381
       7.945       0.1381
        7.96       0.1176
       7.967      0.09719
       7.982       0.1176
       7.998       0.1176
       8.005       0.1176
        8.02       0.1176
       8.028       0.1381
       8.043       0.1586
       8.058        0.179
       8.073       0.1586
       8.081       0.1381
       8.096       0.1381
       8.103       0.1381
       8.118       0.1381
       8.126       0.1176
       8.134       0.1176
       8.149      0.07673
       8.156      0.07673
       8.171      0.07673
       8.179      0.07673
       8.194      0.07673
       8.202      0.07673
       8.209      0.07673
       8.224      0.03581
       8.232      0.03581
       8.247     -0.02558
       8.254      -0.0665
       8.262      -0.1074
        8.27      -0.1688
       8.277      -0.2302
       8.285      -0.2711
       8.292      -0.2916
       8.307      -0.3325
       8.315      -0.3529
       8.322      -0.3325
       8.337      -0.2916
       8.345      -0.2711
       8.353      -0.2506
       8.368      -0.1893
       8.375      -0.2097
        8.39      -0.2711
       8.398      -0.2916
       8.405      -0.2711
       8.421      -0.2302
       8.428      -0.1893
       8.443      -0.1688
       8.451      -0.1483
       8.466      -0.1074
       8.481      -0.1279
       8.489      -0.1483
       8.504      -0.1893
       8.511      -0.1893
       8.526      -0.1893
       8.534      -0.1688
       8.549      -0.1279
       8.557      -0.1074
       8.572      -0.0665
       8.579     -0.04604
       8.594     -0.04604
       8.602     -0.04604
       8.617      -0.0665
       8.625      -0.0665
        8.64      -0.0665
       8.655     -0.04604
       8.662     -0.02558
       8.677    -0.005115
       8.685      0.03581
         8.7      0.07673
       8.708      0.09719
       8.723       0.1381
        8.73       0.1586
       8.738        0.179
       8.753       0.1381
       8.761       0.1176
       8.776      0.09719
       8.783      0.09719
       8.798       0.1176
       8.813       0.1176
       8.821       0.1176
       8.829       0.1176
       8.844      0.09719
       8.851      0.09719
       8.866      0.09719
       8.881      0.07673
       8.889      0.05627
       8.904      0.05627
       8.912      0.05627
       8.927      0.03581
       8.934      0.01535
       8.949      0.03581
       8.965      0.07673
