     0.01181      -0.2506
     0.01937      -0.2318
     0.02693      -0.1751
     0.03449      -0.1751
     0.04205      -0.2318
      0.0496      -0.2884
     0.05716      -0.3262
     0.06472      -0.3073
     0.07984      -0.2506
      0.0874      -0.2129
     0.09496      -0.1751
      0.1101      -0.1373
      0.1176      -0.1751
      0.1327      -0.1751
      0.1403      -0.1751
      0.1554       -0.194
       0.163       -0.194
      0.1705      -0.1751
      0.1857      -0.1562
      0.2008      -0.1184
      0.2083      -0.1373
      0.2159      -0.1751
      0.2235       -0.194
      0.2386      -0.2318
      0.2461      -0.2318
      0.2537      -0.2129
      0.2612      -0.1562
      0.2688      -0.1562
      0.2764      -0.1373
      0.2915      -0.1373
       0.299      -0.1184
      0.3142     -0.09955
      0.3217     -0.09955
      0.3293      -0.1562
      0.3368       -0.194
       0.352      -0.2318
      0.3595      -0.2129
      0.3671      -0.1751
      0.3746      -0.1373
      0.3897     -0.09955
      0.4049     -0.06177
      0.4124     -0.06177
      0.4275     -0.06177
      0.4351     -0.06177
      0.4502     -0.08066
      0.4578     -0.08066
      0.4729     -0.09955
      0.4804     -0.09955
      0.4956     -0.09955
      0.5107      -0.1184
      0.5182      -0.1184
      0.5334      -0.1184
      0.5409      -0.1184
       0.556      -0.1184
      0.5636      -0.1184
      0.5787      -0.1184
      0.5863     -0.09955
      0.6014     -0.09955
      0.6089     -0.08066
      0.6241     -0.08066
      0.6316     -0.08066
      0.6467     -0.08066
      0.6619     -0.09955
      0.6694     -0.08066
      0.6845     -0.08066
      0.6921     -0.09955
      0.7072      -0.1184
      0.7148      -0.1184
      0.7299     -0.09955
       0.745     -0.08066
      0.7526     -0.06177
      0.7677     -0.06177
      0.7752     -0.04289
      0.7904    -0.005115
      0.7979      0.05154
      0.8055      0.08932
      0.8206       0.1649
      0.8281       0.1837
      0.8433       0.2215
      0.8508       0.2215
      0.8659       0.2215
      0.8735       0.2026
      0.8811       0.1649
      0.8886       0.1271
      0.8962      0.08932
      0.9037      0.05154
      0.9113    -0.005115
      0.9188       -0.024
       0.934     -0.08066
      0.9415     -0.09955
      0.9566      -0.1562
      0.9642      -0.1751
      0.9718      -0.1751
      0.9869       -0.194
      0.9944       -0.194
        1.01      -0.1562
       1.025      -0.1184
       1.032     -0.08066
        1.04     -0.04289
       1.055       -0.024
       1.062    -0.005115
       1.078     -0.04289
       1.085     -0.04289
         1.1    -0.005115
       1.108      0.03266
       1.115      0.05154
        1.13      0.05154
       1.138      0.05154
       1.153      0.03266
       1.161    -0.005115
       1.168     -0.04289
       1.183     -0.08066
       1.191     -0.08066
       1.199     -0.06177
       1.206       -0.024
       1.214    -0.005115
       1.229    -0.005115
       1.236    -0.005115
       1.251       -0.024
       1.259       -0.024
       1.267    -0.005115
       1.282       -0.024
       1.289     -0.04289
       1.304     -0.06177
       1.312     -0.06177
       1.335     -0.04289
       1.342     -0.04289
        1.35       -0.024
       1.365       -0.024
       1.372     -0.04289
        1.38     -0.04289
       1.395     -0.06177
       1.403     -0.08066
       1.418     -0.08066
       1.425     -0.08066
        1.44     -0.04289
       1.456       -0.024
       1.463       -0.024
       1.478     -0.04289
       1.486       -0.024
       1.501      0.03266
       1.508      0.05154
       1.531      0.05154
       1.539      0.03266
       1.546    -0.005115
       1.554       -0.024
       1.569     -0.08066
       1.576     -0.09955
       1.592     -0.09955
       1.599     -0.09955
       1.614     -0.09955
       1.622     -0.09955
       1.637     -0.09955
       1.644     -0.09955
        1.66     -0.09955
       1.667     -0.09955
       1.682     -0.09955
        1.69     -0.08066
       1.705     -0.06177
       1.713     -0.06177
       1.728     -0.04289
       1.735     -0.04289
        1.75    -0.005115
       1.765    -0.005115
       1.773    -0.005115
       1.788       -0.024
       1.796     -0.04289
       1.811     -0.04289
       1.826    -0.005115
       1.833    -0.005115
       1.849      0.05154
       1.856      0.08932
       1.864       0.1649
       1.871       0.2404
       1.879       0.3348
       1.886       0.5048
       1.894       0.6559
       1.901        0.637
       1.901       0.4482
       1.909       0.2593
       1.917      0.07043
       1.917     -0.04289
       1.924      -0.1373
       1.932      -0.3451
       1.932      -0.5339
       1.939      -0.6284
       1.947      -0.7417
       1.954      -0.6284
       1.962      -0.3451
       1.962      -0.5339
        1.97      0.05154
        1.97      -0.1373
       1.977       0.1082
       1.985       0.1649
       1.992        0.146
           2      0.08932
       2.007      0.03266
       2.015    -0.005115
       2.022     -0.04289
        2.03     -0.04289
       2.045      0.03266
       2.053       0.1082
        2.06       0.1271
       2.068      0.08932
       2.075      0.08932
        2.09        0.146
       2.098       0.1649
       2.113       0.1649
       2.128        0.146
       2.136        0.146
       2.151       0.1082
       2.158       0.1082
       2.174       0.1082
       2.189      0.08932
       2.196       0.1082
       2.204        0.146
       2.211       0.1837
       2.219       0.2215
       2.234       0.1837
       2.242       0.1082
       2.249      0.03266
       2.257     -0.04289
       2.264     -0.09955
       2.272      -0.1751
       2.279      -0.2318
       2.287      -0.2695
       2.295      -0.3073
       2.302      -0.3262
        2.31      -0.3073
       2.317      -0.2695
       2.325      -0.2506
       2.332       -0.194
        2.34      -0.1373
       2.347     -0.09955
       2.355     -0.08066
        2.37     -0.06177
       2.378     -0.09955
       2.393      -0.1751
         2.4      -0.2129
       2.408      -0.2506
       2.415      -0.2884
       2.431      -0.3262
       2.438      -0.3451
       2.453      -0.3262
       2.461      -0.2884
       2.468      -0.2318
       2.476      -0.1373
       2.483     -0.04289
       2.491      0.05154
       2.491    -0.005115
       2.499      0.08932
       2.506        0.146
       2.514       0.1837
       2.529       0.2404
       2.536       0.2593
       2.552       0.2593
       2.559       0.2404
       2.567       0.1837
       2.574        0.146
       2.582       0.1082
       2.589      0.05154
       2.597      0.03266
       2.597    -0.005115
       2.604     -0.04289
        2.62     -0.08066
       2.627     -0.09955
       2.635     -0.08066
       2.642     -0.04289
        2.65    -0.005115
       2.657      0.01377
       2.672      0.05154
        2.68      0.05154
       2.695      0.05154
        2.71      0.03266
       2.718      0.01377
       2.733      0.01377
        2.74      0.03266
       2.756      0.03266
       2.763      0.03266
       2.778      0.01377
       2.786    -0.005115
       2.801     -0.04289
       2.809     -0.06177
       2.816     -0.06177
       2.831     -0.08066
       2.839     -0.08066
       2.854     -0.04289
       2.861    -0.005115
       2.869      0.05154
       2.884      0.08932
       2.892      0.08932
       2.907      0.07043
       2.914      0.05154
       2.922    -0.005115
       2.929     -0.09955
       2.937      -0.2129
       2.945      -0.1751
       2.952       0.1649
       2.952     -0.08066
        2.96       0.2782
       2.975       0.2782
       2.982       0.2782
       2.997       0.2026
       3.005        0.146
       3.013      0.07043
        3.02      0.03266
        3.02    -0.005115
       3.035     -0.04289
       3.043     -0.08066
        3.05      -0.1184
       3.058      -0.1373
       3.073      -0.1373
       3.081     -0.09955
       3.088     -0.04289
       3.096      0.03266
       3.096    -0.005115
       3.103      0.05154
       3.111      0.08932
       3.118       0.1082
       3.126      0.08932
       3.134      0.05154
       3.134    -0.005115
       3.141       -0.024
       3.156       -0.024
       3.164     -0.08066
       3.171      -0.1373
       3.179      -0.1184
       3.194      -0.1184
       3.202      -0.1184
       3.217     -0.08066
       3.224     -0.06177
       3.239     -0.06177
       3.247     -0.04289
       3.262       -0.024
        3.27      0.03266
        3.27    -0.005115
       3.277      0.07043
       3.292      0.08932
         3.3      0.08932
       3.307      0.05154
       3.323    -0.005115
        3.33     -0.06177
       3.338     -0.09955
       3.345      -0.1184
        3.36      -0.1373
       3.368      -0.1373
       3.383     -0.09955
       3.391     -0.04289
       3.398    -0.005115
       3.406      0.05154
       3.421      0.03266
       3.428    -0.005115
       3.443     -0.06177
       3.451     -0.08066
       3.459     -0.08066
       3.474     -0.08066
       3.481     -0.06177
       3.489     -0.04289
       3.504    -0.005115
       3.511    -0.005115
       3.527    -0.005115
       3.534    -0.005115
       3.542      0.03266
       3.549      0.05154
       3.564      0.07043
       3.572      0.08932
       3.587      0.07043
       3.595      0.05154
        3.61    -0.005115
       3.617    -0.005115
       3.632       -0.024
        3.64       -0.024
       3.648    -0.005115
       3.663    -0.005115
        3.67      0.03266
       3.678      0.05154
       3.693      0.07043
         3.7      0.08932
       3.716      0.07043
       3.723      0.03266
       3.761      0.03266
       3.768      0.03266
       3.784      0.05154
       3.791      0.05154
       3.806      0.01377
       3.814    -0.005115
       3.829    -0.005115
       3.836    -0.005115
       3.859      0.03266
       3.867      0.03266
       3.874      0.05154
       3.889      0.03266
       3.897      0.01377
       3.912    -0.005115
        3.92    -0.005115
       3.935    -0.005115
       3.942    -0.005115
       3.957    -0.005115
       3.965    -0.005115
        3.98     -0.04289
       3.988     -0.06177
       3.995     -0.06177
        4.01     -0.06177
       4.018     -0.04289
       4.033    -0.005115
       4.041      0.03266
       4.048      0.05154
       4.071      0.08932
       4.078       0.1082
       4.101      0.05154
       4.109      0.03266
       4.124      0.01377
       4.131    -0.005115
       4.139    -0.005115
       4.154     -0.04289
       4.162     -0.04289
       4.177     -0.04289
       4.184     -0.04289
       4.199       -0.024
       4.207       -0.024
       4.214    -0.005115
        4.23       -0.024
       4.237       -0.024
       4.252     -0.04289
        4.26     -0.04289
       4.275       -0.024
       4.282    -0.005115
       4.298    -0.005115
       4.305    -0.005115
       4.328      0.01377
       4.335      0.01377
        4.35      0.05154
       4.366      0.07043
       4.373      0.08932
       4.388      0.08932
       4.403      0.05154
       4.411      0.03266
       4.419    -0.005115
       4.426    -0.005115
       4.441       -0.024
       4.449    -0.005115
       4.456      0.03266
       4.464      0.03266
       4.502      0.01377
       4.524      0.03266
       4.562      0.01377
        4.57      0.01377
       4.585      0.01377
       4.592      0.03266
       4.607      0.05154
       4.623      0.05154
        4.63      0.05154
       4.645      0.03266
        4.66      0.01377
       4.676    -0.005115
       4.683    -0.005115
       4.728    -0.005115
       4.736    -0.005115
       4.751    -0.005115
       4.759    -0.005115
       4.774    -0.005115
       4.781    -0.005115
       4.796    -0.005115
       4.804    -0.005115
       4.819    -0.005115
       4.827       -0.024
       4.842       -0.024
       4.849       -0.024
       4.864    -0.005115
       4.872    -0.005115
       4.902    -0.005115
        4.91    -0.005115
       4.925    -0.005115
       4.932    -0.005115
       4.948    -0.005115
       4.955    -0.005115
        4.97    -0.005115
       4.978    -0.005115
       4.993    -0.005115
       5.008       -0.024
       5.016       -0.024
       5.031       -0.024
       5.038       -0.024
       5.046    -0.005115
       5.061    -0.005115
       5.069      0.01377
       5.091    -0.005115
       5.099    -0.005115
       5.106    -0.005115
       5.129    -0.005115
       5.137    -0.005115
       5.152    -0.005115
       5.159    -0.005115
       5.174    -0.005115
       5.182    -0.005115
       5.197      0.03266
       5.205      0.03266
       5.212      0.05154
       5.227      0.05154
       5.235      0.05154
        5.25      0.03266
       5.258      0.03266
       5.273      0.03266
        5.28      0.01377
       5.295    -0.005115
       5.303    -0.005115
       5.326    -0.005115
       5.333    -0.005115
       5.348    -0.005115
       5.356    -0.005115
       5.371    -0.005115
       5.378    -0.005115
       5.386    -0.005115
       5.401     -0.04289
       5.409     -0.06177
       5.424     -0.09955
       5.431     -0.09955
       5.439     -0.08066
       5.446     -0.04289
       5.454       -0.024
       5.469      0.03266
       5.477      0.05154
       5.484      0.07043
       5.499      0.05154
       5.507      0.05154
       5.522      0.03266
        5.53      0.01377
       5.545    -0.005115
       5.552    -0.005115
       5.567    -0.005115
       5.575      0.01377
        5.59      0.03266
       5.598      0.03266
       5.613      0.03266
        5.62    -0.005115
       5.635    -0.005115
       5.651       -0.024
       5.658       -0.024
       5.673       -0.024
       5.681       -0.024
       5.688    -0.005115
       5.703    -0.005115
       5.711    -0.005115
       5.726    -0.005115
       5.734    -0.005115
       5.749    -0.005115
       5.764       -0.024
       5.772       -0.024
       5.787    -0.005115
       5.802    -0.005115
       5.817      0.01377
       5.832      0.01377
        5.84      0.01377
       5.855    -0.005115
       5.862    -0.005115
       5.877    -0.005115
       5.885    -0.005115
         5.9    -0.005115
       5.908    -0.005115
       5.923    -0.005115
        5.93    -0.005115
       5.945    -0.005115
       5.953    -0.005115
       5.968    -0.005115
       5.976    -0.005115
       5.991    -0.005115
       5.998    -0.005115
       6.013    -0.005115
       6.021    -0.005115
       6.036    -0.005115
       6.044    -0.005115
       6.066      0.01377
       6.074    -0.005115
       6.089    -0.005115
       6.097    -0.005115
       6.112    -0.005115
       6.127    -0.005115
       6.142    -0.005115
       6.157       -0.024
       6.165       -0.024
        6.18    -0.005115
       6.195    -0.005115
       6.202    -0.005115
       6.217    -0.005115
       6.225    -0.005115
        6.24    -0.005115
       6.255      0.03266
        6.27    -0.005115
       6.278    -0.005115
       6.285      0.01377
       6.301      0.05154
       6.308      0.03266
       6.316       -0.024
       6.323     -0.06177
       6.338       -0.024
       6.346      0.03266
       6.354      0.07043
       6.369      0.05154
       6.369    -0.005115
       6.376    -0.005115
       6.391    -0.005115
       6.399      0.07043
       6.406       0.1082
       6.414      0.08932
       6.422      0.05154
       6.422     -0.04289
       6.429     -0.09955
       6.437      -0.1373
       6.444     -0.08066
       6.452     -0.04289
       6.459     -0.04289
       6.467     -0.08066
       6.474     -0.09955
       6.482     -0.06177
        6.49     -0.04289
       6.497    -0.005115
       6.505    -0.005115
       6.512       -0.024
       6.527     -0.04289
       6.535       -0.024
       6.542      0.05154
        6.55       0.1082
       6.565       0.1271
       6.573       0.1082
       6.588      0.08932
       6.595      0.08932
       6.611      0.08932
       6.618      0.05154
       6.633    -0.005115
       6.641    -0.005115
       6.656       -0.024
       6.663       -0.024
       6.679     -0.04289
       6.686     -0.04289
       6.694       -0.024
       6.709       -0.024
       6.724       -0.024
       6.739       -0.024
       6.747       -0.024
       6.754    -0.005115
       6.769    -0.005115
       6.777    -0.005115
       6.792    -0.005115
       6.799    -0.005115
       6.815    -0.005115
       6.822    -0.005115
        6.83    -0.005115
       6.845       -0.024
       6.852       -0.024
       6.868       -0.024
       6.875    -0.005115
        6.89    -0.005115
       6.898      0.01377
        6.92      0.01377
       6.928      0.01377
       6.943    -0.005115
       6.951    -0.005115
       7.026    -0.005115
       7.034    -0.005115
       7.041    -0.005115
       7.056    -0.005115
       7.064    -0.005115
       7.079    -0.005115
       7.087    -0.005115
       7.102    -0.005115
       7.109    -0.005115
       7.125    -0.005115
       7.132    -0.005115
       7.147    -0.005115
       7.155    -0.005115
        7.17    -0.005115
       7.177    -0.005115
       7.193    -0.005115
         7.2    -0.005115
       7.215    -0.005115
       7.223    -0.005115
       7.238    -0.005115
       7.253      0.01377
       7.268      0.03266
       7.276      0.03266
       7.291      0.03266
       7.298      0.01377
       7.321    -0.005115
       7.329    -0.005115
       7.344    -0.005115
       7.351    -0.005115
       7.366    -0.005115
       7.374    -0.005115
       7.389    -0.005115
       7.397    -0.005115
       7.412    -0.005115
       7.419    -0.005115
       7.434    -0.005115
       7.442    -0.005115
       7.457    -0.005115
       7.465    -0.005115
        7.48    -0.005115
       7.487    -0.005115
       7.502    -0.005115
        7.51    -0.005115
       7.525    -0.005115
       7.533    -0.005115
       7.548    -0.005115
       7.555    -0.005115
        7.57    -0.005115
       7.578    -0.005115
       7.593    -0.005115
       7.601    -0.005115
       7.616    -0.005115
       7.623    -0.005115
       7.638    -0.005115
       7.646    -0.005115
       7.661    -0.005115
       7.669    -0.005115
       7.684    -0.005115
       7.691    -0.005115
       7.707    -0.005115
       7.714    -0.005115
       7.729    -0.005115
       7.737    -0.005115
       7.752    -0.005115
       7.759    -0.005115
       7.775    -0.005115
       7.782    -0.005115
       7.797    -0.005115
       7.805    -0.005115
        7.82    -0.005115
       7.827    -0.005115
       7.843    -0.005115
        7.85    -0.005115
       7.865    -0.005115
       7.873    -0.005115
       7.888    -0.005115
       7.895    -0.005115
       7.918    -0.005115
       7.926    -0.005115
       7.941    -0.005115
       7.948    -0.005115
       7.964    -0.005115
       7.971    -0.005115
       7.986    -0.005115
       7.994    -0.005115
       8.009    -0.005115
       8.016    -0.005115
       8.032    -0.005115
       8.039    -0.005115
       8.054    -0.005115
       8.062    -0.005115
       8.077    -0.005115
       8.084    -0.005115
         8.1    -0.005115
       8.107    -0.005115
       8.122    -0.005115
        8.13    -0.005115
       8.145    -0.005115
       8.152    -0.005115
       8.168    -0.005115
       8.175    -0.005115
        8.19    -0.005115
       8.198    -0.005115
       8.213    -0.005115
       8.221    -0.005115
       8.236    -0.005115
       8.243    -0.005115
       8.258    -0.005115
       8.266    -0.005115
       8.281    -0.005115
       8.289    -0.005115
       8.304    -0.005115
       8.319    -0.005115
       8.334    -0.005115
       8.341    -0.005115
       8.357    -0.005115
       8.364    -0.005115
       8.379    -0.005115
       8.387    -0.005115
       8.409    -0.005115
       8.417    -0.005115
        8.44    -0.005115
       8.447    -0.005115
       8.462    -0.005115
        8.47    -0.005115
       8.485    -0.005115
       8.493    -0.005115
       8.508    -0.005115
       8.523    -0.005115
       8.538    -0.005115
       8.546    -0.005115
       8.561    -0.005115
       8.568    -0.005115
       8.583    -0.005115
       8.591    -0.005115
       8.606    -0.005115
       8.614    -0.005115
       8.629    -0.005115
       8.636    -0.005115
       8.651    -0.005115
       8.659    -0.005115
       8.674    -0.005115
       8.682    -0.005115
       8.697    -0.005115
       8.704    -0.005115
       8.719    -0.005115
       8.727    -0.005115
       8.742    -0.005115
        8.75    -0.005115
       8.765    -0.005115
       8.772    -0.005115
       8.787    -0.005115
       8.795    -0.005115
        8.81    -0.005115
       8.818    -0.005115
       8.833    -0.005115
        8.84    -0.005115
       8.855    -0.005115
       8.863    -0.005115
       8.878    -0.005115
       8.886    -0.005115
       8.901    -0.005115
       8.908    -0.005115
       8.923    -0.005115
       8.931    -0.005115
       8.946    -0.005115
       8.954    -0.005115
       8.969    -0.005115
       8.976    -0.005115
