     0.01181      0.07673
     0.03449    -0.005115
     0.04205    -0.005115
     0.05716      0.03581
     0.07228      0.05627
     0.07984      0.05627
      0.0874      0.07673
      0.1025       0.1381
      0.1101       0.1586
      0.1252        0.179
      0.1327       0.1995
      0.1479        0.179
      0.1554       0.1586
       0.163       0.1176
      0.1705      0.09719
      0.1781      0.05627
      0.1857      0.01535
      0.1932     -0.02558
      0.2008      -0.0665
      0.2159      -0.1074
      0.2235      -0.1074
       0.231     -0.08696
      0.2386     -0.04604
      0.2461     -0.02558
      0.2612      0.01535
      0.2688      0.03581
      0.2839      0.05627
      0.2915      0.05627
       0.299      0.05627
      0.3142      0.01535
      0.3217     -0.02558
      0.3368     -0.08696
       0.352     -0.08696
      0.3671      -0.0665
      0.3746     -0.02558
      0.3897      0.01535
      0.3973      0.01535
      0.4124      0.03581
        0.42      0.05627
      0.4351      0.09719
      0.4427       0.1176
      0.4578       0.1176
      0.4653      0.07673
      0.4729      0.03581
      0.4804    -0.005115
       0.488     -0.02558
      0.4956     -0.04604
      0.5107     -0.08696
      0.5182     -0.08696
      0.5334      -0.0665
      0.5409      -0.0665
      0.5485     -0.04604
      0.5636     -0.04604
      0.5712     -0.04604
      0.5863     -0.02558
      0.5938    -0.005115
      0.6089     -0.02558
      0.6165     -0.04604
      0.6316      -0.0665
      0.6467     -0.08696
      0.6543      -0.0665
      0.6694     -0.04604
       0.677     -0.04604
      0.6921     -0.04604
      0.6996     -0.04604
      0.7148     -0.08696
      0.7223     -0.08696
      0.7374     -0.08696
      0.7526     -0.08696
      0.7677      -0.1279
      0.7752      -0.1688
      0.7904      -0.1893
      0.8055      -0.1893
       0.813      -0.1688
      0.8206      -0.1483
      0.8281      -0.1074
      0.8357      -0.0665
      0.8433     -0.02558
      0.8508      0.01535
      0.8659      0.03581
      0.8735      0.03581
      0.8811      0.05627
      0.8962      0.07673
      0.9037      0.09719
      0.9113       0.1176
      0.9264      0.09719
       0.934      0.07673
      0.9491      0.05627
      0.9642      0.03581
      0.9718      0.05627
      0.9869       0.1176
       1.002       0.1586
        1.01        0.179
       1.017       0.1995
       1.032       0.1995
        1.04       0.2199
       1.055       0.1995
       1.062        0.179
       1.078       0.1176
       1.085      0.09719
       1.093      0.09719
       1.108      0.09719
       1.115       0.1176
        1.13       0.1586
       1.146       0.1995
       1.153        0.179
       1.161       0.1381
       1.168      0.09719
       1.183      0.03581
       1.191      0.03581
       1.206      0.01535
       1.214      0.01535
       1.229    -0.005115
       1.244     -0.02558
       1.251     -0.04604
       1.267     -0.08696
       1.274     -0.08696
       1.289     -0.08696
       1.304     -0.08696
       1.312     -0.08696
       1.319     -0.04604
       1.335    -0.005115
       1.342      0.01535
       1.357    -0.005115
       1.365    -0.005115
        1.38      0.01535
       1.395      0.03581
       1.403      0.03581
       1.418      0.03581
       1.425      0.03581
       1.433      0.03581
       1.448      0.03581
       1.456      0.05627
       1.471      0.03581
       1.478      0.03581
       1.493      0.01535
       1.501    -0.005115
       1.508    -0.005115
       1.524     -0.04604
       1.531      -0.0665
       1.546      -0.0665
       1.554     -0.04604
       1.569      0.01535
       1.576      0.01535
       1.584    -0.005115
       1.592     -0.04604
       1.607     -0.08696
       1.614      -0.1279
       1.629      -0.1074
       1.644      -0.0665
       1.652     -0.04604
       1.667     -0.04604
       1.675      -0.0665
        1.69      -0.0665
       1.697      -0.0665
       1.705     -0.04604
        1.72     -0.04604
       1.728     -0.02558
        1.75     -0.02558
       1.758     -0.02558
       1.773    -0.005115
       1.788     -0.02558
       1.796    -0.005115
       1.811    -0.005115
       1.818      0.01535
       1.826      0.03581
       1.841      0.05627
       1.849      0.07673
       1.864      0.09719
       1.871      0.09719
       1.879      0.09719
       1.894      0.05627
       1.901      0.05627
       1.917      0.05627
       1.924      0.05627
       1.939      0.07673
       1.947      0.09719
       1.962      0.09719
        1.97      0.07673
       1.985      0.07673
           2      0.05627
       2.007      0.07673
       2.022      0.09719
        2.03      0.09719
       2.045      0.07673
        2.06      0.03581
       2.068      0.01535
       2.075      0.01535
        2.09    -0.005115
       2.098    -0.005115
       2.113    -0.005115
       2.121    -0.005115
       2.128    -0.005115
       2.143     -0.04604
       2.151     -0.04604
       2.166     -0.04604
       2.174     -0.04604
       2.189     -0.08696
       2.196      -0.1279
       2.204      -0.1688
       2.211      -0.2097
       2.219      -0.2506
       2.226      -0.2711
       2.242       -0.312
       2.249       -0.312
       2.257      -0.2916
       2.272      -0.2506
       2.287      -0.1893
       2.295      -0.1483
       2.302      -0.1279
       2.317      -0.0665
       2.325     -0.04604
       2.332     -0.02558
        2.34      0.01535
       2.347      0.05627
       2.363      0.09719
        2.37      0.09719
       2.385      0.09719
       2.393       0.1176
       2.408       0.1381
       2.415       0.1586
       2.423       0.1995
       2.431       0.2404
       2.446       0.2609
       2.453       0.2404
       2.468       0.1995
       2.476        0.179
       2.491       0.1586
       2.499       0.1586
       2.514       0.1381
       2.521       0.1381
       2.536      0.09719
       2.544      0.09719
       2.559      0.09719
       2.574      0.05627
       2.582      0.03581
       2.597      0.03581
       2.604      0.05627
        2.62      0.09719
       2.627       0.1176
       2.642      0.07673
        2.65      0.05627
       2.665      0.07673
        2.68      0.07673
       2.688      0.05627
       2.695      0.01535
       2.703     -0.02558
       2.718      -0.0665
       2.725     -0.08696
       2.733     -0.08696
       2.748      -0.1279
       2.756      -0.1279
       2.771      -0.1483
       2.778      -0.1483
       2.793      -0.1483
       2.801      -0.1279
       2.816      -0.1483
       2.824      -0.1483
       2.839      -0.1688
       2.846      -0.1483
       2.861      -0.1279
       2.869      -0.1074
       2.884      -0.1074
       2.892     -0.08696
       2.907     -0.04604
       2.914     -0.02558
       2.929      0.03581
       2.937      0.05627
       2.952      0.05627
        2.96      0.05627
       2.967      0.07673
       2.982      0.09719
        2.99       0.1176
       3.005       0.1381
       3.013       0.1586
       3.028       0.1995
       3.035       0.1995
       3.043       0.1995
       3.058       0.1381
       3.066      0.09719
       3.081      0.05627
       3.088      0.03581
       3.103      0.01535
       3.111      0.01535
       3.118      0.01535
       3.134    -0.005115
       3.149    -0.005115
       3.164    -0.005115
       3.171    -0.005115
       3.186      -0.0665
       3.194      -0.0665
       3.209     -0.02558
       3.217    -0.005115
       3.232      0.03581
       3.239      0.03581
       3.247      0.05627
       3.262      0.05627
        3.27      0.05627
       3.285      0.03581
       3.292      0.03581
       3.307      0.03581
       3.315      0.05627
        3.33      0.03581
       3.338      0.01535
       3.345      0.01535
       3.353     -0.02558
       3.368      -0.0665
       3.375      -0.0665
       3.391     -0.04604
       3.398     -0.04604
       3.406     -0.02558
       3.421     -0.02558
       3.428     -0.02558
       3.443    -0.005115
       3.459    -0.005115
       3.466      0.01535
       3.481      0.05627
       3.489      0.07673
       3.504      0.07673
       3.519      0.05627
       3.527      0.05627
       3.542      0.09719
       3.557       0.1176
       3.564       0.1176
       3.579      0.07673
       3.587      0.07673
       3.602      0.07673
        3.61      0.09719
       3.625      0.09719
       3.632      0.09719
       3.648      0.03581
       3.655    -0.005115
       3.663     -0.02558
       3.678     -0.08696
       3.685      -0.1074
         3.7      -0.1688
       3.708      -0.1893
       3.716      -0.1893
       3.731      -0.2097
       3.746      -0.1893
       3.761      -0.1483
       3.776     -0.08696
       3.784     -0.04604
       3.799     -0.02558
       3.806     -0.04604
       3.821     -0.04604
       3.829     -0.04604
       3.844     -0.04604
       3.852     -0.04604
       3.859     -0.02558
       3.874    -0.005115
       3.882      0.01535
       3.889      0.05627
       3.905      0.09719
       3.912       0.1176
       3.927       0.1586
       3.935       0.2199
       3.942       0.2404
       3.957       0.2813
       3.965       0.2404
       3.973       0.1995
        3.98       0.1381
       3.988      0.07673
       3.995    -0.005115
       4.003     -0.04604
        4.01     -0.08696
       4.018      -0.1279
       4.033      -0.1688
       4.041      -0.1893
       4.048      -0.1688
       4.063      -0.1483
       4.071      -0.1483
       4.086      -0.1483
       4.093      -0.1074
       4.109      -0.0665
       4.116     -0.04604
       4.131     -0.04604
       4.139     -0.04604
       4.154      -0.0665
       4.162      -0.0665
       4.177     -0.02558
       4.184    -0.005115
       4.199      0.01535
       4.207      0.01535
       4.222    -0.005115
        4.23      0.01535
       4.237      0.03581
       4.252      0.07673
        4.26       0.1176
       4.267       0.1586
       4.275       0.2199
       4.282       0.2199
        4.29       0.2199
       4.305        0.179
       4.313        0.179
       4.328       0.1381
       4.343       0.1176
       4.358      0.05627
       4.366      0.03581
       4.381    -0.005115
       4.388     -0.02558
       4.396     -0.02558
       4.411     -0.02558
       4.419     -0.02558
       4.434    -0.005115
       4.441      0.03581
       4.449      0.05627
       4.456       0.1176
       4.464       0.1586
       4.479       0.1381
       4.487       0.1176
       4.502      0.05627
       4.509      0.05627
       4.524      0.05627
       4.532      0.05627
       4.547    -0.005115
       4.555     -0.04604
       4.562     -0.08696
       4.577      -0.1279
       4.585      -0.1483
         4.6      -0.1483
       4.607      -0.1483
       4.623      -0.1483
        4.63      -0.1279
       4.645      -0.1279
       4.653      -0.1279
       4.668      -0.1074
       4.683     -0.08696
       4.691      -0.0665
       4.706     -0.02558
       4.713      0.01535
       4.721      0.05627
       4.736      0.09719
       4.744       0.1176
       4.751       0.1586
       4.766       0.1995
       4.774       0.1995
       4.789       0.1995
       4.804       0.1586
       4.812       0.1586
       4.827       0.1381
       4.834       0.1176
       4.849      0.07673
       4.857      0.07673
       4.872      0.03581
        4.88      0.01535
       4.895     -0.02558
       4.902     -0.04604
       4.917     -0.08696
       4.925      -0.1074
        4.94      -0.1074
       4.948      -0.0665
       4.963     -0.04604
        4.97     -0.04604
       4.978     -0.04604
       4.993     -0.02558
       5.001    -0.005115
       5.016      0.03581
       5.031      0.09719
       5.038      0.09719
       5.053      0.05627
       5.061      0.01535
       5.069     -0.02558
       5.076     -0.04604
       5.084     -0.08696
       5.091      -0.1074
       5.106      -0.1483
       5.114      -0.1688
       5.129      -0.2097
       5.137      -0.2097
       5.144      -0.1688
       5.152      -0.1483
       5.159     -0.08696
       5.167     -0.04604
       5.174      0.01535
       5.182      0.03581
       5.197      0.01535
       5.205      0.01535
        5.22      0.05627
       5.227      0.09719
       5.235       0.1176
       5.242       0.1176
       5.258      0.05627
       5.265      0.05627
        5.28      0.03581
       5.288      0.05627
       5.303      0.07673
        5.31      0.07673
       5.326      0.07673
       5.341      0.05627
       5.348      0.05627
       5.363      0.01535
       5.371      0.01535
       5.386      0.01535
       5.394      0.01535
       5.401      0.03581
       5.416      0.05627
       5.424      0.07673
       5.439       0.1176
       5.446       0.1381
       5.462        0.179
       5.469        0.179
       5.484       0.1381
       5.492       0.1176
       5.499      0.05627
       5.507      0.01535
       5.515     -0.02558
        5.53      -0.0665
       5.537     -0.08696
       5.545      -0.0665
        5.56     -0.04604
       5.567     -0.02558
       5.583     -0.02558
       5.598      -0.0665
       5.605     -0.08696
       5.613     -0.08696
        5.62      -0.1279
       5.635      -0.1688
       5.643      -0.1688
       5.658      -0.1688
       5.666      -0.1483
       5.681      -0.1074
       5.688      -0.0665
       5.696     -0.02558
       5.711     -0.02558
       5.719     -0.04604
       5.726      -0.0665
       5.741      -0.1074
       5.749      -0.1074
       5.764     -0.08696
       5.772      -0.0665
       5.779     -0.04604
       5.794    -0.005115
       5.802      0.03581
       5.809      0.07673
       5.824       0.1176
       5.832       0.1381
       5.847       0.1586
       5.855       0.1586
        5.87       0.1995
       5.885       0.1995
       5.892        0.179
       5.908       0.1381
       5.915       0.1176
       5.923       0.1176
       5.938      0.07673
       5.945      0.05627
       5.953      0.01535
        5.96    -0.005115
       5.968    -0.005115
       5.983    -0.005115
       5.991    -0.005115
       6.013      0.03581
       6.029      0.05627
       6.044      0.07673
       6.059      0.05627
       6.066      0.01535
       6.081     -0.04604
       6.089      -0.0665
       6.097      -0.1074
       6.104      -0.1279
       6.119      -0.1688
       6.127      -0.1893
       6.142      -0.1893
       6.149      -0.1483
       6.157      -0.1074
       6.165     -0.04604
       6.172      0.01535
        6.18      0.07673
       6.187       0.1381
       6.195        0.179
       6.202       0.2199
       6.217       0.2199
       6.225       0.1995
        6.24       0.1381
       6.255      0.07673
       6.263      0.05627
       6.278    -0.005115
       6.285    -0.005115
       6.301    -0.005115
       6.308      0.01535
       6.316      0.05627
       6.323      0.07673
       6.331       0.1176
       6.338       0.1381
       6.354      0.09719
       6.361      0.07673
       6.376      0.05627
       6.384      0.07673
       6.399       0.1176
       6.406       0.1176
       6.414       0.1381
       6.429        0.179
       6.437       0.1995
       6.452       0.2199
       6.459       0.2199
       6.474       0.2199
        6.49       0.2404
       6.497       0.2609
       6.512       0.2813
        6.52       0.2813
       6.535       0.2404
       6.542       0.2404
        6.55       0.2404
       6.565       0.2199
       6.573       0.1995
        6.58       0.1381
       6.588      0.05627
       6.595      -0.0665
       6.603      -0.1688
       6.611      -0.2506
       6.618       -0.312
       6.626      -0.3529
       6.641      -0.3734
       6.648      -0.3939
       6.656      -0.4143
       6.663      -0.4552
       6.679      -0.4962
       6.686      -0.5166
       6.694      -0.4962
       6.709      -0.4552
       6.716      -0.4552
       6.724      -0.4348
       6.739      -0.3939
       6.747      -0.3939
       6.754      -0.3734
       6.769      -0.3529
       6.777      -0.3529
       6.784      -0.3325
       6.799      -0.2916
       6.807      -0.2711
       6.815      -0.2302
       6.822      -0.2097
       6.837      -0.1483
       6.845      -0.1279
        6.86     -0.08696
       6.868      -0.0665
       6.883     -0.02558
        6.89    -0.005115
       6.898      0.03581
       6.905      0.05627
        6.92       0.1176
       6.928       0.1176
       6.936       0.1381
       6.951       0.1586
       6.958        0.179
       6.966       0.1995
       6.981       0.1995
       6.988       0.1995
       6.996       0.1995
       7.011       0.1381
       7.026      0.07673
       7.034      0.05627
       7.049      0.03581
       7.056      0.05627
       7.072      0.05627
       7.079      0.05627
       7.094      0.01535
       7.102      0.01535
       7.117      0.05627
       7.132      0.09719
        7.14       0.1381
       7.155       0.1995
       7.162       0.2199
       7.177       0.2609
       7.185       0.2609
       7.193       0.2609
       7.208       0.2404
       7.215       0.2404
        7.23       0.2199
       7.238       0.2199
       7.253       0.1995
       7.261       0.1586
       7.268       0.1176
       7.276      0.07673
       7.283      0.05627
       7.298      0.05627
       7.306      0.09719
       7.313       0.1176
       7.336       0.1176
       7.344      0.07673
       7.359    -0.005115
       7.366     -0.02558
       7.382      -0.0665
       7.389     -0.08696
       7.397     -0.08696
       7.412     -0.08696
       7.419     -0.08696
       7.434      -0.1074
       7.442      -0.1074
       7.457      -0.1074
       7.465      -0.1074
        7.48      -0.1483
       7.487      -0.1688
       7.502      -0.1483
        7.51      -0.1279
       7.518      -0.0665
       7.525      0.01535
       7.533      0.07673
        7.54       0.1176
       7.555       0.1176
       7.563      0.09719
       7.578      0.07673
       7.586      0.07673
       7.601      0.05627
       7.608      0.01535
       7.616     -0.02558
       7.623     -0.04604
       7.631     -0.08696
       7.646      -0.1483
       7.654      -0.1688
       7.669      -0.1893
       7.676      -0.1688
       7.691      -0.1483
       7.699      -0.1074
       7.707      -0.0665
       7.714     -0.02558
       7.722      0.03581
       7.729      0.07673
       7.737      0.09719
       7.744      0.09719
       7.759      0.05627
       7.767      0.07673
       7.782       0.1176
        7.79       0.1176
       7.797       0.1176
       7.805      0.07673
       7.812      0.05627
       7.827      0.01535
       7.835      0.01535
        7.85      0.05627
       7.865      0.07673
       7.873      0.09719
       7.888      0.09719
       7.895      0.09719
       7.903      0.09719
       7.918      0.07673
       7.926      0.05627
       7.933      0.07673
       7.948      0.09719
       7.956       0.1176
       7.971       0.1586
       7.979       0.1586
       7.994        0.179
       8.001        0.179
       8.016        0.179
       8.024        0.179
       8.032        0.179
       8.047       0.1176
       8.054      0.09719
       8.062      0.05627
       8.069      0.03581
       8.084     -0.02558
       8.092     -0.04604
       8.107     -0.08696
       8.115     -0.08696
       8.137      -0.0665
       8.145     -0.04604
       8.152    -0.005115
        8.16      0.05627
       8.175      0.09719
       8.183       0.1176
       8.198       0.1586
       8.205       0.1586
       8.221       0.1586
       8.236      0.09719
       8.243      0.07673
       8.258      0.07673
       8.266      0.07673
       8.273      0.07673
       8.289      0.05627
       8.296      0.05627
       8.304      0.07673
       8.311       0.1176
       8.319        0.179
       8.326       0.2609
       8.334       0.3427
       8.341       0.3836
       8.349       0.4041
       8.357       0.3836
       8.364       0.3223
       8.372       0.3223
       8.387       0.2813
       8.394       0.2609
       8.402       0.2609
       8.409       0.2199
       8.417       0.1381
       8.425      0.07673
       8.432    -0.005115
        8.44     -0.08696
       8.447      -0.1483
       8.462      -0.2097
        8.47      -0.2302
       8.485      -0.2506
       8.493      -0.2302
       8.508      -0.1893
       8.515      -0.1688
        8.53      -0.1483
       8.538      -0.1483
       8.546      -0.1279
       8.561      -0.1074
       8.568      -0.1074
       8.576      -0.1074
       8.591      -0.1483
       8.598      -0.1483
       8.614      -0.1688
       8.621      -0.1483
       8.636      -0.1483
       8.644      -0.1688
       8.651      -0.1688
       8.666      -0.1279
       8.674      -0.1074
       8.689     -0.08696
       8.697      -0.1074
       8.712      -0.1483
       8.719      -0.1688
       8.735      -0.1893
       8.742      -0.1688
       8.757      -0.1483
       8.765      -0.1279
        8.78     -0.08696
       8.787      -0.0665
       8.803    -0.005115
        8.81    -0.005115
       8.825     -0.04604
       8.833     -0.04604
       8.848     -0.08696
       8.855      -0.1279
       8.871      -0.1893
       8.878      -0.2097
       8.893      -0.2302
       8.901      -0.1893
       8.908      -0.1483
       8.916      -0.1074
       8.923      -0.0665
       8.939    -0.005115
       8.954      0.01535
       8.969      0.03581
       8.976      0.03581
