     0.02362      -0.1483
     0.03873      -0.1074
     0.04629     -0.08696
      0.0614     -0.04604
     0.06895     -0.02558
     0.08406    -0.005115
     0.09162      0.01535
     0.09917      0.05627
      0.1067      0.07673
      0.1218      0.07673
      0.1294      0.05627
      0.1369      0.05627
      0.1521      0.01535
      0.1596    -0.005115
      0.1672      0.01535
      0.1823      0.07673
      0.1898      0.09719
      0.2049      0.03581
      0.2125    -0.005115
      0.2201     -0.02558
      0.2352     -0.02558
      0.2427    -0.005115
      0.2503      0.01535
      0.2654      0.03581
      0.2729      0.05627
      0.2805      0.07673
      0.2956       0.1176
      0.3032       0.1381
      0.3183       0.1586
      0.3258       0.1586
      0.3409       0.1381
      0.3485       0.1176
      0.3636      0.07673
      0.3712      0.05627
      0.3863      0.01535
      0.3938      0.01535
      0.4089     -0.02558
      0.4165     -0.04604
       0.424     -0.04604
      0.4392     -0.08696
      0.4467     -0.08696
      0.4618     -0.08696
      0.4694     -0.08696
      0.4845      -0.1074
       0.492     -0.08696
      0.5071     -0.04604
      0.5147      0.01535
      0.5223      0.03581
      0.5374      0.05627
      0.5449      0.07673
        0.56      0.09719
      0.5676      0.09719
      0.5827       0.1176
      0.5978       0.1176
      0.6054       0.1176
      0.6129       0.1381
       0.628       0.1381
      0.6356       0.1381
      0.6507       0.1381
      0.6582       0.1381
      0.6734      0.07673
      0.6809      0.05627
       0.696    -0.005115
      0.7036     -0.02558
      0.7187      -0.0665
      0.7262     -0.08696
      0.7414      -0.1279
      0.7489      -0.1279
       0.764      -0.1483
      0.7716      -0.1483
      0.7791      -0.1483
      0.7942      -0.1688
      0.8018      -0.1688
      0.8169      -0.1483
      0.8245      -0.1074
       0.832     -0.08696
      0.8396     -0.04604
      0.8471    -0.005115
      0.8622      0.03581
      0.8698      0.03581
      0.8849      0.05627
      0.8925      0.07673
      0.9076       0.1176
      0.9151       0.1586
      0.9227       0.1995
      0.9302       0.2404
      0.9378       0.2813
      0.9529       0.2609
      0.9605       0.2609
      0.9756       0.2404
      0.9831       0.2199
      0.9907       0.1995
       1.006       0.1586
       1.013       0.1381
       1.028       0.1381
       1.036       0.1381
       1.044       0.1381
       1.059       0.1381
       1.066       0.1176
       1.074       0.1176
       1.089      0.09719
       1.096      0.07673
       1.112      0.07673
       1.127      0.05627
       1.134      0.03581
       1.149      0.01535
       1.164    -0.005115
       1.172    -0.005115
       1.187     -0.02558
       1.195     -0.02558
        1.21     -0.02558
       1.217     -0.02558
       1.232     -0.02558
        1.24     -0.02558
       1.255     -0.04604
       1.263      -0.0665
       1.278      -0.1074
       1.285      -0.1279
       1.293      -0.1279
       1.308      -0.1279
       1.316      -0.1279
       1.323      -0.1074
       1.338     -0.08696
       1.346      -0.0665
       1.361     -0.04604
       1.376    -0.005115
       1.384    -0.005115
       1.391      0.01535
       1.406      0.01535
       1.414    -0.005115
       1.429    -0.005115
       1.444     -0.04604
       1.452      -0.0665
       1.459      -0.0665
       1.474     -0.08696
       1.482     -0.08696
       1.497     -0.08696
       1.504      -0.0665
        1.52      -0.0665
       1.527     -0.04604
       1.535     -0.02558
        1.55     -0.02558
       1.557     -0.02558
       1.572     -0.04604
        1.58     -0.04604
       1.595     -0.04604
       1.603     -0.02558
       1.618    -0.005115
       1.625      0.01535
       1.633      0.03581
        1.64      0.07673
       1.648       0.1176
       1.656       0.1586
       1.663       0.1995
       1.678       0.1995
       1.686        0.179
       1.693        0.179
       1.708       0.1381
       1.716       0.1381
       1.731       0.1381
       1.739       0.1381
       1.746       0.1381
       1.761       0.1381
       1.769       0.1381
       1.784       0.1381
       1.792       0.1586
       1.814       0.1586
       1.837       0.1176
       1.844      0.09719
       1.867      0.03581
       1.875      0.03581
        1.89    -0.005115
       1.897     -0.02558
       1.912      -0.0665
        1.92      -0.0665
       1.935      -0.0665
       1.943      -0.0665
       1.958     -0.02558
       1.973    -0.005115
        1.98      0.01535
       1.995      0.01535
       2.003      0.03581
       2.018      0.05627
       2.026      0.05627
       2.041      0.03581
       2.048      0.01535
       2.063      0.01535
       2.079    -0.005115
       2.086      0.01535
       2.094      0.03581
       2.101      0.07673
       2.109       0.1176
       2.124      0.09719
       2.131      0.05627
       2.147      0.05627
       2.154      0.07673
       2.169      0.09719
       2.177      0.09719
       2.192      0.09719
       2.199      0.07673
       2.215      0.07673
        2.23      0.05627
       2.237      0.03581
       2.252      0.01535
       2.267    -0.005115
       2.275      0.01535
        2.29      0.01535
       2.298      0.01535
       2.305      0.01535
        2.32    -0.005115
       2.328    -0.005115
       2.343     -0.04604
       2.351      -0.0665
       2.366     -0.08696
       2.373     -0.08696
       2.388     -0.08696
       2.396     -0.08696
       2.419      -0.1074
       2.426     -0.08696
       2.441     -0.04604
       2.449     -0.02558
       2.464    -0.005115
       2.471      0.01535
       2.487      0.01535
       2.494      0.01535
       2.509      0.01535
       2.517      0.03581
       2.532      0.03581
       2.539      0.01535
       2.555      0.03581
       2.562      0.07673
       2.577       0.1176
       2.585       0.1381
         2.6      0.09719
       2.607      0.07673
       2.623      0.09719
        2.63       0.1176
       2.645       0.1176
       2.653       0.1176
       2.668       0.1176
       2.675       0.1381
       2.691       0.1381
       2.698       0.1381
       2.706       0.1381
       2.721       0.1176
       2.728       0.1176
       2.736       0.1176
       2.751      0.07673
       2.759      0.05627
       2.774      0.01535
       2.781    -0.005115
       2.789     -0.02558
       2.804      -0.0665
       2.819      -0.0665
       2.827     -0.04604
       2.842     -0.02558
       2.849     -0.02558
       2.864    -0.005115
       2.872    -0.005115
       2.887    -0.005115
       2.895    -0.005115
        2.91     -0.02558
       2.917     -0.02558
       2.925    -0.005115
        2.94      0.01535
       2.947      0.03581
       2.963      0.07673
        2.97      0.09719
       2.985       0.1381
       2.993       0.1381
           3       0.1381
       3.015      0.07673
       3.023      0.05627
       3.038      0.03581
       3.046      0.05627
       3.061      0.09719
       3.068       0.1176
       3.083       0.1586
       3.099        0.179
       3.106        0.179
       3.114        0.179
       3.129       0.1176
       3.136      0.09719
       3.151      0.03581
       3.167     -0.04604
       3.174     -0.08696
       3.182      -0.1483
       3.189      -0.2097
       3.197      -0.2506
       3.212      -0.2916
       3.219      -0.2711
       3.235      -0.2302
        3.25      -0.1483
       3.257      -0.1279
       3.265     -0.08696
       3.272     -0.04604
        3.28      0.01535
       3.287      0.07673
       3.295       0.1381
       3.303       0.1995
        3.31       0.2199
       3.325       0.1995
       3.333        0.179
       3.348       0.1381
       3.355      0.09719
       3.363      0.09719
       3.378      0.05627
       3.386      0.03581
       3.401      0.01535
       3.416     -0.02558
       3.423     -0.02558
       3.439      -0.0665
       3.446     -0.08696
       3.461     -0.08696
       3.469      -0.0665
       3.484     -0.04604
       3.491     -0.02558
       3.507    -0.005115
       3.514    -0.005115
       3.529    -0.005115
       3.537    -0.005115
       3.552    -0.005115
       3.559    -0.005115
       3.575      0.03581
       3.582      0.07673
        3.59      0.09719
       3.605      0.07673
       3.612      0.05627
       3.627    -0.005115
       3.635    -0.005115
        3.65    -0.005115
       3.658    -0.005115
       3.673      0.03581
       3.688      0.07673
       3.695       0.1176
       3.703       0.1381
        3.71       0.1995
       3.718       0.2404
       3.733       0.2813
       3.741       0.2813
       3.748       0.2404
       3.756       0.1995
       3.763       0.1586
       3.771       0.1176
       3.778      0.09719
       3.794      0.05627
       3.801      0.03581
       3.816    -0.005115
       3.824     -0.02558
       3.839     -0.04604
       3.846      -0.0665
       3.862      -0.1074
       3.869      -0.1074
       3.884     -0.08696
       3.899      -0.0665
       3.907     -0.04604
       3.922      0.01535
       3.937      0.05627
       3.945      0.07673
        3.96      0.07673
       3.967      0.07673
       3.982      0.07673
        3.99      0.07673
       4.005       0.1176
       4.013       0.1381
       4.028       0.1176
       4.035      0.09719
        4.05      0.05627
       4.058      0.05627
       4.066      0.07673
       4.081      0.07673
       4.088      0.07673
       4.103      0.07673
       4.111      0.09719
       4.126      0.09719
       4.141      0.05627
       4.149      0.05627
       4.164      0.01535
       4.171      0.01535
       4.186     -0.02558
       4.194     -0.02558
       4.217     -0.08696
       4.224      -0.1074
       4.239      -0.1074
       4.254      -0.1074
       4.262     -0.08696
       4.277     -0.04604
       4.285     -0.04604
         4.3     -0.04604
       4.307     -0.04604
       4.322     -0.04604
        4.33     -0.04604
       4.345     -0.04604
       4.353     -0.04604
       4.368     -0.08696
       4.375      -0.1074
       4.383      -0.1074
       4.398      -0.1074
       4.406      -0.1074
       4.421      -0.0665
       4.436     -0.04604
       4.443     -0.02558
       4.458    -0.005115
       4.466      0.01535
       4.474      0.05627
       4.481       0.1176
       4.489        0.179
       4.496       0.2199
       4.504       0.2813
       4.511       0.2813
       4.526       0.2813
       4.542       0.2609
       4.549       0.2609
       4.564       0.2404
       4.572       0.2199
       4.587       0.1995
       4.602        0.179
        4.61        0.179
       4.625       0.1381
       4.632       0.1176
       4.647      0.07673
       4.655      0.05627
        4.67    -0.005115
       4.678     -0.02558
       4.685     -0.02558
         4.7      -0.0665
       4.708      -0.0665
       4.723      -0.0665
        4.73      -0.0665
       4.738     -0.04604
       4.753     -0.02558
       4.761    -0.005115
       4.776      0.01535
       4.783      0.03581
       4.798      0.03581
       4.806      0.03581
       4.821      0.01535
       4.836    -0.005115
       4.844     -0.02558
       4.859     -0.04604
       4.866      -0.0665
       4.882     -0.08696
       4.889     -0.08696
       4.904      -0.1074
       4.912      -0.1074
       4.927     -0.08696
       4.942      -0.0665
        4.95      -0.0665
       4.965      -0.0665
       4.972     -0.04604
       4.987     -0.04604
       4.995     -0.04604
        5.01     -0.04604
       5.018     -0.04604
       5.033     -0.04604
        5.04     -0.02558
       5.048      0.01535
       5.055      0.05627
       5.063       0.1176
        5.07       0.1586
       5.078       0.1995
       5.093       0.1995
       5.101        0.179
       5.108        0.179
       5.123        0.179
       5.131        0.179
       5.138       0.1995
       5.154       0.2199
       5.161       0.2199
       5.176       0.2199
       5.191       0.1586
       5.199       0.1176
       5.206      0.07673
       5.214      0.03581
       5.222    -0.005115
       5.229     -0.02558
       5.244      -0.0665
       5.252     -0.04604
       5.267    -0.005115
       5.274      0.01535
        5.29      0.01535
       5.297      0.03581
       5.312      0.03581
        5.32      0.03581
       5.335      0.01535
       5.342      0.01535
       5.358      0.01535
       5.365      0.01535
       5.373      0.01535
       5.388     -0.02558
       5.395      -0.0665
        5.41      -0.1074
       5.418      -0.1279
       5.433      -0.1483
       5.441      -0.1279
       5.448     -0.08696
       5.456     -0.02558
       5.463      0.01535
       5.471      0.03581
       5.486      0.01535
       5.493      0.01535
       5.509      0.01535
       5.516    -0.005115
       5.531      0.01535
       5.546      0.01535
       5.554      0.01535
       5.569      0.03581
       5.577      0.03581
       5.592    -0.005115
       5.607     -0.04604
       5.614      -0.0665
       5.629      -0.0665
       5.637     -0.04604
       5.652    -0.005115
        5.66      0.01535
       5.667      0.05627
       5.675      0.09719
       5.682       0.1381
       5.697        0.179
       5.705        0.179
        5.72        0.179
       5.728        0.179
       5.743        0.179
        5.75       0.1995
       5.765       0.2199
       5.773       0.2199
       5.788       0.1995
       5.803       0.1586
       5.811       0.1586
       5.818       0.1176
       5.833      0.05627
       5.841      0.03581
       5.849    -0.005115
       5.856     -0.02558
       5.871     -0.04604
       5.879     -0.04604
       5.894      -0.0665
       5.901      -0.0665
       5.917     -0.04604
       5.932     -0.04604
       5.939     -0.04604
       5.954     -0.04604
       5.969      -0.0665
       5.977      -0.0665
       5.985      -0.0665
       6.007     -0.08696
       6.015      -0.0665
        6.03      -0.0665
       6.037     -0.04604
       6.053     -0.02558
        6.06     -0.02558
       6.068    -0.005115
       6.083      0.03581
        6.09      0.07673
       6.105       0.1381
       6.113       0.1381
       6.121       0.1381
       6.136       0.1176
       6.143       0.1381
       6.158       0.1381
       6.166       0.1176
       6.181       0.1176
       6.196      0.09719
       6.211      0.05627
       6.226      0.01535
       6.234      0.01535
       6.249      0.01535
       6.257      0.01535
       6.264      0.01535
       6.279     -0.02558
       6.287     -0.02558
       6.302     -0.04604
       6.309     -0.04604
       6.325     -0.04604
        6.34     -0.08696
       6.347     -0.08696
       6.362      -0.0665
        6.37     -0.04604
       6.385     -0.02558
       6.393     -0.02558
       6.408     -0.04604
       6.415     -0.04604
        6.43     -0.04604
       6.438    -0.005115
       6.453      0.05627
       6.461      0.09719
       6.468       0.1586
       6.476       0.1995
       6.483       0.2199
       6.491       0.2404
       6.506       0.1995
       6.513       0.1995
       6.529       0.1586
       6.536       0.1381
       6.544       0.1381
       6.559       0.1381
       6.566       0.1381
       6.574       0.1586
       6.589       0.1381
       6.597       0.1381
       6.612      0.07673
       6.627      0.01535
       6.634    -0.005115
       6.649     -0.04604
       6.657     -0.04604
       6.665     -0.04604
        6.68      -0.0665
       6.687     -0.08696
       6.702      -0.1279
        6.71      -0.1483
       6.725      -0.1279
       6.733      -0.1074
       6.748      -0.0665
       6.755     -0.04604
        6.77    -0.005115
       6.778    -0.005115
       6.785      0.01535
       6.801    -0.005115
       6.808    -0.005115
       6.823     -0.02558
       6.831     -0.02558
       6.846    -0.005115
       6.861     -0.04604
       6.869     -0.08696
       6.876      -0.1279
       6.884      -0.1483
       6.899      -0.1893
       6.906      -0.1893
       6.921      -0.1893
       6.929      -0.1483
       6.944      -0.1074
       6.952     -0.04604
       6.959      0.03581
       6.967       0.1381
       6.974       0.2404
       6.982       0.3018
       6.989       0.3223
       7.005       0.2404
       7.012       0.1995
        7.02        0.179
       7.035       0.1381
       7.042       0.1176
       7.057       0.1176
       7.073      0.09719
        7.08      0.09719
       7.095      0.07673
       7.103      0.09719
        7.11       0.1381
       7.118       0.1586
       7.133       0.2199
        7.14       0.2199
       7.148       0.2199
       7.163        0.179
       7.171       0.1586
       7.186       0.1176
       7.193      0.09719
       7.208      0.07673
       7.216      0.05627
       7.231      0.05627
       7.246      0.01535
       7.254    -0.005115
       7.261     -0.04604
       7.269     -0.08696
       7.284      -0.1483
       7.292      -0.1483
       7.307      -0.1483
       7.314      -0.1483
       7.322      -0.1279
       7.337     -0.08696
       7.344      -0.0665
        7.36    -0.005115
       7.367      0.01535
       7.382      0.03581
        7.39      0.05627
       7.405      0.09719
       7.412      0.09719
        7.42      0.09719
       7.435      0.09719
       7.443      0.09719
       7.458      0.09719
       7.465      0.09719
       7.473      0.09719
       7.488      0.07673
       7.496      0.07673
       7.511      0.03581
       7.518      0.03581
       7.533      0.03581
       7.541      0.03581
       7.556      0.01535
       7.564      0.01535
       7.571      0.01535
       7.586    -0.005115
       7.594     -0.02558
       7.609     -0.08696
       7.616      -0.1074
       7.632      -0.1074
       7.639      -0.0665
       7.654    -0.005115
       7.662      0.01535
       7.677      0.05627
       7.684      0.07673
         7.7      0.07673
       7.707      0.07673
       7.722      0.07673
        7.73      0.07673
       7.745      0.05627
       7.752      0.07673
       7.768      0.05627
       7.775      0.03581
        7.79      0.01535
       7.805      0.01535
       7.813      0.01535
        7.82      0.05627
       7.836      0.09719
       7.843       0.1176
       7.858       0.1586
       7.873       0.1586
       7.881       0.1381
       7.888       0.1381
       7.896      0.09719
       7.904      0.05627
       7.911      0.01535
       7.919    -0.005115
       7.934     -0.04604
       7.941      -0.0665
       7.956      -0.1279
       7.964      -0.1483
       7.972      -0.1483
       7.987      -0.1279
       8.002     -0.08696
       8.017     -0.02558
       8.024      0.01535
        8.04      0.03581
       8.047      0.05627
       8.062      0.09719
       8.077       0.1381
       8.085       0.1381
         8.1      0.07673
       8.108      0.05627
       8.115      0.07673
        8.13      0.09719
       8.138       0.1176
       8.153      0.09719
        8.16      0.09719
       8.176      0.07673
       8.183      0.09719
       8.206      0.09719
       8.213      0.07673
       8.228      0.01535
       8.236    -0.005115
       8.251     -0.04604
       8.259      -0.0665
       8.274     -0.08696
       8.281     -0.08696
       8.296     -0.08696
       8.312      -0.1074
       8.319      -0.1279
       8.334      -0.1688
       8.342      -0.1688
       8.349      -0.1279
       8.364     -0.08696
        8.38     -0.02558
       8.387    -0.005115
       8.402      0.01535
        8.41      0.01535
       8.425      0.01535
       8.432      0.01535
       8.448      0.01535
       8.463     -0.02558
        8.47      0.01535
       8.478      0.05627
       8.485       0.1176
       8.493        0.179
         8.5       0.2199
       8.508       0.2404
       8.523       0.2199
       8.531       0.1995
       8.546       0.1586
       8.553       0.1176
       8.568      0.07673
       8.576      0.03581
       8.591      0.01535
       8.606    -0.005115
       8.614     -0.02558
       8.629      -0.0665
       8.636     -0.04604
       8.644     -0.02558
       8.652      0.03581
       8.659      0.07673
       8.674       0.1381
       8.682       0.1176
       8.697       0.1176
       8.712      0.09719
        8.72      0.07673
       8.735      0.03581
       8.742      0.03581
       8.757      0.05627
       8.765      0.05627
       8.772      0.07673
       8.788      0.05627
       8.803      0.09719
       8.818       0.1176
       8.825      0.09719
        8.84      0.07673
       8.848      0.09719
       8.863       0.1381
       8.878       0.1381
       8.886       0.1381
       8.901      0.09719
       8.908      0.05627
       8.916      0.01535
       8.923    -0.005115
       8.939     -0.04604
       8.946      -0.0665
       8.961      -0.1074
       8.969      -0.1688
       8.976      -0.1893
