     0.01181       0.2711
     0.01937       0.2711
     0.03448       0.2327
     0.04203       0.2136
     0.05714        0.156
      0.0647       0.1368
     0.07981      0.09847
     0.08736       0.0601
        0.11     0.002558
      0.1176     0.002558
      0.1251     0.002558
      0.1327     -0.03581
      0.1478     -0.09335
      0.1554     -0.07417
      0.1629     -0.05499
      0.1705     -0.01662
       0.178      0.04092
      0.1931      0.04092
      0.2007      0.04092
      0.2082     0.002558
      0.2158     0.002558
      0.2309     -0.03581
      0.2385     -0.03581
      0.2536     -0.07417
      0.2611     -0.07417
      0.2762     -0.07417
      0.2838     -0.07417
      0.2913     -0.05499
      0.3065     -0.01662
      0.3216      0.04092
      0.3291      0.04092
      0.3367     0.002558
      0.3442     0.002558
      0.3518     0.002558
      0.3669     0.002558
       0.382      0.04092
      0.3971     0.002558
      0.4047     0.002558
      0.4198     -0.03581
      0.4273     -0.05499
      0.4424     -0.05499
      0.4576     -0.01662
      0.4651     0.002558
      0.4802      0.04092
      0.4878      0.04092
      0.5029     0.002558
      0.5104     0.002558
      0.5256     -0.01662
      0.5331     -0.01662
      0.5407     0.002558
      0.5558     0.002558
      0.5633     0.002558
      0.5784     -0.01662
       0.586     0.002558
      0.6011     0.002558
      0.6087     0.002558
      0.6162      0.04092
      0.6313      0.09847
      0.6389        0.156
      0.6464       0.1944
      0.6615        0.156
      0.6691       0.1176
      0.6767      0.07928
      0.6918      0.04092
      0.7295     0.002558
      0.7447     0.002558
      0.7522     0.002558
      0.7598     0.002558
      0.7749     -0.01662
      0.7824     -0.01662
      0.7975     -0.01662
      0.8051     -0.01662
      0.8202     -0.03581
      0.8278     -0.03581
      0.8429     -0.03581
      0.8504     -0.03581
      0.8655     -0.03581
      0.8806     -0.05499
      0.8882     -0.07417
      0.9033     -0.07417
      0.9109     -0.07417
      0.9184     -0.05499
      0.9335     -0.05499
      0.9411     -0.03581
      0.9562     -0.01662
      0.9637     -0.01662
      0.9789     -0.01662
      0.9864     -0.01662
       1.002     -0.03581
       1.009     -0.01662
       1.024     0.002558
       1.032     0.002558
       1.047     0.002558
       1.054     0.002558
        1.07      0.02174
       1.077      0.04092
       1.092      0.07928
       1.107      0.09847
       1.115      0.09847
        1.13      0.07928
       1.138       0.0601
       1.153      0.07928
       1.168      0.09847
       1.175      0.09847
        1.19       0.1176
       1.206       0.1368
       1.213        0.156
       1.221        0.156
       1.236       0.1368
       1.243       0.1176
       1.258      0.09847
       1.266      0.07928
       1.281       0.0601
       1.304      0.04092
       1.311      0.04092
       1.319      0.07928
       1.334       0.1368
       1.342       0.1368
       1.349       0.1176
       1.357      0.07928
       1.372      0.04092
       1.394     0.002558
       1.402     0.002558
       1.417     -0.05499
       1.425     -0.07417
        1.44      -0.1125
       1.447      -0.1317
       1.462      -0.1317
        1.47      -0.1317
       1.485      -0.1509
       1.493      -0.1893
       1.508      -0.2084
       1.523      -0.2084
        1.53      -0.1893
       1.545      -0.1509
       1.553      -0.1317
       1.561      -0.1125
       1.576      -0.1125
       1.583      -0.1125
       1.598      -0.1125
       1.606      -0.1125
       1.613     -0.09335
       1.629     -0.03581
       1.636      0.02174
       1.644      0.09847
       1.651       0.1752
       1.659       0.2136
       1.666       0.2519
       1.681       0.2519
       1.689       0.2519
       1.704       0.2136
       1.712       0.1944
       1.719        0.156
       1.734      0.09847
       1.742      0.07928
       1.757      0.04092
       1.765      0.04092
       1.802      0.02174
        1.81      0.04092
       1.817       0.0601
       1.833       0.1368
        1.84        0.156
       1.855       0.1944
       1.863       0.1752
        1.87       0.1752
       1.885       0.1176
       1.893      0.07928
       1.901       0.0601
       1.908     0.002558
       1.916     -0.01662
       1.931     -0.05499
       1.938     -0.09335
       1.953      -0.1317
       1.961      -0.1701
       1.969      -0.1701
       1.984      -0.1893
       1.991      -0.1701
       1.999      -0.1509
       2.006     -0.09335
       2.014     -0.03581
       2.021      0.02174
       2.029      0.07928
       2.037       0.1176
       2.052       0.1176
       2.059      0.09847
       2.067       0.0601
       2.074      0.02174
       2.082     -0.01662
       2.089     -0.05499
       2.097     -0.09335
       2.105      -0.1125
        2.12      -0.1701
       2.127      -0.1701
       2.142      -0.1509
        2.15      -0.1317
       2.165     -0.09335
       2.173     -0.07417
        2.18     -0.03581
       2.188     -0.01662
       2.195      0.02174
       2.203       0.0601
        2.21      0.09847
       2.218        0.156
       2.225       0.1752
       2.241       0.2136
       2.248       0.2327
       2.263       0.2136
       2.271       0.2136
       2.286        0.156
       2.293       0.1368
       2.301       0.1368
       2.316      0.07928
       2.331     0.002558
       2.339     -0.01662
       2.354     -0.03581
       2.361     0.002558
       2.377      0.04092
       2.384      0.04092
       2.399      0.02174
       2.414     -0.01662
       2.422     -0.03581
       2.437     -0.05499
       2.445     -0.03581
        2.46     -0.01662
       2.467     -0.01662
       2.475     -0.01662
        2.49     -0.05499
       2.505     -0.05499
        2.52     -0.03581
       2.528     -0.01662
       2.543     0.002558
        2.55      0.02174
       2.565      0.04092
       2.573      0.04092
       2.581       0.0601
       2.596      0.09847
       2.603       0.1176
       2.618      0.09847
       2.626      0.09847
       2.641      0.09847
       2.656      0.04092
       2.656     0.002558
       2.664     -0.01662
       2.671     -0.05499
       2.679     -0.09335
       2.686      -0.1317
       2.694      -0.1701
       2.709      -0.1701
       2.717      -0.1317
       2.724     -0.07417
       2.732     -0.01662
       2.739      0.02174
       2.747       0.0601
       2.762       0.0601
       2.769       0.0601
       2.777      0.07928
       2.792       0.1176
       2.807        0.156
       2.815        0.156
        2.83      0.09847
       2.837       0.0601
       2.853     0.002558
        2.86     -0.01662
       2.868     -0.05499
       2.875     -0.07417
        2.89      -0.1125
       2.898      -0.1317
       2.905      -0.1125
       2.921     -0.07417
       2.928     -0.01662
       2.936       0.0601
       2.936     0.002558
       2.943       0.1176
       2.951       0.1944
       2.958       0.2327
       2.973       0.2136
       2.981       0.1944
       2.996       0.1944
       3.004       0.1944
       3.011        0.156
       3.019       0.1176
       3.026      0.07928
       3.041     0.002558
       3.049     -0.03581
       3.064     -0.07417
       3.072     -0.09335
       3.087      -0.1125
       3.102      -0.1125
       3.117     -0.05499
       3.124     -0.01662
       3.132       0.0601
        3.14       0.1176
       3.147        0.156
       3.155       0.2136
        3.17       0.2519
       3.177       0.2327
       3.185       0.2136
         3.2       0.1752
       3.208       0.1368
       3.215       0.1176
        3.23       0.0601
       3.245     0.002558
       3.253     -0.01662
       3.268     -0.05499
       3.276     -0.07417
       3.298      -0.1317
       3.306      -0.1509
       3.321      -0.1701
       3.328      -0.1893
       3.344      -0.2084
       3.359      -0.2276
       3.366      -0.2276
       3.381      -0.2276
       3.389      -0.2276
       3.404      -0.1893
       3.412      -0.1701
       3.419      -0.1125
       3.427     -0.03581
       3.434       0.0601
       3.434     0.002558
       3.442      0.09847
       3.457       0.1368
       3.464       0.1368
       3.472       0.1368
       3.487       0.1176
       3.495      0.09847
       3.502      0.09847
       3.517       0.0601
       3.525       0.0601
        3.54      0.04092
       3.548      0.02174
       3.563     0.002558
        3.57     0.002558
       3.585       0.0601
         3.6      0.07928
       3.608       0.0601
       3.623     0.002558
       3.631     -0.01662
       3.646     -0.03581
       3.661     -0.03581
       3.668     -0.01662
       3.684     0.002558
       3.699     0.002558
       3.714       0.0601
       3.721      0.09847
       3.729       0.1752
       3.736       0.2519
       3.744       0.3478
       3.752       0.4054
       3.767        0.367
       3.774       0.3095
       3.782       0.2903
       3.789       0.2519
       3.797       0.2327
       3.804       0.1944
       3.812        0.156
       3.827      0.09847
       3.835       0.0601
       3.842     0.002558
        3.85     -0.03581
       3.857     -0.07417
       3.865     -0.09335
        3.88      -0.1509
       3.888      -0.1701
       3.903      -0.1893
        3.91      -0.1893
       3.918      -0.1893
       3.933      -0.2084
        3.94      -0.2084
       3.956      -0.1893
       3.963      -0.1701
       3.978      -0.1317
       3.986      -0.1125
       4.001     -0.05499
       4.008     -0.01662
       4.024     -0.01662
       4.031     -0.01662
       4.046     0.002558
       4.061     0.002558
       4.069     -0.01662
       4.076     -0.01662
       4.092     -0.07417
       4.099     -0.07417
       4.114      -0.1125
       4.122      -0.1125
       4.137      -0.1125
       4.144      -0.1125
        4.16     -0.07417
       4.167     -0.03581
       4.175      0.04092
       4.175     0.002558
       4.182      0.09847
        4.19       0.1944
       4.197       0.2903
       4.205       0.3478
        4.22       0.2903
       4.228       0.2519
       4.235       0.2136
       4.243       0.1752
        4.25        0.156
       4.258       0.1176
       4.265      0.07928
        4.28      0.04092
       4.288      0.02174
       4.311      0.02174
       4.318      0.04092
       4.333      0.02174
       4.348     0.002558
       4.364     0.002558
       4.379      0.04092
       4.394      0.04092
       4.401      0.04092
       4.409     0.002558
       4.416     0.002558
       4.432     -0.03581
       4.439     -0.03581
       4.454     -0.05499
       4.462     -0.07417
       4.477     -0.07417
       4.484     -0.07417
         4.5     -0.05499
       4.515     -0.07417
       4.522     -0.07417
       4.537     -0.03581
       4.545     -0.01662
        4.56     0.002558
       4.568     0.002558
       4.583     -0.03581
        4.59     -0.05499
       4.605     -0.07417
       4.613     -0.07417
       4.628     -0.09335
       4.636     -0.09335
       4.651     -0.09335
       4.658     -0.09335
       4.673     -0.07417
       4.681     -0.07417
       4.696     -0.05499
       4.704     -0.05499
       4.719     -0.05499
       4.726     -0.03581
       4.734     -0.01662
       4.749       0.0601
       4.756       0.1368
       4.764       0.2136
       4.772       0.3095
       4.779       0.3478
       4.794       0.3286
       4.802       0.2903
       4.817       0.2327
       4.824       0.2136
       4.839        0.156
       4.847       0.1176
       4.855      0.07928
        4.87      0.04092
       4.877     0.002558
         4.9     -0.03581
       4.907     -0.03581
       4.923     -0.03581
       4.938     -0.05499
       4.945     -0.05499
       4.953     -0.03581
       4.968     -0.03581
       4.975     -0.01662
       4.991     -0.03581
       4.998     -0.03581
       5.013     -0.07417
       5.021     -0.07417
       5.036     -0.07417
       5.043     -0.03581
       5.051      0.04092
       5.051     0.002558
       5.059      0.09847
       5.066       0.2327
       5.074       0.3286
       5.081       0.4054
       5.096        0.367
       5.104       0.3095
       5.111       0.2519
       5.127       0.1944
       5.134       0.1752
       5.142       0.1752
       5.157        0.156
       5.164        0.156
       5.172       0.1176
       5.179       0.0601
       5.187     -0.01662
       5.195     -0.05499
       5.202      -0.1125
        5.21      -0.1701
       5.217      -0.2084
       5.225      -0.2276
        5.24      -0.2852
       5.247      -0.2852
       5.263      -0.3043
        5.27      -0.3043
       5.293      -0.2852
         5.3       -0.266
       5.315      -0.2276
       5.331      -0.1509
       5.338      -0.1317
       5.346     -0.07417
       5.353     -0.01662
       5.361      0.07928
       5.361     0.002558
       5.368       0.1752
       5.376       0.3095
       5.383       0.4054
       5.391       0.4437
       5.399       0.4054
       5.406       0.3478
       5.414       0.2903
       5.429       0.2327
       5.436       0.1944
       5.444        0.156
       5.451       0.1176
       5.459       0.0601
       5.467      0.02174
       5.474     -0.05499
       5.482      -0.1125
       5.489      -0.1893
       5.497      -0.2276
       5.512      -0.2852
       5.519      -0.2852
       5.535       -0.266
       5.542      -0.2276
        5.55      -0.1893
       5.557      -0.1317
       5.565      -0.1317
       5.572      -0.1509
       5.587      -0.1701
       5.595      -0.1125
       5.603     -0.05499
        5.61     -0.01662
       5.625     -0.05499
       5.633     -0.07417
        5.64     -0.05499
       5.648     -0.03581
       5.655      0.04092
       5.663       0.1176
       5.671       0.2327
       5.678        0.367
       5.686       0.4629
       5.693       0.4821
       5.701       0.4246
       5.708        0.367
       5.716       0.3095
       5.723       0.2711
       5.731       0.2519
       5.746       0.2519
       5.761       0.1944
       5.769       0.1368
       5.776      0.07928
       5.784      0.04092
       5.784     0.002558
       5.791     -0.03581
       5.799     -0.09335
       5.807      -0.1317
       5.822      -0.1893
       5.829      -0.2084
       5.844      -0.2276
       5.859      -0.2276
       5.867      -0.2468
       5.875      -0.2276
       5.897      -0.2276
       5.905      -0.2084
        5.92      -0.1509
       5.935      -0.1125
       5.943     -0.09335
        5.95     -0.07417
       5.965     -0.07417
       5.973     -0.05499
        5.98     -0.01662
       5.988       0.0601
       5.988     0.002558
       5.995       0.1368
       6.003       0.2327
       6.011       0.2903
       6.026       0.2711
       6.041       0.2136
       6.048       0.2136
       6.063       0.2136
       6.071       0.2136
       6.079       0.2327
       6.094       0.2519
       6.101       0.2711
       6.116       0.3095
       6.124       0.3095
       6.131       0.2903
       6.147       0.2136
       6.154       0.1752
       6.162       0.1176
       6.169       0.0601
       6.177     0.002558
       6.184     -0.03581
       6.199     -0.07417
       6.207     -0.09335
       6.222      -0.1125
        6.23      -0.1317
       6.245      -0.1509
       6.252      -0.1701
       6.267      -0.1701
       6.275      -0.1701
       6.283      -0.1509
       6.298      -0.1125
       6.305     -0.07417
       6.313     -0.03581
        6.32      0.04092
        6.32     0.002558
       6.328      0.07928
       6.335       0.1368
       6.343       0.1944
       6.351       0.2519
       6.366       0.2327
       6.381       0.1944
       6.388       0.1752
       6.396       0.1752
       6.411       0.1368
       6.419      0.09847
       6.434       0.0601
       6.441     0.002558
       6.456     -0.03581
       6.464     -0.05499
       6.479     -0.07417
       6.494     -0.09335
       6.509      -0.1509
       6.517      -0.1701
       6.532      -0.2276
       6.539      -0.2468
       6.547      -0.2468
       6.562       -0.266
        6.57       -0.266
       6.585      -0.2468
         6.6      -0.2468
       6.607      -0.2468
       6.615      -0.2084
       6.622      -0.1893
        6.63      -0.1317
       6.638     -0.07417
       6.645     -0.03581
        6.66      0.04092
       6.668      0.07928
       6.675       0.1368
       6.683       0.1944
        6.69       0.2327
       6.706       0.2711
       6.713       0.2519
       6.721       0.2711
       6.736       0.2903
       6.743       0.2711
       6.751       0.2711
       6.758       0.2327
       6.766       0.1944
       6.774        0.156
       6.789       0.1176
       6.796      0.09847
       6.811      0.07928
       6.819      0.07928
       6.826      0.07928
       6.842      0.04092
       6.849     0.002558
       6.857     -0.03581
       6.872     -0.07417
       6.879     -0.09335
       6.902      -0.1125
       6.917      -0.1317
       6.932      -0.1509
       6.947     -0.09335
       6.955     -0.01662
       6.962      0.07928
       6.962     0.002558
        6.97        0.156
       6.978       0.2519
       6.985       0.3286
           7       0.3478
       7.008       0.3286
       7.015       0.2903
       7.023       0.2711
        7.03       0.2327
       7.038       0.2136
       7.046       0.1752
       7.061       0.1368
       7.068      0.09847
       7.076       0.0601
       7.091     0.002558
       7.098     -0.03581
       7.114     -0.09335
       7.121      -0.1125
       7.129      -0.1509
       7.136      -0.1701
       7.151      -0.1893
       7.159      -0.2084
       7.174      -0.1509
       7.182      -0.1317
       7.189     -0.09335
       7.197     -0.05499
       7.212     -0.07417
       7.219     -0.07417
       7.234      -0.1125
       7.242     -0.09335
        7.25     -0.07417
       7.257     -0.01662
       7.265      0.07928
       7.265     0.002558
       7.272       0.1368
        7.28       0.2136
       7.287       0.2519
       7.295       0.2519
        7.31       0.2136
       7.318       0.1944
       7.325       0.2136
        7.34       0.1944
       7.348       0.1944
       7.363        0.156
        7.37       0.1368
       7.386      0.09847
       7.393      0.07928
       7.408      0.04092
       7.416     0.002558
       7.423     -0.01662
       7.431     -0.05499
       7.438     -0.07417
       7.446      -0.1125
       7.454      -0.1317
       7.469      -0.1701
       7.476      -0.1701
       7.491      -0.1509
       7.506      -0.1125
       7.514     -0.09335
       7.529     -0.07417
       7.537     -0.05499
       7.552     -0.01662
       7.567     -0.01662
       7.574     -0.03581
        7.59     -0.07417
       7.597     -0.09335
       7.612      -0.1125
       7.627      -0.1317
       7.635      -0.1317
        7.65      -0.1509
       7.658      -0.1509
       7.665      -0.1317
       7.688     -0.07417
       7.695     -0.07417
        7.71     -0.03581
       7.726     0.002558
       7.733      0.07928
       7.741       0.1368
       7.748       0.2136
       7.756       0.2711
       7.771       0.3095
       7.778       0.2711
       7.794       0.2519
       7.801       0.2519
       7.809       0.2711
       7.824       0.2519
       7.831       0.2327
       7.839       0.1944
       7.846        0.156
       7.854      0.09847
       7.862      0.04092
       7.869     -0.01662
       7.877     -0.03581
       7.892     -0.09335
       7.899      -0.1125
       7.914      -0.1317
        7.93      -0.1509
       7.937      -0.1509
       7.952      -0.1125
        7.96     -0.09335
       7.975     -0.03581
       7.982     -0.03581
       7.998     -0.01662
       8.005     -0.01662
        8.02     -0.03581
       8.028     -0.05499
       8.043     -0.09335
        8.05      -0.1125
       8.058      -0.1125
       8.073      -0.1317
       8.088      -0.1317
       8.096      -0.1125
       8.111     -0.09335
       8.118     -0.07417
       8.134     -0.05499
       8.141     -0.03581
       8.156     -0.05499
       8.164     -0.05499
       8.179     -0.05499
       8.186     -0.03581
       8.202      0.04092
       8.202     0.002558
       8.209      0.07928
       8.217       0.1368
       8.224       0.2136
       8.232       0.2711
       8.247       0.2519
       8.254       0.2327
        8.27       0.2136
       8.277       0.1944
       8.292       0.1944
         8.3       0.1944
       8.315       0.2136
        8.33       0.1752
       8.337        0.156
       8.353       0.1176
        8.36      0.07928
       8.375     0.002558
       8.383     -0.01662
       8.398     -0.05499
       8.405     -0.07417
       8.413     -0.07417
       8.428     -0.09335
       8.436     -0.09335
       8.443     -0.07417
       8.458     -0.07417
       8.466     -0.07417
       8.473     -0.05499
       8.489     -0.03581
       8.496     -0.03581
       8.511     -0.03581
       8.519     -0.03581
       8.534     -0.01662
       8.549      0.02174
       8.557       0.0601
       8.564       0.1176
       8.579       0.1176
       8.587      0.07928
       8.602     0.002558
       8.609     -0.01662
       8.625     -0.07417
       8.632     -0.07417
       8.647     -0.09335
       8.655     -0.09335
       8.662     -0.09335
       8.677      -0.1317
       8.693      -0.1509
       8.708      -0.1317
       8.715     -0.09335
       8.723     -0.03581
        8.73      0.09847
        8.73     0.002558
       8.738       0.1944
       8.745       0.3095
       8.753        0.367
       8.768       0.3478
       8.776       0.2903
       8.783       0.2519
       8.791       0.2136
       8.798        0.156
       8.806       0.1176
       8.821      0.07928
       8.829      0.04092
       8.844     0.002558
       8.851     0.002558
       8.866     -0.01662
       8.874     -0.03581
       8.889     -0.03581
       8.897     -0.03581
       8.912     -0.05499
       8.919     -0.03581
       8.934     -0.05499
       8.942     -0.05499
       8.957     -0.05499
       8.965     -0.03581
