     0.01186      0.09214
     0.03455      0.05312
     0.04212      0.05312
     0.05725      0.05312
     0.07238      0.07263
     0.07994      0.09214
     0.09507      0.09214
      0.1026      0.05312
      0.1102     -0.02493
      0.1178     -0.06396
      0.1253      -0.1225
      0.1329       -0.181
       0.148      -0.2201
      0.1556      -0.2201
      0.1707      -0.2201
      0.1783      -0.2201
      0.1934      -0.2005
       0.201       -0.181
      0.2085      -0.1225
      0.2161     -0.06396
      0.2237      0.01409
      0.2312      0.07263
      0.2388       0.1312
      0.2464       0.1507
      0.2615       0.1117
      0.2691      0.09214
      0.2842      0.05312
      0.2918     -0.00542
      0.2993     -0.00542
      0.3145     -0.02493
       0.322     -0.04444
      0.3371     -0.02493
      0.3523      0.05312
      0.3598      0.07263
       0.375      0.09214
      0.3825      0.09214
      0.3977       0.1312
      0.4128       0.1702
      0.4204       0.1897
      0.4355       0.2092
      0.4431       0.1897
      0.4582       0.1702
      0.4658       0.1507
      0.4733       0.1312
      0.4884       0.1117
       0.496      0.09214
      0.5036      0.09214
      0.5187      0.05312
      0.5263      0.05312
      0.5414      0.05312
       0.549      0.07263
      0.5565       0.1117
      0.5641       0.1507
      0.5792       0.1312
      0.5868      0.09214
      0.5944      0.05312
      0.6019     -0.02493
      0.6095     -0.06396
      0.6171      -0.1225
      0.6246      -0.1615
      0.6322      -0.2005
      0.6397      -0.2201
      0.6549      -0.2591
        0.67      -0.2396
      0.6851      -0.2005
      0.6927       -0.142
      0.7003      -0.1225
      0.7078     -0.06396
      0.7154     -0.02493
       0.723       0.0336
      0.7305      0.05312
      0.7457      0.05312
      0.7532      0.05312
      0.7683     -0.00542
      0.7759     -0.00542
      0.7835     -0.04444
       0.791     -0.06396
      0.8062     -0.04444
      0.8213     -0.00542
      0.8289     -0.00542
       0.844     -0.04444
      0.8516     -0.06396
      0.8667      -0.1225
      0.8743       -0.142
      0.8818      -0.1225
      0.8894       -0.103
       0.897     -0.06396
      0.9045     -0.02493
      0.9272     -0.00542
      0.9348     -0.00542
      0.9499      0.01409
      0.9575      0.05312
      0.9726      0.07263
      0.9802      0.09214
      0.9953      0.07263
       1.003      0.07263
        1.01      0.07263
       1.026       0.1117
       1.033       0.1507
       1.041       0.1897
       1.056       0.1897
       1.063       0.1702
       1.079       0.1312
       1.086       0.1312
       1.101       0.1312
       1.116      0.07263
       1.124      0.05312
       1.131      0.05312
       1.147      0.01409
       1.154     -0.00542
       1.169     -0.02493
       1.184     -0.04444
       1.192     -0.04444
       1.207     -0.06396
       1.215     -0.08347
        1.23     -0.08347
       1.237     -0.08347
       1.245     -0.08347
        1.26      -0.1225
       1.268       -0.142
       1.283       -0.142
        1.29       -0.142
       1.305       -0.142
       1.321       -0.142
       1.328      -0.1225
       1.343     -0.08347
       1.351     -0.04444
       1.366     -0.00542
       1.374     -0.00542
       1.389     -0.00542
       1.396     -0.00542
       1.411      0.01409
       1.419       0.0336
       1.426      0.05312
       1.442      0.07263
       1.449      0.09214
       1.472      0.09214
       1.479      0.09214
       1.495      0.07263
       1.502      0.07263
       1.517      0.09214
       1.525      0.09214
        1.54      0.07263
       1.548      0.07263
       1.563      0.05312
        1.57       0.0336
       1.578      0.05312
       1.593      0.09214
         1.6       0.1117
       1.616       0.1702
       1.623       0.1897
       1.638       0.1897
       1.653       0.1702
       1.661       0.1312
       1.669       0.1117
       1.676      0.05312
       1.684      0.01409
       1.691     -0.00542
       1.706     -0.04444
       1.714     -0.06396
       1.729       -0.103
       1.737       -0.103
       1.752     -0.08347
       1.759     -0.06396
       1.774     -0.08347
       1.782     -0.08347
       1.797     -0.08347
       1.805     -0.06396
        1.82     -0.02493
       1.827     -0.00542
       1.835       0.0336
       1.843       0.0336
        1.85      0.01409
       1.865     -0.06396
        1.88       -0.103
       1.888      -0.1225
       1.896       -0.142
       1.903       -0.181
       1.911      -0.2201
       1.918      -0.2396
       1.933      -0.2591
       1.941      -0.2396
       1.948      -0.2005
       1.956       -0.142
       1.964     -0.08347
       1.971     -0.04444
       1.986       0.0336
       1.994      0.05312
       2.009      0.05312
       2.024      0.01409
       2.032     -0.00542
       2.047     -0.00542
       2.054       0.0336
        2.07      0.07263
       2.085       0.1117
       2.092       0.1117
       2.107      0.05312
       2.115       0.0336
       2.138      0.01409
       2.145       0.0336
       2.168      0.05312
       2.175      0.05312
       2.183      0.05312
       2.198       0.0336
       2.206      0.05312
       2.221      0.05312
       2.228      0.05312
       2.244       0.0336
       2.251      0.01409
       2.266     -0.00542
       2.281     -0.02493
       2.289     -0.02493
       2.304     -0.02493
       2.312     -0.00542
       2.327       0.0336
       2.334      0.07263
       2.342      0.09214
       2.349       0.1507
       2.357       0.2092
       2.365       0.2678
       2.372       0.2873
       2.387       0.2287
       2.395       0.1702
       2.402       0.1312
        2.41      0.07263
       2.418      0.05312
       2.425     -0.00542
       2.433     -0.00542
       2.448     -0.04444
       2.455     -0.06396
        2.47     -0.08347
       2.486       -0.103
       2.493       -0.103
       2.508      -0.1225
       2.516       -0.103
       2.531     -0.04444
       2.539     -0.00542
       2.546       0.0336
       2.554       0.0336
       2.569       0.0336
       2.576      0.05312
       2.591      0.07263
       2.599      0.09214
       2.607      0.09214
       2.622      0.05312
       2.629      0.01409
       2.644     -0.02493
       2.652     -0.04444
       2.667     -0.04444
       2.682     -0.04444
        2.69     -0.04444
       2.705     -0.06396
       2.713     -0.06396
       2.728     -0.06396
       2.735     -0.06396
        2.75     -0.06396
       2.758     -0.02493
       2.773      0.01409
       2.788      0.07263
       2.796      0.09214
       2.811       0.1507
       2.818       0.1702
       2.834       0.1507
       2.841       0.1312
       2.856      0.09214
       2.864      0.05312
       2.871      0.05312
       2.887     -0.00542
       2.894     -0.00542
       2.902     -0.04444
       2.917     -0.08347
       2.924     -0.08347
       2.939     -0.08347
       2.947     -0.06396
       2.955     -0.04444
       2.962       0.0336
       2.962     -0.00542
        2.97      0.07263
       2.977       0.1117
       2.985       0.1507
           3       0.1702
       3.008       0.1507
       3.015       0.1507
        3.03       0.1117
       3.038      0.09214
       3.053      0.05312
       3.061     -0.00542
       3.068     -0.02493
       3.076     -0.06396
       3.083     -0.08347
       3.098      -0.1225
       3.106      -0.1225
       3.113       -0.103
       3.129       -0.103
       3.136       -0.103
       3.151       -0.103
       3.159     -0.08347
       3.166     -0.06396
       3.182     -0.00542
       3.189     -0.00542
       3.204     -0.00542
       3.219     -0.04444
       3.227     -0.06396
       3.235     -0.06396
        3.25     -0.06396
       3.265     -0.04444
       3.272     -0.02493
       3.287     -0.00542
       3.295      0.01409
        3.31      0.07263
       3.318      0.07263
       3.333      0.07263
        3.34      0.07263
       3.356      0.07263
       3.363      0.09214
       3.378      0.09214
       3.386      0.09214
       3.401      0.07263
       3.416     -0.00542
       3.424     -0.02493
       3.439     -0.06396
       3.446       -0.103
       3.469      -0.1615
       3.477      -0.1615
       3.492       -0.103
       3.507     -0.06396
       3.514     -0.04444
        3.53     -0.02493
       3.545      0.01409
        3.56      0.07263
       3.567      0.05312
       3.582      0.05312
       3.598      0.05312
       3.605      0.05312
        3.62      0.05312
       3.635     -0.00542
       3.643     -0.06396
       3.651      -0.1225
       3.658      -0.2005
       3.666      -0.2591
       3.673      -0.3371
       3.681      -0.3762
       3.688      -0.3566
       3.696      -0.3176
       3.704      -0.2591
       3.711      -0.2005
       3.719      -0.1615
       3.726       -0.103
       3.734     -0.08347
       3.741     -0.04444
       3.749     -0.00542
       3.756       0.0336
       3.764      0.05312
       3.779     -0.00542
       3.787     -0.00542
       3.802     -0.02493
       3.809     -0.04444
       3.825     -0.02493
        3.84      0.05312
       3.847      0.07263
       3.862       0.1117
        3.87       0.1312
       3.885       0.1507
         3.9       0.1117
       3.908      0.09214
       3.923      0.09214
       3.938      0.07263
       3.946      0.07263
       3.961      0.07263
       3.968      0.07263
       3.976      0.07263
       3.991      0.07263
       3.999      0.05312
       4.006      0.05312
       4.014     -0.00542
       4.021     -0.00542
       4.036     -0.04444
       4.044     -0.02493
       4.059     -0.00542
       4.067      0.05312
       4.082      0.09214
       4.089      0.09214
       4.104      0.05312
       4.112      0.05312
       4.135      0.01409
       4.142      0.01409
       4.157       0.0336
       4.165      0.05312
        4.18      0.05312
       4.188      0.05312
       4.195      0.05312
        4.21      0.01409
       4.218     -0.00542
       4.226     -0.00542
       4.241     -0.04444
       4.248     -0.04444
       4.263     -0.02493
       4.271     -0.00542
       4.294      0.01409
       4.301     -0.00542
       4.316     -0.04444
       4.324     -0.06396
       4.339     -0.04444
       4.347     -0.02493
       4.354      0.01409
       4.362      0.05312
       4.377       0.1117
       4.384       0.1312
         4.4       0.1507
       4.407       0.1507
       4.422       0.1117
        4.43      0.09214
       4.445      0.05312
       4.452     -0.00542
       4.468     -0.04444
       4.483     -0.08347
        4.49     -0.08347
       4.498     -0.06396
       4.513     -0.04444
       4.521     -0.02493
       4.536     -0.00542
       4.543       0.0336
       4.558      0.07263
       4.574      0.07263
       4.581      0.09214
       4.596       0.1117
       4.604       0.1117
       4.611       0.1312
       4.626       0.1312
       4.634       0.1312
       4.649       0.1117
       4.657      0.09214
       4.664      0.09214
       4.679       0.0336
       4.687       0.0336
       4.702      0.01409
        4.71       0.0336
       4.717      0.07263
       4.732      0.09214
        4.74      0.07263
       4.747      0.07263
       4.763     -0.00542
        4.77     -0.02493
       4.778     -0.06396
       4.785       -0.103
       4.793       -0.142
         4.8      -0.1615
       4.816      -0.1615
       4.823       -0.142
       4.838     -0.08347
       4.846     -0.04444
       4.853     -0.00542
       4.869     -0.00542
       4.876     -0.00542
       4.891     -0.04444
       4.899     -0.04444
       4.914     -0.08347
       4.921       -0.103
       4.929       -0.103
       4.944       -0.142
       4.952      -0.1615
       4.959      -0.1225
       4.967       -0.103
       4.974     -0.06396
       4.982     -0.02493
       4.997     -0.00542
       5.005     -0.02493
       5.012     -0.06396
        5.02     -0.08347
       5.027     -0.06396
       5.043     -0.04444
        5.05     -0.04444
       5.065     -0.04444
       5.073     -0.02493
       5.088       0.0336
       5.103       0.0336
       5.111       0.0336
       5.118     -0.00542
       5.133     -0.04444
       5.141     -0.04444
       5.156     -0.04444
       5.164     -0.04444
       5.179     -0.00542
       5.186     -0.00542
       5.194       0.0336
       5.201       0.0336
       5.209      0.05312
       5.224      0.05312
       5.232      0.05312
       5.247       0.0336
       5.254     -0.00542
       5.269     -0.02493
       5.285     -0.06396
       5.292     -0.04444
         5.3     -0.02493
       5.307      0.05312
       5.315       0.1117
       5.322       0.1702
        5.33       0.2287
       5.345       0.2092
       5.353       0.1897
        5.36       0.1507
       5.368       0.1312
       5.375      0.09214
       5.383      0.05312
       5.398     -0.00542
       5.406     -0.04444
       5.421       -0.103
       5.428     -0.08347
       5.436     -0.06396
       5.443     -0.02493
       5.451      0.01409
       5.459      0.07263
       5.466      0.09214
       5.481      0.09214
       5.489      0.09214
       5.504      0.09214
       5.512      0.09214
       5.527      0.07263
       5.534      0.07263
       5.549      0.05312
       5.557       0.0336
       5.572       0.0336
        5.58       0.0336
       5.602      0.01409
        5.61     -0.00542
       5.625     -0.00542
       5.633     -0.00542
       5.648     -0.00542
       5.655     -0.02493
        5.67     -0.02493
       5.678     -0.02493
       5.693     -0.02493
       5.701     -0.02493
       5.716     -0.00542
       5.723     -0.00542
       5.731     -0.00542
       5.746     -0.06396
       5.761       -0.103
       5.769      -0.1225
       5.784      -0.1615
       5.791      -0.1615
       5.799      -0.1225
       5.807     -0.06396
       5.814     -0.02493
       5.822       0.0336
       5.837       0.0336
       5.844       0.0336
       5.852      0.05312
       5.867       0.0336
       5.875       0.0336
       5.897      0.01409
       5.905       0.0336
        5.92       0.0336
       5.928      0.01409
       5.935     -0.02493
        5.95     -0.06396
       5.958     -0.06396
       5.973     -0.02493
       5.981     -0.02493
       5.996      0.05312
       6.011      0.09214
       6.018      0.09214
       6.034       0.1117
       6.049       0.1312
       6.064       0.1312
       6.071       0.1312
       6.086       0.1117
       6.094       0.1312
       6.109       0.1312
       6.117       0.1312
       6.132       0.1312
       6.139       0.1507
       6.155       0.1507
       6.162       0.1507
       6.177       0.1507
       6.185       0.1702
         6.2       0.1897
       6.208       0.1897
       6.223       0.1507
        6.23       0.1312
       6.238      0.09214
       6.245      0.05312
       6.253      0.01409
       6.268     -0.00542
       6.276     -0.00542
       6.283      0.05312
       6.298      0.07263
       6.306      0.07263
       6.321     -0.00542
       6.329     -0.00542
       6.344     -0.02493
       6.351     -0.00542
       6.374     -0.00542
       6.382     -0.02493
       6.389     -0.06396
       6.397       -0.103
       6.404       -0.142
       6.412       -0.181
       6.419      -0.2396
       6.427      -0.2981
       6.434      -0.3371
       6.442      -0.3762
       6.465      -0.3957
       6.472      -0.3566
        6.48      -0.3371
       6.487      -0.2786
       6.495      -0.2201
       6.503      -0.1615
        6.51       -0.103
       6.518     -0.06396
       6.525     -0.00542
       6.533      0.01409
        6.54      0.05312
       6.548      0.07263
       6.563       0.1312
       6.571       0.1312
       6.586      0.09214
       6.593      0.07263
       6.608      0.07263
       6.616      0.07263
       6.624      0.07263
       6.639      0.05312
       6.646       0.0336
       6.654      0.05312
       6.669      0.07263
       6.677      0.09214
       6.692      0.09214
       6.699      0.09214
       6.714      0.05312
       6.722      0.05312
       6.737      0.05312
       6.745      0.05312
        6.76      0.05312
       6.767      0.05312
       6.782       0.0336
        6.79       0.0336
       6.798      0.05312
       6.813      0.09214
       6.828       0.1507
       6.835       0.1507
       6.843       0.1507
       6.866      0.09214
       6.873      0.07263
       6.881      0.09214
       6.896       0.1507
       6.903       0.1702
       6.919       0.1702
       6.926       0.1507
       6.941       0.1117
       6.949      0.09214
       6.956      0.05312
       6.964       0.0336
       6.972     -0.00542
       6.979     -0.00542
       6.987     -0.04444
       6.994     -0.08347
       7.009      -0.1225
       7.017       -0.142
       7.032       -0.181
        7.04      -0.1615
       7.055      -0.1225
       7.062     -0.08347
       7.077     -0.02493
       7.085     -0.02493
         7.1     -0.02493
       7.108     -0.02493
       7.123     -0.00542
        7.13     -0.00542
       7.146     -0.04444
       7.153     -0.06396
       7.168     -0.06396
       7.176     -0.06396
       7.191     -0.04444
       7.206     -0.00542
       7.214      0.01409
       7.229      0.05312
       7.236       0.0336
       7.244      0.01409
       7.259     -0.04444
       7.267     -0.04444
       7.282     -0.04444
       7.289     -0.04444
       7.297     -0.04444
       7.312     -0.08347
       7.342       -0.103
       7.357     -0.04444
       7.373     -0.04444
       7.388     -0.08347
       7.403       -0.103
        7.41     -0.08347
       7.425     -0.04444
       7.433     -0.02493
       7.441      0.05312
       7.441     -0.00542
       7.448      0.09214
       7.456       0.1507
       7.463       0.1897
       7.478       0.1897
       7.486       0.1897
       7.501       0.2092
       7.516       0.2092
       7.524       0.1702
       7.531       0.1312
       7.539       0.1117
       7.554      0.07263
       7.562      0.07263
       7.577      0.05312
       7.584      0.05312
       7.599      0.05312
       7.607      0.07263
       7.615      0.09214
       7.622       0.1312
        7.63       0.1702
       7.637       0.2092
       7.645       0.2092
        7.66       0.2092
       7.668       0.2092
       7.675       0.2287
        7.69       0.1897
       7.698       0.1702
       7.713       0.1312
       7.721       0.1117
       7.728      0.07263
       7.736      0.01409
       7.743     -0.04444
       7.751      -0.1225
       7.758       -0.181
       7.766      -0.2201
       7.781      -0.2591
       7.789      -0.2591
       7.804      -0.2591
       7.811      -0.2591
       7.826      -0.2396
       7.834      -0.2201
       7.842      -0.2005
       7.849       -0.142
       7.857     -0.06396
       7.864     -0.02493
       7.872      0.05312
       7.879      0.09214
       7.895       0.1117
       7.902       0.1117
       7.917      0.09214
       7.925      0.09214
        7.94      0.05312
        7.94     -0.00542
       7.947     -0.04444
       7.955      -0.1225
       7.963      -0.2005
        7.97      -0.2786
       7.978      -0.3176
       7.985      -0.3566
       7.993      -0.3566
       8.008      -0.3762
       8.016      -0.3566
       8.023      -0.3176
       8.031      -0.2591
       8.038       -0.181
       8.046      -0.1225
       8.053     -0.08347
       8.061     -0.04444
       8.068     -0.00542
       8.076      0.01409
       8.091      0.05312
       8.099      0.05312
       8.114      0.07263
       8.121      0.09214
       8.137       0.1117
       8.144       0.1117
       8.159       0.1117
       8.167       0.1117
       8.174       0.1117
        8.19      0.07263
       8.197      0.05312
       8.212       0.0336
        8.22      0.05312
       8.227      0.09214
       8.235       0.1117
       8.242       0.1507
        8.25       0.2092
       8.258       0.2482
       8.265       0.3068
        8.28       0.3263
       8.288       0.3263
       8.295       0.3263
       8.303       0.2873
       8.318       0.2287
       8.326       0.2092
       8.333       0.1702
       8.341       0.1312
       8.348      0.09214
       8.356      0.05312
       8.364     -0.02493
       8.371     -0.08347
       8.379       -0.142
       8.386      -0.2005
       8.394      -0.2201
       8.401      -0.2201
       8.416      -0.2005
       8.424       -0.181
       8.432       -0.142
       8.439       -0.103
       8.447     -0.06396
       8.454     -0.02493
       8.469     -0.02493
       8.485     -0.06396
       8.492     -0.06396
       8.507     -0.04444
       8.515     -0.02493
        8.53     -0.04444
       8.538     -0.08347
       8.553      -0.1225
        8.56      -0.1225
       8.575       -0.103
       8.583     -0.08347
       8.598     -0.04444
       8.606     -0.02493
       8.621       0.0336
       8.628      0.05312
       8.643      0.09214
       8.651      0.09214
       8.666      0.09214
       8.681      0.05312
       8.689      0.05312
       8.704       0.0336
       8.712      0.05312
       8.727      0.09214
       8.734       0.1117
       8.749       0.1897
       8.757       0.2092
       8.772       0.2287
        8.78       0.1897
       8.787       0.1507
       8.795      0.09214
       8.802      0.05312
        8.81      0.01409
       8.817     -0.00542
       8.825     -0.00542
        8.84     -0.02493
       8.848     -0.02493
       8.863       0.0336
        8.87      0.05312
       8.886       0.1117
       8.893       0.1117
       8.901       0.1117
       8.916      0.07263
       8.923      0.05312
       8.938     -0.00542
       8.946     -0.00542
       8.969     -0.00542
       8.976     -0.00542
