     0.01186     -0.09214
     0.03455     -0.07342
     0.05725      -0.1296
     0.07238      -0.1109
      0.1026     -0.03597
      0.1178     -0.01725
      0.1329      0.05765
       0.148      0.03893
      0.1556     -0.01725
      0.1632     -0.05469
      0.1783      -0.1296
       0.201      -0.1483
      0.2085     -0.03597
      0.2237      0.07637
      0.2312      0.07637
      0.2388       0.1138
      0.2464       0.1325
      0.2766       0.1513
      0.2918       0.1513
      0.3069       0.2074
      0.3069         0.17
       0.322       0.2074
       0.322         0.17
      0.3296         0.17
      0.3296       0.0951
      0.3371       0.0951
      0.3371     0.001478
      0.3523     -0.07342
      0.3523      -0.1483
       0.375      -0.2232
      0.3825      -0.1858
      0.3825      -0.2232
      0.3901      -0.1296
      0.3901      -0.1858
      0.3977     -0.07342
      0.3977      -0.1296
      0.4052     0.001478
      0.4052     -0.07342
      0.4128      0.05765
      0.4355       0.0951
      0.4506       0.1325
      0.4582         0.17
      0.4658         0.17
      0.4733       0.1325
      0.4809       0.1138
       0.496       0.0951
       0.496      0.05765
      0.5111     -0.03597
      0.5187     -0.03597
      0.5187     -0.09214
      0.5263     -0.09214
      0.5263      -0.1483
      0.5338      -0.1483
      0.5338      -0.2232
       0.549      -0.2794
      0.5565      -0.3168
      0.5641      -0.2981
      0.5641      -0.3356
      0.5717      -0.2232
      0.5717      -0.2981
      0.5792      -0.1296
      0.5792      -0.2232
      0.5868     -0.03597
      0.5868      -0.1483
      0.5944      0.07637
      0.5944     -0.03597
      0.6019         0.17
      0.6019      0.07637
      0.6095       0.2449
      0.6095         0.17
      0.6171       0.3198
      0.6171       0.2449
      0.6246       0.3198
      0.6322       0.3572
        0.67       0.3198
        0.67       0.2636
      0.6776       0.2074
      0.6851       0.2074
      0.6851       0.1138
      0.6927       0.1138
      0.6927     0.001478
      0.7003     0.001478
      0.7003     -0.09214
      0.7078     -0.09214
      0.7078      -0.1858
      0.7154      -0.1858
      0.7154      -0.2607
       0.723      -0.2607
      0.7305      -0.3356
      0.7381      -0.3543
      0.7532      -0.3356
      0.7759      -0.2419
      0.7759      -0.2981
      0.7835       -0.167
       0.791     -0.07342
       0.791       -0.167
      0.7986      0.03893
      0.7986     -0.07342
      0.8062       0.1513
      0.8062      0.03893
      0.8137       0.2262
      0.8137       0.1513
      0.8213       0.2823
      0.8213       0.2262
      0.8364       0.3011
      0.8743       0.2823
      0.8818         0.17
      0.8894      0.05765
       0.897      0.05765
       0.897     -0.03597
      0.9045      -0.1483
      0.9121      -0.1483
      0.9121      -0.2419
      0.9196      -0.2419
      0.9272      -0.3543
      0.9348      -0.3543
       0.965      -0.2232
       0.965      -0.3168
      0.9726      -0.1483
      0.9726      -0.2232
      0.9802     -0.05469
      0.9802      -0.1483
      0.9877     -0.05469
      0.9953       0.0951
        1.01       0.1513
       1.018       0.2074
       1.026         0.17
       1.041       0.1513
       1.079       0.1138
       1.086       0.0951
       1.109     0.001478
       1.124     -0.07342
       1.131      -0.1109
       1.147      -0.1296
       1.162     -0.05469
       1.162      -0.1109
       1.169     -0.05469
       1.177       0.0951
       1.184       0.1513
       1.184       0.0951
       1.207       0.1513
       1.215       0.1138
        1.23      0.05765
        1.23     -0.01725
       1.253     -0.09214
        1.26      -0.1296
       1.298     -0.09214
       1.321     -0.01725
       1.321     -0.05469
       1.336      0.03893
       1.351      0.05765
       1.381       0.0951
       1.389      0.07637
       1.411     0.001478
       1.426     -0.03597
       1.442     -0.07342
       1.457      -0.1296
       1.472       -0.167
       1.487      -0.1483
       1.495      -0.1296
       1.525      0.07637
       1.532       0.1513
       1.532      0.05765
       1.548       0.2449
       1.548       0.2074
        1.57       0.2449
        1.57       0.2074
       1.578         0.17
       1.593       0.1325
       1.593      0.07637
       1.616      0.05765
       1.623      0.03893
       1.638     -0.05469
       1.646      -0.1109
       1.646       -0.167
       1.653       -0.167
       1.653      -0.2045
       1.661      -0.2045
       1.676      -0.2419
       1.684      -0.2232
       1.691      -0.1296
       1.699     -0.07342
       1.699      -0.1296
       1.706     0.001478
       1.706     -0.07342
       1.714      0.07637
       1.714     0.001478
       1.722       0.1513
       1.722      0.07637
       1.729       0.2074
       1.729       0.1513
       1.737       0.2636
       1.737       0.2074
       1.767       0.3011
       1.767       0.2636
       1.774       0.2636
       1.774       0.2074
       1.782       0.1513
        1.79      0.05765
       1.797      0.07637
       1.797     -0.01725
       1.805     -0.01725
       1.805      -0.1109
       1.812      -0.1109
       1.812       -0.167
        1.85     -0.09214
        1.85      -0.1483
       1.858     -0.01725
       1.858     -0.09214
       1.865      0.05765
       1.865     -0.01725
       1.873       0.1325
       1.873      0.05765
        1.88       0.1325
       1.888       0.2074
       1.896       0.2074
       1.903       0.1325
       1.911       0.1325
       1.911      0.07637
       1.918      0.07637
       1.926      0.03893
       1.956       0.0951
       1.971       0.1325
       1.986       0.1325
       1.986      0.05765
       1.994      0.07637
       1.994     -0.01725
       2.001     -0.01725
       2.001     -0.09214
       2.009     -0.09214
       2.009       -0.167
       2.017       -0.167
       2.024      -0.2419
       2.032      -0.2419
       2.039       -0.167
       2.039      -0.2232
       2.047     -0.07342
       2.047       -0.167
       2.054     -0.09214
       2.062       0.1513
        2.07       0.2636
        2.07       0.1513
       2.077        0.376
       2.077       0.2636
       2.085       0.4508
       2.085        0.376
       2.092       0.4883
       2.092       0.4508
       2.107       0.4321
       2.115       0.4321
       2.115       0.3385
       2.122       0.1887
        2.13       0.2074
        2.13      0.05765
       2.145     -0.07342
       2.145       -0.167
       2.153       -0.167
       2.153      -0.2419
        2.16      -0.2419
        2.16      -0.2981
       2.168      -0.2981
       2.168      -0.3543
       2.175      -0.3543
       2.183      -0.4104
       2.191      -0.4104
       2.221      -0.2419
       2.221      -0.2794
       2.228      -0.1858
       2.228      -0.2419
       2.236      -0.1109
       2.236      -0.1858
       2.244     -0.01725
       2.244      -0.1109
       2.251      0.07637
       2.251     -0.01725
       2.259       0.1887
       2.259      0.07637
       2.266       0.3011
       2.266       0.1887
       2.274       0.3011
       2.281       0.4508
       2.281        0.376
       2.289       0.4883
       2.289       0.4508
       2.304       0.4696
       2.312       0.4321
       2.319       0.4321
       2.319       0.3947
       2.327       0.3947
       2.327       0.3385
       2.334       0.3385
       2.334       0.2449
       2.349       0.1325
       2.349     0.001478
       2.357     0.001478
       2.357      -0.1109
       2.365      -0.2607
       2.372      -0.2419
       2.372       -0.373
        2.38       -0.373
        2.38      -0.4666
       2.387      -0.4666
       2.395      -0.5228
       2.402      -0.5041
        2.41      -0.4292
        2.41      -0.5041
       2.418      -0.3168
       2.418      -0.4292
       2.425      -0.1858
       2.425      -0.3168
       2.433     -0.03597
       2.433      -0.1858
        2.44       0.1138
        2.44     -0.03597
       2.448       0.2449
       2.448       0.1138
       2.455       0.3198
       2.455       0.2449
       2.463       0.3947
       2.463       0.3198
        2.47       0.4321
        2.47       0.3947
       2.486       0.4696
       2.531       0.4883
       2.546       0.3947
       2.546       0.2449
       2.554       0.2449
       2.554      0.05765
       2.561      -0.1296
       2.569      -0.1296
       2.569      -0.3168
       2.576      -0.3168
       2.576      -0.5041
       2.584      -0.5041
       2.584      -0.6726
       2.591      -0.6726
       2.591      -0.8036
       2.599      -0.8036
       2.599      -0.8973
       2.607      -0.8785
       2.614      -0.8411
       2.614      -0.8973
       2.622        -0.71
       2.622      -0.8411
       2.629       -0.579
       2.629        -0.71
       2.637      -0.3917
       2.637       -0.579
       2.644      -0.1858
       2.644      -0.3917
       2.652      0.03893
       2.652     0.001478
       2.652      -0.1858
        2.66       0.1887
        2.66     0.001478
       2.667       0.3572
       2.667       0.1887
       2.675       0.4883
       2.675       0.3572
       2.682       0.6006
       2.682       0.4883
        2.69       0.6006
       2.713       0.6943
       2.713       0.6568
        2.72       0.6568
        2.72       0.5819
       2.728       0.5819
       2.735       0.4508
        2.75       0.3011
       2.758       0.2074
       2.765       0.2074
       2.765      0.07637
       2.773     -0.09214
       2.781     -0.09214
       2.781      -0.2607
       2.788      -0.3917
       2.796      -0.3917
       2.796      -0.5041
       2.803      -0.5041
       2.803       -0.579
       2.811       -0.579
       2.811      -0.6351
       2.818      -0.6539
       2.834      -0.6164
       2.841      -0.5602
       2.849      -0.4666
       2.849      -0.5602
       2.856      -0.3356
       2.856      -0.4666
       2.864      -0.1858
       2.864      -0.3356
       2.871     -0.03597
       2.871      -0.1858
       2.879       0.1325
       2.879     -0.03597
       2.887       0.2823
       2.887       0.1325
       2.894       0.4134
       2.894       0.2823
       2.902       0.4134
       2.924       0.6006
       2.947       0.4134
       2.955       0.2823
       2.962       0.2823
       2.962       0.1325
        2.97       0.1325
        2.97     -0.01725
       2.977     -0.01725
       2.977      -0.1483
       2.985      -0.1483
       2.985      -0.2419
       2.992      -0.2419
       3.008       -0.373
       3.023      -0.4104
       3.038       -0.373
       3.045      -0.3356
       3.053      -0.2607
       3.053      -0.3356
       3.061      -0.2045
       3.061      -0.2607
       3.068      -0.1483
       3.068      -0.2045
       3.076      -0.1109
       3.083     -0.05469
       3.083      -0.1109
       3.091     0.001478
       3.098      0.07637
       3.098     0.001478
       3.106       0.1513
       3.106      0.07637
       3.113       0.2449
       3.113       0.1513
       3.121       0.3198
       3.121       0.2449
       3.129       0.3198
       3.136       0.3385
       3.151       0.2823
       3.151       0.1887
       3.159       0.1138
       3.174     -0.05469
       3.182     -0.09214
       3.212     -0.07342
       3.219     -0.03597
       3.235     -0.05469
        3.25     -0.07342
       3.287     -0.01725
        3.31      0.03893
       3.325      0.05765
       3.333      0.07637
       3.356      0.03893
       3.363     0.001478
       3.371     -0.03597
       3.378     -0.05469
       3.393      -0.1109
       3.416     -0.09214
       3.424     -0.05469
       3.431       0.0951
       3.446       0.2074
       3.446       0.1513
       3.454       0.2449
       3.454       0.2074
       3.484       0.2636
       3.492       0.2262
       3.499         0.17
       3.507         0.17
       3.507       0.0951
       3.514       0.0951
       3.514     0.001478
       3.522      -0.1109
        3.53      -0.1109
       3.545      -0.1483
       3.552      -0.2607
       3.567      -0.2419
       3.575      -0.1483
       3.575      -0.2419
       3.582     -0.09214
       3.582      -0.1483
        3.59     -0.09214
       3.613     -0.09214
       3.635     0.001478
       3.643      0.07637
       3.643     0.001478
       3.651       0.1513
       3.658       0.2262
       3.658       0.1325
       3.666       0.3011
       3.666       0.2074
       3.673        0.376
       3.673       0.3011
       3.681       0.4321
       3.681        0.376
       3.688       0.4321
       3.704       0.4321
       3.704        0.376
       3.711       0.2823
       3.719         0.17
       3.726         0.17
       3.726      0.03893
       3.734      0.03893
       3.734     -0.09214
       3.749      -0.1858
       3.749      -0.2794
       3.756      -0.2794
       3.779      -0.2981
       3.787      -0.2419
       3.787      -0.2981
       3.794       -0.167
       3.794      -0.2419
       3.802     -0.09214
       3.802       -0.167
       3.809     -0.01725
       3.809     -0.09214
       3.817      0.03893
       3.817     -0.01725
       3.825      0.03893
       3.832       0.1138
       3.832      0.07637
       3.847       0.1513
       3.862       0.1325
       3.878       0.0951
       3.885      0.07637
       3.893     0.001478
         3.9     0.001478
         3.9     -0.03597
       3.915     -0.07342
       3.946     -0.07342
       3.976      -0.1296
       3.991     -0.05469
       3.991      -0.1109
       3.999     -0.05469
       4.006       0.0951
       4.014       0.1513
       4.021       0.2074
       4.021       0.1513
       4.052       0.2636
       4.059       0.3011
       4.074       0.2636
       4.082       0.1887
       4.089      0.07637
       4.097      0.07637
       4.097     -0.03597
       4.104      -0.1296
       4.112      -0.1296
        4.12      -0.2045
       4.127      -0.3168
        4.15      -0.3543
        4.15      -0.4292
       4.157      -0.5228
       4.173      -0.4104
       4.173      -0.5415
        4.18      -0.2607
        4.18      -0.4104
       4.188       -0.167
       4.188      -0.2607
       4.195     -0.07342
       4.195       -0.167
       4.203     -0.07342
        4.21       0.1325
       4.218       0.2262
       4.218       0.1325
       4.226       0.3198
       4.226       0.2262
       4.233       0.3947
       4.233       0.3198
       4.241       0.3947
       4.263       0.4883
       4.271       0.4321
       4.278       0.4321
       4.278        0.376
       4.286        0.376
       4.286       0.3011
       4.294       0.3011
       4.294       0.2074
       4.301       0.2074
       4.301       0.1138
       4.309       0.1138
       4.316     -0.07342
       4.324     -0.07342
       4.324       -0.167
       4.331       -0.167
       4.347      -0.2794
       4.354      -0.3543
       4.369      -0.3543
       4.384      -0.3168
       4.392      -0.2794
         4.4      -0.2045
         4.4      -0.2794
       4.407     -0.09214
       4.407      -0.2045
       4.415     0.001478
       4.415      -0.1109
       4.422     0.001478
        4.43         0.17
        4.43       0.0951
       4.437         0.17
       4.445       0.2636
        4.46       0.3011
       4.468        0.376
       4.483       0.3198
        4.49       0.3198
        4.49       0.2449
       4.498       0.2449
       4.498       0.1513
       4.505       0.1513
       4.505      0.05765
       4.513      0.05765
       4.513     -0.03597
       4.521     -0.03597
       4.521      -0.1109
       4.528      -0.1109
       4.536      -0.2045
       4.551      -0.2232
       4.551      -0.2607
       4.574      -0.2607
       4.581      -0.1858
       4.589      -0.1296
       4.589      -0.1858
       4.596     -0.07342
       4.596      -0.1296
       4.604     -0.07342
       4.619     -0.01725
       4.634      0.03893
       4.642       0.0951
       4.642      0.03893
       4.649         0.17
       4.649       0.0951
       4.657       0.2262
       4.657         0.17
       4.664       0.2262
       4.702       0.2823
        4.71       0.2636
       4.717       0.2262
       4.725       0.2262
       4.725         0.17
       4.732         0.17
       4.732       0.0951
       4.747     -0.03597
       4.755     -0.09214
       4.763     -0.09214
       4.778      -0.1858
       4.785      -0.1858
         4.8      -0.1109
         4.8      -0.1483
       4.808     -0.09214
       4.831     -0.09214
       4.853     -0.01725
       4.861      0.07637
       4.869       0.1325
       4.869      0.07637
       4.906       0.1887
       4.929       0.1138
       4.959      0.03893
       4.959     0.001478
       4.974     -0.01725
       4.982     -0.07342
       5.005      -0.1483
        5.02      -0.1296
       5.035     -0.05469
        5.05     0.001478
        5.08      0.05765
       5.095      0.05765
       5.111      0.03893
       5.118      0.03893
       5.148     -0.03597
       5.156     -0.03597
       5.156     -0.09214
       5.164      -0.1296
       5.179      -0.1483
       5.194     -0.07342
       5.194      -0.1296
       5.201     -0.01725
       5.201     -0.07342
       5.217      0.03893
       5.232      0.03893
       5.262      0.03893
       5.277     0.001478
         5.3     -0.05469
       5.322      0.03893
       5.345       0.1138
        5.36       0.1513
       5.406      0.05765
       5.421       0.0951
       5.436       0.1325
       5.436       0.0951
       5.443       0.0951
       5.451      0.05765
       5.466     -0.07342
       5.474      -0.1483
       5.481      -0.1483
       5.481      -0.2045
       5.489      -0.2045
       5.512      -0.2045
       5.512      -0.2607
       5.519      -0.1296
       5.519      -0.2045
       5.527     -0.05469
       5.527      -0.1296
       5.534     -0.05469
       5.549         0.17
       5.549       0.0951
       5.557       0.2449
       5.557         0.17
       5.565       0.3198
       5.565       0.2449
       5.572       0.3198
        5.58        0.376
       5.587       0.4134
        5.61       0.3947
        5.61       0.3385
       5.617       0.2636
       5.625       0.2636
       5.625         0.17
       5.633         0.17
       5.633      0.07637
        5.64     -0.05469
       5.648     -0.05469
       5.648       -0.167
       5.655      -0.2794
       5.663      -0.2794
       5.663       -0.373
        5.67       -0.373
       5.678      -0.4104
       5.693      -0.4292
       5.723      -0.4479
       5.731      -0.2794
       5.731      -0.4479
       5.746     0.001478
       5.746      -0.1109
       5.754       0.1138
       5.754     0.001478
       5.761       0.2262
       5.761       0.1138
       5.769       0.3198
       5.769       0.2074
       5.776        0.376
       5.776       0.3198
       5.784       0.4134
       5.784        0.376
       5.791       0.4321
       5.822       0.3947
       5.822       0.3198
       5.829       0.2449
       5.837         0.17
       5.844         0.17
       5.844      0.07637
       5.852      0.07637
       5.852     -0.05469
        5.86     -0.05469
        5.86      -0.2419
       5.867      -0.2419
       5.867      -0.3917
       5.875       -0.373
       5.882      -0.3356
        5.89      -0.3356
       5.897      -0.2981
       5.905      -0.2981
       5.912      -0.2607
        5.92      -0.2045
        5.92      -0.2607
       5.928      -0.1483
       5.928      -0.2045
       5.943     -0.03597
       5.943     -0.09214
        5.95      0.03893
        5.95     -0.03597
       5.958       0.1325
       5.958      0.03893
       5.965       0.2074
       5.965       0.1325
       5.973       0.3011
       5.973       0.2074
       5.981        0.376
       5.981       0.3011
       5.988       0.4134
       5.996       0.4508
       5.996       0.4134
       6.011       0.4696
       6.026       0.4321
       6.026       0.3947
       6.034       0.3385
       6.041       0.2823
       6.049       0.2074
       6.056       0.2074
       6.056       0.1138
       6.064       0.1138
       6.071     -0.07342
       6.079     -0.07342
       6.079      -0.1483
       6.086      -0.1483
       6.086      -0.2045
       6.094      -0.2045
       6.094      -0.2607
       6.102      -0.2607
       6.109      -0.2981
       6.147      -0.2794
       6.147      -0.3168
       6.155      -0.2794
       6.162      -0.1858
        6.17      -0.1858
       6.177     -0.09214
       6.177      -0.1483
       6.185     -0.09214
       6.192      0.03893
       6.192     -0.03597
         6.2       0.1138
         6.2      0.03893
       6.215       0.1513
       6.223       0.2262
       6.238       0.2449
       6.253       0.2449
        6.26       0.2636
       6.276       0.2636
       6.283       0.2449
       6.291       0.2074
       6.298       0.1513
       6.306      0.07637
       6.313      0.07637
       6.313     0.001478
       6.321     0.001478
       6.329     -0.07342
       6.329      -0.1483
       6.344      -0.2045
       6.351      -0.2794
       6.382      -0.2981
       6.389      -0.2794
       6.397      -0.2419
       6.404       -0.167
       6.404      -0.2045
       6.427      -0.1109
       6.434     -0.01725
       6.434     -0.07342
       6.465       0.1325
       6.465       0.0951
       6.472         0.17
       6.472       0.1325
        6.48         0.17
       6.503       0.2262
       6.518       0.3011
       6.518       0.2636
       6.548       0.2823
       6.548       0.2074
       6.556       0.0951
       6.563       0.1138
       6.563     0.001478
       6.571     0.001478
       6.571     -0.07342
       6.578     -0.07342
       6.578      -0.1483
       6.586      -0.1483
       6.586      -0.2232
       6.593      -0.2232
       6.608      -0.3543
       6.631      -0.3543
       6.639      -0.3168
       6.646      -0.2419
       6.646      -0.3168
       6.654       -0.167
       6.654      -0.2419
       6.661     -0.09214
       6.661       -0.167
       6.669     -0.03597
       6.669     -0.09214
       6.677     -0.03597
       6.684      0.05765
       6.692       0.0951
       6.692      0.05765
       6.699       0.1513
       6.699       0.0951
       6.707       0.2074
       6.707       0.1513
       6.714       0.2823
       6.714       0.2074
       6.722       0.3385
       6.722       0.2823
       6.745       0.3572
       6.752       0.2823
        6.76       0.2449
       6.767       0.1887
       6.775       0.1325
        6.79      0.07637
        6.79     0.001478
       6.798     -0.07342
       6.805     -0.07342
       6.805      -0.1296
       6.813      -0.1296
       6.813       -0.167
       6.828      -0.1483
       6.843      -0.1296
       6.858     -0.03597
       6.873     -0.01725
       6.881      0.03893
       6.903     -0.07342
       6.911     -0.07342
       6.911      -0.1109
       6.926     -0.09214
       6.956     0.001478
       6.964      0.03893
       6.994     0.001478
       7.017      0.03893
       7.032       0.1138
       7.032      0.05765
       7.047       0.1513
       7.055       0.2074
        7.07       0.1887
        7.07       0.1513
       7.077       0.0951
       7.093     0.001478
         7.1     -0.03597
       7.108     -0.03597
       7.123     -0.07342
       7.191      -0.1296
       7.199     -0.05469
       7.199      -0.1109
       7.206     0.001478
       7.206     -0.05469
       7.214       0.0951
       7.214     0.001478
       7.221       0.1513
       7.221       0.0951
       7.229       0.1513
       7.244         0.17
       7.251       0.2262
       7.251       0.1887
       7.259       0.2449
       7.274       0.2449
       7.274       0.2074
       7.289       0.1887
       7.297       0.1325
        7.32     -0.01725
       7.327     -0.07342
       7.342      -0.1296
       7.342      -0.1858
        7.35      -0.1858
       7.365      -0.2794
       7.373      -0.2607
        7.38      -0.2045
        7.38      -0.2607
       7.388      -0.1483
       7.388      -0.2045
       7.395      -0.1109
       7.395      -0.1483
       7.403     -0.07342
       7.403      -0.1109
        7.41     -0.07342
       7.433       0.1513
       7.448       0.3011
       7.448       0.2262
       7.456       0.3385
       7.456       0.3011
       7.463       0.3572
       7.471       0.3572
       7.486       0.3011
       7.501       0.1513
       7.509      0.07637
       7.516      0.07637
       7.516     -0.03597
       7.524     -0.03597
       7.524      -0.1296
       7.531      -0.2232
       7.569      -0.3168
       7.577      -0.2045
       7.577      -0.3168
       7.584      -0.1109
       7.584      -0.2045
       7.592     -0.01725
       7.592      -0.1109
       7.599      0.03893
       7.599     -0.01725
       7.607      0.03893
       7.615       0.0951
       7.622       0.1513
        7.63       0.2262
       7.637       0.3385
       7.637       0.2262
       7.645       0.4321
       7.645       0.3385
       7.652       0.4321
       7.668       0.4696
       7.668       0.4134
       7.675       0.3011
       7.683       0.3011
       7.683       0.1887
        7.69       0.1887
        7.69      0.07637
       7.698       0.0951
       7.698     -0.01725
       7.705     -0.01725
       7.705      -0.1296
       7.713      -0.1296
       7.713      -0.2419
       7.721      -0.2419
       7.721      -0.3356
       7.728      -0.3356
       7.728      -0.4292
       7.751      -0.5228
       7.766      -0.5041
       7.773      -0.4292
       7.773      -0.5041
       7.781      -0.3168
       7.781      -0.4292
       7.789       -0.167
       7.789      -0.3168
       7.796     -0.01725
       7.796       -0.167
       7.804       0.1138
       7.804     -0.01725
       7.811       0.2074
       7.811       0.1138
       7.826       0.2823
       7.842       0.3011
       7.849       0.3947
       7.857       0.3947
       7.864       0.4696
       7.864       0.4321
       7.887       0.4508
       7.887       0.3947
       7.895       0.3198
       7.902       0.3198
       7.902       0.2262
        7.91       0.2262
        7.91       0.1325
       7.925     -0.07342
       7.932     -0.07342
       7.932      -0.1483
       7.947      -0.2045
       7.947      -0.2794
       7.955      -0.2794
       7.955      -0.3356
       7.963      -0.3356
       7.963       -0.373
        7.97       -0.373
       7.985      -0.3356
       7.993      -0.2794
       7.993      -0.3356
           8      -0.2232
           8      -0.2794
       8.008      -0.2232
       8.016      -0.1483
       8.016      -0.1858
       8.031     -0.05469
       8.038     -0.05469
       8.046       0.0951
       8.053         0.17
       8.053       0.0951
       8.061       0.2262
       8.061         0.17
       8.076       0.2636
       8.099       0.2449
       8.114       0.2074
       8.121         0.17
       8.121       0.1138
       8.129      0.03893
       8.144     -0.07342
       8.159     -0.07342
       8.159      -0.1109
       8.167       -0.167
       8.182       -0.167
       8.197       -0.167
       8.205      -0.2045
        8.22      -0.2232
       8.227      -0.1858
        8.25      -0.1483
       8.273     -0.09214
       8.288     -0.03597
       8.295     -0.03597
       8.341      0.07637
       8.364       0.1138
       8.371       0.1513
       8.379       0.1513
       8.386       0.1138
       8.394      0.07637
       8.401     0.001478
       8.409     0.001478
       8.409     -0.09214
       8.416     -0.07342
       8.416      -0.1858
       8.424      -0.1858
       8.424      -0.2794
       8.432      -0.2794
       8.432      -0.3543
       8.439      -0.3917
       8.454      -0.4292
       8.469      -0.3168
       8.477      -0.2419
       8.477      -0.3168
       8.485       -0.167
       8.485      -0.2419
       8.492     -0.09214
       8.492       -0.167
         8.5     0.001478
         8.5     -0.09214
       8.507      0.07637
       8.507     0.001478
       8.515         0.17
       8.515      0.07637
       8.522       0.2449
       8.522         0.17
        8.53       0.3011
       8.545        0.376
       8.545       0.3385
       8.568       0.3572
       8.568       0.3011
       8.575       0.2449
       8.583       0.1513
        8.59         0.17
        8.59      0.05765
       8.598      0.05765
       8.606         0.17
       8.606     0.001478
       8.613       0.5445
       8.613       0.4883
       8.613         0.17
       8.621       0.8253
       8.621       0.5445
       8.621       0.4883
       8.628       0.8628
       8.628       0.7504
       8.636       0.7504
       8.636       0.4696
       8.643       0.3011
       8.651       0.5445
       8.651       0.4883
       8.651       0.3198
       8.659       0.5445
       8.659       0.4883
       8.666       0.7692
       8.666       0.6381
       8.674       0.2262
       8.681       -0.167
       8.689       -0.167
       8.696      -0.3168
       8.704      -0.2419
       8.704      -0.3356
       8.712     -0.07342
       8.712      -0.2419
       8.719       0.1325
       8.719     -0.07342
       8.727       0.2823
       8.727       0.1325
       8.749       0.3572
       8.764       0.3385
        8.78       0.3011
        8.78       0.2449
       8.802       0.3198
       8.802       0.2449
        8.81       0.3198
       8.817        0.376
       8.825       0.3385
       8.833       0.2074
        8.84       0.2074
        8.84      0.05765
       8.848      0.05765
       8.848     -0.09214
       8.855     -0.09214
       8.855      -0.2419
       8.863      -0.2419
       8.863      -0.3917
        8.87      -0.3917
        8.87      -0.5228
       8.878      -0.6164
       8.886      -0.6913
       8.893      -0.6913
       8.893      -0.7288
       8.901        -0.71
       8.908      -0.6539
       8.916      -0.5228
       8.916      -0.6539
       8.923       -0.373
       8.923      -0.5228
       8.931       -0.167
       8.931       -0.373
       8.946      0.03893
       8.946     -0.07342
       8.969      0.07637
       8.976       0.1138
