     0.01186       0.2439
     0.01942       0.2439
     0.04212        0.151
     0.04968       0.1138
     0.05725      0.07666
     0.06481      0.03949
     0.07238     0.002323
     0.08751     -0.03484
     0.09507     -0.05343
      0.1026     -0.05343
      0.1178     -0.07201
      0.1253     -0.07201
      0.1329     -0.07201
       0.148     -0.07201
      0.1556     -0.07201
      0.1707     -0.07201
      0.1783     -0.05343
      0.1934     -0.03484
       0.201     -0.03484
      0.2161     -0.03484
      0.2237     -0.01626
      0.2388      0.03949
      0.2464      0.07666
      0.2539       0.1324
      0.2615       0.1882
      0.2691       0.2253
      0.2766       0.2625
      0.2918       0.2997
      0.2993       0.3182
       0.322       0.2997
      0.3296       0.2997
      0.3447       0.2997
      0.3523       0.2997
      0.3674       0.2625
       0.375       0.2439
      0.3901       0.1882
      0.3977       0.1696
      0.4052       0.1324
      0.4128      0.07666
      0.4279     0.002323
      0.4355     -0.03484
      0.4431     -0.07201
      0.4506     -0.09059
      0.4582     -0.09059
      0.4733      -0.1092
      0.4809      -0.1092
       0.496      -0.1278
      0.5036      -0.1278
      0.5187      -0.1092
      0.5338      -0.1092
      0.5414      -0.1092
      0.5565      -0.1278
      0.5641      -0.1278
      0.5792      -0.1278
      0.5868      -0.1463
      0.6019      -0.1463
      0.6171      -0.1649
      0.6246      -0.1835
      0.6322      -0.1835
      0.6473      -0.2021
      0.6549      -0.2021
        0.67      -0.2021
      0.6776      -0.1835
      0.6927      -0.1649
      0.7003      -0.1463
      0.7154      -0.1463
       0.723      -0.1278
      0.7305     -0.09059
      0.7381     -0.07201
      0.7457     -0.03484
      0.7532     0.002323
      0.7608      0.05807
      0.7683      0.07666
      0.7835       0.1324
       0.791       0.1324
      0.8062       0.1324
      0.8213       0.1138
      0.8289      0.09524
       0.844      0.05807
      0.8516      0.03949
      0.8667      0.03949
      0.8743      0.03949
      0.8818      0.05807
       0.897      0.03949
      0.9045      0.03949
      0.9196      0.02091
       0.965      0.02091
      0.9877      0.05807
      0.9953      0.07666
        1.01       0.1138
       1.018       0.1138
       1.026       0.1324
       1.041       0.1324
       1.048       0.1324
       1.063       0.1324
       1.071       0.1324
       1.086       0.1324
       1.101      0.09524
       1.116      0.09524
       1.131      0.07666
       1.139      0.07666
       1.147      0.05807
       1.162     0.002323
       1.169     -0.03484
       1.184     -0.09059
       1.192      -0.1092
       1.207      -0.1649
       1.215      -0.1649
        1.23      -0.1649
       1.237      -0.1649
       1.253      -0.1463
       1.268      -0.1463
       1.275      -0.1278
        1.29      -0.1278
       1.298      -0.1278
       1.305      -0.1092
       1.321     -0.09059
       1.328     -0.07201
       1.343     -0.05343
       1.351     -0.05343
       1.366     -0.01626
       1.374     0.002323
       1.389      0.03949
       1.396      0.07666
       1.411      0.09524
       1.419       0.1138
       1.434      0.09524
       1.442      0.07666
       1.457      0.03949
       1.464      0.02091
       1.479     0.002323
       1.487     0.002323
       1.502     -0.01626
       1.517     -0.01626
       1.532     -0.03484
        1.54     -0.03484
       1.548     -0.01626
       1.563     -0.01626
        1.57     -0.01626
       1.585     0.002323
         1.6     0.002323
       1.608     0.002323
       1.631      0.02091
       1.638      0.03949
       1.653      0.03949
       1.661      0.05807
       1.676      0.07666
       1.684      0.09524
       1.699      0.09524
       1.714      0.09524
       1.729       0.1138
       1.737       0.1324
       1.744       0.1882
       1.752       0.2253
       1.759       0.2811
       1.774       0.3182
       1.782       0.3368
       1.797       0.3554
       1.805       0.3554
        1.82       0.2997
       1.827       0.2625
       1.835       0.2253
       1.843       0.1696
        1.85       0.1324
       1.865      0.07666
       1.873      0.05807
       1.888     0.002323
       1.896     0.002323
       1.911     -0.05343
       1.918     -0.05343
       1.933     -0.09059
       1.941      -0.1092
       1.956      -0.1278
       1.971      -0.1463
       1.979      -0.1649
       1.986      -0.1649
       2.001      -0.2021
       2.009      -0.2021
       2.024      -0.1835
       2.039      -0.1649
       2.047      -0.1463
       2.062      -0.1278
        2.07      -0.1092
       2.085     -0.07201
       2.092     -0.05343
         2.1     -0.03484
       2.115     0.002323
       2.122      0.02091
       2.138      0.03949
       2.145      0.03949
        2.16      0.03949
       2.168      0.02091
       2.183     -0.03484
       2.198     -0.07201
       2.206     -0.09059
       2.221      -0.1092
       2.228      -0.1092
       2.244      -0.1092
       2.251      -0.1092
       2.266      -0.1092
       2.281      -0.1092
       2.289     -0.09059
       2.304     -0.07201
       2.312     -0.05343
       2.319     -0.01626
       2.334      0.03949
       2.342      0.05807
       2.357      0.07666
       2.365      0.09524
        2.38       0.1138
       2.387       0.1138
       2.395       0.1324
        2.41        0.151
       2.418        0.151
       2.433        0.151
       2.448       0.1138
       2.455       0.1138
        2.47      0.09524
       2.478      0.09524
       2.493      0.07666
       2.501      0.05807
       2.516      0.05807
       2.523      0.05807
       2.539      0.02091
       2.546     -0.01626
       2.561     -0.05343
       2.569     -0.07201
       2.584     -0.03484
       2.599     0.002323
       2.607      0.05807
       2.622      0.09524
       2.629       0.1138
       2.644       0.1324
       2.652       0.1324
       2.667       0.1138
       2.675      0.09524
       2.682      0.09524
       2.697      0.05807
       2.705      0.03949
        2.72     0.002323
       2.735     -0.01626
       2.743     -0.01626
       2.758     -0.01626
       2.765     -0.01626
       2.781     -0.01626
       2.788     -0.01626
       2.803     -0.01626
       2.811     -0.01626
       2.826     -0.05343
       2.834     -0.05343
       2.849     -0.07201
       2.856     -0.07201
       2.871     -0.03484
       2.879     0.002323
       2.887      0.02091
       2.902      0.05807
       2.917      0.05807
       2.924      0.07666
       2.939      0.09524
       2.947       0.1138
       2.955       0.1324
        2.97       0.1138
       2.977       0.1138
       2.992      0.07666
           3      0.03949
       3.008     0.002323
       3.015     0.002323
        3.03     -0.01626
       3.038     -0.01626
       3.053     -0.01626
       3.061     0.002323
       3.076     0.002323
       3.083      0.02091
       3.098      0.05807
       3.113      0.07666
       3.121      0.07666
       3.136      0.05807
       3.144      0.03949
       3.166      0.03949
       3.174      0.03949
       3.189      0.03949
       3.197      0.03949
       3.212      0.03949
       3.219      0.02091
       3.235     -0.01626
        3.25     -0.05343
       3.257     -0.07201
       3.272      -0.1092
        3.28      -0.1092
       3.295      -0.1278
       3.303      -0.1278
       3.318      -0.1092
       3.325      -0.1092
        3.34     -0.07201
       3.356     -0.05343
       3.363     -0.05343
       3.378     -0.07201
       3.386     -0.05343
       3.393     -0.03484
       3.409     -0.01626
       3.416     0.002323
       3.431      0.03949
       3.439      0.05807
       3.446      0.07666
       3.461       0.1324
       3.469        0.151
       3.484        0.151
       3.492       0.1324
       3.507      0.07666
       3.514      0.07666
        3.53     0.002323
       3.537     0.002323
       3.552     -0.03484
        3.56     -0.03484
       3.575     -0.03484
       3.582     -0.03484
       3.598     -0.01626
       3.605     -0.01626
        3.62     -0.01626
       3.628     -0.01626
       3.643     0.002323
       3.651      0.02091
       3.666      0.03949
       3.673      0.03949
       3.688      0.02091
       3.696     0.002323
       3.711     0.002323
       3.719     0.002323
       3.726      0.03949
       3.734      0.05807
       3.749      0.07666
       3.756      0.07666
       3.772      0.07666
       3.779      0.09524
       3.794      0.07666
       3.802      0.05807
       3.817      0.03949
       3.832     0.002323
        3.84     0.002323
       3.855     0.002323
       3.862     0.002323
       3.878     0.002323
       3.885      0.02091
         3.9      0.03949
       3.908      0.02091
       3.923     0.002323
       3.938     -0.03484
       3.946     -0.03484
       3.961     -0.03484
       3.968     -0.03484
       3.976     -0.01626
       3.991     0.002323
       3.999     0.002323
       4.014     -0.01626
       4.021     -0.01626
       4.036     -0.01626
       4.044     -0.01626
       4.059     -0.05343
       4.067     -0.07201
       4.082      -0.1092
       4.089      -0.1092
       4.104      -0.1092
       4.112     -0.09059
        4.12     -0.07201
       4.135     -0.03484
       4.142     -0.01626
       4.157      0.03949
       4.165      0.05807
       4.173      0.09524
        4.18       0.1138
       4.188        0.151
       4.195       0.1696
        4.21       0.2067
       4.218       0.2253
       4.233       0.2253
       4.241       0.2067
       4.256       0.2067
       4.263       0.2067
       4.278       0.1882
       4.286       0.1696
       4.294        0.151
       4.309      0.09524
       4.316      0.07666
       4.331      0.05807
       4.339      0.03949
       4.354     0.002323
       4.362     -0.01626
       4.369     -0.01626
       4.384     -0.05343
       4.392     -0.07201
       4.407      -0.1092
       4.415      -0.1092
        4.43     -0.09059
       4.445     -0.07201
       4.452     -0.05343
        4.46     -0.03484
       4.475      0.05807
       4.483      0.07666
       4.498      0.09524
       4.505      0.09524
       4.521      0.09524
       4.528       0.1138
       4.543       0.1138
       4.551       0.1138
       4.558       0.1138
       4.574      0.07666
       4.581      0.07666
       4.596      0.07666
       4.611      0.05807
       4.619      0.07666
       4.634      0.09524
       4.642       0.1138
       4.657       0.1324
       4.664       0.1324
       4.679       0.1138
       4.687      0.09524
       4.702      0.05807
        4.71     0.002323
       4.717     -0.01626
       4.732     -0.07201
        4.74     -0.09059
       4.755      -0.1278
       4.763      -0.1463
       4.778      -0.1835
       4.785      -0.2021
       4.793      -0.2021
       4.808      -0.2393
       4.816      -0.2578
       4.831      -0.2578
       4.838      -0.2578
       4.853      -0.2207
       4.869      -0.1649
       4.876      -0.1463
       4.891      -0.1278
       4.899      -0.1278
       4.914      -0.1092
       4.929     -0.07201
       4.937     -0.05343
       4.952     -0.01626
       4.959     -0.01626
       4.974     -0.01626
        4.99     -0.01626
       4.997     -0.01626
       5.012     -0.03484
        5.02     -0.03484
       5.035     -0.05343
       5.043     -0.05343
       5.058     -0.07201
       5.065     -0.07201
        5.08     -0.09059
       5.088     -0.09059
       5.103     -0.09059
       5.118     -0.09059
       5.133      -0.1092
       5.141      -0.1092
       5.156     -0.09059
       5.164     -0.07201
       5.171     -0.03484
       5.186      0.05807
       5.194       0.1138
       5.201        0.151
       5.209       0.1882
       5.217       0.2439
       5.224       0.2625
       5.239       0.2997
       5.247       0.2997
       5.262       0.2997
       5.277       0.2625
       5.285       0.2439
         5.3       0.2067
       5.307       0.1882
       5.315       0.1882
        5.33       0.1324
       5.338       0.1138
       5.353      0.05807
        5.36      0.03949
       5.375      0.02091
       5.383      0.02091
       5.398     0.002323
       5.406     0.002323
       5.421     -0.03484
       5.428     -0.05343
       5.436     -0.05343
       5.451     -0.03484
       5.459     -0.01626
       5.466      0.03949
       5.474      0.09524
       5.481        0.151
       5.489       0.2253
       5.496       0.2997
       5.504       0.3554
       5.512       0.3926
       5.527       0.4483
       5.534       0.4483
       5.542       0.4483
       5.549       0.4111
       5.557       0.3554
       5.565       0.3182
       5.572       0.2811
        5.58       0.2253
       5.587       0.1696
       5.602       0.1324
        5.61      0.09524
       5.625      0.05807
       5.633      0.02091
       5.648     -0.03484
       5.655     -0.05343
       5.663     -0.09059
        5.67      -0.1278
       5.686      -0.1835
       5.693      -0.2021
       5.701      -0.2021
       5.716      -0.2393
       5.723      -0.2578
       5.731      -0.2578
       5.746       -0.295
       5.754       -0.295
       5.769      -0.3136
       5.776      -0.3136
       5.791       -0.295
       5.799      -0.2764
       5.814      -0.2393
       5.822      -0.2207
       5.837      -0.1835
       5.844      -0.1649
        5.86      -0.1278
       5.867      -0.1092
       5.875     -0.07201
       5.882     -0.05343
       5.897     -0.03484
       5.912     -0.01626
       5.928     0.002323
       5.943      0.02091
        5.95      0.03949
       5.958      0.05807
       5.973      0.09524
       5.981      0.09524
       5.988       0.1138
       6.003       0.1138
       6.011      0.09524
       6.026      0.09524
       6.034      0.09524
       6.049      0.05807
       6.056      0.05807
       6.071      0.02091
       6.086      0.02091
       6.102      0.05807
       6.117      0.07666
       6.124      0.07666
       6.132      0.09524
       6.147       0.1138
       6.155       0.1324
       6.162        0.151
        6.17       0.1882
       6.177       0.2253
       6.185       0.2625
       6.192       0.2997
       6.208       0.3368
       6.215       0.3368
        6.23       0.3368
       6.238       0.2997
       6.253       0.2253
        6.26       0.1882
       6.268        0.151
       6.276      0.09524
       6.283      0.05807
       6.291     -0.01626
       6.298     -0.05343
       6.313     -0.09059
       6.329      -0.1278
       6.336      -0.1463
       6.351      -0.1649
       6.359      -0.1649
       6.374      -0.1649
       6.382      -0.1649
       6.397      -0.1649
       6.404      -0.1649
       6.412      -0.1463
       6.427      -0.1463
       6.434      -0.1278
        6.45      -0.1092
       6.457     -0.09059
       6.472     -0.03484
        6.48     -0.01626
       6.487      0.02091
       6.495      0.05807
       6.503      0.09524
       6.518       0.1138
       6.533       0.1324
        6.54        0.151
       6.556        0.151
       6.563       0.1324
       6.578      0.09524
       6.586      0.09524
       6.601      0.05807
       6.608     0.002323
       6.624     -0.05343
       6.631     -0.07201
       6.646     -0.09059
       6.654     -0.09059
       6.669     -0.09059
       6.677     -0.09059
       6.692     -0.09059
       6.699     -0.09059
       6.714     -0.07201
       6.722     -0.05343
       6.737     -0.01626
       6.752     0.002323
        6.76     0.002323
       6.775      0.02091
       6.782      0.02091
       6.805      0.03949
       6.813      0.03949
       6.828      0.03949
       6.835      0.03949
       6.843      0.05807
       6.858      0.07666
       6.866      0.09524
       6.873       0.1138
       6.888       0.1138
       6.896      0.09524
       6.911      0.07666
       6.926      0.03949
       6.934     0.002323
       6.941     0.002323
       6.956     -0.03484
       6.964     -0.07201
       6.972      -0.1092
       6.979      -0.1463
       6.987      -0.1835
       6.994      -0.2207
       7.009      -0.2764
       7.017      -0.2764
       7.032       -0.295
        7.04       -0.295
       7.047      -0.2764
       7.062      -0.2578
        7.07      -0.2393
       7.077      -0.2207
       7.093      -0.2207
         7.1      -0.2021
       7.115      -0.1649
        7.13      -0.1278
       7.138      -0.1092
       7.153     -0.07201
       7.161     -0.03484
       7.176     0.002323
       7.183      0.05807
       7.191      0.07666
       7.199       0.1138
       7.206       0.1696
       7.214       0.2067
       7.221       0.2253
       7.236       0.2625
       7.244       0.2811
       7.251       0.3182
       7.267        0.374
       7.274       0.3926
       7.282       0.4297
       7.289       0.4669
       7.312       0.4669
        7.32       0.4669
       7.335       0.4483
        7.35       0.3926
       7.357       0.3554
       7.365       0.3182
       7.373       0.2811
        7.38       0.2439
       7.388       0.2067
       7.395       0.1696
       7.403       0.1324
        7.41      0.09524
       7.418      0.05807
       7.425      0.02091
       7.433     -0.01626
       7.441     -0.05343
       7.448     -0.09059
       7.456      -0.1278
       7.463      -0.1649
       7.471      -0.1835
       7.486      -0.2021
       7.494      -0.2021
       7.501      -0.1835
       7.516      -0.1649
       7.524      -0.1649
       7.531      -0.1278
       7.547     -0.09059
       7.562     -0.01626
       7.569     0.002323
       7.577      0.05807
       7.584       0.1138
       7.592        0.151
       7.599       0.2067
       7.607       0.2439
       7.615       0.2625
        7.63       0.2625
       7.637       0.2253
       7.645       0.1882
       7.652        0.151
        7.66       0.1138
       7.668      0.07666
       7.683     0.002323
        7.69     -0.03484
       7.698     -0.07201
       7.705      -0.1278
       7.713      -0.1649
       7.721      -0.2021
       7.728      -0.2393
       7.743       -0.295
       7.751      -0.3136
       7.758      -0.3136
       7.773      -0.3322
       7.781      -0.3136
       7.796      -0.2764
       7.804      -0.2578
       7.811      -0.2393
       7.826      -0.1835
       7.834      -0.1463
       7.849     -0.09059
       7.857     -0.07201
       7.872     -0.03484
       7.879     -0.03484
       7.895     -0.01626
        7.91     0.002323
       7.917      0.03949
       7.925      0.07666
       7.932       0.1138
        7.94       0.1324
       7.955        0.151
       7.963       0.1696
       7.978       0.1696
       7.985       0.1696
       7.993        0.151
           8       0.1138
       8.016      0.03949
       8.023      0.02091
       8.038     0.002323
       8.046     -0.01626
       8.061     0.002323
       8.076     0.002323
       8.084     0.002323
       8.091     0.002323
       8.106     -0.01626
       8.114     -0.01626
       8.129     -0.03484
       8.137     -0.03484
       8.152     -0.01626
       8.167     -0.01626
       8.174     -0.01626
        8.19     -0.01626
       8.197     -0.01626
       8.205     0.002323
        8.22      0.05807
       8.227      0.09524
       8.235       0.1324
       8.242       0.1696
        8.25       0.2253
       8.258       0.2439
       8.273       0.2625
        8.28       0.2625
       8.295       0.2997
       8.311       0.3182
       8.318       0.3182
       8.333       0.3368
       8.348       0.2997
       8.356       0.2811
       8.364       0.2439
       8.371       0.2067
       8.386        0.151
       8.394       0.1324
       8.409      0.09524
       8.416      0.07666
       8.432      0.02091
       8.439     0.002323
       8.447     0.002323
       8.462     -0.05343
       8.469     -0.07201
       8.485      -0.1092
       8.492      -0.1278
       8.507      -0.1649
       8.515      -0.1649
       8.522      -0.1649
       8.538      -0.1649
       8.545      -0.1649
        8.56      -0.2021
       8.568      -0.2021
       8.583      -0.2207
        8.59      -0.2207
       8.606      -0.2021
       8.613      -0.1649
       8.628      -0.1278
       8.636      -0.1092
       8.643     -0.09059
       8.659     -0.01626
       8.666     -0.01626
       8.674     0.002323
       8.689     -0.01626
       8.696     -0.03484
       8.712     -0.05343
       8.719     -0.05343
       8.734     -0.07201
       8.742     -0.09059
       8.757      -0.1463
       8.764      -0.1835
       8.772      -0.2021
       8.787      -0.2021
       8.795      -0.2021
       8.802      -0.1835
       8.817      -0.1649
       8.825      -0.1649
       8.833      -0.1463
       8.848      -0.1649
       8.855      -0.1463
        8.87      -0.1092
       8.878     -0.09059
       8.886     -0.07201
       8.893     -0.03484
       8.901     0.002323
       8.908      0.03949
       8.916      0.07666
       8.931       0.1324
       8.946       0.1324
       8.954       0.1324
       8.976       0.1138
