     0.01186       0.2439
     0.02699       0.3133
     0.03455        0.348
     0.04212       0.4173
     0.04968       0.4867
     0.05725       0.5561
     0.06481       0.6081
     0.07238       0.6255
     0.08751       0.5908
     0.09507       0.5734
      0.1102       0.5561
      0.1178       0.5214
      0.1253       0.4867
      0.1329        0.452
      0.1405       0.4347
      0.1556       0.3653
      0.1632       0.3306
      0.1707       0.2786
      0.1783       0.2266
      0.1859       0.1919
      0.1934       0.1572
       0.201       0.1225
      0.2085       0.0878
      0.2161      0.03577
      0.2237     0.001084
      0.2312      -0.0336
      0.2388     -0.05095
      0.2464       -0.103
      0.2539       -0.155
      0.2615      -0.2244
      0.2691      -0.2764
      0.2766      -0.3285
      0.2842      -0.3805
      0.2918      -0.4325
      0.2993      -0.4846
      0.3069      -0.5366
      0.3145      -0.5886
       0.322      -0.6233
      0.3296      -0.6233
      0.3371       -0.606
      0.3447      -0.5713
      0.3523      -0.5192
      0.3598      -0.4846
       0.375      -0.4672
      0.3825      -0.4672
      0.3977      -0.3978
      0.4052      -0.3805
      0.4128      -0.3458
      0.4204      -0.3111
      0.4279      -0.2591
      0.4355      -0.2244
      0.4431      -0.1724
      0.4506      -0.1377
      0.4582     -0.08564
      0.4658      -0.0336
      0.4733      0.03577
      0.4809       0.1051
      0.4884       0.1572
       0.496       0.2092
      0.5036       0.2612
      0.5111        0.348
      0.5187       0.4173
      0.5263        0.452
      0.5338       0.4347
      0.5414          0.4
       0.549       0.3653
      0.5565       0.3653
      0.5641       0.3827
      0.5717       0.4347
      0.5792       0.4694
      0.5868       0.5214
      0.5944       0.5561
      0.6019       0.5734
      0.6171       0.5908
      0.6246       0.5561
      0.6322       0.5214
      0.6322       0.4694
      0.6397       0.4347
      0.6473       0.3653
      0.6549       0.2959
      0.6624       0.2612
        0.67       0.2612
      0.6776       0.2786
      0.6927       0.2612
      0.7003       0.1919
      0.7078       0.1225
      0.7154      0.03577
       0.723     -0.05095
      0.7305       -0.155
      0.7381      -0.2417
      0.7457      -0.3111
      0.7532      -0.3631
      0.7608      -0.3631
      0.7759      -0.3805
      0.7835      -0.3978
      0.7986      -0.4325
      0.8062      -0.4499
      0.8213      -0.4499
      0.8289      -0.4152
      0.8364      -0.3978
       0.844      -0.3458
      0.8516      -0.2938
      0.8591      -0.2417
      0.8667      -0.1897
      0.8743      -0.1377
      0.8818     -0.06829
      0.8894     -0.01626
       0.897      0.01843
      0.9045      0.05312
      0.9121      0.03577
      0.9272      0.01843
      0.9348      0.05312
      0.9348      0.01843
      0.9423       0.0878
      0.9499       0.1398
      0.9575       0.1745
      0.9726       0.2266
      0.9802       0.2439
      0.9953       0.2959
       1.003       0.3133
       1.018       0.3306
       1.026        0.348
       1.041       0.3653
       1.048       0.3653
       1.063       0.3306
       1.071       0.3133
       1.086       0.2612
       1.094       0.2266
       1.101       0.2092
       1.109       0.1745
       1.116       0.1398
       1.124       0.1051
       1.131      0.07046
       1.139      0.01843
       1.147     -0.01626
       1.154     -0.06829
       1.169       -0.103
       1.177      -0.1203
       1.192      -0.1377
         1.2      -0.1724
       1.215       -0.207
       1.222       -0.207
       1.237      -0.1897
       1.245      -0.1897
       1.253       -0.207
       1.268       -0.207
       1.275      -0.1897
       1.283       -0.155
        1.29      -0.1377
       1.305      -0.1377
       1.313      -0.1377
       1.321      -0.1203
       1.336     -0.08564
       1.343     -0.05095
       1.351     0.001084
       1.358      0.03577
       1.366      0.07046
       1.374       0.1225
       1.381       0.1398
       1.396       0.1919
       1.404       0.2092
       1.411       0.2439
       1.419       0.2612
       1.426       0.3133
       1.434       0.3653
       1.442       0.4173
       1.449       0.4694
       1.457       0.4694
       1.464       0.4347
       1.472       0.3827
       1.479       0.3306
       1.487       0.2786
       1.495       0.2439
       1.502       0.2092
        1.51       0.1745
       1.517       0.1225
       1.525      0.07046
       1.532      0.01843
        1.54     0.001084
       1.555     -0.01626
       1.563     0.001084
       1.578     0.001084
       1.585     -0.01626
         1.6     -0.05095
       1.608      -0.0336
       1.623      -0.0336
       1.631      -0.0336
       1.646     -0.05095
       1.653     -0.05095
       1.669     -0.08564
       1.676      -0.1203
       1.684       -0.155
       1.691      -0.1897
       1.699      -0.2244
       1.706      -0.2591
       1.714      -0.2938
       1.722      -0.3111
       1.737      -0.3458
       1.744      -0.3631
       1.759      -0.3978
       1.767      -0.3631
       1.774      -0.3111
       1.782      -0.2417
        1.79      -0.1724
       1.797      -0.1203
       1.805       -0.103
       1.812     -0.06829
        1.82     -0.05095
       1.835      0.01843
       1.843      0.01843
       1.865      0.05312
       1.873      0.07046
        1.88       0.1225
       1.888       0.1919
       1.896       0.2612
       1.903       0.3133
       1.911       0.3653
       1.918       0.3653
       1.926        0.348
       1.933       0.3133
       1.941       0.2786
       1.948       0.2092
       1.956       0.1745
       1.964       0.1225
       1.971      0.07046
       1.994      0.05312
       2.001      0.05312
       2.017      0.05312
       2.024      0.07046
       2.032       0.1051
       2.039       0.1572
       2.047       0.2092
       2.054       0.2439
       2.062       0.2786
        2.07       0.3133
       2.085       0.3653
       2.092       0.3827
       2.107          0.4
       2.115       0.3653
       2.122       0.3306
        2.13       0.2786
       2.138       0.2439
       2.145       0.2092
       2.153       0.1919
        2.16       0.1572
       2.168       0.1051
       2.175      0.07046
       2.175      0.01843
       2.183     -0.01626
       2.191     -0.06829
       2.198       -0.103
       2.213      -0.1203
       2.221      -0.1203
       2.236      -0.1203
       2.251      -0.1724
       2.259       -0.207
       2.266      -0.2591
       2.281      -0.2938
       2.289      -0.2764
       2.304      -0.2417
       2.319      -0.1897
       2.327      -0.1897
       2.334      -0.1897
       2.349       -0.207
       2.357      -0.1897
       2.365      -0.1724
        2.38      -0.1897
       2.387      -0.2244
       2.395      -0.2591
       2.402      -0.2938
        2.41      -0.3285
       2.418      -0.3458
       2.433      -0.3111
        2.44      -0.2591
       2.448      -0.1897
       2.455       -0.103
       2.463      -0.0336
        2.47      0.03577
       2.478       0.1051
       2.486       0.1398
       2.493       0.1745
       2.508       0.2092
       2.516       0.2266
       2.531       0.2786
       2.539       0.3306
       2.546       0.3653
       2.554          0.4
       2.569       0.4347
       2.576       0.4347
       2.584        0.452
       2.599       0.4867
       2.614       0.5214
       2.622       0.5214
       2.629       0.5214
       2.644       0.4694
       2.652       0.4347
        2.66       0.3827
       2.667       0.3306
       2.682       0.2959
        2.69       0.2786
       2.697       0.2959
       2.713       0.2439
        2.72       0.1745
       2.728       0.1051
       2.728      0.01843
       2.735      -0.0336
       2.743      -0.1377
        2.75      -0.2417
       2.758      -0.2938
       2.765      -0.3631
       2.773      -0.3978
       2.788      -0.4499
       2.803      -0.4152
       2.811      -0.3978
       2.818      -0.3631
       2.826      -0.3285
       2.834      -0.2938
       2.841      -0.2938
       2.856      -0.3458
       2.871      -0.3631
       2.879      -0.3458
       2.887      -0.3111
       2.894      -0.2938
       2.902      -0.2417
       2.909      -0.1897
       2.917       -0.103
       2.924      -0.0336
       2.932      0.05312
       2.932      0.01843
       2.939       0.0878
       2.947       0.1225
       2.955       0.1398
        2.97       0.1745
       2.977       0.1919
       2.985       0.2266
       2.992       0.2439
           3       0.2786
       3.008       0.2959
       3.015       0.3133
       3.023        0.348
        3.03       0.3827
       3.045        0.348
       3.061       0.2959
       3.068       0.2786
       3.083       0.2439
       3.091       0.2266
       3.098       0.2266
       3.113       0.1919
       3.121       0.1572
       3.136       0.1051
       3.144       0.1051
       3.159      0.07046
       3.159      0.01843
       3.166     -0.01626
       3.174     -0.06829
       3.182      -0.1377
       3.189      -0.1897
       3.204      -0.1897
       3.212       -0.155
       3.219      -0.1377
       3.235      -0.1724
       3.242       -0.207
        3.25      -0.2417
       3.265      -0.2764
       3.272      -0.2764
       3.287      -0.2764
       3.303      -0.2764
        3.31      -0.2591
       3.318       -0.207
       3.325      -0.1724
        3.34       -0.155
       3.356      -0.1377
       3.363       -0.103
       3.371     -0.05095
       3.378     0.001084
       3.386      0.07046
       3.393       0.1051
       3.401       0.1745
       3.409       0.2266
       3.416       0.2786
       3.424       0.3133
       3.431       0.3306
       3.439       0.3306
       3.454       0.2959
       3.461       0.2959
       3.477       0.3306
       3.484        0.348
       3.499       0.3133
       3.507       0.2786
       3.514       0.2266
       3.522       0.1745
        3.53       0.1398
       3.552       0.0878
        3.56       0.0878
       3.567       0.0878
       3.582     0.001084
        3.59      -0.0336
       3.598     -0.06829
       3.613       -0.103
        3.62       -0.103
       3.635      -0.1377
       3.651      -0.1724
       3.658      -0.1897
       3.673      -0.2244
       3.681      -0.2244
       3.696      -0.1724
       3.704       -0.155
       3.711      -0.1203
       3.719     -0.08564
       3.726      -0.0336
       3.734     0.001084
       3.741      0.07046
       3.749       0.1051
       3.756       0.1398
       3.772       0.1225
       3.779       0.1225
       3.787       0.1572
       3.802       0.1919
       3.809       0.1919
       3.825       0.2092
        3.84       0.1919
       3.847       0.1919
       3.862       0.1745
        3.87       0.1572
       3.885       0.1225
       3.893       0.0878
         3.9      0.07046
       3.915      0.01843
       3.923      0.01843
       3.938      0.01843
       3.953      0.05312
       3.961      0.07046
       3.976       0.0878
       3.983       0.1225
       3.991       0.1572
       3.999       0.1919
       4.006       0.2266
       4.021       0.2092
       4.029       0.1572
       4.036       0.1051
       4.044      0.03577
       4.052     -0.01626
       4.059     -0.06829
       4.067       -0.103
       4.074      -0.1377
       4.082       -0.155
       4.097       -0.207
       4.104      -0.2244
       4.112      -0.2244
       4.127       -0.207
       4.135      -0.1897
       4.157      -0.1377
       4.165      -0.1203
        4.18      -0.1203
       4.188       -0.103
       4.195     -0.06829
        4.21     -0.05095
       4.218     -0.06829
       4.233       -0.103
       4.241      -0.1203
       4.256      -0.1203
       4.271       -0.155
       4.278      -0.1724
       4.286       -0.155
       4.294      -0.1377
       4.301     -0.08564
       4.309      -0.0336
       4.316      0.05312
       4.316     0.001084
       4.324       0.0878
       4.331       0.1572
       4.339       0.2092
       4.347       0.2612
       4.354       0.2959
       4.369        0.348
       4.377       0.3653
       4.384          0.4
         4.4       0.4347
       4.407       0.4347
       4.422       0.3827
        4.43       0.3306
       4.437       0.2786
       4.445       0.2439
       4.452       0.1745
        4.46       0.1051
       4.468      0.03577
       4.475     -0.01626
       4.483     -0.05095
       4.498     -0.05095
       4.505     -0.01626
       4.513      0.03577
       4.521       0.1051
       4.528       0.1572
       4.536       0.1919
       4.558       0.1919
       4.566       0.1919
       4.574       0.1919
       4.589       0.1572
       4.596       0.1398
       4.604       0.1051
       4.611      0.07046
       4.619      0.01843
       4.626     -0.01626
       4.642     -0.05095
       4.649     -0.06829
       4.664       -0.103
       4.679      -0.1377
       4.687      -0.1377
       4.695      -0.1203
       4.702     -0.06829
        4.71      -0.0336
       4.717     -0.01626
       4.732      -0.0336
        4.74     -0.05095
       4.755     -0.06829
        4.77     -0.06829
       4.778     -0.05095
       4.793      0.01843
         4.8      0.03577
       4.808      0.07046
       4.816       0.0878
       4.831       0.0878
       4.838       0.0878
       4.853     0.001084
       4.861      -0.0336
       4.869     -0.05095
       4.884     -0.05095
       4.891      -0.0336
       4.906     0.001084
       4.914      0.01843
       4.929      0.01843
       4.937     0.001084
       4.944     -0.05095
       4.952       -0.103
       4.959      -0.1724
       4.967      -0.2244
       4.974      -0.2417
        4.99      -0.2417
       4.997      -0.2417
       5.012      -0.2244
        5.02      -0.1897
       5.027      -0.1377
       5.035     -0.08564
       5.043      -0.0336
        5.05     0.001084
       5.065      0.05312
       5.073      0.07046
        5.08       0.0878
       5.088       0.1225
       5.095       0.1572
       5.103       0.1919
       5.111       0.2439
       5.126       0.2786
       5.133       0.2786
       5.148       0.2266
       5.156       0.2092
       5.171       0.2092
       5.179       0.2092
       5.194       0.1745
       5.201       0.1225
       5.209      0.07046
       5.209      0.01843
       5.217     0.001084
       5.224     -0.05095
       5.232     -0.08564
       5.247      -0.1203
       5.254      -0.1377
       5.269      -0.1203
       5.277     -0.08564
       5.285      -0.0336
       5.292     0.001084
         5.3      0.05312
       5.307      0.07046
       5.322      0.07046
        5.33      0.05312
       5.338      0.01843
       5.353     0.001084
        5.36     -0.01626
       5.368     -0.05095
       5.375     -0.08564
       5.383       -0.103
       5.391      -0.1377
       5.398       -0.155
       5.406       -0.155
       5.421      -0.1897
       5.428       -0.207
       5.443      -0.1724
       5.451       -0.155
       5.459      -0.1203
       5.466     -0.06829
       5.481     -0.05095
       5.489     -0.05095
       5.496      -0.0336
       5.512     0.001084
       5.527      0.07046
       5.534       0.0878
       5.549       0.1225
       5.557       0.1572
       5.572       0.1919
        5.58       0.2092
       5.595       0.2266
       5.602       0.2439
        5.61       0.2959
       5.617       0.3827
       5.625        0.452
       5.633       0.5388
        5.64       0.5908
       5.648       0.6602
       5.655       0.6949
       5.663       0.6949
        5.67       0.6428
       5.678       0.5734
       5.686       0.5041
       5.693        0.452
       5.701          0.4
       5.708       0.3827
       5.716        0.348
       5.723       0.3133
       5.731       0.2612
       5.739       0.2092
       5.746       0.1572
       5.754       0.1051
       5.761      0.07046
       5.761      0.01843
       5.769     -0.01626
       5.776     -0.08564
       5.784      -0.1377
       5.791      -0.1897
       5.799      -0.2417
       5.807      -0.3111
       5.814      -0.3631
       5.822      -0.4325
       5.829      -0.4672
       5.844      -0.5019
       5.852      -0.5019
        5.86      -0.4846
       5.875      -0.4325
       5.882      -0.3805
        5.89      -0.3458
       5.897      -0.3285
       5.905      -0.3285
        5.92      -0.3631
       5.928      -0.3805
       5.935      -0.3458
        5.95      -0.2764
       5.958      -0.2244
       5.965       -0.155
       5.973     -0.06829
       5.981     -0.01626
       5.988       0.0878
       5.996       0.1398
       6.003       0.1745
       6.011       0.2266
       6.018       0.2439
       6.034       0.2266
       6.041       0.1919
       6.049       0.1572
       6.056       0.1225
       6.071       0.0878
       6.079      0.07046
       6.094       0.0878
       6.109       0.1051
       6.117       0.1051
       6.124       0.0878
       6.132      0.03577
       6.139     0.001084
       6.155     -0.01626
        6.17      0.01843
       6.177      0.01843
       6.185      0.01843
       6.192     -0.01626
       6.208     -0.05095
       6.215     -0.05095
        6.23     0.001084
       6.245      0.07046
       6.253       0.1051
       6.268       0.1572
       6.276       0.1745
       6.283       0.2266
       6.291       0.2959
       6.298       0.3827
       6.306        0.452
       6.313       0.5041
       6.321       0.5214
       6.336        0.452
       6.344       0.3827
       6.351       0.3133
       6.359       0.2266
       6.366       0.1398
       6.374      0.07046
       6.382      0.03577
       6.397      0.01843
       6.404     0.001084
       6.419     -0.01626
       6.427     -0.01626
       6.442     -0.01626
       6.457     -0.05095
       6.465     -0.05095
        6.48     -0.08564
       6.487       -0.103
       6.495       -0.103
        6.51     -0.08564
       6.518     -0.05095
       6.525     0.001084
       6.533      0.07046
       6.533      0.01843
        6.54       0.0878
       6.548       0.1225
       6.556       0.1572
       6.571       0.1919
       6.578       0.1919
       6.593       0.1919
       6.608       0.1745
       6.616       0.1398
       6.624       0.0878
       6.631      0.05312
       6.639     -0.01626
       6.646     -0.06829
       6.654      -0.1203
       6.661       -0.155
       6.669      -0.1897
       6.677      -0.1724
       6.684      -0.1377
       6.692      -0.1203
       6.707      -0.1377
       6.714      -0.1724
       6.722      -0.2244
       6.737      -0.2591
       6.745      -0.2417
       6.752      -0.1897
       6.767      -0.1724
       6.775      -0.1897
        6.79      -0.2244
       6.798      -0.2244
       6.805       -0.207
       6.813      -0.1897
        6.82       -0.155
       6.828      -0.1203
       6.835     -0.06829
       6.843     -0.05095
       6.858     0.001084
       6.866      0.01843
       6.873      0.07046
       6.881       0.1225
       6.888       0.1745
       6.896       0.2266
       6.911       0.2786
       6.919       0.2786
       6.934       0.2266
       6.941       0.1919
       6.949       0.1572
       6.956       0.1051
       6.972      0.05312
       6.979      0.07046
       6.994       0.0878
       7.002       0.1051
       7.017       0.1225
       7.025       0.1572
        7.04       0.2092
       7.047       0.2439
       7.062       0.2612
        7.07       0.2266
       7.077       0.1745
       7.085       0.1051
       7.093      0.03577
         7.1      -0.0336
       7.108     -0.08564
       7.123     -0.06829
        7.13     -0.01626
       7.138      0.01843
       7.153      0.01843
       7.161     0.001084
       7.176     -0.05095
       7.183     -0.06829
       7.199     -0.06829
       7.206     -0.05095
       7.214     -0.01626
       7.221     0.001084
       7.236      0.01843
       7.244     0.001084
       7.259      -0.0336
       7.267     -0.05095
       7.282      -0.0336
       7.289     -0.01626
       7.304     -0.05095
       7.312     -0.06829
        7.32      -0.0336
       7.327      0.05312
       7.327     0.001084
       7.335       0.0878
       7.342       0.1572
        7.35       0.2266
       7.357       0.2786
       7.365       0.3133
        7.38       0.3133
       7.388       0.3306
       7.395        0.348
       7.403       0.3827
        7.41       0.4173
       7.425        0.452
       7.433        0.452
       7.448       0.4173
       7.456       0.3827
       7.463        0.348
       7.471       0.2786
       7.478       0.1919
       7.486       0.0878
       7.486      0.01843
       7.494      -0.0336
       7.501      -0.1203
       7.509      -0.1897
       7.524      -0.2244
       7.531      -0.2417
       7.547      -0.2938
       7.554      -0.3111
       7.569      -0.3458
       7.577      -0.3458
       7.592      -0.3111
       7.607      -0.2938
       7.615      -0.3111
       7.622      -0.3458
        7.63      -0.3978
       7.645      -0.4499
       7.652      -0.4499
        7.66      -0.4325
       7.668      -0.3631
       7.675      -0.3111
       7.683      -0.2244
        7.69       -0.155
       7.698     -0.08564
       7.705     -0.01626
       7.713      0.01843
       7.721      0.07046
       7.728       0.1225
       7.736       0.1745
       7.743       0.2612
       7.751       0.3133
       7.758       0.3653
       7.766       0.3827
       7.781       0.3653
       7.789       0.3306
       7.796       0.2786
       7.804       0.2092
       7.811       0.1745
       7.811       0.1398
       7.819       0.1051
       7.826       0.0878
       7.842       0.0878
       7.849       0.0878
       7.864     0.001084
       7.872     -0.01626
       7.887     -0.06829
       7.895     -0.08564
       7.902     -0.08564
       7.917     -0.08564
       7.925     -0.06829
       7.932      -0.0336
        7.94     -0.01626
       7.955     0.001084
       7.963      0.01843
        7.97      0.05312
       7.978       0.1051
       7.985       0.1572
       7.993       0.1919
       8.008       0.2092
       8.016       0.1745
       8.031       0.1398
       8.038       0.1225
       8.053       0.0878
       8.061      0.07046
       8.076      0.01843
       8.084     -0.01626
       8.099      -0.0336
       8.106     -0.01626
       8.114     0.001084
       8.129      0.07046
       8.137       0.0878
       8.152       0.1398
       8.159       0.1745
       8.174       0.2092
       8.182       0.1745
        8.19       0.1398
       8.197       0.0878
       8.205      0.01843
        8.22     0.001084
       8.227      0.01843
       8.235      0.05312
       8.242      0.07046
       8.258      0.05312
       8.265      0.01843
       8.273     0.001084
        8.28      -0.0336
       8.295     -0.08564
       8.303       -0.103
       8.318      -0.1203
       8.326       -0.103
       8.333     -0.08564
       8.348     -0.05095
       8.356     -0.05095
       8.371      -0.0336
       8.379      -0.0336
       8.394     -0.01626
       8.401     -0.01626
       8.416     -0.05095
       8.424     -0.05095
       8.439     -0.06829
       8.447     -0.06829
       8.454     -0.06829
       8.469     -0.08564
       8.477     -0.08564
       8.492     -0.05095
       8.507     -0.01626
       8.515     0.001084
        8.53      0.07046
       8.538       0.0878
       8.545       0.1225
       8.553       0.1919
        8.56       0.2439
       8.568       0.3133
       8.575       0.3653
       8.583       0.4173
        8.59        0.452
       8.598       0.5214
       8.606       0.5561
       8.621       0.5561
       8.628       0.5214
       8.636        0.452
       8.643       0.4173
       8.651       0.3306
       8.659       0.2266
       8.666       0.1398
       8.674      0.07046
       8.674      0.01843
       8.681     -0.01626
       8.689     -0.06829
       8.696      -0.1203
       8.704       -0.155
       8.712      -0.1724
       8.727       -0.207
       8.734       -0.207
       8.749      -0.1897
       8.764      -0.1377
       8.772      -0.1377
        8.78      -0.1377
       8.787      -0.1724
       8.795      -0.1897
        8.81      -0.2244
       8.817      -0.2244
       8.833      -0.2244
        8.84      -0.2244
       8.848      -0.2244
       8.855      -0.2591
        8.87      -0.3111
       8.878      -0.3111
       8.893      -0.3285
       8.901      -0.3111
       8.908      -0.2938
       8.916      -0.2244
       8.923      -0.1377
       8.931      -0.0336
       8.938      0.07046
       8.938      0.01843
       8.946       0.0878
       8.954       0.1051
       8.969       0.1225
       8.976       0.1572
