     0.01181      0.09719
     0.01937       0.1381
     0.02693       0.1483
     0.03449       0.1893
     0.04205       0.2097
     0.05716       0.2302
     0.06472       0.2302
     0.07228       0.2302
      0.0874       0.1688
      0.1025      0.09719
      0.1101      0.05627
      0.1252    -0.005115
      0.1327     -0.01535
      0.1479     -0.01535
       0.163     -0.05627
      0.1705     -0.07673
      0.1857     -0.07673
      0.1932     -0.07673
      0.2083     -0.07673
      0.2159     -0.07673
       0.231     -0.05627
      0.2386     -0.03581
      0.2612     -0.01535
      0.2688     -0.01535
      0.2839     -0.03581
      0.2915     -0.03581
      0.3066     -0.05627
      0.3217     -0.07673
      0.3293     -0.07673
      0.3444     -0.03581
       0.352     -0.01535
      0.3671    -0.005115
      0.3746    -0.005115
      0.3897      0.03581
      0.3973      0.03581
      0.4124    -0.005115
        0.42    -0.005115
      0.4351    -0.005115
      0.4502     -0.01535
      0.4578     -0.01535
      0.4653     -0.01535
      0.4804     -0.07673
       0.488     -0.09719
      0.4956     -0.09719
      0.5107     -0.09719
      0.5182     -0.07673
      0.5334     -0.01535
      0.5409    -0.005115
      0.5485      0.05627
       0.556      0.09719
      0.5636       0.1483
      0.5787       0.1688
      0.5863       0.1893
      0.6014       0.2097
      0.6165       0.1893
      0.6241       0.1483
      0.6392       0.1176
      0.6467       0.1176
      0.6619      0.07673
      0.6694      0.05627
       0.677      0.05627
      0.6921      0.01535
      0.6996    -0.005115
      0.7148     -0.01535
      0.7299     -0.07673
      0.7374     -0.09719
       0.745     -0.09719
      0.7601     -0.07673
      0.7677     -0.07673
      0.7752     -0.05627
      0.7904     -0.03581
      0.7979     -0.03581
       0.813     -0.03581
      0.8206     -0.03581
      0.8357     -0.03581
      0.8433     -0.03581
      0.8508     -0.01535
      0.8659     -0.01535
      0.8735     -0.01535
      0.8886    -0.005115
      0.8962      0.01535
      0.9113      0.09719
      0.9188       0.1176
       0.934      0.09719
      0.9415      0.07673
      0.9566      0.03581
      0.9642      0.01535
      0.9793    -0.005115
      0.9944    -0.005115
       1.002    -0.005115
       1.017    -0.005115
       1.025    -0.005115
        1.04     -0.03581
       1.047     -0.05627
       1.062     -0.05627
        1.07     -0.03581
       1.085     -0.05627
       1.093     -0.03581
       1.108     -0.01535
       1.115    -0.005115
       1.138      0.03581
       1.146      0.03581
       1.161      0.07673
       1.176       0.1176
       1.183       0.1176
       1.199      0.07673
       1.206      0.05627
       1.221      0.05627
       1.229      0.05627
       1.244      0.07673
       1.259      0.09719
       1.267      0.09719
       1.274       0.1176
       1.289       0.1176
       1.297       0.1176
       1.312      0.07673
       1.319      0.05627
       1.327      0.05627
       1.342      0.01535
        1.35    -0.005115
       1.357    -0.005115
       1.372     -0.03581
        1.38     -0.03581
       1.387     -0.03581
       1.403     -0.05627
        1.41     -0.05627
       1.418     -0.03581
       1.433     -0.01535
        1.44     -0.01535
       1.448    -0.005115
       1.463    -0.005115
       1.471    -0.005115
       1.486     -0.01535
       1.493     -0.03581
       1.508     -0.03581
       1.524     -0.05627
       1.531     -0.07673
       1.546     -0.07673
       1.554     -0.05627
       1.561     -0.03581
       1.576      0.01535
       1.584      0.03581
       1.599      0.01535
       1.607    -0.005115
       1.614    -0.005115
       1.629     -0.01535
       1.637     -0.01535
        1.66     -0.05627
       1.667     -0.05627
       1.682     -0.05627
        1.69     -0.05627
       1.705     -0.05627
        1.72     -0.05627
       1.728     -0.03581
       1.743    -0.005115
        1.75    -0.005115
       1.758      0.03581
       1.765      0.03581
       1.773      0.05627
       1.788      0.05627
       1.796      0.05627
       1.811      0.03581
       1.818      0.03581
       1.841      0.01535
       1.856      0.01535
       1.871      0.07673
       1.886      0.09719
       1.894       0.1176
       1.909      0.09719
       1.917      0.09719
       1.932      0.07673
       1.939      0.07673
       1.954    -0.005115
       1.962    -0.005115
       1.977     -0.01535
       1.985     -0.01535
           2     -0.05627
       2.007     -0.07673
       2.015     -0.07673
        2.03     -0.05627
       2.038     -0.03581
        2.06     -0.01535
       2.068     -0.01535
       2.083    -0.005115
        2.09    -0.005115
       2.106      0.03581
       2.113      0.03581
       2.128      0.03581
       2.136      0.03581
       2.151      0.05627
       2.166      0.05627
       2.174      0.07673
       2.189      0.07673
       2.196      0.07673
       2.211      0.03581
       2.219      0.01535
       2.234    -0.005115
       2.242    -0.005115
       2.249    -0.005115
       2.264      0.01535
       2.272      0.03581
       2.287      0.05627
       2.302      0.05627
        2.31      0.07673
       2.325      0.07673
       2.332      0.07673
       2.347      0.09719
       2.363       0.1176
        2.37      0.09719
       2.378      0.09719
       2.393      0.05627
         2.4      0.05627
       2.415      0.03581
       2.423    -0.005115
       2.431    -0.005115
       2.446     -0.01535
       2.453     -0.01535
       2.468     -0.03581
       2.483     -0.05627
       2.491     -0.05627
       2.499     -0.03581
       2.514     -0.03581
       2.521     -0.03581
       2.536     -0.03581
       2.544     -0.05627
       2.552     -0.05627
       2.567     -0.09719
       2.574      -0.1176
       2.589      -0.1176
       2.597     -0.09719
       2.604     -0.07673
        2.62     -0.03581
       2.627    -0.005115
       2.642      0.05627
        2.65      0.07673
       2.657       0.1176
       2.672       0.1381
        2.68       0.1381
       2.695      0.09719
       2.703      0.07673
       2.718      0.03581
       2.725      0.03581
        2.74    -0.005115
       2.748     -0.01535
       2.756     -0.01535
       2.771     -0.01535
       2.778    -0.005115
       2.793      0.03581
       2.801      0.03581
       2.816      0.03581
       2.824      0.03581
       2.839      0.03581
       2.846      0.03581
       2.861      0.01535
       2.869    -0.005115
       2.884    -0.005115
       2.892    -0.005115
       2.907    -0.005115
       2.922     -0.01535
       2.929     -0.01535
       2.945     -0.03581
       2.952     -0.05627
       2.967     -0.03581
       2.975    -0.005115
       2.982      0.01535
       2.997      0.07673
       3.005      0.09719
        3.02       0.1176
       3.028      0.09719
       3.043      0.03581
       3.058      0.03581
       3.073      0.03581
       3.081      0.03581
       3.096      0.03581
       3.103      0.03581
       3.118      0.03581
       3.126      0.03581
       3.141      0.03581
       3.149      0.03581
       3.156      0.01535
       3.171     -0.01535
       3.179     -0.05627
       3.186     -0.05627
       3.202     -0.07673
       3.209     -0.09719
       3.217     -0.09719
       3.232      -0.1176
       3.239     -0.09719
       3.247     -0.07673
       3.254     -0.03581
       3.262    -0.005115
       3.285      0.01535
         3.3    -0.005115
       3.315    -0.005115
       3.323    -0.005115
       3.353    -0.005115
        3.36    -0.005115
       3.375      0.01535
       3.383      0.01535
       3.398    -0.005115
       3.406    -0.005115
       3.421      0.01535
       3.428      0.03581
       3.443      0.03581
       3.451      0.03581
       3.466      0.01535
       3.489      0.01535
       3.504      0.03581
       3.511      0.03581
       3.527      0.05627
       3.542      0.07673
       3.549      0.07673
       3.564      0.07673
       3.572      0.07673
       3.587      0.07673
       3.595      0.05627
        3.61      0.05627
       3.617      0.07673
       3.632       0.1176
       3.648       0.1483
       3.655       0.1176
       3.663      0.09719
       3.678      0.05627
       3.685      0.03581
       3.693    -0.005115
         3.7    -0.005115
       3.716     -0.01535
       3.723     -0.01535
       3.731    -0.005115
       3.746    -0.005115
       3.753     -0.01535
       3.761     -0.03581
       3.776     -0.07673
       3.784     -0.09719
       3.799      -0.1176
       3.806      -0.1381
       3.814      -0.1381
       3.829      -0.1381
       3.836      -0.1176
       3.844     -0.07673
       3.852     -0.03581
       3.859    -0.005115
       3.874      0.01535
       3.882      0.01535
       3.897    -0.005115
       3.905    -0.005115
        3.92    -0.005115
       3.927    -0.005115
       3.942     -0.03581
        3.95     -0.05627
       3.957     -0.05627
       3.973     -0.07673
        3.98     -0.09719
       3.995     -0.09719
       4.003     -0.05627
        4.01     -0.01535
       4.018      0.01535
       4.025      0.05627
       4.041       0.1176
       4.048      0.09719
       4.056      0.09719
       4.071      0.07673
       4.078      0.05627
       4.093      0.05627
       4.101      0.05627
       4.116      0.05627
       4.131      0.01535
       4.139      0.01535
       4.146      0.05627
       4.154      0.07673
       4.169       0.1381
       4.177       0.1381
       4.184       0.1381
       4.199      0.09719
       4.207      0.07673
        4.26    -0.005115
       4.267    -0.005115
        4.29     -0.03581
       4.298     -0.03581
       4.305     -0.01535
        4.32      0.03581
       4.328      0.05627
       4.335      0.07673
        4.35      0.07673
       4.358      0.09719
       4.373      0.09719
       4.381      0.09719
       4.396      0.05627
       4.403      0.03581
       4.411    -0.005115
       4.419    -0.005115
       4.434     -0.01535
       4.441     -0.03581
       4.456     -0.05627
       4.464     -0.07673
       4.471     -0.07673
       4.487     -0.07673
       4.494     -0.05627
       4.509     -0.01535
       4.517     -0.01535
       4.532     -0.03581
       4.539     -0.05627
       4.555     -0.07673
       4.562     -0.07673
       4.577     -0.05627
       4.585     -0.03581
         4.6     -0.03581
       4.607     -0.03581
       4.623     -0.05627
        4.63     -0.05627
       4.638     -0.05627
       4.653     -0.05627
        4.66     -0.05627
       4.668     -0.03581
       4.683    -0.005115
       4.691    -0.005115
       4.698      0.05627
       4.706      0.07673
       4.713       0.1381
       4.721       0.1688
       4.728       0.2097
       4.736       0.2302
       4.744       0.2506
       4.759       0.2506
       4.766       0.2506
       4.774       0.2506
       4.789       0.1893
       4.796       0.1483
       4.804       0.1176
       4.819      0.07673
       4.827      0.03581
       4.834    -0.005115
       4.842     -0.01535
       4.849     -0.05627
       4.857     -0.07673
       4.872      -0.1176
        4.88      -0.1381
       4.887      -0.1381
       4.902      -0.1483
        4.91      -0.1688
       4.925      -0.1483
       4.932      -0.1381
        4.94      -0.1176
       4.948     -0.07673
       4.955     -0.01535
       4.963      0.01535
        4.97      0.05627
       4.985      0.09719
       4.993       0.1176
       5.008       0.1176
       5.016       0.1176
       5.031       0.1176
       5.038       0.1176
       5.053      0.07673
       5.069      0.03581
       5.076    -0.005115
       5.091    -0.005115
       5.106     -0.01535
       5.114     -0.03581
       5.129     -0.07673
       5.137     -0.09719
       5.144     -0.09719
       5.159      -0.1176
       5.167      -0.1381
       5.174      -0.1176
       5.189     -0.07673
       5.197     -0.03581
       5.205    -0.005115
        5.22      0.01535
       5.227      0.01535
       5.242      0.01535
       5.258      0.05627
       5.273      0.09719
        5.28      0.09719
       5.288      0.09719
       5.303      0.05627
        5.31      0.01535
       5.326     -0.01535
       5.333     -0.03581
       5.348     -0.05627
       5.356     -0.05627
       5.371     -0.05627
       5.378     -0.05627
       5.394     -0.05627
       5.401     -0.05627
       5.409     -0.03581
       5.424     -0.03581
       5.431     -0.01535
       5.446     -0.01535
       5.454    -0.005115
       5.469      0.03581
       5.477      0.05627
       5.484      0.09719
       5.499       0.1381
       5.507       0.1483
       5.522       0.1893
        5.53       0.2097
       5.545       0.2302
       5.552       0.2097
       5.567       0.1483
       5.575       0.1176
       5.583      0.07673
        5.59      0.03581
       5.598    -0.005115
       5.613     -0.03581
        5.62     -0.07673
       5.635      -0.1176
       5.643      -0.1176
       5.658      -0.1176
       5.666     -0.09719
       5.681     -0.09719
       5.688     -0.09719
       5.703     -0.09719
       5.711     -0.09719
       5.719     -0.07673
       5.734     -0.03581
       5.741     -0.01535
       5.756      0.03581
       5.764      0.05627
       5.779       0.1176
       5.787       0.1381
       5.802       0.1381
       5.809       0.1381
       5.824       0.1176
       5.832      0.09719
        5.84      0.09719
       5.855      0.03581
       5.862    -0.005115
        5.87    -0.005115
       5.885     -0.01535
       5.892     -0.01535
       5.908     -0.03581
       5.915     -0.03581
        5.93     -0.01535
       5.945    -0.005115
        5.96      0.03581
       5.976      0.03581
       5.983      0.07673
       5.998       0.1381
       6.006       0.1688
       6.021       0.2097
       6.029       0.2097
       6.044       0.1688
       6.051       0.1483
       6.066       0.1176
       6.074      0.09719
       6.081      0.09719
       6.089      0.05627
       6.104    -0.005115
       6.112     -0.03581
       6.127     -0.09719
       6.134     -0.09719
       6.149     -0.09719
       6.157     -0.07673
       6.172     -0.05627
        6.18     -0.05627
       6.195     -0.05627
       6.202     -0.07673
       6.217     -0.09719
       6.225     -0.09719
        6.24      -0.1176
       6.255      -0.1176
        6.27      -0.1176
       6.285      -0.1381
       6.293      -0.1381
       6.308      -0.1176
       6.316     -0.09719
       6.323     -0.07673
       6.331     -0.03581
       6.338      0.03581
       6.338    -0.005115
       6.346      0.07673
       6.354       0.1483
       6.361       0.1893
       6.376       0.1893
       6.384       0.1483
       6.391      0.09719
       6.399      0.07673
       6.414      0.03581
       6.422      0.01535
       6.437    -0.005115
       6.444    -0.005115
       6.459    -0.005115
       6.467    -0.005115
       6.482    -0.005115
        6.49    -0.005115
       6.505    -0.005115
        6.52     -0.01535
       6.527     -0.01535
       6.542    -0.005115
       6.558      0.03581
       6.565      0.03581
        6.58    -0.005115
       6.588     -0.01535
       6.603     -0.01535
       6.611     -0.01535
       6.626     -0.01535
       6.633     -0.01535
       6.656     -0.03581
       6.663     -0.01535
       6.679      0.03581
       6.686      0.05627
       6.701      0.09719
       6.709       0.1176
       6.716       0.1483
       6.724       0.1893
       6.739       0.1893
       6.747       0.1688
       6.754       0.1483
       6.762       0.1176
       6.769      0.07673
       6.777      0.05627
       6.799      0.01535
       6.807    -0.005115
       6.815    -0.005115
       6.822     -0.03581
        6.83     -0.05627
       6.837     -0.09719
       6.845      -0.1176
        6.86      -0.1381
       6.875      -0.1483
       6.883      -0.1688
       6.898      -0.1688
       6.905      -0.1688
        6.92      -0.1483
       6.928      -0.1381
       6.943      -0.1176
       6.951     -0.07673
       6.958     -0.01535
       6.966      0.01535
       6.973      0.07673
       6.981      0.09719
       6.996       0.1483
       7.004       0.1688
       7.019       0.1688
       7.026       0.1688
       7.041       0.1688
       7.056       0.1483
       7.064       0.1483
       7.079       0.1176
       7.087      0.09719
       7.102      0.05627
       7.109    -0.005115
       7.125     -0.03581
       7.132     -0.03581
       7.147    -0.005115
       7.162    -0.005115
        7.17    -0.005115
       7.185      0.03581
       7.193      0.01535
       7.208     -0.01535
       7.215     -0.03581
        7.23     -0.01535
       7.238    -0.005115
       7.253      0.05627
       7.261       0.1176
       7.268       0.1483
       7.276       0.1893
       7.291       0.1893
       7.298       0.1483
       7.306       0.1176
       7.313      0.07673
       7.321      0.05627
       7.336    -0.005115
       7.344    -0.005115
       7.359     -0.01535
       7.374     -0.05627
       7.382     -0.07673
       7.397      -0.1381
       7.404      -0.1483
       7.419      -0.1483
       7.434      -0.1688
        7.45      -0.1483
       7.465      -0.1483
       7.472      -0.1381
        7.48     -0.09719
       7.495     -0.05627
        7.51     -0.01535
       7.518     -0.01535
       7.525    -0.005115
       7.533      0.01535
        7.54      0.07673
       7.548       0.1381
       7.555       0.1688
        7.57       0.2302
       7.578       0.2302
       7.593       0.2302
       7.608       0.1893
       7.616       0.1688
       7.631       0.1483
       7.638       0.1381
       7.654      0.09719
       7.661      0.05627
       7.676    -0.005115
       7.684     -0.01535
       7.699     -0.01535
       7.707     -0.01535
       7.714     -0.01535
       7.729     -0.01535
       7.737     -0.01535
       7.744     -0.01535
       7.759     -0.05627
       7.767     -0.05627
       7.782     -0.07673
        7.79     -0.07673
       7.805     -0.09719
       7.812     -0.07673
       7.827     -0.05627
       7.835     -0.05627
        7.85     -0.09719
       7.858      -0.1176
       7.873     -0.09719
        7.88     -0.07673
       7.888     -0.03581
       7.895    -0.005115
       7.911      0.03581
       7.918      0.05627
       7.933      0.09719
       7.941      0.09719
       7.948      0.09719
       7.964      0.05627
       7.971      0.03581
       7.994      0.03581
       8.001      0.03581
       8.009      0.05627
       8.024      0.05627
       8.032      0.05627
       8.039      0.05627
       8.054      0.01535
       8.062    -0.005115
       8.077    -0.005115
       8.084    -0.005115
         8.1     -0.01535
       8.107     -0.03581
       8.122     -0.03581
       8.137     -0.03581
       8.145     -0.03581
        8.16    -0.005115
       8.168    -0.005115
       8.198    -0.005115
       8.205    -0.005115
       8.213    -0.005115
       8.228     -0.01535
       8.236     -0.01535
       8.251      0.03581
       8.258      0.05627
       8.266       0.1176
       8.273       0.1381
       8.289       0.1483
       8.296       0.1381
       8.311      0.07673
       8.319      0.05627
       8.334    -0.005115
       8.341    -0.005115
       8.364      0.03581
       8.379      0.01535
       8.394      0.01535
       8.402      0.03581
       8.417      0.03581
       8.425      0.01535
       8.432    -0.005115
       8.447     -0.05627
       8.455     -0.07673
       8.462     -0.07673
       8.478      -0.1176
       8.485      -0.1381
         8.5      -0.1176
       8.515     -0.07673
       8.523     -0.03581
        8.53    -0.005115
       8.546      0.03581
       8.553      0.05627
       8.568      0.07673
       8.576      0.07673
       8.591      0.05627
       8.606      0.03581
       8.614      0.03581
       8.651    -0.005115
       8.659    -0.005115
       8.674     -0.03581
       8.682     -0.03581
       8.697     -0.05627
       8.704     -0.07673
       8.719     -0.09719
       8.727     -0.07673
       8.735     -0.03581
        8.75      0.03581
       8.757      0.07673
       8.772       0.1176
        8.78       0.1176
       8.795       0.1176
        8.81      0.07673
       8.818      0.07673
       8.833      0.07673
       8.848      0.05627
       8.855      0.03581
       8.871      0.01535
       8.878    -0.005115
       8.886    -0.005115
       8.901     -0.01535
       8.908     -0.03581
       8.916     -0.03581
       8.931     -0.05627
       8.939     -0.01535
       8.954      0.05627
       8.961      0.07673
       8.976      0.09719
