     0.01181    -0.005115
     0.02692     -0.02046
     0.04203     -0.05115
     0.04959     -0.05115
      0.0647      -0.0665
     0.07225     -0.05115
     0.08736     -0.03581
     0.09492     -0.02046
        0.11    -0.005115
      0.1176    -0.005115
      0.1327    -0.005115
      0.1402    -0.005115
      0.1554     -0.02046
      0.1629     -0.02046
       0.178    -0.005115
      0.1931    -0.005115
      0.2007    -0.005115
      0.2158     -0.03581
      0.2234     -0.05115
      0.2385     -0.08184
       0.246      -0.0665
      0.2611      -0.0665
      0.2687     -0.05115
      0.2838     -0.03581
      0.2913     -0.02046
      0.2989      0.01023
       0.314      0.04092
      0.3216      0.04092
      0.3367      0.05627
      0.3442      0.05627
      0.3593      0.04092
      0.3669      0.04092
       0.382      0.02558
      0.3896      0.02558
      0.4047      0.02558
      0.4122      0.02558
      0.4198      0.02558
      0.4349    -0.005115
      0.4424    -0.005115
      0.4576     -0.02046
      0.4727     -0.05115
      0.4802     -0.05115
      0.4953      -0.0665
      0.5029     -0.05115
       0.518     -0.03581
      0.5256     -0.02046
      0.5407    -0.005115
      0.5482      0.01023
      0.5633      0.02558
      0.5709      0.04092
       0.586      0.04092
      0.5936      0.02558
      0.6087    -0.005115
      0.6162    -0.005115
      0.6313     -0.02046
      0.6389    -0.005115
       0.654      0.01023
      0.6615      0.02558
      0.6767      0.02558
      0.6842      0.02558
      0.6918      0.02558
      0.7069      0.01023
      0.7144      0.01023
      0.7295      0.01023
      0.7371      0.02558
      0.7522      0.04092
      0.7598      0.05627
      0.7749      0.05627
      0.7824      0.05627
      0.7975      0.05627
      0.8051      0.05627
      0.8202      0.04092
      0.8278      0.02558
      0.8429      0.02558
      0.8504      0.02558
      0.8655      0.02558
      0.8731      0.01023
      0.8806      0.01023
      0.8958     -0.02046
      0.9033     -0.02046
      0.9184     -0.02046
      0.9335     -0.03581
      0.9411     -0.05115
      0.9486     -0.05115
      0.9637     -0.03581
      0.9713     -0.02046
      0.9864      0.02558
       0.994      0.02558
       1.009      0.04092
       1.024      0.02558
       1.032      0.01023
       1.047      0.01023
       1.054      0.02558
        1.07      0.01023
       1.077      0.01023
       1.092     -0.02046
         1.1     -0.03581
       1.122     -0.03581
        1.13     -0.02046
       1.153     -0.02046
        1.16     -0.02046
       1.168    -0.005115
       1.183      0.01023
        1.19      0.02558
       1.206      0.04092
       1.213      0.05627
       1.228      0.05627
       1.236      0.05627
       1.243      0.05627
       1.258      0.02558
       1.266      0.01023
       1.281      0.01023
       1.289      0.01023
       1.304      0.01023
       1.319    -0.005115
       1.326    -0.005115
       1.342     -0.02046
       1.349     -0.03581
       1.357     -0.03581
       1.372     -0.05115
       1.379     -0.05115
       1.394     -0.05115
       1.402     -0.03581
       1.417    -0.005115
       1.425      0.01023
        1.44      0.04092
       1.447      0.04092
       1.455      0.05627
        1.47      0.05627
       1.477      0.04092
       1.485      0.01023
       1.493    -0.005115
       1.508      0.01023
       1.523      0.04092
        1.53      0.04092
       1.538      0.05627
       1.553      0.05627
       1.561      0.04092
       1.568      0.04092
       1.583      0.02558
       1.591      0.01023
       1.606    -0.005115
       1.613    -0.005115
       1.629    -0.005115
       1.636    -0.005115
       1.651      0.02558
       1.659      0.02558
       1.674      0.02558
       1.681      0.02558
       1.697      0.02558
       1.712    -0.005115
       1.719    -0.005115
       1.727    -0.005115
       1.742    -0.005115
       1.749    -0.005115
       1.757    -0.005115
       1.772     -0.02046
        1.78     -0.02046
       1.795     -0.03581
       1.802     -0.05115
        1.81     -0.05115
       1.825      -0.0665
       1.833      -0.0665
       1.848     -0.05115
       1.863     -0.03581
        1.87     -0.02046
       1.885    -0.005115
       1.893    -0.005115
       1.908    -0.005115
       1.916    -0.005115
       1.923    -0.005115
       1.938    -0.005115
       1.946    -0.005115
       1.953    -0.005115
       1.969     -0.03581
       1.976     -0.03581
       1.991     -0.02046
       1.999      0.01023
       2.014      0.02558
       2.021      0.02558
       2.037      0.02558
       2.052      0.02558
       2.059      0.04092
       2.074      0.05627
       2.082      0.07161
       2.097      0.07161
       2.105      0.07161
        2.12      0.07161
       2.127      0.07161
       2.142      0.07161
        2.15      0.05627
       2.157      0.05627
       2.173      0.04092
        2.18      0.04092
       2.188      0.04092
       2.203      0.02558
        2.21      0.02558
       2.225    -0.005115
       2.233    -0.005115
       2.248      0.01023
       2.256      0.02558
       2.271      0.01023
       2.286     -0.03581
       2.293     -0.05115
       2.309     -0.03581
       2.316     -0.02046
       2.331      0.01023
       2.346      0.02558
       2.354      0.02558
       2.361      0.02558
       2.377    -0.005115
       2.384    -0.005115
       2.399    -0.005115
       2.407    -0.005115
       2.422    -0.005115
       2.429    -0.005115
       2.445    -0.005115
        2.46     -0.02046
       2.467     -0.02046
       2.482     -0.03581
        2.49     -0.05115
       2.505     -0.05115
       2.513     -0.05115
        2.52     -0.03581
       2.535     -0.02046
       2.543    -0.005115
        2.55      0.01023
       2.565      0.01023
       2.573      0.01023
       2.588      0.01023
       2.596      0.01023
       2.611    -0.005115
       2.618      0.01023
       2.633      0.02558
       2.641      0.02558
       2.649      0.01023
       2.664     -0.02046
       2.671     -0.03581
       2.686     -0.03581
       2.694     -0.02046
       2.709     -0.02046
       2.717    -0.005115
       2.732      0.01023
       2.739      0.02558
       2.754      0.05627
       2.762      0.07161
       2.777       0.1023
       2.792       0.1023
       2.807      0.08696
       2.815      0.07161
        2.83      0.05627
       2.837      0.04092
       2.853      0.04092
        2.86      0.04092
       2.875      0.02558
       2.883      0.01023
       2.898    -0.005115
       2.905    -0.005115
       2.921     -0.03581
       2.928     -0.03581
       2.943     -0.05115
       2.951      -0.0665
       2.958     -0.05115
       2.973     -0.03581
       2.981     -0.02046
       2.996      0.01023
       3.004      0.01023
       3.019      0.01023
       3.026      0.01023
       3.041      0.01023
       3.049      0.01023
       3.064      0.01023
       3.072      0.01023
       3.087     -0.02046
       3.094     -0.03581
       3.109     -0.05115
       3.117     -0.05115
       3.124     -0.03581
        3.14     -0.02046
       3.147     -0.03581
       3.162     -0.03581
        3.17     -0.03581
       3.185     -0.03581
       3.192    -0.005115
       3.208      0.04092
       3.215      0.05627
        3.23      0.05627
       3.238      0.04092
       3.253      0.02558
        3.26      0.01023
       3.276      0.01023
       3.283      0.02558
       3.298      0.02558
       3.306      0.02558
       3.321      0.02558
       3.328      0.02558
       3.344      0.01023
       3.351    -0.005115
       3.359    -0.005115
       3.374     -0.03581
       3.381     -0.05115
       3.396     -0.05115
       3.404     -0.05115
       3.412     -0.03581
       3.427    -0.005115
       3.434      0.01023
       3.449      0.02558
       3.457      0.02558
       3.472      0.02558
        3.48      0.02558
       3.495      0.02558
       3.502      0.02558
       3.517      0.04092
       3.525      0.04092
       3.532      0.04092
       3.548      0.01023
       3.555     -0.02046
        3.57     -0.05115
       3.578      -0.0665
       3.593     -0.05115
       3.608     -0.03581
       3.616     -0.03581
       3.623     -0.02046
       3.638    -0.005115
       3.646      0.01023
       3.661      0.04092
       3.668      0.05627
       3.684      0.05627
       3.691      0.05627
       3.706      0.04092
       3.714      0.02558
       3.729      0.02558
       3.736      0.02558
       3.752      0.02558
       3.759      0.02558
       3.767      0.02558
       3.782      0.01023
       3.789      0.01023
       3.804    -0.005115
       3.812    -0.005115
       3.827     -0.03581
       3.835     -0.03581
        3.85     -0.03581
       3.857     -0.02046
       3.872    -0.005115
        3.88    -0.005115
       3.895      0.02558
       3.903      0.04092
       3.918      0.05627
       3.925      0.04092
       3.933      0.04092
        3.94      0.01023
       3.948    -0.005115
       3.963    -0.005115
       3.971      0.01023
       3.986      0.02558
       3.993      0.04092
       4.008      0.04092
       4.016      0.04092
       4.024      0.04092
       4.039      0.02558
       4.046      0.01023
       4.061      0.01023
       4.069      0.01023
       4.084      0.01023
       4.092      0.02558
       4.107      0.04092
       4.122      0.04092
       4.129      0.04092
       4.137      0.04092
       4.152      0.02558
        4.16      0.01023
       4.175     -0.02046
       4.182     -0.02046
        4.19    -0.005115
       4.205    -0.005115
       4.212    -0.005115
        4.22    -0.005115
       4.235     -0.02046
       4.243     -0.02046
       4.258     -0.02046
       4.273     -0.05115
        4.28     -0.05115
       4.288     -0.05115
       4.303     -0.05115
       4.311     -0.05115
       4.326     -0.03581
       4.333     -0.02046
       4.348      0.01023
       4.356      0.02558
       4.371      0.02558
       4.379      0.01023
       4.394     -0.02046
       4.401    -0.005115
       4.409      0.01023
       4.424      0.01023
       4.432    -0.005115
       4.439     -0.02046
       4.454     -0.05115
       4.462      -0.0665
       4.469     -0.05115
       4.484     -0.03581
       4.492     -0.02046
       4.507    -0.005115
       4.515    -0.005115
        4.53      0.02558
       4.537      0.04092
       4.552      0.07161
       4.568      0.07161
       4.575      0.07161
        4.59      0.05627
       4.598      0.05627
       4.613      0.04092
        4.62      0.02558
       4.636      0.02558
       4.643      0.02558
       4.658      0.02558
       4.666      0.02558
       4.681      0.01023
       4.688    -0.005115
       4.696    -0.005115
       4.711     -0.03581
       4.719     -0.03581
       4.734     -0.03581
       4.741     -0.03581
       4.749    -0.005115
       4.764      0.02558
       4.772      0.02558
       4.787      0.04092
       4.794      0.04092
       4.802      0.05627
       4.817      0.04092
       4.824      0.02558
       4.839      0.01023
       4.855    -0.005115
       4.862    -0.005115
       4.877      0.01023
       4.885      0.01023
         4.9      0.02558
       4.907      0.02558
       4.923      0.01023
        4.93    -0.005115
       4.938    -0.005115
       4.953     -0.02046
        4.96     -0.02046
       4.975     -0.02046
       4.983     -0.02046
       4.998      0.01023
       5.006      0.02558
       5.021      0.02558
       5.028      0.02558
       5.043      0.01023
       5.051    -0.005115
       5.066    -0.005115
       5.074    -0.005115
       5.089    -0.005115
       5.096    -0.005115
       5.111    -0.005115
       5.119      0.01023
       5.134      0.01023
       5.142     -0.02046
       5.157      -0.0665
       5.164     -0.08184
       5.179     -0.08184
       5.187      -0.0665
       5.195     -0.05115
       5.202     -0.02046
        5.21      0.01023
       5.225      0.04092
       5.232      0.04092
       5.247      0.04092
       5.255      0.04092
        5.27      0.04092
       5.285      0.02558
       5.293      0.02558
       5.308      0.02558
       5.315      0.02558
       5.331      0.01023
       5.338      0.01023
       5.353    -0.005115
       5.361     -0.02046
       5.368     -0.02046
       5.391     -0.05115
       5.399     -0.05115
       5.414     -0.05115
       5.421     -0.03581
       5.429     -0.02046
       5.444    -0.005115
       5.451      0.01023
       5.467      0.02558
       5.482      0.04092
       5.489      0.04092
       5.504      0.01023
       5.512    -0.005115
       5.527      0.01023
       5.542      0.04092
        5.55      0.05627
       5.565      0.05627
       5.572      0.04092
       5.587    -0.005115
       5.595     -0.02046
        5.61     -0.03581
       5.618     -0.03581
       5.625    -0.005115
        5.64      0.01023
       5.648      0.04092
       5.663      0.07161
       5.671      0.08696
       5.686      0.08696
       5.693      0.08696
       5.708      0.08696
       5.723      0.05627
       5.731      0.04092
       5.739      0.04092
       5.754      0.02558
       5.761      0.02558
       5.776      0.01023
       5.784      0.01023
       5.799    -0.005115
       5.807     -0.02046
       5.814     -0.02046
       5.829     -0.03581
       5.837     -0.05115
       5.852     -0.05115
       5.859     -0.03581
       5.875     -0.02046
       5.882    -0.005115
       5.897      0.01023
       5.905      0.01023
        5.92      0.02558
       5.927      0.02558
       5.943      0.01023
        5.95      0.01023
       5.965      0.01023
       5.973      0.01023
       5.988      0.01023
       5.995    -0.005115
       6.011    -0.005115
       6.018    -0.005115
       6.033     -0.02046
       6.041     -0.03581
       6.048     -0.03581
       6.063      -0.0665
       6.071      -0.0665
       6.079     -0.05115
       6.094     -0.03581
       6.101     -0.02046
       6.116    -0.005115
       6.124      0.01023
       6.139      0.01023
       6.147      0.01023
       6.154      0.01023
       6.169    -0.005115
       6.177    -0.005115
       6.192    -0.005115
       6.199      0.01023
       6.215    -0.005115
       6.222    -0.005115
       6.237     -0.05115
       6.245     -0.05115
        6.26      -0.0665
       6.267     -0.05115
       6.283     -0.03581
        6.29     -0.03581
       6.298     -0.02046
       6.313    -0.005115
        6.32      0.02558
       6.335      0.05627
       6.343      0.07161
       6.358      0.08696
       6.366      0.08696
       6.381      0.07161
       6.388      0.07161
       6.411      0.04092
       6.419      0.04092
       6.441      0.04092
       6.456      0.02558
       6.464      0.02558
       6.479    -0.005115
       6.487    -0.005115
       6.502     -0.03581
       6.509     -0.03581
       6.524     -0.03581
       6.532     -0.03581
       6.547     -0.02046
       6.555    -0.005115
        6.57      0.02558
       6.577      0.02558
       6.585      0.04092
         6.6      0.05627
       6.607      0.04092
       6.615      0.04092
        6.63    -0.005115
       6.638     -0.02046
       6.653    -0.005115
       6.668      0.02558
       6.675      0.02558
       6.683      0.04092
       6.698      0.04092
       6.706      0.04092
       6.721      0.02558
       6.728      0.01023
       6.743    -0.005115
       6.751    -0.005115
       6.766    -0.005115
       6.774      0.01023
       6.789      0.02558
       6.796      0.04092
       6.811      0.04092
       6.819      0.02558
       6.834      0.02558
       6.849    -0.005115
       6.857    -0.005115
       6.872    -0.005115
       6.879    -0.005115
       6.894    -0.005115
       6.902    -0.005115
       6.917    -0.005115
       6.932     -0.02046
        6.94     -0.03581
       6.955     -0.05115
       6.962     -0.05115
       6.985     -0.05115
       6.993     -0.03581
       7.008    -0.005115
       7.015      0.01023
        7.03      0.01023
       7.038      0.01023
       7.053    -0.005115
       7.061    -0.005115
       7.076    -0.005115
       7.083    -0.005115
       7.091      0.01023
       7.106      0.01023
       7.114    -0.005115
       7.129     -0.03581
       7.136     -0.05115
       7.151      -0.0665
       7.159      -0.0665
       7.166     -0.05115
       7.182     -0.03581
       7.189     -0.03581
       7.204    -0.005115
       7.219      0.02558
       7.227      0.04092
       7.242      0.07161
        7.25      0.07161
       7.265      0.05627
       7.272      0.05627
       7.287      0.02558
       7.295      0.02558
        7.31      0.01023
       7.318      0.01023
       7.333      0.02558
        7.34      0.01023
       7.355    -0.005115
       7.363    -0.005115
        7.37    -0.005115
       7.386     -0.02046
       7.393     -0.03581
       7.408     -0.05115
       7.416     -0.05115
       7.431     -0.03581
       7.446     -0.02046
       7.454    -0.005115
       7.461      0.02558
       7.476      0.04092
       7.484      0.05627
       7.499      0.05627
       7.506      0.04092
       7.522    -0.005115
       7.529    -0.005115
       7.544      0.02558
       7.552      0.04092
       7.567      0.04092
       7.582      0.04092
       7.597      0.04092
       7.612      0.01023
        7.62    -0.005115
       7.635    -0.005115
        7.65    -0.005115
       7.658    -0.005115
       7.673      0.01023
        7.68      0.02558
       7.695      0.02558
       7.703      0.02558
       7.718      0.04092
       7.733      0.04092
       7.741      0.05627
       7.756      0.04092
       7.763      0.04092
       7.786      0.02558
       7.794      0.02558
       7.809      0.01023
       7.816    -0.005115
       7.831    -0.005115
       7.846     -0.03581
       7.854     -0.03581
       7.869     -0.03581
       7.877     -0.03581
       7.892    -0.005115
       7.907      0.01023
       7.914      0.02558
        7.93      0.02558
       7.937      0.02558
       7.952      0.01023
        7.96    -0.005115
       7.967    -0.005115
       7.982     -0.02046
        7.99     -0.02046
       8.005      -0.0665
       8.013      -0.0665
       8.028     -0.02046
       8.043    -0.005115
        8.05    -0.005115
       8.066    -0.005115
       8.073    -0.005115
       8.088      0.01023
       8.096      0.01023
       8.103      0.02558
       8.118      0.04092
       8.126      0.04092
       8.141      0.05627
       8.149      0.05627
       8.164      0.05627
       8.171      0.05627
       8.186      0.04092
       8.194      0.02558
       8.209      0.02558
       8.217      0.02558
       8.232      0.02558
       8.239      0.01023
       8.254      0.01023
       8.262      0.01023
       8.277    -0.005115
       8.285     -0.02046
       8.292     -0.02046
       8.307     -0.03581
       8.315     -0.03581
       8.322     -0.02046
       8.337    -0.005115
       8.345      0.01023
        8.36      0.02558
       8.368      0.04092
       8.383      0.05627
        8.39      0.05627
       8.398      0.05627
       8.413      0.01023
       8.421    -0.005115
       8.436     -0.02046
       8.443     -0.02046
       8.451      0.01023
       8.466      0.02558
       8.473      0.02558
       8.489      0.01023
       8.496      0.01023
       8.511    -0.005115
       8.526     -0.02046
       8.534     -0.02046
       8.549     -0.02046
       8.557     -0.02046
       8.564    -0.005115
       8.579      0.01023
       8.587      0.01023
       8.602      0.01023
       8.609      0.01023
       8.617      0.01023
       8.632    -0.005115
        8.64    -0.005115
       8.655    -0.005115
       8.662    -0.005115
       8.677    -0.005115
       8.685    -0.005115
         8.7    -0.005115
       8.715     -0.02046
       8.723     -0.03581
        8.73     -0.03581
       8.745      -0.0665
       8.753      -0.0665
       8.761      -0.0665
       8.776      -0.0665
       8.783     -0.05115
       8.798     -0.02046
       8.806     -0.02046
       8.821    -0.005115
       8.829    -0.005115
       8.844    -0.005115
       8.851    -0.005115
       8.866      0.01023
       8.881      0.02558
       8.889      0.02558
       8.904    -0.005115
       8.912     -0.02046
       8.927     -0.05115
       8.934     -0.05115
       8.949     -0.05115
       8.965     -0.03581
