     0.01181     -0.03581
     0.03448      0.01535
     0.04203      0.04945
     0.04959      0.08355
      0.0647       0.1176
     0.07225       0.1347
     0.08736       0.1176
     0.09492      0.08355
      0.1025      0.04945
        0.11     -0.01876
      0.1176     -0.05286
      0.1251     -0.08696
      0.1402       -0.104
      0.1478       -0.104
      0.1629     -0.08696
       0.178     -0.05286
      0.1856     -0.05286
      0.1931     -0.05286
      0.2082     -0.08696
      0.2158     -0.06991
      0.2309     -0.01876
      0.2385    -0.001705
       0.246       0.0324
      0.2536       0.0324
      0.2611      0.04945
      0.2762      0.04945
      0.2838      0.04945
      0.2989      0.04945
      0.3065       0.0665
      0.3216       0.0665
      0.3367    -0.001705
      0.3442     -0.03581
      0.3593     -0.05286
      0.3669     -0.01876
       0.382    -0.001705
      0.3896      0.04945
      0.4047      0.08355
      0.4198       0.1176
      0.4273       0.1006
      0.4349       0.1006
        0.45       0.0665
      0.4576      0.04945
      0.4727    -0.001705
      0.4802    -0.001705
      0.4953     -0.03581
      0.5029     -0.06991
       0.518       -0.104
      0.5256       -0.104
      0.5331     -0.08696
      0.5482     -0.06991
      0.5558     -0.03581
      0.5633     -0.01876
      0.5784       0.0324
       0.586      0.04945
      0.6011       0.1176
      0.6087       0.1176
      0.6162       0.1176
      0.6238      0.08355
      0.6313      0.04945
      0.6389       0.0324
      0.6389    -0.001705
      0.6464     -0.01876
      0.6615     -0.05286
      0.6691     -0.05286
      0.6767     -0.03581
      0.6842       0.0324
      0.6918      0.08355
      0.6993       0.1347
      0.7069       0.1688
       0.722       0.1347
      0.7295       0.1176
      0.7371      0.08355
      0.7447      0.04945
      0.7522    -0.001705
      0.7598     -0.03581
      0.7673     -0.06991
      0.7749       -0.104
        0.79      -0.1381
      0.8051      -0.1722
      0.8126      -0.2063
      0.8202      -0.2063
      0.8278      -0.1722
      0.8353       -0.104
      0.8429     -0.03581
      0.8504      0.04945
      0.8504    -0.001705
       0.858      0.08355
      0.8731       0.1006
      0.8806       0.1176
      0.8958       0.1176
      0.9033       0.1176
      0.9184       0.1517
       0.926       0.1688
      0.9335       0.1688
      0.9486       0.1006
      0.9562      0.04945
      0.9637     -0.01876
      0.9713     -0.05286
      0.9789     -0.08696
       0.994      -0.1211
       1.002      -0.1552
       1.017      -0.1722
       1.024      -0.1552
       1.039      -0.1211
       1.054     -0.08696
       1.062     -0.06991
        1.07     -0.03581
       1.077     -0.01876
       1.085      0.04945
       1.092       0.1006
         1.1       0.1347
       1.107       0.1347
       1.115       0.1347
       1.122       0.1006
       1.145      0.08355
       1.153      0.08355
        1.16       0.1006
       1.175       0.1176
       1.183       0.1347
        1.19       0.1347
       1.198       0.1006
       1.206      0.04945
       1.206    -0.001705
       1.213     -0.01876
       1.221     -0.06991
       1.228     -0.08696
       1.243       -0.104
       1.251     -0.06991
       1.258     -0.05286
       1.266       0.0324
       1.266     -0.01876
       1.274      0.04945
       1.281       0.1006
       1.296       0.1006
       1.304       0.1006
       1.319       0.0665
       1.326      0.04945
       1.342       0.0324
       1.349      0.01535
       1.364       0.0324
       1.372      0.04945
       1.387      0.04945
       1.409      0.01535
       1.425    -0.001705
       1.432     -0.01876
        1.44     -0.05286
       1.447     -0.08696
       1.462       -0.104
        1.47       -0.104
       1.485     -0.06991
       1.493     -0.03581
         1.5     -0.01876
       1.508       0.0324
       1.508    -0.001705
       1.515      0.04945
       1.523      0.08355
        1.53       0.1006
       1.545       0.0665
       1.553      0.04945
       1.561    -0.001705
       1.568    -0.001705
       1.576       0.0324
       1.583      0.04945
       1.598      0.04945
       1.606       0.0324
       1.613    -0.001705
       1.621     -0.03581
       1.636     -0.08696
       1.644       -0.104
       1.659       -0.104
       1.666     -0.08696
       1.674     -0.06991
       1.681     -0.03581
       1.689    -0.001705
       1.697      0.04945
       1.704      0.04945
       1.712      0.04945
       1.727      0.01535
       1.734    -0.001705
       1.749     -0.03581
       1.757     -0.01876
       1.772      0.04945
        1.78       0.1006
       1.787       0.1347
       1.795       0.1347
       1.802       0.1176
       1.817      0.08355
       1.825       0.0665
        1.84    -0.001705
       1.848     -0.03581
       1.855     -0.06991
       1.863       -0.104
       1.878       -0.104
       1.885     -0.06991
       1.901     -0.03581
       1.908     -0.03581
       1.923    -0.001705
       1.946       0.0324
       1.953      0.01535
       1.961       0.0324
       1.969      0.04945
       1.976       0.1006
       1.984       0.1347
       1.999       0.1176
       2.006      0.08355
       2.014      0.04945
       2.021      0.01535
       2.029     -0.01876
       2.037     -0.05286
       2.044     -0.06991
       2.059     -0.06991
       2.074     -0.05286
       2.082     -0.05286
       2.089     -0.05286
       2.105     -0.06991
       2.112     -0.06991
       2.127     -0.05286
       2.135     -0.01876
       2.142      0.04945
       2.142    -0.001705
        2.15       0.1006
       2.157       0.1517
       2.165       0.1517
       2.173       0.1176
        2.18      0.08355
       2.188      0.04945
       2.203       0.0324
        2.21       0.0324
       2.218       0.0665
       2.233       0.1006
       2.241       0.1006
       2.256      0.08355
       2.263      0.04945
       2.271    -0.001705
       2.278     -0.03581
       2.286     -0.06991
       2.293       -0.104
       2.309     -0.06991
       2.316     -0.05286
       2.324     -0.01876
       2.331      0.04945
       2.331    -0.001705
       2.339       0.0665
       2.354      0.08355
       2.361      0.04945
       2.369      0.01535
       2.377     -0.01876
       2.384     -0.05286
       2.399     -0.08696
       2.407     -0.08696
       2.422      -0.1211
       2.437      -0.1381
       2.445      -0.1211
       2.452     -0.08696
        2.46     -0.03581
       2.467       0.0324
       2.467    -0.001705
       2.475       0.0665
       2.482       0.1176
        2.49       0.1858
        2.49       0.1347
       2.505       0.2199
       2.513       0.2029
        2.52       0.1347
       2.528       0.1176
       2.535      0.04945
       2.543       0.0324
       2.558       0.0324
       2.565      0.04945
       2.581       0.0324
       2.588      0.01535
       2.596     -0.01876
       2.603     -0.05286
       2.611       -0.104
       2.618      -0.1552
       2.626      -0.1893
       2.633      -0.2234
       2.641      -0.1893
       2.649      -0.1722
       2.656      -0.1211
       2.664     -0.06991
       2.671     -0.01876
       2.679      0.04945
       2.686      0.08355
       2.701       0.1006
       2.709      0.08355
       2.717      0.04945
       2.724       0.0324
       2.739    -0.001705
       2.747       0.0324
       2.754      0.04945
       2.769       0.1006
       2.777       0.1176
       2.785       0.1176
       2.792      0.08355
         2.8      0.04945
       2.807    -0.001705
       2.822    -0.001705
        2.83      0.04945
        2.83    -0.001705
       2.837       0.0665
       2.853      0.08355
        2.86      0.04945
       2.875      0.01535
        2.89    -0.001705
       2.905       0.0324
       2.913      0.04945
       2.921      0.08355
       2.928       0.1347
       2.943       0.1347
       2.951       0.1006
       2.958      0.04945
       2.966     -0.01876
       2.973     -0.06991
       2.981     -0.08696
       2.996       -0.104
       3.004       -0.104
       3.011     -0.06991
       3.026     -0.03581
       3.034     -0.01876
       3.049     -0.03581
       3.057     -0.03581
       3.072    -0.001705
       3.079       0.0324
       3.087      0.04945
       3.102      0.08355
       3.109       0.1006
       3.124      0.08355
       3.132       0.0665
       3.147       0.0324
       3.155       0.0324
        3.17       0.0665
       3.185      0.04945
       3.192       0.0324
         3.2    -0.001705
       3.208     -0.03581
       3.223     -0.06991
        3.23       -0.104
       3.238       -0.104
       3.253     -0.08696
        3.26     -0.03581
       3.268      0.04945
       3.268    -0.001705
       3.276       0.0665
       3.283       0.1347
       3.291       0.1517
       3.298       0.1347
       3.306      0.08355
       3.313       0.0324
       3.313     -0.01876
       3.321     -0.05286
       3.328     -0.08696
       3.336     -0.08696
       3.344     -0.03581
       3.351      0.01535
       3.359      0.04945
       3.366      0.04945
       3.381     -0.01876
       3.389     -0.05286
       3.396     -0.08696
       3.404       -0.104
       3.412     -0.08696
       3.419     -0.05286
       3.427     -0.01876
       3.442     -0.01876
       3.449     -0.01876
       3.464    -0.001705
       3.472       0.0324
       3.487       0.0665
       3.495       0.0665
       3.502       0.0665
       3.517      0.01535
       3.525       0.0324
        3.54      0.08355
       3.555      0.08355
       3.563      0.04945
       3.563    -0.001705
        3.57     -0.01876
       3.585     -0.01876
       3.593      0.04945
       3.593    -0.001705
         3.6       0.1006
       3.608       0.1347
       3.616       0.1347
       3.623      0.08355
       3.631      0.04945
       3.631     -0.01876
       3.638     -0.05286
       3.646       -0.104
       3.653      -0.1211
       3.668       -0.104
       3.676     -0.06991
       3.684     -0.03581
       3.691     -0.01876
       3.699       0.0324
       3.699    -0.001705
       3.706      0.04945
       3.714      0.08355
       3.721       0.1176
       3.729       0.1006
       3.736       0.0665
       3.744       0.0324
       3.744    -0.001705
       3.759     -0.03581
       3.767     -0.01876
       3.774      0.04945
       3.774    -0.001705
       3.782       0.1006
       3.789       0.1347
       3.797       0.1517
       3.804       0.1347
       3.812      0.08355
        3.82      0.01535
       3.827     -0.03581
       3.835     -0.03581
       3.842     -0.01876
        3.85      0.04945
        3.85    -0.001705
       3.857       0.0665
       3.872       0.0665
        3.88      0.04945
       3.888      0.04945
       3.903    -0.001705
        3.91     -0.01876
       3.918     -0.05286
       3.925     -0.08696
       3.933      -0.1211
        3.94      -0.1381
       3.948      -0.1211
       3.956     -0.06991
       3.963     -0.01876
       3.971      0.04945
       3.986       0.1006
       3.993       0.1347
       4.008       0.1688
       4.024       0.1858
       4.031       0.1517
       4.039       0.1006
       4.046       0.0324
       4.054     -0.05286
       4.061      -0.1381
       4.069      -0.1893
       4.076      -0.2234
       4.084      -0.2063
       4.092      -0.1552
       4.099       -0.104
       4.107     -0.06991
       4.114     -0.01876
       4.122      0.01535
       4.129      0.04945
       4.144      0.08355
       4.152      0.08355
       4.167      0.04945
       4.175      0.01535
        4.19     -0.01876
       4.197     -0.01876
       4.212     -0.05286
        4.22     -0.06991
       4.235     -0.08696
       4.243      -0.1211
       4.258      -0.1552
       4.265      -0.1381
       4.273      -0.1211
        4.28     -0.06991
       4.288     -0.01876
       4.296      0.04945
       4.296    -0.001705
       4.303      0.08355
       4.311       0.1176
       4.318       0.1347
       4.333       0.1006
       4.341       0.0665
       4.356       0.0324
       4.371       0.0324
       4.386      0.04945
       4.401      0.01535
       4.409    -0.001705
       4.416     -0.01876
       4.432     -0.06991
       4.439     -0.06991
       4.454     -0.01876
       4.462    -0.001705
       4.469       0.0324
       4.477       0.0324
       4.484    -0.001705
       4.492    -0.001705
       4.507    -0.001705
       4.515    -0.001705
       4.522    -0.001705
       4.537    -0.001705
       4.545       0.0324
       4.552       0.0665
       4.568      0.04945
       4.575      0.01535
       4.583     -0.01876
       4.598     -0.01876
       4.605     -0.01876
        4.62     -0.01876
       4.636     -0.05286
       4.643     -0.06991
       4.658      -0.1211
       4.666       -0.104
       4.673     -0.06991
       4.681       0.0324
       4.681     -0.01876
       4.688      0.08355
       4.696       0.1517
       4.704       0.1858
       4.719       0.2029
       4.726       0.1858
       4.741       0.1517
       4.749       0.1176
       4.756       0.0665
       4.764      0.04945
       4.772    -0.001705
       4.779    -0.001705
       4.794      0.01535
       4.802    -0.001705
       4.817    -0.001705
       4.824       0.0324
       4.832      0.04945
       4.847      0.04945
       4.855      0.04945
        4.87      0.04945
       4.877      0.04945
       4.885      0.04945
       4.892      0.01535
       4.907     -0.01876
       4.915     -0.01876
        4.93    -0.001705
       4.938      0.01535
       4.953       0.0665
        4.96       0.0665
       4.968       0.0665
       4.983       0.0324
       4.998       0.0324
       5.006      0.04945
       5.021      0.08355
       5.028       0.1006
       5.043       0.1176
       5.051      0.08355
       5.059      0.04945
       5.066       0.0324
       5.074    -0.001705
       5.081     -0.03581
       5.089     -0.06991
       5.096       -0.104
       5.111      -0.1381
       5.119      -0.1552
       5.127      -0.1381
       5.142       -0.104
       5.149     -0.08696
       5.164     -0.05286
       5.172     -0.06991
       5.179       -0.104
       5.195      -0.1381
       5.202      -0.1381
        5.21      -0.1211
       5.217     -0.08696
       5.225     -0.05286
       5.232     -0.01876
        5.24      0.04945
       5.247       0.1006
       5.255       0.1347
       5.263       0.1517
        5.27       0.1517
       5.278       0.1176
       5.285      0.08355
       5.293       0.0665
       5.308    -0.001705
       5.315    -0.001705
       5.323    -0.001705
       5.338     -0.03581
       5.346     -0.05286
       5.361     -0.03581
       5.376       0.0324
       5.383      0.04945
       5.399       0.0324
       5.406       0.0324
       5.421    -0.001705
       5.436     -0.05286
       5.444     -0.05286
       5.451     -0.01876
       5.459       0.0665
       5.459    -0.001705
       5.467       0.1176
       5.474       0.1688
       5.482       0.1858
       5.489       0.1517
       5.497       0.1006
       5.504      0.04945
       5.504    -0.001705
       5.512     -0.01876
       5.527     -0.01876
       5.535      0.01535
       5.542      0.04945
       5.557       0.1006
       5.565       0.1006
        5.58      0.08355
       5.587      0.04945
       5.603    -0.001705
        5.61     -0.01876
       5.625     -0.03581
       5.633     -0.01876
       5.648     -0.01876
       5.655    -0.001705
       5.671      0.01535
       5.678      0.04945
       5.693      0.08355
       5.701      0.08355
       5.716      0.04945
       5.731    -0.001705
       5.739     -0.01876
       5.754     -0.05286
       5.761     -0.06991
       5.776      -0.1211
       5.784       -0.104
       5.791     -0.08696
       5.807     -0.03581
       5.814    -0.001705
       5.829      0.01535
       5.837      0.01535
       5.852       0.0324
       5.859       0.0324
       5.867      0.01535
       5.882     -0.01876
        5.89     -0.01876
       5.905       0.0324
       5.912      0.04945
       5.927      0.04945
       5.935      0.04945
        5.95    -0.001705
       5.958    -0.001705
       5.973     -0.01876
        5.98     -0.01876
       5.988     -0.05286
       6.003       -0.104
       6.011     -0.08696
       6.018     -0.06991
       6.033    -0.001705
       6.041      0.01535
       6.048      0.04945
       6.056      0.08355
       6.063       0.1176
       6.071       0.1347
       6.086       0.1176
       6.094       0.1006
       6.101      0.04945
       6.109      0.01535
       6.116     -0.01876
       6.124     -0.05286
       6.131       -0.104
       6.139      -0.1211
       6.154      -0.1552
       6.162      -0.1381
       6.169       -0.104
       6.177     -0.05286
       6.192    -0.001705
       6.199    -0.001705
       6.215       0.0324
        6.23      0.01535
       6.245       0.0665
       6.252       0.1006
        6.26       0.1176
       6.275       0.1688
       6.283       0.1688
       6.298       0.1517
       6.305       0.1347
       6.313       0.1006
        6.32       0.0665
       6.328      0.01535
       6.335     -0.01876
       6.351     -0.05286
       6.358     -0.03581
       6.373     -0.01876
       6.381     -0.01876
       6.388     -0.03581
       6.396     -0.06991
       6.403      -0.1211
       6.411      -0.1552
       6.426      -0.1722
       6.434      -0.1552
       6.441       -0.104
       6.449     -0.05286
       6.456       0.0324
       6.456    -0.001705
       6.464      0.04945
       6.479       0.1006
       6.487       0.1006
       6.494       0.0665
       6.509    -0.001705
       6.517     -0.01876
       6.532    -0.001705
       6.539       0.0324
       6.555      0.08355
        6.57       0.1006
       6.577       0.1006
       6.592       0.0665
         6.6       0.0665
       6.607      0.08355
       6.622      0.08355
        6.63      0.04945
       6.645    -0.001705
       6.653    -0.001705
       6.668       0.0324
       6.675       0.0324
       6.683    -0.001705
        6.69     -0.01876
       6.706     -0.06991
       6.713       -0.104
       6.728      -0.1381
       6.736      -0.1211
       6.743       -0.104
       6.751     -0.05286
       6.758     -0.01876
       6.766       0.0324
       6.774       0.0324
       6.789       0.0324
       6.796      0.04945
       6.804       0.0665
       6.811       0.1006
       6.819       0.1347
       6.834       0.1688
       6.842       0.1688
       6.857       0.1006
       6.864       0.0665
       6.872      0.01535
       6.887     -0.01876
       6.894     -0.01876
        6.91     -0.05286
       6.917     -0.06991
        6.94     -0.05286
       6.947     -0.05286
       6.962     -0.01876
       6.978      0.01535
       6.985       0.0324
           7       0.0324
       7.008      0.01535
       7.023     -0.01876
        7.03     -0.03581
       7.046     -0.03581
       7.061     -0.01876
       7.068     -0.01876
       7.076     -0.01876
       7.091     -0.05286
       7.098     -0.03581
       7.106     -0.01876
       7.114      0.01535
       7.121       0.0324
       7.136    -0.001705
       7.144     -0.03581
       7.151     -0.06991
       7.159     -0.08696
       7.174     -0.08696
       7.182     -0.06991
       7.189     -0.03581
       7.197    -0.001705
       7.204      0.04945
       7.212       0.0665
       7.227      0.08355
       7.234       0.0665
        7.25       0.0665
       7.265      0.04945
       7.272       0.0324
       7.287    -0.001705
       7.295    -0.001705
        7.31      0.01535
        7.34      0.01535
       7.355     -0.01876
       7.363     -0.06991
       7.378     -0.08696
       7.386     -0.06991
       7.393     -0.03581
       7.408      0.04945
       7.416       0.0665
       7.431       0.1176
       7.438       0.1176
       7.454       0.1176
       7.469       0.0665
       7.476      0.04945
       7.491      0.04945
       7.499      0.04945
       7.506      0.01535
       7.514     -0.01876
       7.522     -0.05286
       7.537     -0.08696
       7.544     -0.08696
       7.559     -0.05286
       7.567     -0.01876
       7.574    -0.001705
       7.582       0.0324
        7.59       0.0324
       7.605    -0.001705
       7.612    -0.001705
        7.62     -0.03581
       7.627     -0.05286
       7.642     -0.06991
        7.65     -0.05286
       7.658     -0.03581
       7.673      0.04945
        7.68      0.08355
       7.695       0.1176
       7.703       0.1347
       7.718       0.1176
       7.733       0.1347
       7.741       0.1517
       7.756       0.1347
       7.763       0.1176
       7.778       0.1006
       7.786       0.0665
       7.794    -0.001705
       7.801     -0.01876
       7.809     -0.06991
       7.816      -0.1211
       7.831      -0.1552
       7.839      -0.1381
       7.854     -0.08696
       7.862     -0.06991
       7.869     -0.01876
       7.877       0.0324
       7.884       0.1006
       7.892       0.1517
       7.899       0.2199
       7.907        0.254
       7.914        0.237
       7.922       0.1858
        7.93       0.1176
       7.937      0.01535
       7.945     -0.06991
       7.952      -0.1211
       7.967      -0.1381
       7.975      -0.1211
        7.99     -0.08696
       7.998     -0.06991
       8.005     -0.03581
       8.013    -0.001705
        8.02      0.04945
       8.035       0.1176
       8.043       0.1347
       8.066       0.1347
       8.073       0.1347
       8.096      0.08355
       8.103      0.04945
       8.111     -0.01876
       8.118     -0.05286
       8.126     -0.08696
       8.141     -0.06991
       8.149     -0.03581
       8.156     -0.01876
       8.171     -0.01876
       8.179     -0.01876
       8.194     -0.01876
       8.202     -0.05286
       8.209     -0.08696
       8.217       -0.104
       8.232       -0.104
       8.239       -0.104
       8.254       -0.104
       8.262     -0.08696
       8.277     -0.06991
       8.285     -0.03581
         8.3    -0.001705
       8.307    -0.001705
       8.315      0.04945
        8.33      0.08355
       8.337      0.08355
       8.345      0.04945
       8.353    -0.001705
        8.36     -0.03581
       8.375     -0.05286
       8.383     -0.03581
       8.398    -0.001705
       8.405      0.01535
       8.421      0.04945
       8.428      0.04945
       8.443    -0.001705
       8.451     -0.01876
       8.466     -0.01876
       8.473    -0.001705
       8.489    -0.001705
       8.496     -0.01876
       8.504     -0.01876
       8.519    -0.001705
       8.526      0.04945
       8.534      0.08355
       8.549       0.1176
       8.557       0.1176
       8.564      0.08355
       8.572      0.04945
       8.587    -0.001705
       8.594    -0.001705
       8.602       0.0324
       8.617      0.04945
       8.625      0.04945
        8.64       0.1006
       8.655      0.08355
       8.662      0.04945
        8.67      0.01535
       8.677    -0.001705
       8.693     -0.05286
         8.7     -0.05286
       8.715     -0.03581
        8.73     -0.01876
       8.745     -0.01876
       8.761     -0.01876
       8.768     -0.01876
       8.776    -0.001705
       8.791       0.0324
       8.798      0.04945
       8.813       0.0665
       8.821       0.0665
       8.836      0.04945
       8.844       0.0324
       8.851    -0.001705
       8.859     -0.01876
       8.874     -0.03581
       8.881     -0.03581
       8.889     -0.01876
       8.904    -0.001705
       8.912      0.04945
       8.919       0.0665
       8.927       0.1006
       8.934       0.1176
       8.949       0.1006
       8.957      0.04945
       8.965      0.01535
