     0.01181     -0.05627
     0.03449     -0.02217
     0.04205     -0.02217
     0.05716    -0.005115
     0.07228     -0.02217
     0.07984     -0.02217
     0.09496     -0.02217
      0.1025    -0.005115
      0.1101      0.01194
      0.1176      0.06309
      0.1252      0.09719
      0.1327       0.1483
      0.1403       0.1654
      0.1554       0.2165
       0.163       0.2506
      0.1781       0.2847
      0.1857       0.2677
      0.1932       0.2506
      0.2008       0.2165
      0.2083       0.1824
      0.2159       0.1483
      0.2235      0.09719
       0.231      0.02899
      0.2386     -0.02217
      0.2461     -0.09037
      0.2537      -0.1415
      0.2612      -0.1927
      0.2764      -0.2779
      0.2915      -0.3291
       0.299      -0.3291
      0.3142      -0.3291
      0.3217       -0.312
      0.3368      -0.2609
      0.3444      -0.2268
       0.352      -0.1756
      0.3595      -0.1415
      0.3671      -0.1245
      0.3746      -0.1074
      0.3897     -0.07332
      0.3973     -0.05627
      0.4124     -0.02217
        0.42    -0.005115
      0.4351      0.04604
      0.4427      0.08014
      0.4502       0.1142
      0.4578       0.1483
      0.4653       0.1824
      0.4729       0.1995
       0.488       0.2336
      0.4956       0.2336
      0.5107       0.1995
      0.5182       0.1824
      0.5258       0.1483
      0.5334       0.1313
      0.5409      0.09719
      0.5485      0.06309
       0.556      0.04604
      0.5636      0.01194
      0.5712     -0.02217
      0.5863     -0.07332
      0.5938     -0.09037
      0.6089      -0.1074
      0.6241      -0.1415
      0.6392      -0.1586
      0.6543      -0.1415
      0.6694      -0.1074
       0.677     -0.09037
      0.6921     -0.07332
      0.6996     -0.05627
      0.7148     -0.05627
      0.7223     -0.07332
      0.7299     -0.07332
       0.745     -0.07332
      0.7526     -0.07332
      0.7601     -0.05627
      0.7752     -0.05627
      0.7828     -0.03922
      0.7979    -0.005115
      0.8055      0.02899
      0.8206      0.04604
      0.8281      0.04604
      0.8433      0.04604
      0.8508      0.06309
      0.8659      0.06309
      0.8735      0.06309
      0.8811      0.06309
      0.8886      0.02899
      0.8962    -0.005115
      0.9037     -0.02217
      0.9188     -0.07332
      0.9264     -0.07332
      0.9415     -0.05627
      0.9491     -0.03922
      0.9566     -0.02217
      0.9718      0.01194
      0.9793      0.01194
      0.9944      0.02899
       1.002      0.02899
       1.017      0.06309
       1.032      0.08014
        1.04      0.08014
       1.047      0.09719
       1.062       0.1313
        1.07       0.1313
       1.078       0.1142
       1.093       0.1142
         1.1       0.1313
       1.115       0.1483
       1.123       0.1483
       1.138       0.1313
       1.146      0.09719
       1.153      0.04604
       1.161      0.01194
       1.168     -0.02217
       1.176     -0.07332
       1.183      -0.1245
       1.191      -0.1586
       1.199      -0.2097
       1.206      -0.2609
       1.214      -0.2779
       1.229       -0.295
       1.244      -0.2779
       1.251      -0.2609
       1.267      -0.2268
       1.274      -0.2097
       1.282      -0.1756
       1.289      -0.1245
       1.297     -0.09037
       1.304     -0.05627
       1.319    -0.005115
       1.327      0.02899
       1.335      0.04604
       1.342      0.08014
        1.35       0.1313
       1.357       0.1824
       1.365       0.2336
       1.372       0.2847
        1.38       0.3188
       1.387       0.3529
       1.403        0.387
        1.41         0.37
       1.425         0.37
        1.44       0.3188
       1.448       0.2847
       1.456       0.2677
       1.471       0.2165
       1.478       0.1995
       1.493       0.1483
       1.501       0.1483
       1.516       0.1142
       1.524      0.09719
       1.531      0.08014
       1.546      0.02899
       1.554      0.01194
       1.569      0.01194
       1.584    -0.005115
       1.592     -0.02217
       1.599     -0.02217
       1.614     -0.05627
       1.622     -0.09037
       1.637     -0.05627
       1.644    -0.005115
       1.652      0.01194
        1.66      0.04604
       1.667      0.06309
       1.682      0.09719
        1.69       0.1142
       1.705       0.1654
       1.713       0.1654
        1.72       0.1824
       1.735       0.1995
       1.743       0.1995
       1.758       0.1824
       1.765       0.1654
       1.781       0.1654
       1.788       0.1654
       1.803       0.1824
       1.811       0.1824
       1.826       0.1142
       1.833      0.06309
       1.841    -0.005115
       1.849     -0.05627
       1.856     -0.09037
       1.871      -0.1415
       1.879      -0.1756
       1.894      -0.2097
       1.901      -0.1927
       1.909      -0.1586
       1.917      -0.1415
       1.924     -0.07332
       1.932     -0.02217
       1.939      0.01194
       1.954      0.04604
       1.962      0.04604
        1.97      0.06309
       1.985      0.04604
       1.992      0.04604
       2.007      0.01194
       2.015    -0.005115
       2.022    -0.005115
       2.038     -0.02217
       2.045    -0.005115
        2.06    -0.005115
       2.068    -0.005115
       2.083    -0.005115
        2.09    -0.005115
       2.106     -0.03922
       2.113     -0.07332
       2.128      -0.1245
       2.136      -0.1245
       2.151      -0.1415
       2.158      -0.1245
       2.174      -0.1074
       2.181      -0.1074
       2.189     -0.09037
       2.204     -0.09037
       2.211     -0.09037
       2.226     -0.07332
       2.242     -0.07332
       2.249     -0.07332
       2.264      -0.1074
       2.272      -0.1245
       2.287      -0.1074
       2.295     -0.09037
       2.302     -0.05627
        2.31     -0.03922
       2.317     -0.02217
       2.332      0.01194
        2.34      0.02899
       2.355      0.06309
       2.363      0.08014
        2.37       0.1142
       2.378       0.1142
       2.385       0.1142
         2.4      0.08014
       2.408      0.08014
       2.423      0.09719
       2.438      0.08014
       2.446      0.06309
       2.461      0.06309
       2.468      0.06309
       2.483      0.06309
       2.491      0.02899
       2.499    -0.005115
       2.506     -0.02217
       2.521     -0.03922
       2.529     -0.03922
       2.544     -0.03922
       2.552     -0.03922
       2.567     -0.03922
       2.574     -0.03922
       2.582     -0.02217
       2.597     -0.02217
       2.604     -0.02217
       2.612     -0.02217
       2.627     -0.05627
       2.642     -0.05627
       2.657     -0.05627
       2.665     -0.03922
        2.68      0.02899
       2.688      0.06309
       2.695      0.09719
       2.703       0.1142
       2.718       0.1142
       2.725       0.1142
        2.74      0.08014
       2.748      0.06309
       2.763      0.01194
       2.771     -0.02217
       2.778     -0.05627
       2.786      -0.1074
       2.793      -0.1245
       2.809      -0.1074
       2.816     -0.07332
       2.839     -0.02217
       2.846     -0.02217
       2.861     -0.02217
       2.869    -0.005115
       2.884      0.01194
       2.892      0.02899
       2.899      0.06309
       2.907      0.08014
       2.922      0.08014
       2.929      0.08014
       2.937       0.1142
       2.952       0.1483
        2.96       0.1483
       2.967       0.1654
       2.982       0.1313
        2.99       0.1142
       2.997      0.08014
       3.005      0.04604
        3.02      0.01194
       3.028      0.01194
       3.043      0.01194
        3.05    -0.005115
       3.058      0.01194
       3.066      0.04604
       3.073      0.06309
       3.088      0.09719
       3.096       0.1142
       3.103       0.1313
       3.118       0.1824
       3.126       0.1824
       3.141       0.1654
       3.149       0.1654
       3.156       0.1483
       3.171       0.1142
       3.179      0.09719
       3.194      0.09719
       3.202      0.09719
       3.217      0.08014
       3.224      0.09719
       3.239       0.1313
       3.247       0.1483
       3.262       0.1483
        3.27       0.1483
       3.285       0.1483
       3.292       0.1483
       3.307       0.1483
       3.315       0.1483
        3.33       0.1483
       3.338       0.1654
       3.353       0.1654
        3.36       0.1654
       3.375       0.1995
       3.383       0.2165
       3.391       0.2336
       3.406       0.2336
       3.413       0.2165
       3.428       0.1654
       3.436       0.1483
       3.451       0.1142
       3.459      0.08014
       3.474      0.06309
       3.481      0.06309
       3.496      0.02899
       3.504      0.02899
       3.519    -0.005115
       3.527     -0.02217
       3.534    -0.005115
       3.549      0.02899
       3.557      0.04604
       3.572      0.09719
       3.579       0.1142
       3.595       0.1483
       3.602       0.1654
       3.617       0.1654
       3.625       0.1654
       3.648       0.1313
       3.655       0.1142
       3.663       0.1142
       3.678      0.09719
       3.685      0.08014
       3.693      0.09719
       3.708       0.1142
       3.716      0.09719
       3.731      0.06309
       3.746      0.02899
       3.753      0.01194
       3.768      0.01194
       3.776      0.01194
       3.791      0.01194
       3.799      0.04604
       3.814      0.06309
       3.821      0.08014
       3.836      0.04604
       3.844    -0.005115
       3.859     -0.03922
       3.867     -0.03922
       3.882     -0.02217
       3.889    -0.005115
       3.905      0.02899
       3.912      0.04604
       3.927      0.06309
       3.935      0.08014
        3.95      0.08014
       3.957      0.06309
       3.973      0.06309
        3.98      0.08014
       3.995      0.06309
       4.003      0.06309
        4.01      0.06309
       4.025      0.08014
       4.041      0.08014
       4.056      0.09719
       4.063       0.1142
       4.078       0.1313
       4.086       0.1313
       4.093       0.1313
       4.109      0.09719
       4.116      0.09719
       4.131      0.06309
       4.139      0.04604
       4.154      0.02899
       4.162      0.01194
       4.169      0.02899
       4.184      0.04604
       4.192      0.04604
       4.207      0.04604
       4.214      0.04604
       4.222      0.04604
       4.237      0.02899
       4.245    -0.005115
        4.26     -0.03922
       4.267     -0.03922
       4.282     -0.03922
        4.29     -0.02217
       4.305     -0.02217
       4.313     -0.02217
       4.328     -0.02217
       4.335    -0.005115
        4.35      0.01194
       4.358      0.02899
       4.373      0.02899
       4.381      0.02899
       4.396      0.01194
       4.403    -0.005115
       4.411    -0.005115
       4.426    -0.005115
       4.434      0.01194
       4.449      0.06309
       4.456      0.06309
       4.471      0.02899
       4.479      0.02899
       4.487      0.02899
       4.502    -0.005115
       4.509    -0.005115
       4.524     -0.02217
       4.532     -0.02217
       4.547     -0.02217
       4.555     -0.03922
        4.57     -0.02217
       4.585    -0.005115
       4.592    -0.005115
       4.607    -0.005115
       4.615    -0.005115
       4.623    -0.005115
       4.638     -0.02217
       4.645     -0.02217
        4.66     -0.02217
       4.668     -0.02217
       4.676    -0.005115
       4.691      0.02899
       4.698      0.04604
       4.713      0.09719
       4.721       0.1142
       4.736       0.1313
       4.744       0.1483
       4.759       0.1483
       4.766       0.1142
       4.774      0.08014
       4.781      0.02899
       4.789     -0.02217
       4.796     -0.05627
       4.804     -0.07332
       4.819     -0.07332
       4.827     -0.07332
       4.834     -0.03922
       4.842     -0.02217
       4.849      0.02899
       4.857      0.04604
       4.872      0.04604
        4.88      0.04604
       4.895      0.02899
       4.902    -0.005115
       4.917      0.01194
       4.932      0.01194
        4.94      0.01194
       4.948      0.01194
       4.963    -0.005115
        4.97      0.01194
       4.985      0.02899
       4.993      0.02899
       5.001      0.04604
       5.016      0.04604
       5.023      0.02899
       5.038      0.02899
       5.046      0.04604
       5.061      0.08014
       5.069      0.09719
       5.084      0.09719
       5.091       0.1142
       5.106       0.1142
       5.114       0.1313
       5.129       0.1142
       5.137      0.09719
       5.144      0.08014
       5.152      0.04604
       5.159      0.01194
       5.167    -0.005115
       5.182     -0.02217
       5.189    -0.005115
       5.205      0.02899
       5.212      0.02899
       5.227      0.01194
       5.235      0.01194
        5.25      0.01194
       5.258      0.01194
       5.273     -0.02217
        5.28     -0.03922
       5.288     -0.02217
       5.303    -0.005115
        5.31    -0.005115
       5.326      0.02899
       5.333      0.04604
       5.348      0.06309
       5.356      0.06309
       5.363      0.08014
       5.378       0.1142
       5.386       0.1142
       5.401      0.09719
       5.409      0.09719
       5.424      0.08014
       5.431      0.08014
       5.439      0.04604
       5.446      0.02899
       5.462    -0.005115
       5.469     -0.02217
       5.484     -0.05627
       5.492     -0.07332
       5.499     -0.07332
       5.515     -0.05627
       5.522     -0.03922
        5.53     -0.02217
       5.545      0.04604
       5.552      0.06309
       5.567      0.09719
       5.575      0.09719
        5.59      0.09719
       5.605      0.09719
       5.613      0.08014
        5.62      0.08014
       5.635      0.02899
       5.643    -0.005115
       5.651    -0.005115
       5.666      0.01194
       5.673      0.02899
       5.688      0.04604
       5.696      0.04604
       5.711      0.04604
       5.719      0.04604
       5.734      0.02899
       5.741      0.02899
       5.756      0.02899
       5.764      0.04604
       5.772      0.06309
       5.787      0.04604
       5.794      0.04604
       5.802      0.04604
       5.817      0.02899
       5.832      0.02899
       5.847     -0.02217
       5.855     -0.03922
       5.862     -0.03922
       5.877     -0.03922
       5.885     -0.03922
         5.9    -0.005115
       5.915      0.02899
       5.923      0.04604
       5.938      0.04604
       5.945      0.04604
       5.953      0.04604
        5.96    -0.005115
       5.968     -0.03922
       5.976     -0.07332
       5.983      -0.1074
       5.991      -0.1415
       5.998      -0.1586
       6.006      -0.1245
       6.013      -0.1074
       6.021     -0.05627
       6.029     -0.03922
       6.036    -0.005115
       6.044      0.01194
       6.051      0.04604
       6.059      0.09719
       6.066       0.1313
       6.074       0.1483
       6.081       0.1654
       6.097       0.1654
       6.104       0.1483
       6.119       0.1142
       6.127       0.1142
       6.142      0.06309
       6.149      0.04604
       6.165      0.01194
       6.172     -0.02217
       6.187     -0.05627
       6.195     -0.05627
        6.21     -0.03922
       6.217     -0.02217
       6.233    -0.005115
        6.24    -0.005115
       6.255      0.02899
        6.27      0.02899
       6.278      0.04604
       6.293      0.06309
       6.301      0.06309
       6.308      0.06309
       6.323      0.02899
       6.331      0.01194
       6.338      0.01194
       6.354     -0.02217
       6.361     -0.02217
       6.369     -0.02217
       6.384     -0.03922
       6.391     -0.05627
       6.399     -0.03922
       6.414     -0.03922
       6.422     -0.05627
       6.437     -0.05627
       6.444     -0.03922
       6.459     -0.02217
       6.467      0.01194
       6.482      0.04604
        6.49      0.08014
       6.497      0.09719
       6.512      0.09719
       6.527      0.08014
       6.535      0.06309
        6.55      0.01194
       6.558    -0.005115
       6.573     -0.02217
        6.58     -0.02217
       6.595     -0.02217
       6.603     -0.02217
       6.618     -0.02217
       6.633      0.01194
       6.648      0.02899
       6.656      0.02899
       6.671      0.01194
       6.679      0.01194
       6.694      0.01194
       6.701      0.02899
       6.716      0.06309
       6.731      0.06309
       6.739      0.06309
       6.754      0.06309
       6.769      0.02899
       6.777      0.01194
       6.784     -0.02217
       6.792     -0.03922
       6.807     -0.05627
       6.815     -0.05627
        6.83     -0.02217
       6.837      0.01194
       6.852      0.06309
        6.86      0.08014
       6.875      0.08014
       6.883      0.08014
       6.898      0.04604
       6.905      0.04604
        6.92      0.02899
       6.928      0.01194
       6.943      0.02899
       6.958      0.01194
       6.966    -0.005115
       6.973     -0.02217
       6.988     -0.03922
       6.996     -0.03922
       7.011     -0.03922
       7.019     -0.03922
       7.034     -0.03922
       7.049     -0.03922
       7.056     -0.02217
       7.072    -0.005115
       7.079      0.02899
       7.094      0.04604
       7.102      0.04604
       7.109      0.04604
       7.125      0.01194
       7.132      0.01194
       7.147    -0.005115
       7.162     -0.02217
        7.17     -0.02217
       7.177    -0.005115
       7.193    -0.005115
         7.2    -0.005115
       7.215    -0.005115
       7.223    -0.005115
       7.238    -0.005115
       7.245    -0.005115
       7.261      0.02899
       7.276      0.08014
       7.283      0.09719
       7.298       0.1142
       7.306       0.1142
       7.321       0.1142
       7.329       0.1142
       7.344      0.09719
       7.351      0.06309
       7.366      0.01194
       7.374    -0.005115
       7.389     -0.05627
       7.397     -0.05627
       7.412     -0.07332
       7.427      -0.1074
       7.434     -0.09037
        7.45     -0.05627
       7.457     -0.03922
       7.472     -0.02217
        7.48     -0.02217
       7.495     -0.02217
       7.502    -0.005115
       7.518      0.02899
       7.533      0.06309
        7.54      0.06309
       7.555      0.04604
       7.563      0.04604
       7.578      0.04604
       7.593      0.04604
       7.601      0.04604
       7.616      0.04604
       7.631      0.06309
       7.646      0.04604
       7.654      0.02899
       7.669    -0.005115
       7.676    -0.005115
       7.684    -0.005115
       7.699     -0.02217
       7.707     -0.02217
       7.722    -0.005115
       7.737    -0.005115
       7.744    -0.005115
       7.759      0.01194
       7.775      0.02899
       7.782      0.02899
        7.79      0.02899
       7.805      0.01194
       7.812      0.02899
       7.827      0.04604
       7.835      0.06309
        7.85      0.08014
       7.858      0.09719
       7.873      0.09719
        7.88      0.08014
       7.888      0.08014
       7.903      0.06309
       7.911      0.06309
       7.926      0.04604
       7.933      0.02899
       7.948    -0.005115
       7.956     -0.02217
       7.964     -0.05627
       7.971     -0.07332
       7.986     -0.09037
       8.001      -0.1245
       8.009      -0.1245
       8.032      -0.1074
       8.047     -0.05627
       8.054    -0.005115
       8.062      0.04604
       8.069      0.08014
       8.084      0.08014
       8.092      0.06309
       8.107      0.02899
       8.115      0.02899
        8.13      0.02899
       8.137      0.02899
       8.145      0.02899
        8.16      0.01194
       8.168      0.01194
       8.183      0.02899
        8.19      0.02899
       8.205      0.02899
       8.213      0.02899
       8.228      0.02899
       8.236      0.02899
       8.251      0.01194
       8.258      0.01194
       8.273      0.01194
       8.281      0.01194
       8.296      0.01194
       8.304      0.01194
       8.319      0.04604
       8.326      0.04604
       8.341      0.06309
       8.357      0.06309
       8.364      0.06309
       8.372      0.06309
       8.387      0.02899
       8.394      0.01194
       8.409      0.01194
       8.417      0.02899
       8.432      0.04604
        8.44      0.04604
       8.455      0.02899
       8.462      0.01194
       8.478     -0.02217
       8.485     -0.03922
         8.5     -0.07332
       8.508     -0.07332
       8.515     -0.05627
       8.523     -0.02217
        8.53      0.01194
       8.538      0.04604
       8.546      0.06309
       8.553      0.09719
       8.561       0.1483
       8.576       0.1654
       8.583       0.1654
       8.598       0.1654
       8.606       0.1483
       8.614       0.1142
       8.621      0.08014
       8.629      0.04604
       8.644      0.02899
       8.651      0.01194
       8.659     -0.02217
       8.674     -0.05627
       8.682     -0.07332
       8.697      -0.1245
       8.704      -0.1245
       8.712      -0.1074
       8.719     -0.09037
       8.735     -0.03922
       8.742     -0.02217
        8.75    -0.005115
       8.765      0.02899
       8.772      0.02899
       8.787      0.01194
       8.795      0.01194
        8.81      0.01194
       8.818      0.02899
       8.833      0.04604
        8.84      0.06309
       8.848      0.08014
       8.863       0.1142
       8.871       0.1142
       8.886      0.09719
       8.901      0.06309
       8.908      0.06309
       8.923      0.06309
       8.931      0.06309
       8.946      0.06309
       8.961      0.02899
       8.976    -0.005115
