     0.01181     -0.01535
     0.02693     -0.01535
     0.04205     -0.01535
     0.05716     -0.01535
     0.07228     -0.03581
     0.07984     -0.03581
     0.09496     -0.03581
      0.1025     -0.05627
      0.1101     -0.03581
      0.1252     -0.03581
      0.1327     -0.01535
      0.1479     -0.05627
      0.1554     -0.07673
       0.163     -0.07673
      0.1781     -0.05627
      0.1857     -0.03581
      0.2008     0.005115
      0.2159      0.02558
      0.2235      0.02558
      0.2386      0.02558
      0.2461      0.02558
      0.2612       0.0665
      0.2764      0.08696
      0.2839      0.08696
      0.3066      0.08696
      0.3142      0.08696
      0.3293       0.1074
      0.3444       0.1074
       0.352      0.08696
      0.3671      0.04604
      0.3746      0.02558
      0.3897      0.02558
      0.3973      0.04604
      0.4124      0.08696
        0.42      0.08696
      0.4351      0.08696
      0.4502      0.04604
      0.4578       0.0665
      0.4729      0.08696
      0.4804       0.1074
      0.4956       0.1074
      0.5107       0.1074
      0.5182       0.1074
      0.5334       0.0665
      0.5409      0.04604
       0.556     -0.01535
      0.5636     -0.03581
      0.5787     -0.07673
      0.5863     -0.09719
      0.6014      -0.1176
      0.6089      -0.1176
      0.6241      -0.1176
      0.6316      -0.1176
      0.6467      -0.1176
      0.6543     -0.09719
      0.6694     -0.09719
       0.677     -0.09719
      0.6921     -0.07673
      0.7072     -0.03581
      0.7223      0.04604
      0.7299       0.0665
       0.745       0.0665
      0.7526      0.08696
      0.7677       0.1074
      0.7752       0.1279
      0.7904       0.1279
      0.7979       0.1279
       0.813       0.1279
      0.8206       0.1483
      0.8357       0.1483
      0.8433       0.1279
      0.8584       0.1279
      0.8659       0.1279
      0.8811      0.08696
      0.8886      0.08696
      0.9037      0.04604
      0.9113      0.04604
      0.9264      0.02558
      0.9415     -0.01535
      0.9491     -0.03581
      0.9642     -0.07673
      0.9718     -0.09719
      0.9793     -0.07673
      0.9944     -0.05627
       1.002     -0.05627
       1.017     -0.05627
       1.025     -0.05627
        1.04     -0.05627
       1.047     -0.03581
       1.062     -0.03581
        1.07     -0.05627
       1.078     -0.05627
       1.093     -0.05627
         1.1     -0.01535
       1.115      0.02558
       1.123      0.04604
       1.138     0.005115
       1.146     -0.01535
       1.153     0.005115
       1.168      0.04604
       1.176      0.04604
       1.191     0.005115
       1.199     0.005115
       1.214      0.02558
       1.221      0.02558
       1.236      0.02558
       1.244      0.02558
       1.259      0.04604
       1.274       0.0665
       1.282       0.0665
       1.289      0.08696
       1.304       0.1074
       1.312       0.1074
       1.319      0.08696
       1.335      0.04604
       1.342      0.02558
       1.357      0.04604
       1.365       0.0665
        1.38      0.08696
       1.387       0.0665
       1.403     0.005115
        1.41     0.005115
       1.425     0.005115
       1.433     0.005115
       1.448      0.02558
       1.456      0.02558
       1.463      0.04604
       1.478      0.04604
       1.486      0.02558
       1.493      0.04604
       1.508      0.04604
       1.516      0.04604
       1.531      0.04604
       1.539      0.04604
       1.554     0.005115
       1.561     -0.01535
       1.576     -0.05627
       1.584     -0.05627
       1.599     -0.05627
       1.607     -0.03581
       1.614     -0.01535
       1.622      0.02558
       1.629       0.0665
       1.644      0.08696
       1.652      0.08696
       1.667      0.04604
       1.675      0.02558
       1.682      0.02558
       1.705     -0.01535
       1.713     -0.01535
       1.728     -0.01535
       1.735     0.005115
        1.75     0.005115
       1.758      0.02558
       1.773     0.005115
       1.788     -0.01535
       1.796     -0.01535
       1.803     0.005115
       1.818      0.02558
       1.826       0.0665
       1.841       0.1074
       1.849       0.1074
       1.864      0.08696
       1.871      0.08696
       1.886      0.02558
       1.894     0.005115
       1.909     -0.01535
       1.917     -0.03581
       1.932     -0.05627
       1.939     -0.05627
       1.954     -0.07673
       1.962     -0.07673
       1.977     -0.07673
       1.985     -0.05627
           2     -0.05627
       2.007     -0.07673
       2.015     -0.07673
        2.03     -0.07673
       2.038     -0.07673
       2.045     -0.05627
        2.06     -0.03581
       2.068     0.005115
       2.083       0.0665
        2.09      0.08696
       2.106       0.1074
       2.113       0.1074
       2.121       0.1074
       2.136       0.0665
       2.143      0.04604
       2.158      0.04604
       2.166       0.0665
       2.181       0.0665
       2.189       0.0665
       2.204       0.0665
       2.211       0.0665
       2.226      0.02558
       2.234     0.005115
       2.242     -0.01535
       2.257     -0.05627
       2.264     -0.05627
       2.279     -0.03581
       2.287     -0.03581
       2.295     -0.03581
        2.31     -0.07673
       2.317     -0.07673
       2.325     -0.03581
        2.34     0.005115
       2.347     0.005115
       2.363      0.04604
       2.378      0.04604
       2.385      0.04604
         2.4      0.02558
       2.408      0.04604
       2.423       0.0665
       2.431      0.08696
       2.446       0.1074
       2.453       0.1074
       2.461       0.1074
       2.476       0.0665
       2.483      0.04604
       2.499     -0.01535
       2.506     -0.01535
       2.521     -0.03581
       2.529     -0.01535
       2.544     0.005115
       2.552     0.005115
       2.567      0.04604
       2.574       0.0665
       2.589       0.0665
       2.597       0.0665
       2.612      0.08696
        2.62       0.1074
       2.635       0.1279
       2.642       0.1279
       2.657       0.1074
       2.665       0.1074
        2.68       0.0665
       2.688      0.02558
       2.703     0.005115
       2.718     -0.03581
       2.725     -0.05627
       2.733     -0.05627
       2.748     -0.03581
       2.756     -0.01535
       2.771     -0.01535
       2.778     -0.03581
       2.786     -0.03581
       2.801     -0.05627
       2.809     -0.05627
       2.816     -0.03581
       2.831      0.02558
       2.839      0.04604
       2.854       0.0665
       2.861      0.08696
       2.877       0.1074
       2.884      0.08696
       2.892      0.08696
       2.907      0.04604
       2.914      0.02558
       2.929      0.02558
       2.937      0.02558
       2.952      0.02558
        2.96      0.04604
       2.975      0.04604
        2.99      0.02558
       2.997      0.02558
       3.013      0.04604
        3.02      0.04604
       3.035     0.005115
       3.043     0.005115
       3.058     -0.03581
       3.066     -0.05627
       3.081     -0.09719
       3.088     -0.09719
       3.103      -0.1176
       3.111      -0.1176
       3.126      -0.1381
       3.134      -0.1381
       3.149      -0.1381
       3.156      -0.1176
       3.164     -0.07673
       3.171     -0.03581
       3.179     0.005115
       3.186      0.04604
       3.202      0.08696
       3.209      0.08696
       3.224      0.04604
       3.232      0.04604
       3.247      0.04604
       3.254      0.04604
        3.27      0.04604
       3.277      0.04604
       3.292      0.04604
         3.3      0.02558
       3.307      0.02558
       3.323     0.005115
        3.33     -0.01535
       3.345     -0.01535
       3.353     0.005115
       3.368      0.04604
       3.375      0.04604
       3.391      0.08696
       3.406      0.08696
       3.413      0.08696
       3.428       0.0665
       3.436       0.0665
       3.451      0.04604
       3.459      0.02558
       3.474     0.005115
       3.489     -0.01535
       3.496     -0.03581
       3.511     -0.03581
       3.527     -0.05627
       3.534     -0.05627
       3.542     -0.03581
       3.557     0.005115
       3.564      0.02558
       3.579      0.04604
       3.587      0.04604
       3.595      0.04604
        3.61      0.02558
       3.617      0.04604
       3.632      0.04604
        3.64      0.04604
       3.655      0.04604
       3.663      0.04604
       3.678      0.02558
       3.685     0.005115
         3.7     0.005115
       3.708      0.02558
       3.723      0.02558
       3.731      0.04604
       3.738       0.0665
       3.753       0.0665
       3.761      0.04604
       3.776     0.005115
       3.784     0.005115
       3.791     0.005115
       3.806     -0.01535
       3.814     -0.03581
       3.829     -0.07673
       3.844      -0.1176
       3.852      -0.1381
       3.859      -0.1176
       3.874     -0.07673
       3.882     -0.05627
       3.889     -0.01535
       3.897      0.02558
       3.912       0.0665
       3.927       0.0665
       3.935       0.0665
        3.95      0.04604
       3.957      0.02558
       3.973     -0.01535
        3.98     -0.03581
       3.995     -0.03581
       4.003     -0.01535
       4.018     -0.03581
       4.025     -0.03581
       4.041     -0.03581
       4.048     -0.03581
       4.056     -0.03581
       4.071     -0.01535
       4.078      0.02558
       4.086      0.08696
       4.093       0.1483
       4.101       0.1688
       4.116       0.1893
       4.124       0.1893
       4.139       0.1893
       4.146       0.1688
       4.162       0.1279
       4.169      0.08696
       4.177      0.08696
       4.192      0.08696
       4.199       0.1074
       4.214       0.1279
       4.222       0.1279
       4.237       0.1279
       4.252      0.08696
        4.26       0.0665
       4.275      0.02558
       4.282      0.02558
       4.305      0.02558
       4.313      0.02558
       4.328      0.04604
       4.335      0.02558
       4.343      0.02558
       4.358     -0.01535
       4.366     -0.01535
       4.381     -0.05627
       4.388     -0.05627
       4.403     -0.09719
       4.411      -0.1176
       4.426      -0.1381
       4.434      -0.1176
       4.449     -0.09719
       4.456     -0.07673
       4.471     -0.09719
       4.479      -0.1176
       4.494     -0.09719
       4.502     -0.07673
       4.517     -0.05627
       4.524     -0.03581
       4.539     0.005115
       4.555       0.0665
       4.562      0.08696
       4.577       0.1279
       4.585       0.1279
         4.6       0.1279
       4.607       0.1279
       4.615       0.1483
        4.63       0.1688
       4.638       0.1688
       4.653       0.1279
        4.66       0.1074
       4.668       0.1074
       4.683       0.0665
       4.691      0.04604
       4.706      0.02558
       4.721     -0.01535
       4.728     -0.03581
       4.744     -0.05627
       4.751     -0.03581
       4.766     0.005115
       4.774      0.02558
       4.789      0.08696
       4.796       0.1074
       4.812       0.1279
       4.819       0.1074
       4.834       0.0665
       4.842      0.04604
       4.857     0.005115
       4.864     0.005115
        4.88     0.005115
       4.887     0.005115
       4.902     -0.01535
        4.91     -0.01535
       4.917     -0.01535
       4.932     -0.03581
        4.94     -0.05627
       4.955     -0.09719
       4.963      -0.1176
       4.978      -0.1381
       4.985      -0.1176
       4.993     -0.07673
       5.001     -0.03581
       5.008     0.005115
       5.016      0.04604
       5.023      0.04604
       5.038      0.04604
       5.046      0.04604
       5.061     0.005115
       5.069     0.005115
       5.084     0.005115
       5.091      0.02558
       5.106       0.0665
       5.114      0.08696
       5.129       0.1279
       5.137       0.1279
       5.152       0.1074
       5.159      0.08696
       5.167      0.08696
       5.182      0.04604
       5.189      0.04604
       5.205      0.02558
       5.212     0.005115
       5.227     0.005115
       5.235     0.005115
        5.25     0.005115
       5.258     0.005115
       5.273     -0.01535
        5.28     -0.01535
       5.295     0.005115
       5.303     0.005115
       5.318      0.02558
       5.326      0.04604
       5.341      0.04604
       5.348      0.04604
       5.363      0.02558
       5.378     -0.01535
       5.386     -0.01535
       5.394     0.005115
       5.409      0.02558
       5.416      0.04604
       5.431      0.08696
       5.439      0.08696
       5.446       0.1074
       5.462       0.1279
       5.469       0.1483
       5.484       0.1688
       5.499       0.1483
       5.515       0.1279
       5.522       0.1279
        5.53      0.08696
       5.537      0.04604
       5.545     0.005115
       5.552     -0.03581
       5.567     -0.07673
       5.575     -0.09719
        5.59     -0.09719
       5.598     -0.07673
       5.613     -0.03581
        5.62     -0.03581
       5.635     -0.03581
       5.651     -0.03581
       5.658     -0.01535
       5.673     0.005115
       5.681      0.02558
       5.696      0.04604
       5.703      0.04604
       5.719      0.04604
       5.726      0.04604
       5.741      0.02558
       5.749      0.02558
       5.764     0.005115
       5.772     0.005115
       5.787     -0.03581
       5.794     -0.05627
       5.809     -0.03581
       5.817     0.005115
       5.832      0.02558
        5.84      0.02558
       5.847      0.02558
       5.862     -0.01535
        5.87     -0.03581
       5.877     -0.03581
       5.892     -0.05627
         5.9     -0.05627
       5.915     -0.05627
       5.923     -0.03581
       5.938     -0.01535
       5.945     -0.01535
        5.96      0.02558
       5.968      0.02558
       5.976      0.02558
       5.991     0.005115
       5.998     0.005115
       6.006     0.005115
       6.021     -0.03581
       6.029     -0.03581
       6.044     -0.01535
       6.059     -0.01535
       6.066     -0.01535
       6.074     0.005115
       6.089     0.005115
       6.097     -0.01535
       6.112     -0.03581
       6.119     -0.03581
       6.134     -0.03581
       6.142     -0.01535
       6.157     0.005115
       6.165      0.02558
        6.18       0.0665
       6.195       0.0665
       6.202       0.0665
        6.21      0.08696
       6.225      0.08696
       6.233      0.08696
       6.248      0.04604
       6.255      0.02558
       6.263     0.005115
       6.278     -0.03581
       6.285     -0.03581
       6.301     -0.01535
       6.308     -0.01535
       6.316     -0.01535
       6.331     -0.01535
       6.338     0.005115
       6.354     0.005115
       6.361     0.005115
       6.376     -0.05627
       6.384     -0.07673
       6.391     -0.05627
       6.406     -0.01535
       6.414     0.005115
       6.429      0.02558
       6.437      0.02558
       6.452      0.02558
       6.459      0.02558
       6.467      0.02558
       6.482     -0.01535
       6.497     -0.01535
       6.512     0.005115
        6.52      0.04604
       6.527       0.0665
       6.542       0.1074
        6.55       0.1279
       6.565       0.1074
       6.573       0.1074
       6.588      0.04604
       6.595      0.02558
       6.611      0.02558
       6.618      0.02558
       6.633      0.02558
       6.648     0.005115
       6.663     -0.01535
       6.671     -0.01535
       6.686     -0.03581
       6.709     -0.07673
       6.716     -0.07673
       6.731     -0.05627
       6.739     -0.01535
       6.754      0.02558
       6.762      0.04604
       6.769       0.0665
       6.784      0.08696
       6.792       0.1074
       6.807       0.1279
       6.815       0.1483
        6.83       0.1893
       6.837       0.2097
       6.852       0.2097
        6.86       0.2302
       6.868       0.2506
       6.883       0.2302
        6.89       0.1893
       6.898       0.1483
       6.913       0.1074
        6.92       0.0665
       6.928      0.02558
       6.936     -0.01535
       6.943     -0.07673
       6.951     -0.09719
       6.966      -0.1176
       6.973     -0.07673
       6.988     -0.03581
       6.996     -0.03581
       7.004     -0.03581
       7.019     -0.07673
       7.026     -0.07673
       7.041     -0.07673
       7.049     -0.09719
       7.064     -0.09719
       7.072     -0.07673
       7.087     -0.01535
       7.094     -0.01535
       7.102      0.02558
       7.109       0.0665
       7.117      0.08696
       7.132       0.1279
        7.14       0.1279
       7.147       0.1279
       7.162       0.0665
        7.17      0.02558
       7.177     -0.01535
       7.185     -0.03581
         7.2     -0.05627
       7.208     -0.03581
       7.223     0.005115
        7.23      0.04604
       7.245      0.08696
       7.253       0.1074
       7.268       0.1279
       7.276       0.1483
       7.291       0.1074
       7.298       0.0665
       7.313      0.02558
       7.321     0.005115
       7.336      0.02558
       7.344      0.02558
       7.359      0.04604
       7.374       0.0665
       7.382       0.0665
       7.397      0.04604
       7.404      0.02558
       7.419      0.02558
       7.427     0.005115
       7.442     0.005115
        7.45     0.005115
       7.465     0.005115
       7.472     0.005115
       7.487      0.02558
       7.495      0.02558
        7.51     0.005115
       7.518     0.005115
       7.533     -0.05627
        7.54     -0.07673
       7.555      -0.1176
       7.563     -0.09719
       7.578     -0.05627
       7.586     -0.03581
       7.593     0.005115
       7.601      0.02558
       7.616       0.0665
       7.623      0.08696
       7.638      0.08696
       7.646       0.0665
       7.654       0.0665
       7.669      0.02558
       7.676     0.005115
       7.691     0.005115
       7.699      0.02558
       7.714       0.0665
       7.722      0.08696
       7.737      0.08696
       7.744      0.08696
       7.752       0.1074
       7.767      0.08696
       7.775       0.0665
       7.782      0.02558
        7.79     0.005115
       7.805     -0.01535
       7.812     -0.01535
       7.827     -0.01535
       7.835     -0.01535
        7.85     -0.01535
       7.858     0.005115
       7.873     0.005115
       7.888     -0.03581
       7.895     -0.03581
       7.911     -0.05627
       7.918     -0.07673
       7.933     -0.05627
       7.941     -0.03581
       7.948     0.005115
       7.964      0.04604
       7.971       0.0665
       7.979      0.08696
       7.994       0.1279
       8.001       0.1279
       8.016      0.08696
       8.024       0.0665
       8.039       0.0665
       8.047       0.0665
       8.054       0.0665
       8.069      0.02558
       8.077      0.02558
       8.084      0.02558
         8.1      0.02558
       8.107      0.02558
       8.122      0.02558
        8.13      0.02558
       8.145     0.005115
       8.152     0.005115
       8.168      0.02558
       8.175      0.02558
        8.19      0.02558
       8.198      0.04604
       8.213       0.0665
       8.221       0.0665
       8.228      0.08696
       8.243       0.1074
       8.251      0.08696
       8.266      0.02558
       8.273     0.005115
       8.296     -0.01535
       8.304     0.005115
       8.319      0.02558
       8.326      0.04604
       8.341      0.08696
       8.349      0.08696
       8.364      0.04604
       8.379     0.005115
       8.387     -0.01535
       8.402     -0.03581
       8.409     -0.03581
       8.425     -0.03581
       8.432     -0.03581
       8.447     -0.01535
       8.455     0.005115
        8.47      0.02558
       8.478      0.02558
         8.5      0.04604
       8.508      0.02558
       8.515      0.02558
        8.53     -0.01535
       8.538     -0.03581
       8.553     -0.03581
       8.561     -0.03581
       8.576     -0.03581
       8.583     -0.03581
       8.598     -0.03581
       8.614     -0.07673
       8.621     -0.07673
       8.636     -0.05627
       8.644     -0.03581
       8.659     -0.03581
       8.666     -0.01535
       8.682     0.005115
       8.697     -0.01535
       8.704     -0.01535
       8.719     -0.05627
       8.727     -0.05627
       8.735     -0.03581
        8.75     -0.01535
       8.757     0.005115
       8.772      0.04604
        8.78      0.04604
       8.787       0.0665
       8.803      0.08696
        8.81      0.08696
       8.825      0.02558
       8.833     -0.01535
        8.84     -0.05627
       8.855     -0.09719
       8.863      -0.1176
       8.878      -0.1176
       8.893     -0.09719
       8.908     -0.07673
       8.923     -0.05627
       8.931     -0.05627
       8.939     -0.03581
       8.954     -0.05627
       8.969     -0.05627
       8.976     -0.03581
