     0.01181       0.1688
     0.02692       0.1688
     0.03448       0.1688
     0.04959       0.1688
      0.0647      0.09418
     0.07225      0.05687
     0.07981      0.03821
     0.08736    0.0009027
      0.1025     -0.03641
        0.11     -0.05506
      0.1176     -0.05506
      0.1327     -0.01775
      0.1402      0.07552
      0.1402    0.0009027
      0.1478       0.1315
      0.1554       0.1875
      0.1629       0.1875
      0.1705       0.1501
       0.178      0.09418
      0.1856      0.05687
      0.1931     -0.01775
      0.2007     -0.05506
      0.2082     -0.09237
      0.2158      -0.1483
      0.2234       -0.223
      0.2309      -0.2789
      0.2385      -0.3349
       0.246      -0.3722
      0.2536      -0.4095
      0.2611      -0.4282
      0.2762      -0.4655
      0.2838      -0.4841
      0.2989      -0.4841
      0.3065      -0.4841
      0.3216      -0.4655
      0.3291      -0.4468
      0.3367      -0.3909
      0.3442      -0.3349
      0.3518      -0.2976
      0.3669      -0.2789
      0.3745      -0.2603
       0.382      -0.2043
      0.3896       -0.111
      0.3971     -0.03641
      0.4047      0.07552
      0.4122       0.1315
      0.4198       0.1688
      0.4273       0.1128
      0.4349      0.05687
      0.4349    0.0009027
      0.4424     -0.03641
        0.45       -0.111
      0.4576       -0.167
      0.4727      -0.1856
      0.4802      -0.1483
      0.4878     -0.09237
      0.5029     -0.07372
      0.5104       -0.111
       0.518      -0.1483
      0.5256       -0.167
      0.5407      -0.1856
      0.5482       -0.167
      0.5633      -0.1483
      0.5709       -0.111
       0.586     -0.05506
      0.5936     -0.03641
      0.6087      0.07552
      0.6162       0.1501
      0.6238       0.2621
      0.6313        0.374
      0.6389       0.5046
      0.6464       0.5792
       0.654       0.5419
      0.6615       0.4673
      0.6691        0.374
      0.6767       0.2994
      0.6842       0.2248
      0.6918       0.1688
      0.6993       0.1128
      0.7069      0.05687
      0.7144      0.01956
       0.722     -0.01775
      0.7295     -0.05506
      0.7371     -0.09237
      0.7447      -0.1297
      0.7522       -0.167
      0.7598       -0.167
      0.7673      -0.1297
      0.7749      0.03821
      0.7749     -0.03641
      0.7824      0.09418
        0.79       0.1688
      0.7975       0.2061
      0.8126       0.1501
      0.8278       0.1128
      0.8353      0.09418
      0.8429      0.09418
       0.858       0.1128
      0.8655       0.1688
      0.8731       0.2061
      0.8806       0.2434
      0.8958       0.2061
      0.9033       0.1315
      0.9109      0.07552
      0.9109    0.0009027
      0.9184     -0.05506
       0.926       -0.111
      0.9335      -0.1483
      0.9486      -0.2043
      0.9562      -0.2416
      0.9713      -0.2789
      0.9789      -0.2789
      0.9864      -0.2603
       0.994      -0.2043
       1.002      -0.1297
       1.009     -0.03641
       1.017      0.07552
       1.017    0.0009027
       1.024       0.1315
       1.032       0.1875
       1.039       0.2434
       1.047       0.2994
       1.054       0.3553
       1.062       0.4113
        1.07       0.4486
       1.077       0.4486
       1.085       0.4113
       1.092       0.3553
         1.1       0.2994
       1.107       0.2434
       1.115       0.1875
       1.122       0.1501
        1.13       0.1128
       1.138      0.07552
       1.153    0.0009027
        1.16     -0.01775
       1.168    0.0009027
       1.175      0.03821
       1.183       0.1128
        1.19       0.1875
       1.198       0.2621
       1.213       0.2807
       1.221       0.2621
       1.236       0.2248
       1.243       0.2434
       1.258       0.2434
       1.266       0.2061
       1.274       0.1315
       1.281      0.07552
       1.289      0.03821
       1.289    0.0009027
       1.296     -0.03641
       1.304     -0.09237
       1.311      -0.1483
       1.319      -0.2043
       1.326       -0.223
       1.342       -0.223
       1.349      -0.1856
       1.357      -0.1297
       1.372       -0.167
       1.379      -0.2043
       1.387      -0.2603
       1.394      -0.2976
       1.409      -0.3349
       1.417      -0.3535
       1.425      -0.3535
        1.44      -0.3909
       1.447      -0.4095
       1.462      -0.4655
        1.47      -0.4655
       1.485      -0.4468
       1.493      -0.4282
       1.508      -0.3909
       1.523      -0.3349
        1.53      -0.2976
       1.545      -0.2603
       1.553      -0.2416
       1.561      -0.1856
       1.568      -0.1297
       1.576     -0.05506
       1.583      0.03821
       1.583     -0.01775
       1.591      0.05687
       1.598      0.09418
       1.613       0.1315
       1.621       0.1688
       1.629       0.2248
       1.636       0.2621
       1.644        0.318
       1.651       0.3553
       1.659        0.374
       1.666       0.4113
       1.674       0.4673
       1.681       0.5232
       1.689       0.5419
       1.697       0.5232
       1.704       0.4486
       1.712       0.3367
       1.719       0.2434
       1.727       0.1688
       1.734       0.1128
       1.742      0.07552
       1.757    0.0009027
       1.765    0.0009027
        1.78    0.0009027
       1.787    0.0009027
       1.795      0.05687
        1.81      0.09418
       1.817       0.1128
       1.833      0.09418
        1.84      0.05687
       1.848    0.0009027
       1.855     -0.01775
        1.87     -0.07372
       1.885       -0.111
       1.893      -0.1297
       1.908     -0.09237
       1.916     -0.05506
       1.923     -0.01775
       1.931      0.01956
       1.938      0.05687
       1.946       0.1128
       1.953       0.1875
       1.961       0.2434
       1.976       0.2621
       1.984       0.2061
       1.991       0.1501
       1.999      0.09418
       2.006      0.05687
       2.014      0.03821
       2.029      0.05687
       2.037      0.05687
       2.052      0.05687
       2.059      0.07552
       2.074      0.05687
       2.082      0.05687
       2.089      0.01956
       2.097    0.0009027
       2.112     -0.05506
        2.12     -0.05506
       2.127     -0.05506
       2.135      0.05687
       2.135     -0.01775
       2.142       0.1128
        2.15       0.2434
       2.157        0.318
       2.173       0.3367
        2.18       0.2994
       2.195       0.2248
       2.203       0.1875
        2.21       0.1315
       2.218      0.05687
       2.225      0.01956
       2.233     -0.01775
       2.241     -0.07372
       2.248     -0.09237
       2.263      -0.1297
       2.271      -0.1297
       2.278      -0.1297
       2.293      -0.1856
       2.301      -0.2416
       2.316      -0.2603
       2.324      -0.2416
       2.339      -0.2043
       2.346       -0.223
       2.361      -0.2416
       2.377       -0.223
       2.384      -0.2043
       2.392      -0.1297
       2.399     -0.05506
       2.407      0.09418
       2.407    0.0009027
       2.414       0.1875
       2.422       0.2994
       2.429       0.3927
       2.437         0.43
       2.445        0.374
       2.452       0.2807
        2.46       0.1875
       2.467       0.1128
       2.475      0.01956
       2.482     -0.03641
        2.49     -0.09237
       2.497      -0.1297
       2.513       -0.167
        2.52      -0.1856
       2.535      -0.1856
       2.543      -0.1483
        2.55     -0.09237
       2.558     -0.01775
       2.565    0.0009027
       2.573    0.0009027
       2.581     -0.03641
       2.588     -0.07372
       2.596      -0.1297
       2.603      -0.1483
       2.618      -0.1856
       2.626      -0.1856
       2.641       -0.167
       2.656      -0.2043
       2.664       -0.223
       2.671      -0.2043
       2.686      -0.1483
       2.694      -0.1297
       2.701     -0.09237
       2.709     -0.03641
       2.717      0.07552
       2.724       0.1501
       2.732       0.2061
       2.739       0.2248
       2.747       0.2621
       2.754       0.2807
       2.762        0.318
       2.769       0.3553
       2.777       0.3927
       2.785       0.3927
       2.792       0.4113
       2.807       0.4113
       2.815         0.43
        2.83       0.4673
       2.837       0.4859
       2.853       0.4673
        2.86       0.4113
       2.868        0.374
       2.875        0.318
       2.883       0.2807
        2.89       0.2434
       2.898       0.1875
       2.905       0.1128
       2.921      0.05687
       2.928      0.03821
       2.936    0.0009027
       2.951     -0.03641
       2.958    0.0009027
       2.973      0.03821
       2.981      0.03821
       2.996      0.03821
       3.004      0.05687
       3.011       0.1128
       3.019       0.2061
       3.026       0.2807
       3.034       0.3367
       3.041       0.2994
       3.049       0.2061
       3.057      0.09418
       3.064    0.0009027
       3.072     -0.01775
       3.079     -0.05506
       3.087     -0.07372
       3.094       -0.111
       3.102       -0.167
       3.109      -0.2416
       3.117      -0.2976
       3.124      -0.3535
       3.132      -0.3909
        3.14      -0.4095
       3.155      -0.4468
       3.162      -0.4468
       3.177      -0.4282
       3.192      -0.4282
         3.2      -0.4282
       3.215      -0.3909
       3.223      -0.3722
        3.23      -0.3349
       3.238      -0.2789
       3.245       -0.223
       3.253      -0.1856
       3.268       -0.167
       3.276       -0.167
       3.291      -0.1297
       3.298     -0.09237
       3.306     -0.05506
       3.313     -0.01775
       3.328     -0.01775
       3.336     -0.01775
       3.351     -0.05506
       3.359     -0.05506
       3.366     -0.05506
       3.381     -0.05506
       3.389     -0.03641
       3.396      0.03821
       3.396    0.0009027
       3.404      0.07552
       3.412       0.1501
       3.419       0.2248
       3.427       0.2621
       3.434       0.2621
       3.449       0.2621
       3.457       0.2248
       3.464       0.1875
       3.472       0.1501
       3.487       0.1128
       3.495       0.1315
        3.51       0.1315
       3.517      0.09418
       3.525      0.05687
       3.532    0.0009027
       3.548     -0.03641
       3.555     -0.05506
       3.563     -0.05506
       3.578     -0.09237
       3.585       -0.111
         3.6      -0.1483
       3.608       -0.167
       3.616       -0.167
       3.631      -0.1483
       3.638     -0.07372
       3.646      0.03821
       3.646     -0.01775
       3.653      0.09418
       3.661       0.1688
       3.668       0.2248
       3.676       0.2621
       3.684       0.2807
       3.691       0.2434
       3.699       0.1875
       3.706       0.1315
       3.721       0.1315
       3.729       0.1501
       3.744       0.1688
       3.752       0.1688
       3.759       0.1315
       3.767       0.1128
       3.774      0.07552
       3.782      0.05687
       3.797      0.05687
       3.804      0.07552
       3.812       0.1128
        3.82       0.1501
       3.835       0.1688
       3.842       0.1875
       3.857       0.1875
       3.865       0.1501
       3.872       0.1128
        3.88      0.05687
       3.888    0.0009027
       3.903     -0.05506
        3.91     -0.07372
       3.933       -0.111
        3.94     -0.07372
       3.963     -0.03641
       3.971     -0.01775
       3.986    0.0009027
       3.993      0.05687
       4.008       0.1315
       4.016       0.1501
       4.024       0.1875
       4.031       0.2248
       4.039       0.2434
       4.046       0.1688
       4.054       0.1128
       4.061      0.01956
       4.069     -0.03641
       4.076     -0.09237
       4.084      -0.1483
       4.099      -0.1856
       4.107      -0.2043
       4.114      -0.2416
       4.122      -0.2603
       4.137      -0.2976
       4.144      -0.2976
       4.152      -0.2976
       4.167      -0.2976
       4.175      -0.2789
       4.182      -0.2603
        4.19       -0.223
       4.197      -0.1856
       4.205      -0.1297
       4.212     -0.07372
        4.22     -0.01775
       4.228      0.07552
       4.235       0.1688
       4.243       0.2994
        4.25       0.4113
       4.258       0.4673
       4.265       0.4859
       4.273         0.43
        4.28       0.3927
       4.288       0.3367
       4.296       0.2994
       4.303       0.2248
       4.311       0.1501
       4.318      0.09418
       4.326      0.05687
       4.326    0.0009027
       4.333    0.0009027
       4.348     -0.03641
       4.356     -0.03641
       4.371     -0.03641
       4.379     -0.01775
       4.394     -0.01775
       4.401      0.03821
       4.401    0.0009027
       4.409      0.07552
       4.416       0.1128
       4.424       0.1315
       4.432      0.07552
       4.439     -0.01775
       4.447     -0.07372
       4.454      -0.1297
       4.462      -0.1483
       4.477       -0.111
       4.484     -0.07372
         4.5     -0.07372
       4.507     -0.09237
       4.522     -0.09237
        4.53     -0.05506
       4.545    0.0009027
       4.552    0.0009027
        4.56      0.05687
       4.575      0.07552
       4.583      0.05687
        4.59    0.0009027
       4.598    0.0009027
       4.613    0.0009027
        4.62      0.03821
       4.636      0.07552
       4.643       0.1128
       4.651       0.1688
       4.658       0.2248
       4.666       0.2807
       4.681       0.2248
       4.696       0.1875
       4.704       0.1875
       4.719       0.1315
       4.726      0.09418
       4.734      0.05687
       4.749      0.05687
       4.756      0.07552
       4.772      0.05687
       4.779      0.03821
       4.794    0.0009027
       4.802    0.0009027
       4.817      0.03821
       4.824      0.03821
       4.839    0.0009027
       4.847    0.0009027
       4.855      0.01956
        4.87      0.05687
       4.877      0.07552
       4.892      0.07552
         4.9       0.1128
       4.907       0.1315
       4.923       0.2061
        4.93       0.2248
       4.945       0.2434
       4.953       0.2061
        4.96       0.1315
       4.968      0.07552
       4.975      0.01956
       4.991     -0.03641
       4.998     -0.07372
       5.006      -0.1297
       5.013      -0.1856
       5.021       -0.223
       5.036       -0.223
       5.043      -0.2043
       5.059      -0.1856
       5.066      -0.1856
       5.081      -0.2416
       5.089      -0.2416
       5.104      -0.2789
       5.111      -0.2789
       5.127      -0.2976
       5.134      -0.2976
       5.142      -0.2789
       5.149      -0.2603
       5.157      -0.2043
       5.164      -0.1483
       5.172     -0.07372
       5.179      0.03821
       5.179     -0.01775
       5.187      0.07552
       5.195       0.1315
       5.202       0.1875
        5.21       0.2248
       5.217       0.2434
       5.232       0.1875
        5.24       0.1315
       5.247      0.07552
       5.255      0.03821
       5.255     -0.01775
       5.263     -0.05506
        5.27       -0.111
       5.278      -0.1297
       5.293      -0.1297
         5.3     -0.09237
       5.315     -0.07372
       5.323     -0.07372
       5.331       -0.111
       5.346      -0.1483
       5.353       -0.167
       5.368       -0.167
       5.376      -0.1483
       5.391     -0.09237
       5.399     -0.07372
       5.406     -0.01775
       5.414      0.07552
       5.414    0.0009027
       5.421       0.1688
       5.429       0.2807
       5.436        0.374
       5.444         0.43
       5.451       0.4673
       5.467       0.4673
       5.474         0.43
       5.482       0.3553
       5.489       0.2807
       5.497       0.2061
       5.504       0.1501
       5.512      0.07552
       5.519      0.01956
       5.527     -0.03641
       5.542     -0.07372
        5.55     -0.09237
       5.565      -0.1297
       5.572      -0.1483
       5.587      -0.1297
       5.595      -0.1297
       5.603       -0.111
       5.618      -0.1297
       5.625      -0.1483
        5.64      -0.1856
       5.648      -0.1856
       5.663      -0.1297
       5.671     -0.03641
       5.678      0.09418
       5.678    0.0009027
       5.686       0.1688
       5.693       0.2621
       5.701       0.2994
       5.716       0.2994
       5.723       0.2434
       5.731       0.1688
       5.739      0.03821
       5.746     -0.09237
       5.754      -0.2043
       5.761      -0.2603
       5.769      -0.2976
       5.784      -0.2789
       5.799      -0.2789
       5.807      -0.2789
       5.814      -0.2603
       5.829      -0.2416
       5.837       -0.223
       5.844      -0.1856
       5.859      -0.1483
       5.875     -0.09237
       5.882     -0.05506
        5.89     -0.03641
       5.897      0.03821
       5.897    0.0009027
       5.905      0.07552
       5.912       0.1315
        5.92       0.2061
       5.927       0.2807
       5.935        0.318
       5.943        0.374
       5.958        0.374
       5.965       0.3553
        5.98        0.318
       5.988       0.3367
       6.003       0.3553
       6.011       0.3367
       6.018       0.2994
       6.026       0.2621
       6.033       0.2061
       6.041       0.1501
       6.048      0.09418
       6.056      0.05687
       6.071    0.0009027
       6.079    0.0009027
       6.094      0.01956
       6.101      0.07552
       6.109       0.1688
       6.116       0.2621
       6.124       0.3367
       6.139       0.3367
       6.147       0.2994
       6.154       0.2248
       6.162       0.1501
       6.169      0.07552
       6.177     -0.01775
       6.184     -0.05506
       6.192       -0.111
       6.199      -0.1297
       6.215       -0.167
       6.222      -0.1856
        6.23       -0.167
       6.245       -0.167
       6.252       -0.167
        6.26      -0.1856
       6.275       -0.223
       6.283      -0.2416
        6.29      -0.2416
       6.305       -0.223
       6.313      -0.1856
        6.32      -0.1483
       6.328       -0.111
       6.343     -0.09237
       6.351     -0.09237
       6.366     -0.07372
       6.373     -0.05506
       6.381     -0.03641
       6.388      0.01956
       6.396      0.05687
       6.403      0.07552
       6.419      0.09418
       6.426       0.1128
       6.441       0.1501
       6.449       0.1501
       6.464       0.1501
       6.479       0.1501
       6.487       0.1501
       6.494       0.1501
       6.502       0.1128
       6.509      0.07552
       6.517    0.0009027
       6.524     -0.03641
       6.539     -0.07372
       6.547     -0.09237
       6.555     -0.09237
        6.57      -0.1297
       6.577      -0.1483
       6.592      -0.1297
         6.6       -0.111
       6.607     -0.09237
       6.622     -0.09237
        6.63     -0.09237
       6.638     -0.07372
       6.653     -0.03641
        6.66     -0.03641
       6.675     -0.05506
       6.683     -0.07372
        6.69     -0.07372
       6.706     -0.05506
       6.713      0.03821
       6.713     -0.01775
       6.721      0.09418
       6.728       0.1688
       6.736       0.2248
       6.751       0.2248
       6.758       0.1688
       6.766      0.09418
       6.774      0.03821
       6.781     -0.01775
       6.789     -0.05506
       6.804     -0.05506
       6.811      0.05687
       6.811     -0.01775
       6.819      0.09418
       6.826       0.1688
       6.834       0.2061
       6.849       0.1875
       6.857       0.1501
       6.864       0.1128
       6.879      0.07552
       6.887      0.05687
       6.902      0.05687
       6.917    0.0009027
       6.925     -0.01775
        6.94    0.0009027
       6.947      0.05687
       6.955      0.09418
       6.962       0.1875
        6.97       0.2807
       6.978       0.3553
       6.985         0.43
       6.993       0.4486
           7       0.3927
       7.008        0.318
       7.015       0.1875
       7.023      0.09418
       7.023    0.0009027
        7.03     -0.07372
       7.038      -0.1856
       7.046      -0.2603
       7.053      -0.2976
       7.061      -0.3162
       7.076      -0.2976
       7.091      -0.2603
       7.098      -0.2416
       7.114      -0.2043
       7.121      -0.1856
       7.129      -0.1483
       7.136     -0.09237
       7.144     -0.05506
       7.151     -0.03641
       7.159     -0.05506
       7.166     -0.09237
       7.174       -0.111
       7.189     -0.07372
       7.197     -0.03641
       7.212    0.0009027
       7.219    0.0009027
       7.227      0.05687
       7.242      0.07552
        7.25      0.07552
       7.265      0.05687
       7.272      0.09418
        7.28       0.1501
       7.287       0.2248
       7.295       0.2621
        7.31       0.2621
       7.318       0.2434
       7.333       0.2061
        7.34       0.1688
       7.348       0.1688
       7.363       0.1501
        7.37       0.1315
       7.378       0.1315
       7.393      0.09418
       7.401      0.09418
       7.408       0.1315
       7.416       0.1688
       7.423       0.2621
       7.431       0.4113
       7.438       0.5606
       7.446       0.6538
       7.454       0.6165
       7.461       0.5232
       7.469        0.374
       7.476       0.2434
       7.484       0.1501
       7.491      0.07552
       7.499     -0.01775
       7.506     -0.09237
       7.514      -0.1483
       7.522       -0.223
       7.529      -0.2789
       7.537      -0.3535
       7.544      -0.4282
       7.552      -0.4841
       7.559      -0.5214
       7.567      -0.5401
       7.582      -0.5214
        7.59      -0.5028
       7.597      -0.4468
       7.605      -0.3909
       7.612      -0.3162
        7.62      -0.2416
       7.627      -0.1856
       7.635      -0.1483
        7.65       -0.111
       7.658      -0.1297
       7.665      -0.1483
        7.68      -0.1856
       7.688      -0.2043
       7.695      -0.1856
        7.71       -0.167
       7.718      -0.1483
       7.726      -0.1297
       7.733     -0.09237
       7.741     -0.05506
       7.748     -0.01775
       7.756     -0.01775
       7.763    0.0009027
       7.778    0.0009027
       7.786    0.0009027
       7.801     -0.01775
       7.809    0.0009027
       7.824      0.07552
       7.831       0.1688
       7.839       0.2807
       7.846       0.4113
       7.854       0.4859
       7.862       0.5232
       7.869       0.5046
       7.877       0.4673
       7.884       0.4113
       7.892       0.3367
       7.899       0.2248
       7.907      0.09418
       7.914      0.03821
       7.914     -0.01775
       7.922     -0.07372
        7.93      -0.1297
       7.937      -0.1856
       7.945      -0.2416
       7.952      -0.2976
        7.96      -0.3349
       7.967      -0.3535
       7.982      -0.3535
        7.99      -0.2976
       7.998      -0.2043
       8.005     -0.09237
       8.013      0.01956
        8.02      0.09418
       8.035       0.1315
       8.043      0.09418
        8.05      0.05687
       8.058    0.0009027
       8.066     -0.03641
       8.073     -0.07372
       8.081     -0.09237
       8.096       -0.111
       8.103       -0.111
       8.111     -0.09237
       8.118     -0.07372
       8.134     -0.03641
       8.141    0.0009027
       8.149      0.01956
       8.164      0.07552
       8.171      0.09418
       8.186      0.07552
       8.194      0.05687
       8.209      0.07552
       8.224       0.1315
       8.232       0.1501
       8.247       0.1501
       8.254       0.1315
        8.27       0.1315
       8.285       0.1501
       8.292       0.1501
         8.3       0.1688
       8.315       0.2248
       8.322       0.2621
        8.33       0.2994
       8.345        0.318
       8.353       0.3367
        8.36       0.3553
       8.375       0.4113
       8.383       0.4486
       8.398       0.4859
       8.405       0.5046
       8.413       0.4486
       8.421       0.3553
       8.428       0.2621
       8.436       0.1688
       8.443       0.1128
       8.451      0.05687
       8.458      0.01956
       8.466    0.0009027
       8.481     -0.05506
       8.489     -0.09237
       8.504      -0.1297
       8.511      -0.1297
       8.526      -0.1483
       8.534      -0.1297
       8.549     -0.09237
       8.564      -0.1483
       8.572      -0.2043
       8.579      -0.2603
       8.587      -0.2976
       8.594      -0.2976
       8.609      -0.2416
       8.617      -0.1856
       8.625      -0.1483
       8.632       -0.111
       8.647       -0.111
       8.655       -0.111
        8.67      -0.1297
       8.677      -0.1297
       8.685       -0.111
       8.693     -0.09237
         8.7     -0.05506
       8.708     -0.01775
       8.715      0.01956
       8.723      0.07552
        8.73       0.1128
       8.738       0.1501
       8.753       0.1875
       8.761       0.1688
       8.768       0.1315
       8.776      0.07552
       8.783      0.03821
       8.783     -0.01775
       8.791     -0.05506
       8.798       -0.111
       8.806      -0.1297
       8.821       -0.167
       8.829      -0.1856
       8.836       -0.223
       8.844      -0.2603
       8.859      -0.3162
       8.866      -0.3162
       8.881      -0.3535
       8.889      -0.3349
       8.897      -0.3162
       8.904      -0.2603
       8.912       -0.223
       8.927      -0.1856
       8.934      -0.2043
       8.942      -0.2043
       8.957      -0.1856
       8.965      -0.1483
