     0.01186     -0.01626
     0.01186      -0.0813
     0.01942      -0.1138
     0.02699      -0.1897
     0.03455      -0.2439
     0.04968      -0.2873
     0.05725      -0.2656
     0.06481      -0.2439
     0.07238      -0.1897
     0.07994      -0.1355
     0.08751      -0.0813
     0.09507      0.03794
     0.09507     -0.00542
      0.1026      0.05962
      0.1102       0.1138
      0.1178       0.1355
      0.1253        0.168
      0.1329       0.2114
       0.148       0.2439
      0.1556       0.2439
      0.1632       0.2439
      0.1707       0.2114
      0.1783       0.1572
      0.1859       0.1138
      0.1934      0.05962
       0.201      0.01626
      0.2085     -0.03794
      0.2161      -0.0813
      0.2237      -0.1355
      0.2312      -0.1897
      0.2388      -0.2331
      0.2464      -0.2439
      0.2539      -0.2331
      0.2615       -0.168
      0.2691      -0.1138
      0.2766     -0.03794
      0.2842       0.0813
      0.2842     -0.00542
      0.2918       0.1138
      0.2993       0.1897
      0.3069       0.2331
       0.322       0.2656
      0.3296       0.2656
      0.3447       0.2331
      0.3523       0.1572
      0.3598       0.0813
      0.3598     -0.00542
      0.3674     -0.03794
       0.375      -0.1572
      0.3825      -0.2331
      0.3901      -0.2656
      0.4052      -0.2331
      0.4128       -0.168
      0.4204     -0.09214
      0.4279     -0.03794
      0.4355      0.05962
      0.4355     -0.00542
      0.4431      0.09214
      0.4506       0.1355
      0.4582        0.168
      0.4658       0.2331
      0.4733       0.2656
      0.4884       0.2873
       0.496       0.2439
      0.5036        0.168
      0.5111      0.09214
      0.5111     -0.00542
      0.5187     -0.05962
      0.5263      -0.1572
      0.5338      -0.1897
       0.549       -0.168
      0.5565      -0.1572
      0.5717      -0.1572
      0.5792      -0.1572
      0.5868      -0.1138
      0.5944      -0.0813
      0.6019     -0.01626
      0.6095       0.0813
      0.6171       0.1355
      0.6246       0.1897
      0.6322       0.2439
      0.6473       0.2656
      0.6549       0.2439
      0.6624       0.2114
        0.67       0.1355
      0.6776       0.0813
      0.6851      0.01626
      0.6927     -0.01626
      0.7003     -0.05962
      0.7154     -0.09214
       0.723     -0.09214
      0.7457      -0.1355
      0.7532       -0.168
      0.7683      -0.2114
      0.7759      -0.2114
       0.791      -0.1572
      0.7986     -0.09214
      0.8062     -0.03794
      0.8137      0.03794
      0.8213       0.0813
      0.8289       0.1138
      0.8364       0.1355
       0.844        0.168
      0.8516       0.2114
      0.8667       0.2331
      0.8743       0.2331
       0.897       0.1355
      0.9045       0.0813
      0.9121      0.03794
      0.9121     -0.01626
      0.9196      -0.0813
      0.9272      -0.1355
      0.9348      -0.1897
      0.9499      -0.1897
      0.9575      -0.1572
       0.965     -0.09214
      0.9726     -0.01626
      0.9802      0.03794
      0.9802     -0.00542
      0.9877       0.0813
      0.9953      0.09214
        1.01        0.168
       1.018       0.1897
       1.033       0.2331
       1.041       0.2114
       1.048       0.1572
       1.056       0.0813
       1.063     -0.05962
       1.071      -0.1572
       1.079      -0.2439
       1.086      -0.3198
       1.094      -0.3198
       1.101      -0.3089
       1.109      -0.2331
       1.116      -0.1355
       1.124     -0.05962
       1.131      0.01626
       1.139       0.0813
       1.147       0.1355
       1.154        0.168
       1.162       0.2331
       1.169       0.2656
       1.177       0.3089
       1.192       0.3198
         1.2       0.2656
       1.207       0.2114
       1.215       0.1355
       1.222      0.01626
        1.23     -0.09214
       1.237      -0.1897
       1.245      -0.2656
       1.253      -0.3089
        1.26      -0.3198
       1.268      -0.2873
       1.275      -0.2656
       1.283      -0.2331
        1.29       -0.168
       1.298     -0.09214
       1.305     -0.03794
       1.313      0.01626
       1.321       0.0813
       1.328       0.1138
       1.343       0.1572
       1.351       0.1355
       1.358      0.09214
       1.366      0.05962
       1.381     -0.00542
       1.389     -0.00542
       1.396     -0.03794
       1.404     -0.05962
       1.419     -0.03794
       1.426     -0.01626
       1.442     -0.00542
       1.457      0.03794
       1.479     -0.00542
       1.487     -0.00542
       1.502      0.05962
        1.51       0.0813
       1.517       0.1355
       1.525       0.1572
        1.54       0.1138
       1.548       0.0813
       1.555      0.01626
       1.563     -0.01626
        1.57     -0.05962
       1.578      -0.0813
       1.585      -0.0813
         1.6      -0.0813
       1.608     -0.05962
       1.623     -0.03794
       1.631     -0.01626
       1.646     -0.03794
       1.653     -0.05962
       1.661     -0.03794
       1.669     -0.01626
       1.676      0.01626
       1.684       0.0813
       1.691       0.1138
       1.699       0.1355
       1.714       0.1572
       1.722       0.1572
       1.744       0.1572
       1.752       0.1138
       1.759       0.0813
       1.767      0.01626
       1.774     -0.03794
        1.79      -0.0813
       1.797      -0.1138
       1.805      -0.1572
       1.812       -0.168
        1.82      -0.2114
       1.827      -0.2114
       1.835      -0.1897
       1.843      -0.1355
        1.85      -0.0813
       1.858     -0.01626
       1.865      0.01626
       1.873       0.0813
        1.88       0.1355
       1.888       0.2114
       1.896       0.2656
       1.903       0.3198
       1.911       0.3631
       1.926       0.3198
       1.933       0.2439
       1.941       0.1897
       1.948       0.1355
       1.956       0.0813
       1.964     -0.03794
       1.971      -0.1138
       1.979      -0.1897
       1.986      -0.2331
       1.994      -0.2331
       2.009      -0.1897
       2.017       -0.168
       2.024      -0.1572
       2.039     -0.09214
       2.047     -0.03794
       2.054     -0.00542
       2.062      0.05962
        2.07      0.09214
       2.077       0.1138
       2.085       0.1355
         2.1       0.1897
       2.107       0.2114
       2.122        0.168
        2.13       0.1355
       2.138      0.09214
       2.145       0.0813
        2.16      0.03794
       2.168      0.05962
       2.175      0.09214
       2.191       0.1572
       2.198       0.1572
       2.213      0.09214
       2.221       0.0813
       2.228     -0.00542
       2.236     -0.01626
       2.244      -0.0813
       2.251      -0.1138
       2.266      -0.1572
       2.274      -0.1355
       2.281     -0.09214
       2.289      -0.0813
       2.304     -0.03794
       2.312     -0.03794
       2.319     -0.00542
       2.334      0.05962
       2.342       0.0813
       2.349       0.1138
       2.365        0.168
       2.372       0.1897
       2.387       0.1572
       2.395      0.09214
       2.402      0.03794
       2.402     -0.01626
        2.41     -0.05962
       2.418      -0.1138
       2.425      -0.1355
        2.44      -0.1897
       2.448      -0.1897
       2.455       -0.168
       2.463      -0.1355
        2.47     -0.09214
       2.478     -0.03794
       2.493      0.03794
       2.501      0.05962
       2.516      0.05962
       2.523       0.0813
       2.531      0.09214
       2.539       0.1355
       2.546       0.1572
       2.554       0.1138
       2.561       0.0813
       2.569     -0.00542
       2.576     -0.03794
       2.584     -0.09214
       2.591      -0.1138
       2.607      -0.1355
       2.614     -0.09214
       2.622     -0.03794
       2.629     -0.00542
       2.637      0.05962
       2.652      0.09214
        2.66      0.09214
       2.667      0.09214
       2.682      0.05962
        2.69     -0.01626
       2.697     -0.05962
       2.705      -0.1138
       2.713      -0.1355
       2.728      -0.1572
       2.735       -0.168
       2.743      -0.1897
        2.75      -0.2331
       2.758      -0.2656
       2.765      -0.2873
       2.773      -0.2656
       2.781      -0.1897
       2.788     -0.09214
       2.796      0.01626
       2.803       0.1355
       2.811       0.2114
       2.818       0.2439
       2.834       0.2656
       2.841       0.2656
       2.856       0.2439
       2.871       0.2114
       2.879        0.168
       2.887       0.1355
       2.894      0.09214
       2.902      0.05962
       2.909     -0.00542
       2.917     -0.03794
       2.924      -0.0813
       2.932      -0.1138
       2.939      -0.1572
       2.947       -0.168
       2.962      -0.1572
        2.97      -0.1355
       2.977     -0.09214
       2.985     -0.05962
       2.992     -0.00542
           3      0.03794
       3.015       0.0813
       3.023      0.09214
       3.038       0.0813
       3.045      0.05962
       3.053     -0.00542
       3.061     -0.03794
       3.076      -0.0813
       3.083     -0.05962
       3.098     -0.00542
       3.106     -0.00542
       3.113     -0.00542
       3.129     -0.01626
       3.136      0.01626
       3.144       0.0813
       3.151       0.1572
       3.159       0.2331
       3.166       0.3089
       3.174       0.3848
       3.182       0.4173
       3.197       0.4173
       3.204       0.3198
       3.212       0.2114
       3.219      0.09214
       3.219     -0.00542
       3.227     -0.05962
       3.235       -0.168
       3.242      -0.2656
        3.25      -0.3198
       3.257      -0.3631
       3.272      -0.3957
        3.28      -0.3848
       3.287      -0.3415
       3.295      -0.2873
       3.303      -0.2114
        3.31      -0.1138
       3.318     -0.03794
       3.325       0.0813
       3.333       0.1572
        3.34       0.2439
       3.348       0.3415
       3.356       0.4173
       3.363       0.4715
       3.378       0.4932
       3.386        0.439
       3.393       0.3415
       3.401       0.2331
       3.409       0.1138
       3.409     -0.00542
       3.416     -0.09214
       3.424      -0.2439
       3.431      -0.3957
       3.439      -0.5366
       3.446      -0.5908
       3.454      -0.5908
       3.461      -0.5366
       3.469       -0.439
       3.469      -0.5149
       3.477      -0.3848
       3.484      -0.2873
       3.492      -0.1897
       3.499     -0.09214
       3.507      0.03794
       3.507     -0.01626
       3.514       0.0813
       3.522       0.1572
        3.53       0.2331
       3.537       0.2873
       3.545       0.3198
        3.56       0.3089
       3.567       0.2439
       3.575       0.1572
       3.582       0.0813
       3.582     -0.00542
        3.59     -0.03794
       3.598     -0.09214
       3.605      -0.1355
       3.613       -0.168
        3.62      -0.1897
       3.635      -0.2331
       3.643      -0.2114
       3.651       -0.168
       3.658     -0.09214
       3.666     -0.03794
       3.673      0.01626
       3.681       0.0813
       3.688       0.1138
       3.696       0.1572
       3.704        0.168
       3.719       0.1572
       3.726       0.1572
       3.734       0.1897
       3.749       0.2114
       3.756       0.2114
       3.764        0.168
       3.772       0.1355
       3.779       0.0813
       3.794      0.03794
       3.802      0.03794
       3.817     -0.00542
       3.825     -0.00542
       3.832      0.03794
        3.84       0.0813
       3.855      0.09214
       3.862      0.09214
       3.878      0.05962
       3.885      0.01626
       3.893     -0.03794
         3.9      -0.1138
       3.908       -0.168
       3.915      -0.2114
        3.93      -0.1897
       3.938      -0.1355
       3.946      -0.0813
       3.953     -0.01626
       3.961       0.0813
       3.968       0.1355
       3.976        0.168
       3.991        0.168
       3.999        0.168
       4.014       0.1355
       4.021       0.1138
       4.029       0.0813
       4.036     -0.00542
       4.044     -0.03794
       4.052      -0.1138
       4.059      -0.1572
       4.074      -0.1572
       4.082      -0.1138
       4.089      -0.0813
       4.104     -0.01626
       4.112     -0.00542
        4.12      0.01626
       4.142      0.05962
        4.15      0.03794
       4.157      0.05962
       4.173       0.0813
        4.18      0.05962
       4.188      0.01626
       4.195     -0.03794
       4.203      -0.0813
        4.21      -0.1355
       4.218      -0.1572
       4.233     -0.09214
       4.241     -0.03794
       4.248      0.01626
       4.256      0.09214
       4.263       0.1355
       4.271       0.1897
       4.278       0.2114
       4.294       0.2331
       4.301       0.2331
       4.316       0.2331
       4.324       0.2114
       4.331       0.1897
       4.347       0.1355
       4.354       0.0813
       4.362      0.05962
       4.369     -0.01626
       4.377     -0.05962
       4.384      -0.1138
       4.392      -0.1355
       4.407      -0.1355
       4.415      -0.1138
        4.43      -0.0813
       4.437     -0.05962
       4.452     -0.05962
        4.46     -0.05962
       4.475     -0.09214
       4.483      -0.0813
        4.49     -0.03794
       4.498      0.03794
       4.498     -0.00542
       4.505      0.05962
       4.521      0.09214
       4.528      0.05962
       4.536      0.01626
       4.543     -0.03794
       4.558      -0.0813
       4.566     -0.05962
       4.574     -0.01626
       4.581      0.03794
       4.581     -0.00542
       4.589      0.05962
       4.604      0.01626
       4.611     -0.01626
       4.619     -0.05962
       4.634      -0.1138
       4.642     -0.09214
       4.649      -0.0813
       4.657     -0.01626
       4.664      0.03794
       4.672      0.09214
       4.679        0.168
       4.687       0.2114
       4.702        0.168
        4.71       0.1138
       4.717      0.05962
       4.717     -0.00542
       4.725     -0.01626
       4.732      -0.0813
        4.74     -0.09214
       4.755      -0.1138
       4.763      -0.1138
       4.778      -0.1138
       4.793     -0.09214
         4.8      -0.0813
       4.808     -0.03794
       4.816     -0.01626
       4.823      0.01626
       4.831      0.05962
       4.838       0.1138
       4.846       0.1572
       4.853       0.1897
       4.861       0.2331
       4.869       0.2656
       4.884       0.1897
       4.891       0.1355
       4.899      0.05962
       4.899     -0.00542
       4.906     -0.01626
       4.921     -0.05962
       4.929     -0.05962
       4.944      -0.1138
       4.952      -0.1355
       4.959      -0.1138
       4.967     -0.09214
       4.974     -0.05962
       4.982     -0.01626
        4.99      0.05962
       4.997       0.1138
       5.005        0.168
       5.012       0.2114
       5.027       0.2114
       5.035       0.1897
       5.043       0.1572
        5.05       0.1138
       5.058       0.0813
       5.065      0.05962
        5.08     -0.00542
       5.088      0.01626
       5.103      0.03794
       5.111      0.03794
       5.126     -0.00542
       5.133     -0.01626
       5.141     -0.01626
       5.156     -0.05962
       5.164     -0.05962
       5.179     -0.03794
       5.186     -0.01626
       5.201      0.01626
       5.209      0.03794
       5.232     -0.00542
       5.239     -0.00542
       5.247     -0.00542
       5.262     -0.05962
       5.269      -0.1138
       5.277      -0.1572
       5.285       -0.168
         5.3       -0.168
       5.307      -0.1572
       5.322      -0.1138
        5.33     -0.09214
       5.345     -0.01626
       5.353      0.03794
        5.36      0.09214
       5.368       0.1897
       5.375       0.2656
       5.383       0.3198
       5.391       0.3631
       5.398       0.3848
       5.406       0.3415
       5.413       0.2656
       5.421       0.1897
       5.428       0.1355
       5.436       0.0813
       5.443      0.03794
       5.451     -0.00542
       5.459     -0.03794
       5.466     -0.09214
       5.474      -0.1897
       5.481      -0.2873
       5.489      -0.3415
       5.496      -0.3848
       5.504      -0.3631
       5.519      -0.3198
       5.527      -0.3089
       5.534      -0.2656
       5.542      -0.1897
       5.549      -0.1355
       5.557     -0.03794
       5.565      0.05962
       5.565     -0.00542
       5.572       0.1138
        5.58       0.1897
       5.587       0.2656
       5.595       0.3198
       5.602       0.3631
       5.617       0.3089
       5.625       0.2656
       5.633       0.2114
        5.64       0.1355
       5.648       0.0813
       5.655     -0.03794
       5.663      -0.1138
        5.67      -0.1897
       5.678      -0.2331
       5.693      -0.2114
       5.701      -0.1572
       5.708     -0.09214
       5.716     -0.03794
       5.723       0.0813
       5.731        0.168
       5.739       0.2439
       5.746       0.2873
       5.761       0.2656
       5.769       0.2331
       5.776       0.1897
       5.784       0.1355
       5.791      0.09214
       5.799      0.05962
       5.807     -0.00542
       5.814     -0.03794
       5.822     -0.09214
       5.829      -0.1355
       5.837       -0.168
       5.844      -0.2114
        5.86      -0.2439
       5.867      -0.2656
       5.882      -0.2656
        5.89      -0.2331
       5.897       -0.168
       5.905      -0.0813
       5.912      0.03794
       5.912     -0.01626
        5.92       0.0813
       5.928       0.1138
       5.935       0.1572
       5.943        0.168
        5.95        0.168
       5.965       0.1138
       5.973      0.09214
       5.988       0.0813
       5.996       0.0813
       6.011      0.03794
       6.018     -0.00542
       6.026     -0.03794
       6.041     -0.09214
       6.049      -0.1138
       6.064      -0.1138
       6.071     -0.05962
       6.079      0.01626
       6.086       0.0813
       6.094       0.1138
       6.102       0.1355
       6.117       0.0813
       6.132     -0.00542
       6.147     -0.05962
       6.162      -0.1138
        6.17     -0.09214
       6.185     -0.05962
         6.2     -0.00542
       6.208      0.05962
       6.223       0.0813
        6.23      0.09214
       6.245      0.09214
       6.253       0.1355
        6.26       0.1897
       6.268       0.2656
       6.276       0.3198
       6.291       0.3415
       6.298       0.2873
       6.306       0.2114
       6.313       0.1138
       6.321      0.01626
       6.329     -0.05962
       6.336      -0.1572
       6.344      -0.2114
       6.359      -0.2656
       6.366      -0.2439
       6.374      -0.2331
       6.382      -0.1897
       6.389      -0.1572
       6.404     -0.09214
       6.412     -0.05962
       6.419     -0.01626
       6.427      0.05962
       6.434      0.09214
        6.45       0.1572
       6.457        0.168
       6.472       0.1572
        6.48       0.1138
       6.487      0.05962
       6.495     -0.01626
       6.503      -0.0813
        6.51      -0.1138
       6.525      -0.1355
       6.533      -0.1138
        6.54      -0.0813
       6.548     -0.01626
       6.556     -0.00542
       6.571     -0.01626
       6.578     -0.03794
       6.593      -0.0813
       6.601     -0.05962
       6.608     -0.01626
       6.616      0.05962
       6.624      0.09214
       6.631       0.1355
       6.646       0.1572
       6.654       0.1572
       6.669      0.09214
       6.677      0.05962
       6.684     -0.00542
       6.692     -0.01626
       6.707     -0.05962
       6.714     -0.03794
        6.73     -0.03794
       6.745     -0.01626
        6.76     -0.01626
       6.767     -0.01626
       6.775     -0.00542
       6.782      0.01626
        6.79       0.0813
       6.798       0.1572
       6.805       0.2114
       6.813       0.2439
        6.82       0.2656
       6.835       0.2439
       6.843       0.2331
       6.851       0.2114
       6.858        0.168
       6.866       0.1138
       6.873      0.01626
       6.881     -0.05962
       6.888      -0.1138
       6.896      -0.1572
       6.911      -0.1897
       6.919      -0.1897
       6.941      -0.1572
       6.949      -0.1138
       6.956     -0.09214
       6.964     -0.03794
       6.972      0.01626
       6.979       0.0813
       6.987       0.1355
       6.994        0.168
       7.009        0.168
       7.017       0.1138
       7.032       0.0813
        7.04      0.09214
       7.055      0.09214
       7.062      0.05962
        7.07      0.01626
       7.077     -0.01626
       7.093      -0.0813
         7.1     -0.09214
       7.108      -0.1355
       7.115      -0.1572
        7.13       -0.168
       7.138       -0.168
       7.146      -0.1355
       7.153      -0.0813
       7.161     -0.01626
       7.168      0.05962
       7.168     -0.00542
       7.176       0.0813
       7.183       0.1355
       7.191       0.1572
       7.206       0.1897
       7.214       0.2114
       7.229       0.2331
       7.236       0.2114
       7.244        0.168
       7.259      0.09214
       7.267      0.05962
       7.267     -0.00542
       7.274     -0.03794
       7.282      -0.1138
       7.289      -0.2114
       7.297      -0.2656
       7.304      -0.2873
        7.32      -0.2873
       7.327      -0.2439
       7.335      -0.1897
       7.342      -0.1355
        7.35     -0.09214
       7.357     -0.05962
       7.373     -0.01626
        7.38     -0.00542
       7.388      0.05962
       7.395       0.0813
       7.403       0.1355
        7.41       0.1897
       7.418       0.2331
       7.433       0.2656
       7.441       0.2331
       7.448        0.168
       7.456      0.09214
       7.463      0.03794
       7.463     -0.01626
       7.471     -0.05962
       7.478     -0.09214
       7.494      -0.1138
       7.501     -0.09214
       7.509      -0.0813
       7.524     -0.01626
       7.531     -0.01626
       7.547      0.05962
       7.554      0.09214
       7.562       0.1138
       7.577       0.1138
       7.592       0.0813
       7.599      0.05962
       7.615     -0.00542
        7.63     -0.03794
       7.637     -0.05962
       7.652     -0.05962
        7.66     -0.05962
       7.668     -0.03794
       7.675     -0.01626
       7.683      0.01626
        7.69      0.05962
       7.698       0.1138
       7.705       0.1355
       7.721       0.1897
       7.728       0.2331
       7.743       0.1897
       7.751       0.1572
       7.758      0.09214
       7.766      0.03794
       7.773     -0.03794
       7.781      -0.0813
       7.789      -0.1355
       7.796      -0.2114
       7.804      -0.2873
       7.811      -0.3415
       7.826      -0.3631
       7.834      -0.3198
       7.842      -0.2656
       7.849       -0.168
       7.857      -0.0813
       7.864      0.03794
       7.872       0.1572
       7.879       0.2656
       7.887       0.3848
       7.895        0.439
        7.91       0.4607
       7.917       0.3957
       7.925       0.2873
       7.932        0.168
        7.94       0.0813
        7.94     -0.00542
       7.947     -0.05962
       7.955      -0.1355
       7.963      -0.2331
        7.97      -0.3089
       7.978      -0.3631
       7.993      -0.3848
           8      -0.3631
       8.008      -0.3089
       8.016      -0.2114
       8.023      -0.1355
       8.031     -0.03794
       8.038       0.0813
       8.038     -0.00542
       8.046       0.1897
       8.053       0.3089
       8.061       0.3957
       8.068       0.4715
       8.076       0.4932
       8.084       0.4715
       8.091       0.3957
       8.099       0.2873
       8.106        0.168
       8.114      0.09214
       8.121     -0.01626
       8.129     -0.09214
       8.137       -0.168
       8.144      -0.2439
       8.152      -0.3198
       8.159      -0.3957
       8.167       -0.439
       8.174       -0.439
       8.182      -0.4173
       8.197      -0.3415
       8.205      -0.3089
       8.212      -0.2331
        8.22      -0.1355
       8.227      0.05962
       8.227     -0.03794
       8.235       0.1138
       8.242       0.2114
        8.25       0.2656
       8.258       0.2873
       8.265       0.3198
       8.273       0.3631
       8.288       0.3848
       8.295       0.3415
       8.303       0.2873
       8.311       0.2114
       8.318      0.09214
       8.326      0.03794
       8.326     -0.03794
       8.333      -0.1138
       8.341       -0.168
       8.348      -0.2114
       8.356      -0.2331
       8.364       -0.168
       8.371      -0.1138
       8.379     -0.03794
       8.386       0.0813
       8.394       0.1138
       8.401       0.1572
       8.416       0.1355
       8.424      0.09214
       8.432      0.05962
       8.439      0.01626
       8.447     -0.00542
       8.454     -0.00542
       8.469     -0.00542
       8.485     -0.00542
         8.5     -0.01626
       8.507     -0.03794
       8.522      -0.0813
        8.53      -0.0813
       8.545     -0.03794
       8.553      0.01626
        8.56       0.1138
       8.568       0.2114
       8.575       0.3089
       8.583       0.3631
        8.59       0.3957
       8.598       0.3848
       8.606       0.3198
       8.613       0.2114
       8.621       0.1138
       8.628      0.01626
       8.636     -0.03794
       8.643     -0.09214
       8.651      -0.1572
       8.659      -0.1897
       8.666      -0.2439
       8.674      -0.3089
       8.681      -0.3631
       8.689      -0.3848
       8.704      -0.3631
       8.712      -0.3415
       8.719      -0.2873
       8.727      -0.2114
       8.734      -0.1355
       8.742      0.05962
       8.742     -0.03794
       8.749       0.1138
       8.757       0.2331
       8.764       0.3198
       8.772       0.3631
        8.78       0.3415
       8.787       0.2873
       8.795       0.2114
       8.802       0.1355
        8.81       0.0813
       8.817      0.03794
       8.825     -0.00542
       8.833     -0.01626
        8.84     -0.01626
       8.855     -0.03794
       8.863     -0.03794
        8.87     -0.01626
       8.886     -0.00542
       8.893     -0.00542
       8.908      0.05962
       8.916      0.09214
       8.923       0.1355
       8.931       0.1897
       8.946       0.2331
       8.954       0.1897
       8.961       0.1355
       8.969       0.0813
       8.969     -0.00542
       8.976     -0.01626
