     0.03557      0.03794
     0.03557    -0.001084
     0.09609       0.1355
      0.1036      0.07696
      0.1112      0.07696
      0.1188     -0.04011
      0.1263     -0.04011
      0.1263      -0.1182
      0.1339      -0.1182
      0.1339      -0.1962
      0.1415      -0.1962
       0.149      -0.2352
      0.1566      -0.2547
      0.1793      -0.1767
      0.1869     -0.09864
      0.1869      -0.1767
      0.1944      -0.0206
      0.1944     -0.09864
       0.202      0.03794
       0.202     -0.04011
      0.2095      0.09648
      0.2095      0.03794
      0.2247        0.194
      0.2701       0.2331
      0.3003       0.2331
      0.3003       0.1745
      0.3079       0.1745
      0.3154      0.09648
       0.323        0.116
      0.3381       0.1355
      0.3533      0.09648
      0.3533      0.03794
      0.3684     -0.07913
       0.376      -0.1572
      0.3835      -0.2547
      0.3911      -0.2352
      0.3911      -0.2938
      0.3986      -0.3133
      0.4213      -0.1572
      0.4213      -0.2157
      0.4289     -0.09864
      0.4289      -0.1572
      0.4365     -0.09864
      0.4592      0.03794
      0.4819        0.155
      0.4894        0.194
      0.4894        0.155
      0.5045       0.2136
      0.5197       0.2916
      0.5272       0.3306
      0.5424       0.3306
      0.5499       0.3306
      0.5499       0.2526
      0.5575       0.2526
      0.5575        0.155
      0.5651      0.05745
      0.5726      0.05745
      0.6029      -0.0206
      0.6029     -0.09864
      0.6104      -0.1572
      0.6256      -0.2157
      0.6407      -0.1767
       0.671      -0.1767
      0.6785      -0.1182
      0.6785      -0.1572
      0.6861     -0.05962
      0.6861      -0.1182
      0.6936    -0.001084
      0.7012      0.07696
      0.7012    -0.001084
      0.7088        0.155
      0.7088      0.07696
      0.7163       0.2136
      0.7163        0.155
      0.7239       0.2136
       0.739       0.2526
      0.7466       0.2331
      0.7542       0.1745
      0.7693       0.1745
      0.7844        0.155
       0.792       0.1355
       0.792      0.09648
      0.7995      0.09648
      0.7995      0.05745
      0.8298    -0.001084
      0.8525      -0.1377
      0.8752      -0.2157
      0.8903      -0.1962
      0.9054      -0.1572
      0.9206      -0.1182
      0.9357      -0.1377
      0.9508      -0.1182
       0.966     -0.09864
      0.9735    -0.001084
      0.9735     -0.05962
      0.9811      0.05745
      0.9811    -0.001084
      0.9886        0.116
      0.9886      0.05745
      0.9962       0.1745
      0.9962        0.116
       1.019       0.3501
       1.019       0.2721
       1.026       0.4282
       1.026       0.3501
       1.034       0.4867
       1.034       0.4282
       1.042       0.4867
       1.049       0.5453
       1.057       0.4867
       1.064       0.4867
       1.064       0.3892
       1.072       0.3892
       1.072       0.2526
       1.079      0.05745
       1.087      0.07696
       1.087      -0.1572
       1.095      -0.3913
       1.102      -0.3913
       1.102      -0.5669
        1.11      -0.5669
        1.11       -0.684
       1.117       -0.684
       1.132      -0.7035
        1.14      -0.6645
       1.147      -0.5669
       1.147      -0.6645
       1.155      -0.4694
       1.155      -0.5669
       1.163      -0.3523
       1.163      -0.4694
        1.17      -0.2352
        1.17      -0.3523
       1.178      -0.1377
       1.178      -0.2352
       1.185     -0.05962
       1.185      -0.1377
         1.2      0.03794
       1.223       0.2331
       1.223        0.155
       1.231       0.3111
       1.231       0.2331
       1.238       0.3696
       1.238       0.3111
       1.246       0.4282
       1.246       0.3696
       1.253       0.4672
       1.253       0.4282
       1.269       0.5062
       1.284       0.5062
       1.299       0.4867
       1.306       0.4477
       1.314       0.4477
       1.314       0.3892
       1.321       0.3892
       1.321       0.2916
       1.329        0.155
       1.337        0.155
       1.337    -0.001084
       1.344    -0.001084
       1.344      -0.1182
       1.352      -0.2547
       1.359      -0.2547
       1.359      -0.3913
       1.367      -0.3913
       1.367      -0.5474
       1.374      -0.5474
       1.374       -0.645
       1.382       -0.723
        1.39      -0.7425
       1.405      -0.6645
        1.42      -0.4889
        1.42      -0.5864
       1.427      -0.3328
       1.427      -0.4889
       1.435      -0.1962
       1.435      -0.3328
       1.442     -0.07913
       1.442      -0.1962
        1.45    -0.001084
        1.45     -0.07913
       1.458      0.09648
       1.458    -0.001084
       1.465       0.1745
       1.465      0.07696
       1.473       0.2721
       1.473       0.1745
        1.48       0.3892
        1.48       0.2721
       1.488       0.4672
       1.488       0.3892
       1.511       0.5648
       1.526       0.5648
       1.533       0.4477
       1.541       0.4477
       1.541       0.3306
       1.548       0.3501
       1.548       0.2136
       1.556       0.2136
       1.556      0.07696
       1.564      0.09648
       1.564      -0.0206
       1.571    -0.001084
       1.571     -0.09864
       1.579     -0.09864
       1.579      -0.1572
       1.586      -0.1572
       1.586      -0.2157
       1.594      -0.2352
       1.609      -0.1962
       1.632      -0.1572
       1.662      -0.1767
       1.677      -0.1962
       1.692      -0.2157
       1.707      -0.1962
       1.715     -0.09864
       1.715      -0.1572
       1.722     -0.09864
        1.73      0.03794
        1.73     -0.04011
       1.737      0.09648
       1.737      0.03794
       1.745       0.1745
       1.745      0.09648
       1.753       0.2526
       1.753       0.1745
        1.76       0.2916
       1.775       0.2916
       1.775       0.2526
        1.79       0.2331
       1.798       0.2331
       1.821       0.2331
       1.828       0.1745
       1.843       0.1355
       1.851        0.155
       1.866       0.1745
       1.881       0.1355
       1.896      0.05745
       1.911     -0.05962
       1.919     -0.05962
       1.919      -0.1182
       1.927      -0.1182
       1.942      -0.2157
       1.949      -0.1962
       1.964      -0.1962
        1.98      -0.1962
        1.98      -0.2352
       1.987      -0.2352
       1.995      -0.2743
       1.995      -0.3328
       2.017      -0.3133
       2.025      -0.2157
       2.025      -0.3133
       2.032      -0.1182
       2.032      -0.2157
        2.04      -0.0206
        2.04      -0.1182
       2.048      0.05745
       2.048      -0.0206
       2.055       0.1355
       2.055      0.05745
       2.063       0.1355
        2.07       0.2721
        2.07        0.194
       2.078       0.3501
       2.078       0.2721
       2.085       0.4282
       2.085       0.3501
       2.101       0.4672
       2.108       0.4672
       2.123       0.4477
       2.123       0.4087
       2.131       0.3696
       2.154       0.3111
       2.161       0.2721
       2.169        0.155
       2.176      0.09648
       2.184      0.09648
       2.184      0.03794
       2.191      0.03794
       2.199     -0.07913
       2.206     -0.07913
       2.206      -0.1377
       2.222      -0.1767
       2.222      -0.2547
       2.229      -0.2547
       2.229      -0.3523
       2.237      -0.4889
       2.244      -0.4889
       2.244       -0.606
       2.252      -0.7035
       2.259      -0.7035
       2.259      -0.7425
       2.267      -0.7425
       2.275      -0.6645
       2.275       -0.723
       2.282      -0.5669
       2.282      -0.6645
        2.29      -0.4889
        2.29      -0.5864
       2.297      -0.3718
       2.297      -0.4889
       2.305      -0.2547
       2.305      -0.3718
       2.312      -0.1182
       2.312      -0.2547
        2.32    -0.001084
        2.32      -0.1182
       2.327        0.116
       2.327    -0.001084
       2.335       0.2136
       2.335      0.09648
       2.343       0.2916
       2.343        0.194
        2.35       0.3696
        2.35       0.2916
       2.358       0.3696
       2.365       0.5062
       2.365       0.4282
       2.373       0.5062
        2.38       0.6038
       2.418       0.6038
       2.426       0.5453
       2.433       0.4672
       2.441       0.4672
       2.441       0.3696
       2.449       0.2331
       2.456       0.2526
       2.456        0.116
       2.464        0.116
       2.464     -0.04011
       2.471     -0.04011
       2.471      -0.1962
       2.479      -0.1962
       2.479      -0.3718
       2.486      -0.3718
       2.486      -0.5279
       2.494      -0.5279
       2.494       -0.645
       2.501       -0.645
       2.509      -0.7035
       2.517      -0.7425
       2.532       -0.684
       2.539      -0.5864
       2.539       -0.684
       2.547      -0.4694
       2.547      -0.5864
       2.554      -0.3523
       2.554      -0.4694
       2.562      -0.2352
       2.562      -0.3523
        2.57      -0.1182
        2.57      -0.2352
       2.577    -0.001084
       2.577      -0.1182
       2.585       0.1355
       2.585    -0.001084
       2.592       0.2916
       2.592       0.1355
         2.6       0.4087
         2.6       0.2721
       2.607       0.5062
       2.607       0.4087
        2.63       0.5453
       2.668       0.4087
       2.675       0.3501
       2.683       0.3111
       2.691       0.3111
       2.691       0.2526
       2.698       0.2526
       2.698        0.155
       2.706    -0.001084
       2.713    -0.001084
       2.713      -0.1182
       2.721      -0.2547
       2.728      -0.2547
       2.728      -0.3913
       2.736      -0.3913
       2.736      -0.4889
       2.744      -0.4889
       2.759      -0.4694
       2.759      -0.5279
       2.774      -0.3718
       2.781      -0.3718
       2.789      -0.2743
       2.796      -0.2743
       2.804      -0.1767
       2.804      -0.2352
       2.819     -0.04011
       2.819      -0.1182
       2.827      0.05745
       2.827     -0.04011
       2.834        0.155
       2.834      0.05745
       2.842       0.2331
       2.842       0.1355
       2.849       0.3111
       2.849       0.2331
       2.865       0.3892
       2.865       0.3501
        2.91       0.3306
        2.91       0.2721
       2.917       0.2136
       2.925        0.116
       2.933        0.116
       2.933      0.03794
        2.94      0.03794
        2.94     -0.04011
       2.948     -0.04011
       2.948      -0.1182
       2.955      -0.1767
        2.97      -0.2157
       2.978      -0.2547
       2.986      -0.2938
       3.023      -0.2938
       3.031      -0.2157
       3.039      -0.1377
       3.039      -0.2157
       3.046     -0.05962
       3.046      -0.1377
       3.054      0.03794
       3.054     -0.05962
       3.069       0.1355
       3.084        0.194
       3.129        0.155
       3.144       0.1355
       3.152        0.116
       3.152      0.07696
        3.16      0.07696
       3.182     -0.05962
        3.19      -0.1182
       3.205      -0.1962
        3.22      -0.2352
       3.235      -0.1962
       3.243      -0.1962
       3.258     -0.09864
       3.265      0.03794
       3.265     -0.04011
       3.273        0.116
       3.273      0.03794
       3.281        0.116
       3.288       0.2526
       3.288       0.1745
       3.296       0.3111
       3.296       0.2526
       3.303       0.3111
       3.334       0.3501
       3.356       0.3696
       3.364       0.3696
       3.371       0.3111
       3.379        0.194
       3.386        0.194
       3.386      0.05745
       3.394      0.05745
       3.394     -0.09864
       3.402     -0.09864
       3.402      -0.2547
       3.417      -0.3913
       3.424      -0.5279
       3.439      -0.4889
       3.439      -0.5279
       3.447      -0.4304
       3.455      -0.3523
       3.455      -0.4304
       3.462      -0.2547
       3.462      -0.3523
        3.47      -0.1572
        3.47      -0.2547
       3.477     -0.05962
       3.477      -0.1572
       3.485      0.03794
       3.485     -0.05962
       3.492      0.09648
         3.5      0.09648
       3.523        0.116
       3.538        0.116
       3.553        0.155
       3.553        0.116
        3.56        0.194
        3.56        0.155
       3.568       0.2526
       3.568        0.194
       3.576       0.2916
       3.583       0.2916
       3.598       0.2916
       3.598       0.2331
       3.606       0.1745
       3.621        0.116
       3.636      0.03794
       3.636    -0.001084
       3.651      -0.0206
       3.651     -0.05962
       3.659     -0.09864
       3.666     -0.09864
       3.674      -0.1377
       3.689      -0.1767
       3.704     -0.05962
       3.719     -0.04011
       3.742     -0.05962
       3.742     -0.09864
        3.78      -0.1182
       3.795     -0.07913
       3.802     -0.04011
       3.802     -0.07913
       3.818      0.05745
       3.825        0.116
       3.825      0.05745
       3.833        0.116
       3.848       0.1745
       3.878       0.2136
       3.878       0.1745
       3.886      0.09648
       3.893      0.09648
       3.893    -0.001084
       3.901     -0.05962
       3.908      -0.1182
       3.961      -0.1182
       3.976      -0.1182
       3.984      -0.1572
       3.999      -0.1572
       4.007     -0.07913
       4.052     -0.04011
       4.052     -0.07913
       4.105    -0.001084
       4.105     -0.04011
       4.113      0.03794
        4.12      0.09648
        4.12      0.03794
       4.128      0.09648
       4.135        0.155
       4.143       0.3111
       4.143       0.2331
        4.15       0.3111
       4.158       0.3696
       4.173       0.3306
       4.173       0.2526
       4.181       0.2526
       4.181       0.1745
       4.188       0.1745
       4.188        0.116
       4.196        0.116
       4.203      0.03794
       4.241      0.05745
       4.271      0.09648
       4.294        0.116
       4.302        0.155
       4.317        0.155
       4.324       0.1355
       4.324      0.09648
       4.332      0.09648
       4.347     -0.05962
       4.355     -0.05962
       4.362     -0.09864
        4.37     -0.04011
       4.392       0.1355
         4.4        0.116
       4.408      0.05745
       4.423     -0.04011
       4.423      -0.1767
        4.43      -0.1767
        4.43      -0.2938
       4.438      -0.2743
       4.453      -0.4108
       4.468      -0.3523
       4.468      -0.3913
       4.476      -0.3523
       4.483      -0.2352
       4.483      -0.3133
       4.491      -0.1767
       4.498     -0.07913
       4.498      -0.1767
       4.506    -0.001084
       4.506     -0.07913
       4.513      0.09648
       4.513    -0.001084
       4.521       0.1745
       4.521      0.09648
       4.529       0.1745
       4.536       0.2526
       4.544       0.3306
       4.544       0.2916
       4.566       0.3111
       4.582       0.2331
       4.589       0.1745
       4.597       0.1745
       4.597        0.116
       4.604        0.116
       4.604      0.05745
       4.619     -0.04011
       4.627     -0.09864
       4.635      -0.1377
       4.657      -0.1182
       4.657      -0.1572
       4.665     -0.07913
       4.665      -0.1182
        4.68      -0.1182
       4.687      -0.1182
       4.687      -0.2157
       4.695      -0.2157
       4.695      -0.3133
       4.703      -0.3133
       4.703      -0.3913
        4.74      -0.3523
        4.74      -0.4108
       4.748      -0.2743
       4.748      -0.3523
       4.756      -0.1572
       4.756      -0.2743
       4.763     -0.04011
       4.763      -0.1572
       4.771      0.05745
       4.771     -0.05962
       4.778        0.116
       4.778      0.05745
       4.786        0.116
       4.831       0.2721
       4.846       0.2526
       4.861        0.194
       4.869       0.1745
       4.899       0.1745
       4.907       0.1745
       4.922      0.09648
        4.93      0.05745
       4.952    -0.001084
       4.952     -0.04011
        4.96     -0.09864
       4.967     -0.09864
       4.967      -0.1767
       4.975      -0.1767
       4.975      -0.2352
       5.005      -0.1962
        5.02      -0.1182
        5.02      -0.1767
       5.035     -0.07913
       5.058      0.09648
       5.066        0.155
       5.066      0.09648
       5.073       0.2136
       5.081       0.2721
       5.081       0.2136
       5.088       0.2721
       5.103       0.2721
       5.103       0.2331
       5.126        0.155
       5.149        0.155
       5.156      0.07696
       5.164      0.07696
       5.164    -0.001084
       5.172    -0.001084
       5.172     -0.05962
       5.179     -0.05962
       5.194      -0.1377
       5.202      -0.1572
       5.217      -0.1377
       5.232     -0.05962
        5.24    -0.001084
        5.24     -0.05962
       5.247      0.03794
       5.247    -0.001084
       5.255      0.03794
        5.27      0.03794
         5.3      -0.0206
       5.308      -0.0206
       5.323      -0.0206
       5.338      0.03794
       5.353      0.05745
       5.368      0.07696
       5.383      0.09648
       5.421     -0.09864
       5.429     -0.07913
       5.474     -0.05962
       5.497      -0.0206
       5.504      0.03794
       5.504    -0.001084
       5.512      0.03794
        5.52       0.1355
        5.52      0.07696
       5.527       0.1355
        5.55       0.2331
       5.565       0.2136
        5.58       0.1355
        5.58      0.09648
       5.595      0.07696
       5.603     -0.05962
       5.618      -0.1377
       5.618      -0.2157
       5.625      -0.2743
       5.633      -0.2743
       5.648      -0.3523
       5.663      -0.2938
       5.663      -0.3523
       5.671      -0.2157
       5.671      -0.2938
       5.678      -0.1377
       5.678      -0.2157
       5.686     -0.05962
       5.686      -0.1377
       5.693    -0.001084
       5.693     -0.05962
       5.701      0.05745
       5.701    -0.001084
       5.709        0.116
       5.709      0.05745
       5.716        0.116
       5.731        0.194
       5.754       0.2331
       5.762       0.2721
       5.792       0.3111
       5.799        0.194
       5.815      0.07696
       5.822      0.07696
       5.837     -0.04011
       5.845     -0.07913
       5.845      -0.1182
        5.86      -0.1377
       5.875      -0.1767
       5.883      -0.2157
        5.89      -0.2547
       5.898      -0.2938
        5.92      -0.3523
       5.943      -0.2743
       5.951      -0.2157
       5.958      -0.1767
       5.966      -0.1377
       5.973     -0.09864
       5.981      -0.0206
       5.981     -0.09864
       5.988      0.07696
       5.988      -0.0206
       5.996        0.194
       5.996      0.07696
       6.004       0.2916
       6.004        0.194
       6.019       0.3306
       6.041       0.2916
       6.072       0.1745
        6.11      0.03794
        6.11    -0.001084
       6.155     -0.05962
       6.178     -0.05962
         6.2     -0.07913
       6.231     -0.05962
       6.238     -0.04011
       6.261      0.05745
       6.291        0.116
       6.336        0.155
       6.344       0.1745
       6.367       0.1745
       6.374        0.155
       6.405       0.1745
       6.427        0.194
       6.435      0.07696
       6.442     -0.07913
        6.45     -0.07913
        6.45      -0.2157
       6.457      -0.2157
       6.457      -0.3523
       6.465      -0.3523
       6.465      -0.4499
       6.473      -0.4499
       6.495      -0.4304
       6.503      -0.3523
       6.503      -0.4304
        6.51      -0.2547
        6.51      -0.3523
       6.518      -0.1767
       6.518      -0.2547
       6.526     -0.07913
       6.526      -0.1767
       6.533     -0.07913
       6.541        0.116
       6.548        0.194
       6.548        0.116
       6.556        0.194
       6.563       0.2916
       6.631       0.1745
       6.639        0.116
       6.654      0.09648
       6.654      0.05745
       6.662    -0.001084
       6.669    -0.001084
       6.669     -0.07913
       6.677     -0.07913
       6.677      -0.1572
       6.684      -0.1572
       6.684      -0.2352
       6.692      -0.2352
       6.692      -0.2743
         6.7      -0.2938
       6.737      -0.3523
       6.752      -0.2938
        6.76      -0.2157
        6.76      -0.2938
       6.768      -0.1572
       6.768      -0.2352
       6.775     -0.07913
       6.775      -0.1572
       6.783      -0.0206
       6.783     -0.07913
        6.79      -0.0206
       6.798        0.116
       6.798      0.03794
       6.805       0.1745
       6.805        0.116
       6.821       0.2136
       6.828       0.2526
       6.843       0.2721
       6.851       0.2526
       6.881       0.2136
       6.889        0.194
       6.896        0.155
       6.904        0.155
       6.904      0.09648
       6.911      0.09648
       6.919     -0.04011
       6.926     -0.04011
       6.926      -0.1182
       6.934      -0.1182
       6.949      -0.1962
       6.957      -0.2547
       6.987      -0.2547
       6.995      -0.2157
       7.002      -0.1767
       7.017     -0.05962
       7.017      -0.1182
       7.025    -0.001084
       7.025     -0.05962
       7.032      0.05745
       7.032    -0.001084
        7.04       0.1355
        7.04      0.05745
       7.047        0.194
       7.047       0.1355
       7.055        0.194
       7.063       0.2331
       7.085       0.2916
       7.116       0.2526
       7.123        0.194
       7.131        0.116
       7.138        0.116
       7.153      0.03794
       7.168      -0.0206
       7.168     -0.07913
       7.176     -0.07913
       7.176      -0.1377
       7.184      -0.1377
       7.184      -0.1962
       7.191      -0.1962
       7.199      -0.2352
       7.199      -0.2743
       7.214      -0.2743
       7.229      -0.2157
       7.244      -0.1962
       7.259      -0.2157
       7.274     -0.09864
       7.274      -0.1572
       7.282     -0.04011
       7.282     -0.09864
        7.29     -0.04011
       7.312      0.09648
        7.32       0.1355
        7.35       0.2721
       7.365       0.2721
       7.373       0.2526
       7.395        0.155
       7.433      0.03794
       7.441     -0.05962
       7.448     -0.05962
       7.448      -0.1182
       7.456      -0.1182
       7.456      -0.1767
       7.463      -0.1767
       7.463      -0.2352
       7.471      -0.2352
       7.471      -0.3133
       7.479      -0.3133
       7.486      -0.3523
       7.494      -0.3718
       7.516      -0.3523
       7.532      -0.3328
       7.539      -0.2547
       7.547      -0.1767
       7.547      -0.2547
       7.554     -0.05962
       7.554      -0.1767
       7.562      0.03794
       7.562     -0.05962
       7.569        0.155
       7.569      0.03794
       7.577       0.2331
       7.577        0.155
       7.584       0.3111
       7.584       0.2331
       7.592       0.3501
       7.592       0.3111
         7.6       0.3501
       7.622       0.4087
       7.645       0.4282
        7.66       0.4087
       7.668       0.3892
       7.675       0.3501
       7.698        0.194
       7.706      0.09648
       7.713      0.09648
       7.713     -0.04011
       7.721     -0.04011
       7.721      -0.1572
       7.728      -0.2743
       7.736      -0.2743
       7.736      -0.3328
       7.758      -0.3523
       7.774      -0.3523
       7.789      -0.3133
       7.804      -0.2547
       7.804      -0.2938
       7.819      -0.1962
       7.819      -0.2352
       7.834      -0.1767
       7.842      -0.1572
       7.857      -0.1182
       7.872     -0.07913
       7.879     -0.07913
       7.895      0.07696
       7.902      0.07696
        7.91        0.155
        7.91        0.116
       7.925       0.1745
       7.932       0.2136
        7.94       0.3501
       7.948       0.3501
       7.978       0.4087
       7.978       0.3696
       7.993       0.3306
       7.993       0.2721
       8.001        0.194
       8.016        0.116
       8.016      0.03794
       8.023      0.03794
       8.023     -0.05962
       8.031     -0.05962
       8.031      -0.1572
       8.038      -0.2547
       8.046      -0.2547
       8.046      -0.3133
       8.053      -0.3133
       8.069      -0.2743
       8.069      -0.3133
       8.091      -0.2547
       8.114      -0.1962
       8.114      -0.2547
       8.129     -0.09864
       8.144      -0.0206
       8.152      -0.0206
       8.159      0.07696
       8.167      0.07696
        8.19        0.194
       8.197       0.2526
       8.197       0.2136
       8.212       0.2916
        8.22       0.3306
       8.243       0.3892
       8.288       0.3501
       8.296       0.3111
       8.303       0.2721
       8.311       0.2721
       8.311        0.194
       8.318       0.1355
       8.326      0.05745
       8.333      0.05745
       8.333      -0.0206
       8.341      -0.0206
       8.341     -0.09864
       8.348     -0.09864
       8.348      -0.1767
       8.356      -0.1767
       8.356      -0.2743
       8.364      -0.3913
       8.371      -0.3913
       8.371      -0.5279
       8.379      -0.5279
       8.379      -0.6255
       8.386      -0.6255
       8.386       -0.684
       8.394      -0.7035
       8.417      -0.4694
       8.417      -0.5864
       8.424      -0.3523
       8.424      -0.4694
       8.432      -0.2352
       8.432      -0.3523
       8.439      -0.1572
       8.439      -0.2352
       8.447     -0.07913
       8.447      -0.1572
       8.454      -0.0206
       8.454     -0.07913
       8.462      0.03794
       8.462      -0.0206
       8.469      0.07696
         8.5       0.2136
       8.507       0.2721
       8.507       0.2136
       8.515       0.3501
       8.515       0.2721
       8.522       0.4087
       8.522       0.3501
        8.53       0.4867
        8.53       0.4087
        8.56       0.5843
       8.575       0.5648
       8.583       0.4477
       8.591       0.3306
       8.598       0.1355
       8.613     -0.04011
       8.613      -0.2157
       8.621      -0.3523
       8.628      -0.3523
       8.628      -0.4694
       8.636      -0.4499
       8.636      -0.5474
       8.643      -0.5474
       8.643       -0.606
       8.651       -0.606
       8.666      -0.5669
       8.674      -0.5669
       8.681      -0.4499
       8.689      -0.3718
       8.689      -0.4499
       8.696      -0.2938
       8.696      -0.3718
       8.704      -0.1767
       8.704      -0.2938
       8.712     -0.09864
       8.712      -0.1962
       8.719      -0.0206
       8.719     -0.09864
       8.749      0.09648
       8.764       0.1745
       8.772       0.2136
       8.772       0.1745
        8.78       0.2526
        8.78       0.2136
       8.787       0.3111
       8.787       0.2526
       8.795       0.3696
       8.795       0.3111
       8.802       0.4282
       8.802       0.3696
       8.825       0.4087
       8.833       0.2916
        8.84      0.09648
       8.848      0.09648
       8.848      -0.1377
       8.855      -0.3133
       8.863      -0.3133
       8.863      -0.4694
        8.87      -0.4694
        8.87      -0.5474
       8.908      -0.4108
       8.908      -0.4889
       8.916      -0.3328
       8.916      -0.4108
       8.923      -0.2547
       8.923      -0.3328
       8.931      -0.1767
       8.931      -0.2547
       8.938     -0.09864
       8.938      -0.1767
       8.946      -0.0206
       8.946     -0.09864
       8.954      0.07696
       8.954      -0.0206
       8.961        0.155
       8.961      0.07696
       8.969       0.2331
       8.969        0.155
       8.976       0.2331
