     0.01181       0.1381
     0.02693       0.1381
     0.04205      0.06445
      0.0496    -0.009207
     0.05716     -0.06445
     0.06472      -0.1381
     0.07228      -0.1934
      0.0874      -0.2302
     0.09496      -0.2302
      0.1101      -0.1749
      0.1176      -0.1197
      0.1252     -0.04604
      0.1327      0.04604
      0.1327    -0.009207
      0.1403      0.08286
      0.1479       0.1197
      0.1554       0.1749
      0.1705       0.2118
      0.1781       0.2118
      0.1932       0.1934
      0.2008       0.2302
      0.2159       0.2486
      0.2235       0.2486
       0.231       0.2118
      0.2386       0.1565
      0.2461       0.1197
      0.2612       0.1197
      0.2688       0.1381
      0.2839      0.08286
      0.2915      0.02762
       0.299     -0.02762
      0.3066      -0.1013
      0.3142      -0.1749
      0.3217      -0.2302
      0.3293       -0.267
      0.3368      -0.2486
      0.3444      -0.2118
       0.352      -0.1565
      0.3595      -0.1013
      0.3671     -0.06445
      0.3746    -0.009207
      0.3822     0.009207
      0.3897      0.04604
      0.3973      0.06445
      0.4049       0.1013
      0.4124       0.1381
        0.42       0.1749
      0.4275       0.2118
      0.4427       0.2486
      0.4502        0.267
      0.4578       0.3038
      0.4653       0.3407
      0.4804       0.2854
       0.488       0.1934
      0.4956       0.1197
      0.5031      0.06445
      0.5258     0.009207
      0.5334     -0.04604
      0.5409      -0.1013
      0.5485      -0.1565
      0.5636      -0.1749
      0.5712      -0.1565
      0.5863      -0.1565
      0.5938      -0.1565
      0.6014      -0.1381
      0.6089      -0.1197
      0.6165     -0.06445
      0.6241    -0.009207
      0.6316      0.06445
      0.6316     0.009207
      0.6392       0.1197
      0.6467       0.1934
      0.6543       0.2302
      0.6694       0.2486
       0.677       0.2302
      0.6845       0.1934
      0.6921       0.1749
      0.6996       0.1749
      0.7148       0.1565
      0.7223       0.1197
      0.7299      0.08286
      0.7374      0.06445
      0.7526     0.009207
      0.7601     0.009207
      0.7752     -0.04604
      0.7828      -0.1013
      0.7979      -0.1565
      0.8055      -0.1749
      0.8206      -0.1749
      0.8281      -0.1749
      0.8357      -0.1381
      0.8508      -0.1013
      0.8584      -0.1013
      0.8659      -0.1013
      0.8811      -0.1013
      0.8886     -0.08286
      0.8962     -0.06445
      0.9037    -0.009207
      0.9113      0.06445
      0.9113     0.009207
      0.9188       0.1013
      0.9264       0.1565
       0.934       0.1934
      0.9415       0.2486
      0.9491       0.3038
      0.9566       0.3775
      0.9642       0.4512
      0.9718        0.488
      0.9793       0.5248
      0.9869        0.488
      0.9944       0.4327
       1.002       0.3038
        1.01       0.1565
       1.017      0.06445
       1.017     -0.06445
       1.025      -0.2486
       1.032      -0.4327
        1.04      -0.5801
       1.047      -0.6537
       1.055      -0.6905
       1.062      -0.6537
        1.07      -0.6353
       1.078      -0.5616
       1.085       -0.488
       1.093      -0.3775
         1.1       -0.267
       1.108      -0.1565
       1.115     -0.08286
       1.123     -0.02762
        1.13      0.04604
        1.13     0.009207
       1.138      0.06445
       1.146       0.1381
       1.153       0.1934
       1.161        0.267
       1.168       0.3407
       1.176       0.3959
       1.183       0.4327
       1.199        0.488
       1.206        0.488
       1.214       0.5064
       1.229        0.488
       1.236       0.4512
       1.244       0.4143
       1.251       0.3223
       1.259       0.2118
       1.267       0.1013
       1.267     0.009207
       1.274     -0.04604
       1.282      -0.1749
       1.289      -0.3038
       1.297      -0.4327
       1.304      -0.5616
       1.312      -0.6353
       1.319      -0.6721
       1.327      -0.6721
       1.335      -0.6353
       1.342      -0.5801
        1.35       -0.488
       1.357      -0.3775
       1.365      -0.2486
       1.372      -0.1197
        1.38     -0.02762
       1.387      0.08286
       1.387     0.009207
       1.395       0.1381
       1.403       0.2302
        1.41       0.3223
       1.418       0.4143
       1.425       0.4696
       1.433       0.5248
        1.44       0.5432
       1.456       0.5248
       1.463       0.4696
       1.471       0.3775
       1.478        0.267
       1.486       0.1565
       1.493      0.08286
       1.493     0.009207
       1.501     -0.02762
       1.508      -0.1013
       1.516      -0.1565
       1.524      -0.1934
       1.531      -0.1934
       1.546      -0.1565
       1.554      -0.1565
       1.561      -0.1381
       1.576      -0.1565
       1.584      -0.1565
       1.592      -0.1565
       1.607      -0.1749
       1.614      -0.1934
       1.622      -0.1934
       1.637      -0.1565
       1.644      -0.1013
       1.652     -0.04604
        1.66      0.04604
        1.66    -0.009207
       1.667      0.08286
       1.675       0.1381
       1.682       0.2118
        1.69        0.267
       1.705        0.267
       1.713       0.2486
       1.728       0.2302
       1.735       0.2302
        1.75       0.2302
       1.758       0.1934
       1.765       0.1749
       1.781       0.1565
       1.788       0.1565
       1.796       0.1749
       1.811       0.1565
       1.818       0.1381
       1.826      0.08286
       1.841    -0.009207
       1.849     -0.06445
       1.856      -0.1197
       1.864      -0.1565
       1.871      -0.1749
       1.886      -0.1749
       1.894      -0.1565
       1.909      -0.1934
       1.917      -0.2302
       1.924       -0.267
       1.932      -0.3038
       1.939      -0.3223
       1.947      -0.3038
       1.954      -0.2302
       1.962      -0.1381
        1.97     -0.04604
       1.977      0.02762
       1.985       0.1013
       1.992       0.1749
           2       0.2302
       2.007       0.3038
       2.015       0.3775
       2.022       0.4327
        2.03       0.4696
       2.045       0.4512
       2.053       0.4143
        2.06       0.3775
       2.068       0.3591
       2.075       0.3223
       2.083       0.2854
        2.09       0.2486
       2.098       0.1934
       2.106       0.1381
       2.113      0.08286
       2.121     0.009207
       2.128     -0.04604
       2.136     -0.08286
       2.143      -0.1381
       2.151      -0.1934
       2.158      -0.2854
       2.166      -0.3775
       2.174      -0.5064
       2.181      -0.5985
       2.189      -0.6721
       2.196      -0.6721
       2.204      -0.6353
       2.211      -0.5616
       2.219       -0.488
       2.226      -0.3959
       2.234      -0.2854
       2.242      -0.1749
       2.249     -0.04604
       2.257      0.08286
       2.257     0.009207
       2.264       0.1565
       2.272       0.2486
       2.279       0.3223
       2.287       0.3959
       2.295       0.4512
       2.302       0.5064
        2.31       0.5616
       2.325       0.6169
       2.332       0.6169
       2.347       0.5985
       2.355       0.5616
       2.363        0.488
        2.37       0.3959
       2.378       0.3038
       2.385       0.1749
       2.393      0.04604
         2.4      -0.1013
       2.408       -0.267
       2.415      -0.4143
       2.423      -0.5248
       2.431      -0.6169
       2.438      -0.6721
       2.453      -0.6905
       2.461      -0.6537
       2.468      -0.5801
       2.476       -0.488
       2.483      -0.3775
       2.491       -0.267
       2.499      -0.1565
       2.506     -0.04604
       2.514       0.1013
       2.514     0.009207
       2.521       0.2118
       2.529       0.3407
       2.536       0.4512
       2.544       0.5064
       2.552       0.5432
       2.559       0.5432
       2.574        0.488
       2.582       0.4512
       2.589       0.4143
       2.597       0.3959
       2.604       0.3591
       2.612       0.3223
        2.62       0.2854
       2.627       0.1934
       2.635       0.1013
       2.635     0.009207
       2.642     -0.04604
        2.65      -0.1749
       2.657      -0.2854
       2.665      -0.3959
       2.672      -0.4696
        2.68       -0.488
       2.688      -0.4512
       2.695      -0.4143
       2.703      -0.3591
        2.71      -0.3223
       2.718       -0.267
       2.725      -0.2302
       2.733      -0.1749
        2.74      -0.1197
       2.748     -0.06445
       2.756      0.02762
       2.763       0.1197
       2.771       0.1934
       2.778        0.267
       2.786       0.3223
       2.793       0.3591
       2.801       0.3775
       2.816       0.3591
       2.824       0.3591
       2.839       0.3038
       2.846       0.2486
       2.854       0.1749
       2.861      0.08286
       2.869      0.04604
       2.869    -0.009207
       2.877     -0.06445
       2.884      -0.1197
       2.892      -0.1749
       2.899      -0.2118
       2.907      -0.2302
       2.922       -0.267
       2.929       -0.267
       2.945       -0.267
       2.952      -0.2486
        2.96      -0.2118
       2.967      -0.1565
       2.975     -0.08286
       2.982      0.04604
       2.982    -0.009207
        2.99      0.06445
       2.997       0.1197
       3.013       0.1934
        3.02       0.1934
       3.035       0.1934
       3.043       0.1749
       3.058       0.1565
       3.073       0.1381
       3.081       0.1013
       3.088      0.06445
       3.096     0.009207
       3.103     -0.02762
       3.111     -0.04604
       3.118     -0.08286
       3.126      -0.1013
       3.134      -0.1565
       3.141      -0.1934
       3.149      -0.2118
       3.164      -0.1934
       3.171      -0.1565
       3.179      -0.1013
       3.186     -0.04604
       3.194      0.04604
       3.194    -0.009207
       3.202      0.08286
       3.209       0.1565
       3.217       0.2118
       3.224       0.2854
       3.232       0.3223
       3.247       0.3591
       3.254       0.3591
       3.262       0.3591
       3.277       0.3591
       3.285       0.3775
         3.3       0.3223
       3.307       0.2486
       3.315       0.1197
       3.323      0.06445
       3.323     -0.04604
        3.33      -0.1565
       3.338      -0.2854
       3.345      -0.3959
       3.353      -0.4696
        3.36       -0.488
       3.368      -0.4696
       3.375      -0.4143
       3.383      -0.3591
       3.391       -0.267
       3.398      -0.1934
       3.406      -0.1013
       3.413      0.04604
       3.413     -0.02762
       3.421      0.08286
       3.428       0.1197
       3.436       0.1565
       3.443       0.1565
       3.451       0.1381
       3.466       0.1197
       3.474       0.1197
       3.481       0.1381
       3.489       0.1749
       3.496       0.2302
       3.504        0.267
       3.511       0.3038
       3.527        0.267
       3.534       0.2118
       3.542       0.1565
       3.549       0.1013
       3.557      0.06445
       3.564      0.02762
       3.579     -0.02762
       3.587     -0.06445
       3.595      -0.1013
       3.602      -0.1197
       3.617      -0.1381
       3.625      -0.1013
       3.632     -0.06445
       3.648    -0.009207
       3.655    -0.009207
        3.67     -0.06445
       3.685      -0.1013
       3.693      -0.1197
       3.708      -0.1013
       3.723     -0.06445
       3.731     -0.04604
       3.738     0.009207
       3.746      0.06445
       3.753       0.1013
       3.761       0.1381
       3.768       0.1749
       3.784       0.2118
       3.791       0.2118
       3.806       0.1934
       3.814       0.1381
       3.821      0.08286
       3.821     0.009207
       3.829    -0.009207
       3.836     -0.06445
       3.844      -0.1013
       3.859      -0.1197
       3.867      -0.1013
       3.882     -0.08286
       3.889     -0.08286
       3.905      -0.1013
       3.912      -0.1197
       3.927      -0.1197
       3.935     -0.08286
       3.942     -0.04604
        3.95     0.009207
       3.965     0.009207
       3.973    -0.009207
        3.98     -0.04604
       3.995      -0.1013
       4.003      -0.1013
        4.01     -0.08286
       4.025     -0.02762
       4.033    -0.009207
       4.041      0.02762
       4.048      0.08286
       4.056       0.1381
       4.063       0.1934
       4.071        0.267
       4.078       0.3223
       4.093       0.3407
       4.101       0.2854
       4.109       0.2118
       4.116       0.1565
       4.124       0.1013
       4.131      0.06445
       4.146      0.02762
       4.154      0.02762
       4.169      0.06445
       4.184      0.08286
       4.192      0.08286
       4.199       0.1013
       4.214       0.1197
       4.222       0.1381
       4.237       0.1565
       4.245       0.1565
       4.252       0.1197
        4.26      0.08286
       4.267      0.02762
       4.275     -0.02762
       4.282     -0.04604
       4.298     -0.04604
       4.305    -0.009207
       4.313      0.06445
        4.32       0.1197
       4.328       0.1381
       4.335       0.1013
       4.343     0.009207
        4.35     -0.08286
       4.358      -0.2118
       4.366      -0.2854
       4.373      -0.3407
       4.381      -0.3591
       4.396      -0.3407
       4.403      -0.3038
       4.411      -0.2486
       4.419      -0.1749
       4.426      -0.1013
       4.434     -0.02762
       4.441      0.08286
       4.441     0.009207
       4.449       0.1381
       4.456       0.1934
       4.464        0.267
       4.471       0.3038
       4.479       0.3223
       4.494       0.3223
       4.509       0.2486
       4.517       0.1934
       4.524       0.1565
       4.532       0.1013
       4.539      0.06445
       4.539     0.009207
       4.547    -0.009207
       4.555     -0.04604
       4.562      -0.1013
        4.57      -0.1197
       4.585      -0.1197
       4.592     -0.08286
         4.6     -0.06445
       4.607     -0.08286
       4.615      -0.1381
       4.623      -0.2302
        4.63      -0.3223
       4.638      -0.3591
       4.645      -0.3959
        4.66      -0.3775
       4.668      -0.3407
       4.676      -0.2854
       4.683      -0.1934
       4.691     -0.08286
       4.698      0.06445
       4.698    -0.009207
       4.706      0.08286
       4.713       0.1565
       4.721       0.2118
       4.744       0.2486
       4.751       0.2486
       4.759        0.267
       4.774       0.2486
       4.781       0.2118
       4.796       0.1749
       4.804       0.1565
       4.819       0.1565
       4.827       0.1749
       4.842       0.1565
       4.849       0.1197
       4.857      0.08286
       4.864      0.06445
       4.872      0.02762
        4.88    -0.009207
       4.887     -0.04604
       4.895      -0.1197
       4.902      -0.1749
        4.91      -0.2118
       4.925      -0.1934
       4.932      -0.1749
       4.948      -0.1197
       4.955     -0.08286
       4.963     -0.04604
        4.97     0.009207
       4.978      0.04604
       4.985      0.08286
       4.993       0.1381
       5.001       0.1934
       5.008       0.2486
       5.016       0.2854
       5.023       0.2854
       5.031       0.2486
       5.038       0.2118
       5.046       0.1749
       5.061       0.1381
       5.069       0.1381
       5.076       0.1565
       5.084       0.1197
       5.091      0.06445
       5.091     0.009207
       5.099    -0.009207
       5.106     -0.06445
       5.114     -0.08286
       5.129      -0.1197
       5.137      -0.1381
       5.144      -0.1197
       5.159     -0.06445
       5.167    -0.009207
       5.174      0.02762
       5.182      0.06445
       5.197      0.06445
       5.205      0.04604
       5.212     0.009207
        5.22    -0.009207
       5.227    -0.009207
       5.242    -0.009207
        5.25     0.009207
       5.265      0.04604
       5.273      0.04604
        5.28      0.06445
       5.295      0.08286
       5.303      0.08286
        5.31       0.1013
       5.326      0.06445
       5.333     0.009207
       5.341     -0.02762
       5.348     -0.06445
       5.356     -0.06445
       5.371     -0.06445
       5.378     -0.04604
       5.394     -0.04604
       5.401     -0.02762
       5.416    -0.009207
       5.424     0.009207
       5.431      0.02762
       5.439      0.06445
       5.446       0.1197
       5.454       0.1565
       5.462       0.2118
       5.477       0.2486
       5.484       0.2302
       5.492       0.1934
       5.499       0.1565
       5.507       0.1197
       5.522      0.06445
        5.53    -0.009207
       5.537     -0.08286
       5.545      -0.1565
       5.552      -0.2118
        5.56       -0.267
       5.567      -0.3038
       5.583      -0.3223
        5.59      -0.2854
       5.598      -0.2302
       5.605      -0.1565
       5.613     -0.08286
        5.62    -0.009207
       5.628      0.04604
       5.635       0.1013
       5.643       0.1381
       5.651       0.1934
       5.658       0.2118
       5.673       0.2118
       5.681       0.2302
       5.688       0.2486
       5.703       0.3038
       5.711       0.3038
       5.719       0.2854
       5.726       0.2302
       5.734       0.1749
       5.741       0.1197
       5.749      0.06445
       5.756    -0.009207
       5.764     -0.04604
       5.772     -0.08286
       5.787      -0.1197
       5.794      -0.1565
       5.802      -0.1565
       5.817      -0.2118
       5.824      -0.2486
       5.832      -0.2854
        5.84      -0.3223
       5.847      -0.3223
       5.862       -0.267
        5.87      -0.2118
       5.877      -0.1749
       5.885      -0.1381
         5.9      -0.1013
       5.908     -0.04604
       5.915      0.02762
       5.923       0.1381
        5.93       0.2486
       5.938       0.3038
       5.945       0.3407
        5.96       0.3223
       5.968       0.3038
       5.983        0.267
       5.991       0.2302
       5.998       0.1934
       6.013       0.1381
       6.021       0.1013
       6.029      0.06445
       6.036      0.02762
       6.051     -0.02762
       6.059     -0.04604
       6.074     -0.04604
       6.081     -0.02762
       6.097     -0.02762
       6.104     -0.02762
       6.119     -0.06445
       6.127     -0.06445
       6.142     -0.06445
       6.149     -0.04604
       6.157     -0.02762
       6.172     0.009207
        6.18      0.02762
       6.187      0.06445
       6.202      0.08286
        6.21       0.1013
       6.225       0.1197
       6.233       0.1381
       6.248       0.1381
       6.255       0.1381
       6.263       0.1565
       6.278       0.1749
       6.285       0.1749
       6.293       0.1749
       6.308       0.1381
       6.316       0.1381
       6.323       0.1749
       6.331       0.1934
       6.338       0.2302
       6.346        0.267
       6.354       0.2302
       6.361       0.1381
       6.369      0.06445
       6.369     -0.02762
       6.376      -0.1381
       6.384      -0.2486
       6.391      -0.3591
       6.399      -0.4327
       6.406      -0.4696
       6.422      -0.4143
       6.429      -0.3591
       6.437       -0.267
       6.444      -0.1934
       6.452      -0.1013
       6.459     -0.02762
       6.467      0.08286
       6.474       0.1565
       6.482       0.2302
        6.49       0.2854
       6.497       0.2854
       6.512       0.2854
        6.52        0.267
       6.535       0.2302
        6.55       0.1934
       6.558       0.1749
       6.565       0.1381
       6.573       0.1197
        6.58      0.08286
       6.588     0.009207
       6.595     -0.02762
       6.603      -0.1013
       6.611      -0.1749
       6.618      -0.2302
       6.626      -0.2486
       6.641      -0.2854
       6.648      -0.3038
       6.663      -0.3223
       6.679      -0.2854
       6.686      -0.2302
       6.694      -0.1749
       6.701      -0.1013
       6.709     -0.02762
       6.716      0.02762
       6.724      0.08286
       6.731       0.1565
       6.739       0.1934
       6.747       0.2302
       6.762        0.267
       6.769        0.267
       6.784       0.2302
       6.792       0.2302
       6.807       0.2302
       6.822       0.1749
        6.83       0.1381
       6.837      0.08286
       6.845    -0.009207
       6.852     -0.06445
        6.86      -0.1197
       6.868      -0.1565
       6.883      -0.2118
        6.89      -0.2302
       6.905       -0.267
       6.913      -0.2302
        6.92      -0.2118
       6.928      -0.1749
       6.936      -0.1197
       6.943     -0.06445
       6.951    -0.009207
       6.958      0.04604
       6.966       0.1013
       6.973       0.1749
       6.981       0.2118
       6.996        0.267
       7.004        0.267
       7.011       0.2854
       7.026       0.3038
       7.034       0.3038
       7.041        0.267
       7.049       0.2302
       7.056       0.1565
       7.064       0.1013
       7.072      0.06445
       7.087     0.009207
       7.094     -0.02762
       7.102     -0.08286
       7.109      -0.1381
       7.117      -0.1934
       7.125      -0.2302
        7.14      -0.2302
       7.147      -0.1934
       7.162      -0.1749
        7.17      -0.1749
       7.185      -0.1749
       7.193      -0.1565
         7.2      -0.1013
       7.208     -0.04604
       7.215    -0.009207
       7.223      0.06445
        7.23       0.1013
       7.245       0.1381
       7.253       0.1565
       7.261       0.1934
       7.268       0.2302
       7.276        0.267
       7.283       0.2854
       7.298        0.267
       7.306       0.2302
       7.313       0.1749
       7.321       0.1381
       7.329       0.1013
       7.336      0.08286
       7.351      0.06445
       7.359      0.02762
       7.366     -0.02762
       7.374     -0.06445
       7.382      -0.1197
       7.389      -0.1749
       7.397      -0.2486
       7.404      -0.3038
       7.412      -0.3223
       7.427      -0.3407
       7.434      -0.3223
       7.442      -0.3038
       7.457      -0.2854
       7.465      -0.2486
       7.472      -0.1934
        7.48      -0.1013
       7.487      0.04604
       7.487     -0.02762
       7.495       0.1013
       7.502       0.1934
        7.51        0.267
       7.518       0.3223
       7.525       0.3591
        7.54       0.3775
       7.548       0.3959
       7.563       0.3959
        7.57       0.4143
       7.586       0.3959
       7.593       0.3591
       7.608       0.3038
       7.616       0.2854
       7.623       0.2302
       7.631       0.1565
       7.638      0.04604
       7.646     -0.08286
       7.654      -0.1934
       7.661       -0.267
       7.669      -0.3038
       7.684      -0.3223
       7.691      -0.3407
       7.699      -0.3223
       7.714      -0.2854
       7.722       -0.267
       7.729      -0.2486
       7.744      -0.1934
       7.752      -0.1565
       7.767      -0.1197
       7.775      -0.1197
       7.782      -0.1013
       7.797     -0.06445
       7.805     -0.04604
       7.812     0.009207
        7.82      0.06445
       7.827       0.1013
       7.835       0.1381
        7.85       0.1934
       7.858       0.2486
       7.865       0.3223
       7.873       0.3591
        7.88       0.4143
       7.888       0.4143
       7.895       0.4143
       7.903       0.3775
       7.911       0.3407
       7.918       0.3038
       7.926       0.2302
       7.933       0.1565
       7.941      0.08286
       7.948      0.04604
       7.948    -0.009207
       7.956      -0.1013
       7.964      -0.1749
       7.971      -0.2486
       7.979      -0.2854
       7.986      -0.2854
       7.994       -0.267
       8.009      -0.2302
       8.016      -0.2302
       8.032      -0.2302
       8.039      -0.1934
       8.047      -0.1565
       8.054      -0.1013
       8.069     -0.02762
       8.077     0.009207
       8.084      0.06445
       8.092       0.1013
         8.1       0.1565
       8.107       0.1934
       8.115       0.2118
       8.122       0.2302
        8.13        0.267
       8.137       0.3038
       8.152       0.3591
        8.16       0.3775
       8.168       0.3959
       8.183       0.3959
        8.19       0.3775
       8.205       0.3407
       8.213       0.3407
       8.228       0.2854
       8.236       0.2302
       8.243       0.1749
       8.251       0.1013
       8.258      0.02762
       8.266     -0.04604
       8.273      -0.1197
       8.281      -0.2118
       8.289      -0.3038
       8.296      -0.4143
       8.304      -0.5248
       8.311      -0.5985
       8.319      -0.6353
       8.334      -0.5801
       8.341       -0.488
       8.349      -0.3775
       8.357       -0.267
       8.364      -0.1749
       8.372      -0.1013
       8.379     -0.02762
       8.387      0.04604
       8.387     0.009207
       8.394      0.06445
       8.409       0.1197
       8.417       0.1565
       8.425       0.1934
       8.432       0.2486
        8.44       0.3038
       8.447       0.3775
       8.455       0.4327
       8.462        0.488
        8.47       0.5248
       8.485       0.5616
       8.493       0.5432
         8.5       0.5248
       8.508       0.4696
       8.515       0.3775
       8.523       0.2302
        8.53       0.1013
        8.53    -0.009207
       8.538      -0.1197
       8.546      -0.2486
       8.553      -0.3775
       8.561      -0.4512
       8.568      -0.5248
       8.576      -0.5616
       8.583      -0.5616
       8.591      -0.5432
       8.598       -0.488
       8.606      -0.4327
       8.614      -0.3775
       8.621      -0.3038
       8.629      -0.2118
       8.636      -0.1197
       8.644     -0.04604
       8.651     0.009207
       8.659      0.06445
       8.666       0.1013
       8.674       0.1197
       8.689       0.1749
       8.697       0.1934
       8.704       0.2302
       8.712       0.2854
       8.719       0.3407
       8.727       0.3959
       8.735       0.4327
       8.742       0.4512
        8.75       0.4143
       8.757       0.3407
       8.765       0.1934
       8.772      0.08286
       8.772     -0.06445
        8.78      -0.1934
       8.787      -0.3591
       8.795      -0.4696
       8.803      -0.5064
        8.81      -0.5248
       8.818      -0.5064
       8.825      -0.4696
       8.833      -0.4143
        8.84      -0.3407
       8.848       -0.267
       8.855      -0.1934
       8.863      -0.1197
       8.871     -0.04604
       8.878      0.06445
       8.878     0.009207
       8.886       0.1197
       8.893       0.1934
       8.901       0.2486
       8.908       0.3038
       8.916       0.3223
       8.931       0.3775
       8.939       0.4143
       8.946       0.4512
       8.954       0.4696
       8.961       0.4512
       8.969       0.3959
       8.976       0.3223
