     0.01186      -0.1138
     0.03455      -0.0373
     0.04968    0.0009565
     0.06481    0.0009565
     0.07994     -0.01817
     0.09507     -0.05643
      0.1026     -0.05643
      0.1102     -0.01817
      0.1253      0.03922
      0.1329      0.07747
      0.1405       0.1157
       0.148        0.154
      0.1632       0.2114
      0.1707       0.2305
      0.1859       0.2114
      0.1934       0.1923
      0.2085       0.1923
      0.2161       0.1923
      0.2237        0.154
      0.2312      0.07747
      0.2388      0.02009
      0.2464      -0.0373
      0.2539     -0.09469
      0.2615      -0.1521
      0.2691      -0.1712
      0.2842      -0.1903
      0.2918      -0.1712
      0.3069       -0.133
      0.3145       -0.133
      0.3296      -0.1138
      0.3371     -0.09469
      0.3447     -0.05643
      0.3523      -0.0373
      0.3674      -0.0373
       0.375      -0.0373
      0.3825     -0.01817
      0.3977      0.03922
      0.4052      0.05835
      0.4204      0.07747
      0.4279      0.07747
      0.4355       0.1157
      0.4506        0.154
      0.4582       0.1731
      0.4733       0.1731
      0.4809       0.1731
      0.4884       0.1349
       0.496       0.0966
      0.5036      0.05835
      0.5111     -0.01817
      0.5187     -0.07556
      0.5263       -0.133
      0.5338      -0.1903
      0.5414      -0.2477
       0.549      -0.3051
      0.5565      -0.3434
      0.5641      -0.3625
      0.5792      -0.3625
      0.5868      -0.3434
      0.5944       -0.286
      0.6019      -0.2095
      0.6095      -0.1138
      0.6171     -0.01817
      0.6246      0.05835
      0.6322       0.0966
      0.6473       0.1157
      0.6549       0.1157
        0.67        0.154
      0.6776       0.1731
      0.6927       0.1923
      0.7003       0.1923
      0.7154       0.1731
       0.723       0.1731
      0.7381       0.2305
      0.7532       0.2305
      0.7608       0.2114
      0.7683       0.1731
      0.7759       0.1157
      0.7835      0.07747
       0.791      0.05835
      0.7986    0.0009565
      0.8062    0.0009565
      0.8213      -0.0373
      0.8289     -0.05643
       0.844     -0.07556
      0.8516     -0.05643
      0.8667      -0.0373
      0.8743     -0.01817
      0.8818      0.03922
      0.8894       0.0966
       0.897        0.154
      0.9045       0.2114
      0.9121       0.2496
      0.9272       0.2496
      0.9348       0.2305
      0.9423       0.1923
      0.9499        0.154
      0.9575       0.0966
       0.965      0.05835
       0.965    0.0009565
      0.9726     -0.01817
      0.9802     -0.07556
      0.9877      -0.1138
       1.003      -0.1521
        1.01      -0.1521
       1.018       -0.133
       1.033      -0.1138
       1.041      -0.1138
       1.048     -0.07556
       1.056     -0.05643
       1.063     -0.01817
       1.071    0.0009565
       1.086     -0.01817
       1.094      -0.0373
       1.101     -0.05643
       1.116     -0.09469
       1.131     -0.07556
       1.139     -0.05643
       1.154      -0.0373
       1.169      0.05835
       1.177       0.1157
       1.184       0.1923
       1.192       0.2305
       1.207       0.1923
       1.215        0.154
       1.222       0.1157
        1.23      0.07747
       1.237      0.05835
       1.245    0.0009565
       1.253     -0.01817
       1.268     -0.01817
       1.283    0.0009565
        1.29    0.0009565
       1.313      0.03922
       1.321      0.02009
       1.336     -0.01817
       1.351     -0.07556
       1.358     -0.09469
       1.374     -0.07556
       1.389     -0.05643
       1.396     -0.05643
       1.411      -0.0373
       1.419     -0.01817
       1.434    0.0009565
       1.442    0.0009565
       1.449      0.03922
       1.457      0.07747
       1.472      0.07747
       1.479      0.05835
       1.487    0.0009565
       1.495      -0.0373
        1.51     -0.05643
       1.517     -0.05643
       1.532      -0.0373
        1.54      -0.0373
       1.555     -0.05643
       1.563      -0.0373
        1.57    0.0009565
       1.578      0.02009
       1.585      0.05835
       1.593      0.07747
         1.6       0.1157
       1.608       0.1349
       1.623        0.154
       1.631        0.154
       1.638       0.1157
       1.646      0.07747
       1.653      0.02009
       1.661      -0.0373
       1.669     -0.09469
       1.676       -0.133
       1.684       -0.133
       1.699     -0.09469
       1.706     -0.05643
       1.722      -0.0373
       1.729     -0.01817
       1.744    0.0009565
       1.752    0.0009565
       1.759    0.0009565
       1.774      -0.0373
       1.782     -0.05643
        1.79      -0.0373
       1.805    0.0009565
       1.812    0.0009565
        1.82      0.03922
       1.827      0.05835
       1.843      0.07747
        1.85       0.0966
       1.865       0.1349
       1.873       0.1349
       1.888        0.154
       1.903       0.0966
       1.911      0.05835
       1.911    0.0009565
       1.918      -0.0373
       1.926     -0.09469
       1.933      -0.1521
       1.948      -0.1903
       1.956      -0.1712
       1.964       -0.133
       1.971     -0.07556
       1.979     -0.01817
       1.986      0.05835
       1.986    0.0009565
       1.994      0.07747
       2.009       0.1157
       2.017       0.1157
       2.032       0.1157
       2.039       0.1157
       2.054      0.07747
       2.062      0.07747
       2.077      0.05835
       2.085      0.07747
         2.1       0.0966
       2.107       0.1157
       2.122        0.154
        2.13       0.1731
       2.145        0.154
       2.153       0.1157
        2.16      0.07747
       2.168      0.03922
       2.175    0.0009565
       2.191     -0.05643
       2.198     -0.09469
       2.206       -0.133
       2.213      -0.1712
       2.228      -0.1903
       2.236      -0.1712
       2.244       -0.133
       2.251     -0.09469
       2.259     -0.05643
       2.266    0.0009565
       2.274      0.03922
       2.281      0.03922
       2.296      0.03922
       2.304      0.03922
       2.312      0.05835
       2.334      0.05835
       2.342      0.05835
       2.357      0.05835
       2.365      0.07747
        2.38      0.07747
       2.387      0.07747
       2.402      0.07747
        2.41       0.0966
       2.418       0.0966
       2.433      0.03922
       2.433    0.0009565
        2.44     -0.01817
       2.455     -0.07556
       2.463      -0.1138
        2.47      -0.1521
       2.478      -0.1712
       2.493      -0.1903
       2.501      -0.1903
       2.508      -0.1712
       2.523      -0.1521
       2.531      -0.1138
       2.539     -0.07556
       2.546     -0.01817
       2.554      0.02009
       2.561      0.05835
       2.576       0.1157
       2.584       0.1157
       2.599       0.1349
       2.614        0.154
       2.622        0.154
       2.629       0.1731
       2.644       0.1731
       2.652       0.1731
        2.66       0.1923
       2.675       0.2114
       2.682       0.2114
       2.697        0.154
       2.705      0.07747
       2.713      0.03922
       2.713     -0.01817
        2.72     -0.09469
       2.728      -0.2095
       2.735       -0.286
       2.743      -0.3625
        2.75      -0.4008
       2.758      -0.4199
       2.765      -0.3816
       2.773      -0.3242
       2.781      -0.2669
       2.788      -0.1903
       2.796       -0.133
       2.803     -0.05643
       2.811    0.0009565
       2.818      0.05835
       2.826      0.07747
       2.841      0.07747
       2.849      0.05835
       2.856    0.0009565
       2.864     -0.01817
       2.879     -0.01817
       2.887     -0.01817
       2.902    0.0009565
       2.909      0.05835
       2.924       0.0966
       2.932       0.1349
       2.947       0.1923
       2.955       0.2114
        2.97       0.2305
       2.977       0.2114
       2.985       0.1731
       2.992       0.1349
           3       0.1157
       3.015       0.0966
       3.023       0.0966
       3.038       0.0966
       3.053      0.05835
       3.061      0.05835
       3.076      0.07747
       3.091       0.0966
       3.098       0.0966
       3.106      0.05835
       3.121    0.0009565
       3.129     -0.01817
       3.144     -0.05643
       3.151     -0.07556
       3.166     -0.09469
       3.174     -0.09469
       3.182     -0.07556
       3.197      -0.1138
       3.204       -0.133
       3.212       -0.133
       3.227       -0.133
       3.235     -0.09469
        3.25     -0.07556
       3.257     -0.07556
       3.272     -0.05643
       3.287     -0.01817
       3.303      0.03922
        3.31      0.03922
       3.333    0.0009565
        3.34    0.0009565
       3.356     -0.01817
       3.363     -0.01817
       3.371    0.0009565
       3.386      0.02009
       3.393      0.05835
       3.409       0.0966
       3.416       0.1157
       3.431       0.1157
       3.446       0.0966
       3.454       0.0966
       3.469       0.0966
       3.477       0.0966
       3.492      0.05835
       3.499      0.05835
       3.514      0.05835
       3.522      0.05835
       3.537      0.05835
       3.545      0.07747
        3.56      0.05835
       3.567      0.03922
       3.575    0.0009565
       3.582     -0.01817
        3.59     -0.01817
       3.605      -0.0373
       3.613     -0.05643
       3.628      -0.0373
       3.643     -0.01817
       3.651     -0.01817
       3.666    0.0009565
       3.681      0.02009
       3.696    0.0009565
       3.711      -0.0373
       3.719     -0.01817
       3.734    0.0009565
       3.741    0.0009565
       3.756     -0.01817
       3.764     -0.01817
       3.779     -0.01817
       3.787     -0.01817
       3.794    0.0009565
       3.802      0.03922
       3.809      0.05835
       3.825       0.0966
       3.832       0.1157
       3.847       0.1349
       3.855        0.154
        3.87        0.154
       3.878       0.1349
       3.885       0.1157
         3.9      0.07747
       3.908      0.05835
       3.915      0.07747
        3.93      0.07747
       3.938      0.07747
       3.946       0.0966
       3.961      0.07747
       3.968      0.05835
       3.983    0.0009565
       3.991    0.0009565
       4.006     -0.05643
       4.014     -0.09469
       4.021       -0.133
       4.036      -0.1712
       4.044      -0.1903
       4.059      -0.1712
       4.074      -0.1712
       4.082       -0.133
       4.089      -0.1138
       4.097     -0.05643
       4.104      0.02009
       4.112      0.07747
        4.12       0.1157
       4.127       0.1349
       4.142       0.1349
        4.15       0.1349
       4.157       0.0966
       4.165      0.05835
       4.173      0.02009
       4.188      -0.0373
       4.195      -0.0373
       4.203     -0.01817
       4.218      -0.0373
       4.226     -0.05643
       4.233     -0.09469
       4.248      -0.1521
       4.256      -0.1521
       4.271       -0.133
       4.278      -0.1138
       4.286     -0.09469
       4.294     -0.05643
       4.301    0.0009565
       4.316      0.02009
       4.324      0.03922
       4.339      0.07747
       4.354       0.0966
       4.362       0.0966
       4.377       0.0966
       4.384       0.0966
       4.392       0.1157
       4.407       0.1157
       4.415       0.1157
        4.43       0.0966
       4.437      0.07747
       4.452     -0.01817
       4.468     -0.05643
       4.475     -0.07556
        4.49      -0.0373
       4.505    0.0009565
       4.513    0.0009565
       4.528      0.02009
       4.543    0.0009565
       4.558    0.0009565
       4.566      0.02009
       4.581      0.03922
       4.589      0.02009
       4.596     -0.01817
       4.604      -0.0373
       4.619     -0.07556
       4.626     -0.07556
       4.642     -0.07556
       4.649     -0.05643
       4.657     -0.01817
       4.664      0.02009
       4.672      0.07747
       4.679       0.1349
       4.695       0.1923
       4.702       0.1923
        4.71       0.1731
       4.717       0.1349
       4.725       0.0966
       4.732      0.07747
       4.747    0.0009565
       4.755      -0.0373
        4.77     -0.07556
       4.778     -0.07556
       4.785     -0.05643
         4.8      -0.0373
       4.808      -0.0373
       4.823    0.0009565
       4.831      0.02009
       4.846      0.03922
       4.853    0.0009565
       4.861      -0.0373
       4.876     -0.07556
       4.884     -0.05643
       4.891     -0.01817
       4.899      0.05835
       4.899    0.0009565
       4.906       0.0966
       4.914       0.1349
       4.921       0.1731
       4.929       0.1923
       4.944        0.154
       4.952       0.1349
       4.967       0.0966
       4.974       0.0966
        4.99      0.07747
       4.997      0.07747
       5.012      0.03922
        5.02    0.0009565
       5.035    0.0009565
        5.05     -0.01817
       5.058     -0.01817
       5.073     -0.01817
        5.08    0.0009565
       5.095      0.03922
       5.103      0.05835
       5.118      0.05835
       5.126      0.05835
       5.133      0.05835
       5.141      0.02009
       5.156     -0.01817
       5.164      -0.0373
       5.179      -0.0373
       5.186      -0.0373
       5.201      -0.0373
       5.217      -0.0373
       5.224      -0.0373
       5.232     -0.01817
       5.247      -0.0373
       5.254      -0.0373
       5.269      -0.0373
       5.277     -0.01817
       5.285    0.0009565
         5.3     -0.01817
       5.307     -0.01817
        5.33     -0.05643
       5.338     -0.07556
       5.353      -0.1138
        5.36       -0.133
       5.375       -0.133
       5.383     -0.09469
       5.391     -0.07556
       5.398      -0.0373
       5.406    0.0009565
       5.413      0.03922
       5.421      0.05835
       5.428      0.07747
       5.443      0.07747
       5.451      0.07747
       5.459       0.0966
       5.474       0.1157
       5.481       0.1157
       5.496      0.07747
       5.504      0.07747
       5.527    0.0009565
       5.534    0.0009565
       5.549    0.0009565
       5.565      0.03922
       5.572      0.05835
       5.587      0.07747
       5.595      0.05835
       5.602    0.0009565
        5.61      -0.0373
       5.617     -0.07556
       5.625      -0.1138
        5.64     -0.09469
       5.655     -0.07556
       5.663     -0.05643
       5.678      -0.0373
       5.686      -0.0373
       5.701    0.0009565
       5.723      0.02009
       5.731      0.02009
       5.746      0.03922
       5.754      0.05835
       5.769      0.05835
       5.776      0.05835
       5.784      0.05835
       5.791      0.02009
       5.807     -0.01817
       5.814     -0.01817
       5.829     -0.01817
       5.837     -0.01817
       5.852     -0.01817
       5.867      -0.0373
       5.875     -0.01817
        5.89      0.02009
       5.897      0.05835
       5.912      0.05835
       5.928      0.03922
       5.935    0.0009565
       5.943    0.0009565
       5.958      -0.0373
       5.965     -0.05643
       5.973      -0.0373
       5.988    0.0009565
       5.996    0.0009565
       6.011      0.02009
       6.018    0.0009565
       6.034      0.03922
       6.041      0.07747
       6.049       0.1349
       6.056       0.1731
       6.071       0.1731
       6.079       0.1349
       6.086      0.07747
       6.094     -0.01817
       6.102     -0.05643
       6.109      -0.1138
       6.117      -0.1521
       6.132      -0.1712
       6.139      -0.1521
       6.147      -0.1138
       6.155     -0.05643
       6.162      0.02009
        6.17       0.0966
       6.177       0.1731
       6.185       0.2305
       6.192       0.2688
         6.2       0.2879
       6.215       0.2688
       6.223       0.2496
       6.238       0.2114
       6.245       0.1731
       6.253       0.1349
        6.26       0.0966
       6.276      0.07747
       6.283      0.07747
       6.291       0.0966
       6.306       0.1157
       6.313       0.1349
       6.329       0.1349
       6.336       0.1349
       6.351       0.1157
       6.366      0.05835
       6.374      0.02009
       6.382      -0.0373
       6.389     -0.07556
       6.397       -0.133
       6.404      -0.1712
       6.412      -0.2095
       6.419      -0.2286
       6.434      -0.2095
       6.442      -0.1903
       6.457      -0.1712
       6.465      -0.1521
        6.48      -0.1138
       6.487      -0.1138
       6.495      -0.1138
        6.51      -0.1521
       6.525       -0.133
       6.533     -0.09469
        6.54     -0.05643
       6.548    0.0009565
       6.556    0.0009565
       6.563      0.05835
       6.578       0.1157
       6.586        0.154
       6.593       0.1923
       6.608       0.2114
       6.616       0.1923
       6.631       0.2114
       6.646       0.1923
       6.654       0.1731
       6.661       0.1349
       6.669       0.0966
       6.677      0.05835
       6.684      0.02009
       6.692     -0.01817
       6.707     -0.07556
       6.714     -0.09469
        6.73      -0.1138
       6.745       -0.133
       6.752       -0.133
        6.76      -0.1138
       6.775      -0.1138
       6.782       -0.133
       6.798      -0.1138
       6.813     -0.07556
        6.82      -0.0373
       6.835    0.0009565
       6.843    0.0009565
       6.858      0.02009
       6.866    0.0009565
       6.873     -0.01817
       6.888     -0.07556
       6.896     -0.09469
       6.911     -0.09469
       6.926     -0.07556
       6.941     -0.07556
       6.949     -0.07556
       6.964     -0.07556
       6.972     -0.05643
       6.987      -0.0373
       6.994     -0.01817
       7.002      0.05835
       7.009       0.0966
       7.017        0.154
       7.025       0.1923
        7.04       0.1923
       7.047       0.1731
       7.062       0.1731
        7.07       0.1923
       7.085       0.1923
       7.093       0.1731
       7.108       0.1157
       7.115      0.07747
       7.123      0.05835
        7.13      0.02009
       7.146     -0.01817
       7.153     -0.01817
       7.168    0.0009565
       7.176    0.0009565
       7.183      0.05835
       7.191      0.07747
       7.206       0.1349
       7.214       0.1349
       7.221        0.154
       7.236       0.1731
       7.244        0.154
       7.251       0.1157
       7.267      0.05835
       7.274      0.02009
       7.289     -0.01817
       7.297      -0.0373
       7.312     -0.05643
       7.327      -0.0373
       7.342    0.0009565
        7.35    0.0009565
       7.357      0.03922
       7.365      0.03922
        7.38      0.03922
       7.388      0.02009
       7.403     -0.01817
        7.41     -0.05643
       7.425     -0.07556
       7.433     -0.09469
       7.448      -0.1521
       7.456      -0.1903
       7.463      -0.2286
       7.478      -0.2477
       7.486      -0.2286
       7.501      -0.1903
       7.509      -0.1521
       7.516      -0.1138
       7.524     -0.07556
       7.539     -0.01817
       7.547    0.0009565
       7.554      0.05835
       7.562      0.07747
       7.569       0.1157
       7.577       0.1731
       7.584       0.2114
       7.592       0.2496
       7.607       0.2114
       7.615       0.1731
       7.622       0.1157
        7.63       0.0966
       7.645       0.0966
       7.652       0.1157
       7.668       0.1349
       7.675       0.1349
        7.69       0.1349
       7.705       0.0966
       7.713      0.07747
       7.721      0.03922
       7.728     -0.01817
       7.736     -0.05643
       7.743     -0.09469
       7.758       -0.133
       7.766       -0.133
       7.781      -0.1138
       7.789      -0.1138
       7.796     -0.09469
       7.804     -0.05643
       7.811     -0.01817
       7.819      0.05835
       7.826       0.0966
       7.834       0.1157
       7.842       0.1157
       7.857       0.0966
       7.864       0.0966
       7.879      0.07747
       7.887      0.07747
       7.902      0.05835
        7.91      0.03922
       7.917    0.0009565
       7.925     -0.05643
       7.932     -0.09469
        7.94      -0.1138
       7.955      -0.1138
       7.963     -0.09469
        7.97     -0.05643
       7.978     -0.01817
       7.993      0.03922
           8      0.03922
       8.008      0.02009
       8.016     -0.01817
       8.023     -0.05643
       8.031     -0.07556
       8.046     -0.09469
       8.053     -0.07556
       8.061      -0.0373
       8.068     -0.01817
       8.084      0.03922
       8.091      0.03922
       8.106      0.03922
       8.114      0.05835
       8.129       0.1157
       8.137        0.154
       8.152       0.1923
       8.159       0.2114
       8.174       0.1731
        8.19       0.1157
       8.197       0.0966
       8.205      0.05835
       8.212      0.03922
        8.22    0.0009565
       8.227     -0.01817
       8.242     -0.05643
        8.25     -0.07556
       8.265      -0.1138
       8.273      -0.1138
       8.288     -0.09469
       8.295     -0.07556
       8.303      -0.0373
       8.311     -0.01817
       8.326     -0.01817
       8.333     -0.01817
       8.348     -0.01817
       8.356     -0.01817
       8.364    0.0009565
       8.379      0.03922
       8.386      0.05835
       8.401      0.05835
       8.409      0.05835
       8.424      0.05835
       8.432      0.05835
       8.447      0.07747
       8.454      0.07747
       8.462      0.07747
       8.477      0.03922
       8.485      0.02009
         8.5    0.0009565
       8.507    0.0009565
       8.522    0.0009565
        8.53    0.0009565
       8.545    0.0009565
       8.553    0.0009565
       8.568    0.0009565
       8.575    0.0009565
       8.583      -0.0373
       8.598     -0.07556
       8.606     -0.09469
       8.621     -0.07556
       8.636      -0.0373
       8.643     -0.01817
       8.651    0.0009565
       8.666    0.0009565
       8.674      0.03922
       8.681      0.05835
       8.696       0.0966
       8.704      0.07747
       8.712      0.07747
       8.727      0.05835
       8.734      0.05835
       8.742      0.07747
       8.757       0.1349
       8.764        0.154
        8.78        0.154
       8.787       0.1157
       8.795      0.07747
       8.802      0.02009
        8.81     -0.01817
       8.817     -0.07556
       8.825     -0.09469
        8.84       -0.133
       8.848       -0.133
       8.863      -0.1138
        8.87      -0.1138
       8.886      -0.1521
       8.893      -0.1712
       8.901      -0.1521
       8.916     -0.09469
       8.923     -0.05643
       8.931    0.0009565
       8.938      0.05835
       8.946      0.07747
       8.969       0.1731
       8.976       0.2114
