     0.01186      -0.0813
     0.01942     -0.06143
     0.03455     -0.04155
     0.04212     -0.04155
     0.05725     -0.04155
     0.06481     -0.04155
     0.07994     -0.04155
     0.08751     -0.04155
     0.09507     -0.04155
      0.1178     -0.06143
      0.1253     -0.04155
      0.1405    -0.001807
       0.148      0.05781
      0.1556       0.1174
      0.1632       0.1969
      0.1707       0.2565
      0.1783       0.2963
      0.1859       0.2963
       0.201       0.2168
      0.2161       0.1771
      0.2237       0.1572
      0.2312       0.1771
      0.2464       0.1771
      0.2539       0.1572
      0.2691       0.1373
      0.2842      0.07769
      0.2918      0.05781
      0.3069    -0.001807
      0.3145     -0.02168
       0.322     -0.06143
      0.3296      -0.0813
      0.3447       -0.121
      0.3523      -0.1409
      0.3674      -0.1409
       0.375      -0.1409
      0.3901      -0.1608
      0.3977      -0.1807
      0.4128      -0.1409
      0.4279       -0.121
      0.4355      -0.1012
      0.4506      -0.1012
      0.4582      -0.1012
      0.4733      -0.1012
      0.4809      -0.1012
       0.496       -0.121
      0.5111      -0.1807
      0.5187      -0.2204
      0.5338      -0.2602
      0.5414        -0.28
      0.5565      -0.2602
      0.5717        -0.28
      0.5792      -0.2999
      0.5944      -0.3198
      0.6019      -0.2999
      0.6095      -0.2602
      0.6171      -0.1409
      0.6246      0.03794
      0.6246     -0.04155
      0.6322      0.09756
      0.6397       0.1969
      0.6473       0.2367
      0.6624       0.2367
        0.67       0.2565
      0.6851       0.2764
      0.6927       0.2963
      0.7078       0.3559
      0.7154       0.3957
      0.7305       0.4354
      0.7381       0.4553
      0.7532       0.4752
      0.7608        0.495
      0.7759       0.4354
      0.7835       0.3957
       0.791        0.336
      0.7986       0.2764
      0.8062       0.1969
      0.8137       0.1572
      0.8213      0.09756
      0.8289      0.05781
      0.8364    -0.001807
       0.844     -0.04155
      0.8591      -0.1012
      0.8667       -0.121
      0.8818      -0.1608
      0.8894      -0.1608
       0.897      -0.1409
      0.9121      -0.1409
      0.9196      -0.1409
      0.9272      -0.1409
      0.9423      -0.1807
      0.9499      -0.2005
       0.965      -0.1807
      0.9726      -0.1409
      0.9877      -0.0813
      0.9953      -0.0813
       1.003      -0.0813
       1.018       -0.121
       1.026       -0.121
       1.041      -0.1608
       1.048      -0.1608
       1.063      -0.1409
       1.071      -0.1409
       1.086      -0.1409
       1.094      -0.1608
       1.101      -0.1608
       1.116      -0.1608
       1.124       -0.121
       1.131     -0.04155
       1.139      0.05781
       1.139    -0.001807
       1.147       0.1174
       1.154       0.1771
       1.162       0.2367
       1.177       0.2764
       1.184       0.2963
         1.2        0.336
       1.215       0.3559
       1.222       0.3559
       1.237       0.3162
       1.245       0.2963
        1.26       0.2367
       1.268       0.2168
       1.275       0.1969
        1.29       0.1572
       1.298       0.1174
       1.313      0.07769
       1.321      0.05781
       1.336      0.03794
       1.343      0.03794
       1.351      0.01807
       1.366     -0.06143
       1.374      -0.1012
       1.381       -0.121
       1.396      -0.1807
       1.404      -0.2005
       1.419      -0.2403
       1.426      -0.2403
       1.442      -0.2602
       1.449        -0.28
       1.457        -0.28
       1.472      -0.2999
       1.479      -0.2602
       1.487      -0.2204
       1.495      -0.1608
       1.502     -0.06143
        1.51      0.03794
       1.517       0.1174
       1.525       0.1572
        1.54       0.1572
       1.548       0.1373
       1.563      0.09756
        1.57      0.09756
       1.578       0.1174
       1.593       0.1174
         1.6       0.1373
       1.616       0.1373
       1.623       0.1174
       1.638      0.07769
       1.646      0.05781
       1.661      0.05781
       1.669      0.05781
       1.684      0.01807
       1.691    -0.001807
       1.706     -0.04155
       1.714     -0.04155
       1.722     -0.04155
       1.737     -0.04155
       1.744     -0.04155
       1.759     -0.06143
       1.767      -0.0813
       1.782      -0.1012
       1.797      -0.1409
       1.805      -0.1409
        1.82      -0.1807
       1.827      -0.2005
       1.843      -0.2005
        1.85      -0.1409
       1.858     -0.06143
       1.865      0.07769
       1.865    -0.001807
       1.873       0.1174
        1.88       0.1771
       1.888       0.1771
       1.911       0.1771
       1.926       0.2168
       1.933       0.2367
       1.941       0.2764
       1.948       0.2764
       1.956       0.2963
       1.971       0.2764
       1.979       0.2764
       1.994       0.2367
       2.001       0.1969
       2.009       0.1373
       2.017      0.09756
       2.024      0.05781
       2.039      0.03794
       2.047      0.03794
       2.062      0.03794
       2.077      0.01807
         2.1      0.03794
       2.107      0.03794
       2.122      0.03794
        2.13    -0.001807
       2.138     -0.04155
       2.145      -0.0813
       2.153       -0.121
       2.168      -0.1608
       2.175      -0.1608
       2.191      -0.1012
       2.198     -0.04155
       2.206      0.05781
       2.206    -0.001807
       2.213      0.07769
       2.228      0.09756
       2.236      0.07769
       2.251      0.03794
       2.259      0.03794
       2.274      0.03794
       2.281      0.01807
       2.296    -0.001807
       2.312     -0.02168
       2.319     -0.04155
       2.327      -0.0813
       2.334       -0.121
       2.342      -0.1807
       2.349      -0.2403
       2.357      -0.2999
       2.365      -0.3397
       2.372      -0.3794
        2.38      -0.3993
       2.395       -0.439
       2.402       -0.439
        2.41      -0.4192
       2.425      -0.3794
       2.433      -0.3397
        2.44      -0.2999
       2.448      -0.2602
       2.455      -0.2204
       2.463      -0.2005
       2.478      -0.1608
       2.486       -0.121
       2.493      -0.0813
       2.501      0.03794
       2.501     -0.02168
       2.508      0.09756
       2.516       0.1969
       2.523       0.2963
       2.531       0.3758
       2.539       0.4155
       2.546       0.4155
       2.561       0.4155
       2.569       0.3957
       2.584       0.3957
       2.599       0.3957
       2.607       0.3957
       2.614       0.3559
       2.629       0.2963
       2.637       0.2565
       2.644       0.2168
        2.66       0.1572
       2.667       0.1373
       2.682      0.09756
        2.69      0.07769
       2.705      0.03794
       2.713    -0.001807
        2.72     -0.04155
       2.728      -0.0813
       2.735       -0.121
        2.75      -0.1608
       2.758      -0.1807
       2.773      -0.2005
       2.781      -0.2005
       2.796      -0.2005
       2.803      -0.2005
       2.811      -0.2005
       2.826      -0.2005
       2.834      -0.1608
       2.841      -0.1012
       2.849      0.05781
       2.849     -0.02168
       2.856      0.09756
       2.864       0.1771
       2.871       0.2168
       2.887       0.1969
       2.894       0.1771
       2.909       0.1174
       2.917      0.07769
       2.924      0.05781
       2.932    -0.001807
       2.939     -0.04155
       2.947      -0.0813
       2.962       -0.121
        2.97      -0.1608
       2.977      -0.2005
       2.992      -0.2403
           3      -0.2602
       3.015      -0.2403
        3.03      -0.2005
       3.038      -0.1807
       3.045      -0.1409
       3.053      -0.1012
       3.068     -0.04155
       3.076     -0.02168
       3.091    -0.001807
       3.098    -0.001807
       3.121    -0.001807
       3.129    -0.001807
       3.144    -0.001807
       3.151    -0.001807
       3.182      0.03794
       3.189      0.07769
       3.197       0.1373
       3.204       0.2367
       3.212       0.3559
       3.219       0.4354
       3.227       0.4752
       3.235       0.4752
        3.25       0.4354
       3.257       0.4354
       3.265       0.4354
        3.28       0.3957
       3.287        0.336
       3.295       0.2963
       3.303       0.2367
        3.31       0.2168
       3.318       0.1771
       3.325       0.1572
        3.34       0.1373
       3.348       0.1174
       3.356       0.1174
       3.371      0.07769
       3.378      0.07769
       3.393      0.05781
       3.401    -0.001807
       3.409     -0.02168
       3.416     -0.06143
       3.424      -0.1012
       3.431      -0.1409
       3.439      -0.1608
       3.446      -0.2005
       3.454      -0.2204
       3.469      -0.2602
       3.477      -0.2602
       3.492      -0.2999
       3.507      -0.3595
       3.514      -0.3794
       3.522      -0.3595
       3.537      -0.2999
       3.545      -0.2602
       3.552      -0.2204
       3.567      -0.1807
       3.575      -0.1807
        3.59      -0.2204
       3.598      -0.2403
       3.613      -0.2602
        3.62      -0.2204
       3.628      -0.1409
       3.635     -0.06143
       3.643    -0.001807
       3.651      0.03794
       3.658      0.03794
       3.666      0.05781
       3.673      0.07769
       3.681       0.1373
       3.688       0.1771
       3.696       0.2168
       3.704       0.2764
       3.711       0.3162
       3.719        0.336
       3.734       0.3559
       3.741       0.3559
       3.756       0.3162
       3.764       0.2963
       3.772       0.2764
       3.779       0.2367
       3.787       0.1771
       3.794       0.1373
       3.802      0.09756
       3.809      0.05781
       3.817      0.01807
       3.825    -0.001807
        3.84     -0.06143
       3.847      -0.0813
       3.862      -0.1012
        3.87      -0.1012
       3.885      -0.0813
       3.893     -0.06143
       3.915     -0.04155
       3.923    -0.001807
        3.93      0.05781
       3.938      0.09756
       3.946       0.1373
       3.961       0.1174
       3.968      0.09756
       3.976      0.09756
       3.991      0.07769
       3.999      0.07769
       4.014      0.03794
       4.021    -0.001807
       4.036     -0.06143
       4.044      -0.0813
       4.059      -0.1012
       4.067      -0.0813
       4.074     -0.06143
       4.089     -0.02168
       4.097    -0.001807
       4.112      0.05781
       4.127      0.05781
       4.135      0.03794
       4.142    -0.001807
        4.15     -0.04155
       4.165      -0.0813
       4.173      -0.1012
       4.188       -0.121
       4.203      -0.1409
        4.21      -0.1608
       4.218      -0.1608
       4.233      -0.1608
       4.241      -0.1012
       4.248     -0.04155
       4.256      0.05781
       4.271       0.1174
       4.278       0.1373
       4.286       0.1771
       4.294       0.2367
       4.301       0.2764
       4.309       0.3162
       4.324       0.3162
       4.331       0.2963
       4.339       0.2565
       4.347       0.1969
       4.354       0.1572
       4.362      0.09756
       4.369      0.05781
       4.377      0.01807
       4.384     -0.02168
         4.4     -0.06143
       4.407      -0.1012
       4.422       -0.121
       4.437      -0.1409
       4.445       -0.121
        4.46      -0.0813
       4.468     -0.06143
       4.483    -0.001807
        4.49      0.03794
       4.498      0.07769
       4.513      0.07769
       4.521      0.03794
       4.521    -0.001807
       4.528     -0.02168
       4.536     -0.06143
       4.543      -0.1012
       4.558      -0.1409
       4.566      -0.1409
       4.581      -0.1608
       4.589      -0.1608
       4.604      -0.1608
       4.611      -0.1409
       4.626      -0.1012
       4.634      -0.0813
       4.649     -0.04155
       4.657     -0.04155
       4.672     -0.06143
       4.679      -0.0813
       4.695       -0.121
       4.702      -0.1608
       4.717      -0.1409
       4.725      -0.0813
       4.732      0.05781
       4.732     -0.02168
        4.74       0.1373
       4.747       0.2963
       4.755       0.4155
       4.763       0.4752
       4.778       0.4553
       4.785       0.4155
       4.793       0.3957
       4.808       0.3162
       4.816       0.2764
       4.823       0.2168
       4.831       0.1572
       4.838      0.09756
       4.846      0.05781
       4.853      0.01807
       4.861    -0.001807
       4.869     -0.04155
       4.876     -0.06143
       4.891      -0.0813
       4.906       -0.121
       4.914       -0.121
       4.929      -0.1012
       4.944     -0.04155
       4.952     -0.02168
       4.967    -0.001807
       4.974      0.03794
        4.99      0.07769
       4.997      0.09756
       5.012       0.1174
        5.02       0.1174
       5.027      0.07769
       5.035      0.05781
       5.043    -0.001807
        5.05     -0.04155
       5.058      -0.0813
       5.065      -0.1012
        5.08      -0.1409
       5.088      -0.1608
       5.111      -0.2005
       5.126      -0.2204
       5.133      -0.2005
       5.141      -0.1608
       5.148      -0.1012
       5.156     -0.02168
       5.164      0.05781
       5.171      0.09756
       5.179      0.09756
       5.194      0.09756
       5.209      0.05781
       5.217      0.03794
       5.224    -0.001807
       5.232     -0.02168
       5.247      -0.0813
       5.262       -0.121
       5.269      -0.1409
       5.285      -0.1012
       5.292      -0.0813
       5.307     -0.02168
       5.315      0.05781
       5.315    -0.001807
       5.322       0.1174
        5.33       0.1969
       5.338       0.2565
       5.345       0.3162
       5.353       0.3162
       5.368       0.2565
       5.375       0.2367
       5.383       0.1969
       5.391       0.1572
       5.398       0.1174
       5.406      0.07769
       5.413      0.05781
       5.428      0.07769
       5.436       0.1174
       5.443       0.1771
       5.451       0.2367
       5.466       0.2565
       5.474       0.2367
       5.489       0.1969
       5.496       0.1771
       5.512       0.1572
       5.527       0.1174
       5.534      0.07769
       5.549      0.01807
       5.557     -0.02168
       5.572     -0.06143
        5.58      -0.1012
       5.595      -0.1409
       5.602      -0.1608
        5.61      -0.1608
       5.625      -0.2005
       5.633      -0.2204
       5.648      -0.2204
       5.655      -0.2005
        5.67      -0.2204
       5.678      -0.2204
       5.693      -0.2403
       5.708        -0.28
       5.716        -0.28
       5.723      -0.2602
       5.739      -0.2204
       5.746      -0.2204
       5.761      -0.2204
       5.769      -0.2204
       5.776      -0.2403
       5.784        -0.28
       5.791      -0.3198
       5.799      -0.3397
       5.814      -0.3794
       5.822      -0.3794
       5.829      -0.3595
       5.837      -0.3198
       5.844      -0.2403
       5.852       -0.121
        5.86      0.03794
        5.86     -0.04155
       5.867      0.07769
       5.875       0.1373
        5.89       0.1969
       5.897       0.2367
       5.905       0.2764
       5.912        0.336
       5.928       0.4155
       5.935       0.4354
        5.95       0.4354
       5.958       0.4354
       5.973       0.4155
       5.981       0.3758
       5.996        0.336
       6.003       0.2963
       6.011       0.2764
       6.026       0.2367
       6.034       0.2168
       6.041       0.1771
       6.049       0.1572
       6.064      0.09756
       6.071      0.05781
       6.086     -0.02168
       6.094     -0.02168
       6.109      -0.0813
       6.117      -0.1012
       6.132      -0.1409
       6.139      -0.1608
       6.155      -0.2005
       6.162      -0.1807
        6.17      -0.1409
       6.177     -0.06143
       6.185      0.07769
       6.185    -0.001807
       6.192       0.1373
         6.2       0.1969
       6.208       0.2168
       6.215       0.2168
        6.23       0.1572
       6.238       0.1373
       6.253       0.1174
        6.26       0.1174
       6.268       0.1373
       6.283       0.1373
       6.291       0.1373
       6.306       0.1373
       6.313       0.1373
       6.329       0.1174
       6.336      0.09756
       6.351      0.03794
       6.359    -0.001807
       6.366     -0.02168
       6.382     -0.06143
       6.389      -0.1012
       6.404      -0.1409
       6.412      -0.1608
       6.419      -0.1608
       6.434      -0.1409
       6.442      -0.1012
        6.45     -0.04155
       6.457      0.01807
       6.465      0.07769
       6.472       0.1373
        6.48       0.1572
       6.495       0.1373
        6.51      0.09756
       6.518      0.09756
       6.533      0.05781
        6.54    -0.001807
       6.548     -0.02168
       6.556     -0.06143
       6.563      -0.1012
       6.571      -0.1409
       6.578      -0.1807
       6.593      -0.2204
       6.601      -0.2602
       6.616      -0.2999
       6.624      -0.3198
       6.631      -0.3397
       6.646      -0.3794
       6.654      -0.3794
       6.669      -0.3595
       6.677      -0.3198
       6.684      -0.2999
       6.692      -0.2602
       6.699      -0.2204
       6.707      -0.1807
       6.714      -0.1409
       6.722      -0.0813
        6.73      0.03794
        6.73     -0.02168
       6.737      0.09756
       6.745       0.1969
       6.752       0.2963
        6.76       0.3559
       6.767       0.3758
       6.782       0.3559
        6.79        0.336
       6.805       0.3162
        6.82       0.2764
       6.828       0.2565
       6.843       0.2168
       6.851       0.1969
       6.866       0.1572
       6.881       0.1174
       6.888      0.09756
       6.903      0.03794
       6.911      0.01807
       6.926    -0.001807
       6.934    -0.001807
       6.941    -0.001807
       6.956      0.01807
       6.964      0.05781
       6.972      0.09756
       6.987       0.1174
       6.994      0.09756
       7.002      0.05781
       7.009      0.03794
       7.017      0.07769
       7.025       0.1373
       7.032       0.2168
        7.04       0.2764
       7.055       0.2963
       7.062       0.2963
       7.077       0.2565
       7.085       0.2168
       7.093       0.1771
         7.1       0.1373
       7.108      0.09756
       7.115      0.05781
       7.123     -0.02168
        7.13     -0.06143
       7.138       -0.121
       7.146      -0.1608
       7.153      -0.2204
       7.161      -0.2602
       7.168      -0.3198
       7.176      -0.3595
       7.183      -0.3993
       7.191      -0.4589
       7.199      -0.4788
       7.206      -0.5384
       7.214      -0.5384
       7.229      -0.5583
       7.236      -0.5583
       7.251      -0.5185
       7.259      -0.4589
       7.267      -0.3794
       7.274        -0.28
       7.282      -0.1807
       7.289      -0.0813
       7.297      0.01807
       7.304      0.07769
       7.312       0.1572
        7.32       0.1969
       7.327       0.2168
       7.342       0.2367
       7.357       0.2367
       7.365       0.2367
        7.38       0.1969
       7.388       0.1771
       7.395       0.1771
        7.41       0.1572
       7.418       0.1572
       7.433       0.1572
       7.441       0.1572
       7.456       0.1373
       7.463       0.1373
       7.478      0.09756
       7.486      0.09756
       7.501      0.05781
       7.509      0.05781
       7.516      0.09756
       7.524       0.1373
       7.531       0.1969
       7.539       0.2367
       7.554       0.1969
       7.562       0.1572
       7.569       0.1373
       7.584       0.1572
       7.592       0.2168
       7.599       0.2565
       7.607       0.2963
       7.622       0.2963
        7.63       0.2963
       7.645       0.2367
       7.652       0.1969
        7.66       0.1373
       7.668      0.09756
       7.675      0.05781
       7.683     -0.02168
        7.69     -0.06143
       7.698      -0.1409
       7.705      -0.2005
       7.713      -0.2602
       7.721      -0.3198
       7.728      -0.3595
       7.736      -0.4192
       7.743      -0.4589
       7.751      -0.4788
       7.766      -0.5384
       7.773      -0.5384
       7.789      -0.5384
       7.796      -0.5384
       7.811      -0.4986
       7.819      -0.4788
       7.834      -0.4589
       7.842      -0.4192
       7.849      -0.3794
       7.857      -0.2999
       7.864      -0.1807
       7.872     -0.06143
       7.879      0.07769
       7.879    -0.001807
       7.887       0.1572
       7.895       0.2367
       7.902       0.2963
        7.91        0.336
       7.925        0.336
       7.932       0.3162
        7.94       0.3162
       7.955       0.3162
       7.963       0.3162
       7.978       0.3162
       7.993       0.2764
           8       0.2565
       8.008       0.2565
       8.023       0.2367
       8.031       0.2367
       8.046       0.2565
       8.061       0.2764
       8.068       0.2963
       8.084        0.336
       8.099       0.3162
       8.106       0.3162
       8.121       0.2764
       8.129       0.2565
       8.144       0.2168
       8.152       0.1969
       8.167       0.1969
       8.174       0.1969
       8.182       0.2168
       8.197       0.2565
       8.205       0.2764
        8.22       0.2565
       8.227       0.2565
       8.242       0.2168
        8.25       0.2168
       8.258       0.1572
       8.265      0.07769
       8.273     -0.04155
        8.28       -0.121
       8.288      -0.2204
       8.295        -0.28
       8.303      -0.3397
       8.311      -0.3993
       8.318      -0.4589
       8.326      -0.4788
       8.364      -0.4986
       8.371      -0.4986
       8.379      -0.4788
       8.394      -0.4589
       8.401      -0.4589
       8.409       -0.439
       8.424       -0.439
       8.432      -0.4192
       8.439      -0.3993
       8.454      -0.3794
       8.462      -0.3595
       8.477      -0.3397
       8.485      -0.3397
       8.507      -0.3397
       8.522      -0.3794
        8.53      -0.3595
       8.538      -0.3198
       8.545      -0.2602
       8.553      -0.1608
        8.56     -0.06143
       8.568      0.07769
       8.568    -0.001807
       8.575       0.1572
       8.583       0.2764
        8.59       0.3957
       8.598       0.4752
       8.606       0.5348
       8.621       0.5547
       8.628       0.5348
       8.643        0.495
       8.651       0.4752
       8.666       0.4354
       8.674       0.3957
       8.689       0.3559
       8.696       0.3559
       8.712       0.3162
       8.719       0.3162
       8.727       0.3162
       8.742       0.2963
       8.749       0.2764
       8.764       0.2565
       8.772       0.2565
       8.787       0.1969
       8.795       0.1572
       8.802       0.1373
        8.81      0.09756
       8.817      0.05781
       8.825      0.01807
        8.84     -0.04155
       8.848     -0.04155
       8.855     -0.02168
        8.87      0.01807
       8.878      0.05781
       8.886       0.1174
       8.901       0.1771
       8.908       0.1771
       8.923       0.1373
       8.931       0.1174
       8.946      0.09756
       8.954      0.09756
       8.969      0.05781
       8.976      0.03794
