     0.01186       0.0813
     0.03455       0.1005
     0.04212       0.1197
     0.05725       0.1197
     0.06481       0.1197
     0.07238       0.1197
     0.08751       0.1005
     0.09507       0.1197
      0.1102       0.1388
      0.1178       0.1388
      0.1329       0.1197
      0.1405       0.1197
      0.1556       0.0813
      0.1632       0.0813
      0.1859      0.06212
      0.1934      0.06212
      0.2085      0.06212
      0.2161       0.0813
      0.2312       0.0813
      0.2388       0.0813
      0.2539       0.0813
      0.2615       0.0813
      0.2766      0.06212
      0.2842      0.06212
      0.2993       0.0813
      0.3145       0.0813
       0.322      0.06212
      0.3371     0.004586
      0.3447     0.004586
      0.3523     0.004586
      0.3674     -0.03377
      0.3825     -0.03377
      0.3977     -0.03377
      0.4052     -0.03377
      0.4204     -0.07213
      0.4279     -0.07213
      0.4431     -0.07213
      0.4506     -0.05295
      0.4658     -0.05295
      0.4733     -0.05295
      0.4809     -0.03377
       0.496     -0.03377
      0.5036     -0.01459
      0.5187     0.004586
      0.5263     0.004586
      0.5414     0.004586
       0.549      0.02376
      0.5641      0.04294
      0.5717      0.04294
      0.5868     0.004586
      0.6019     -0.03377
      0.6095     -0.01459
      0.6246     0.004586
      0.6322     0.004586
      0.6473     0.004586
      0.6624     -0.01459
        0.67     -0.03377
      0.6776     -0.03377
      0.6927     -0.05295
      0.7003     -0.05295
      0.7154     -0.03377
      0.7305     -0.03377
      0.7381     -0.03377
      0.7532     -0.03377
      0.7608     0.004586
      0.7683      0.02376
      0.7759      0.06212
      0.7835       0.0813
       0.791       0.1005
      0.8062       0.1005
      0.8137       0.0813
      0.8213       0.0813
      0.8364      0.04294
       0.844      0.04294
      0.8591     0.004586
      0.8667     0.004586
      0.8818     -0.01459
      0.8894     -0.01459
       0.897     -0.01459
      0.9121     -0.01459
      0.9196     -0.01459
      0.9348     -0.01459
      0.9423     -0.01459
      0.9499     -0.01459
       0.965     -0.05295
      0.9726     -0.07213
      0.9877     -0.09131
       1.003     -0.09131
        1.01     -0.09131
       1.026     -0.07213
       1.041     -0.07213
       1.048     -0.05295
       1.063     -0.03377
       1.071     -0.01459
       1.086     0.004586
       1.094      0.02376
       1.124      0.04294
       1.131      0.06212
       1.147       0.1005
       1.154       0.1197
       1.162       0.1388
       1.184       0.2156
       1.192       0.2347
       1.207       0.2539
       1.215       0.2539
        1.23       0.2539
       1.245       0.2347
       1.253       0.2347
       1.268       0.1964
       1.275       0.1964
        1.29        0.158
       1.298       0.1197
       1.305       0.0813
       1.321      0.02376
       1.328     0.004586
       1.336     -0.03377
       1.343     -0.07213
       1.351      -0.1105
       1.358      -0.1488
       1.366       -0.168
       1.381       -0.168
       1.389      -0.1297
       1.404      -0.1105
       1.411     -0.09131
       1.426      -0.1105
       1.434     -0.09131
       1.449     -0.09131
       1.457     -0.09131
       1.464     -0.07213
       1.479     -0.07213
       1.487     -0.09131
       1.502     -0.09131
        1.51      -0.1297
       1.517       -0.168
       1.532      -0.2064
        1.54      -0.2064
       1.555      -0.1872
       1.563      -0.1872
       1.585       -0.168
         1.6      -0.1105
       1.608     -0.07213
       1.616     -0.01459
       1.623      0.02376
       1.631      0.06212
       1.638       0.1005
       1.646       0.1197
       1.661        0.158
       1.669        0.158
       1.684        0.158
       1.691       0.1197
       1.699       0.0813
       1.706      0.02376
       1.714     0.004586
       1.729     -0.01459
       1.737      0.02376
       1.744       0.0813
       1.752       0.1388
       1.759       0.1772
       1.767       0.2347
       1.774       0.2731
       1.782       0.2923
       1.797       0.2923
       1.805       0.2923
       1.812       0.2347
        1.82       0.1964
       1.827       0.1388
       1.835       0.1005
       1.843      0.06212
        1.85      0.04294
       1.865     0.004586
       1.873     0.004586
        1.88     -0.01459
       1.896     -0.05295
       1.903     -0.07213
       1.911     -0.05295
       1.926     -0.03377
       1.933     -0.01459
       1.948     0.004586
       1.956     0.004586
       1.971      0.02376
       1.986      0.04294
       1.994       0.0813
       2.009       0.1197
       2.017       0.1197
       2.024       0.1197
       2.039       0.0813
       2.047       0.0813
       2.062       0.0813
        2.07       0.1005
       2.085       0.1197
       2.092       0.1197
         2.1       0.1388
       2.115       0.1388
       2.122       0.1388
       2.138       0.1197
       2.145       0.1197
        2.16      0.06212
       2.168      0.04294
       2.183     0.004586
       2.191     0.004586
       2.206     -0.03377
       2.213     -0.03377
       2.228     -0.07213
       2.236     -0.07213
       2.251     -0.05295
       2.259     -0.01459
       2.274     0.004586
       2.281      0.04294
       2.296      0.06212
       2.304      0.06212
       2.319      0.06212
       2.334     0.004586
       2.342     0.004586
       2.349     -0.03377
       2.357     -0.05295
       2.365     -0.09131
       2.372      -0.1297
       2.387       -0.168
       2.395       -0.168
       2.402      -0.1488
       2.418      -0.1105
       2.425     -0.09131
       2.433     -0.07213
       2.448     -0.03377
       2.455     -0.01459
        2.47     0.004586
       2.478     0.004586
       2.486     0.004586
       2.501     -0.01459
       2.508     -0.01459
       2.516     0.004586
       2.539      0.02376
       2.546      0.02376
       2.561     0.004586
       2.569     0.004586
       2.584      0.02376
       2.591      0.04294
       2.607      0.04294
       2.614      0.04294
       2.629      0.04294
       2.637      0.04294
       2.644      0.06212
        2.66       0.0813
       2.667       0.1005
       2.682       0.1005
        2.69       0.0813
       2.697      0.06212
       2.713     0.004586
        2.72     -0.01459
       2.735     -0.05295
       2.743     -0.05295
       2.758     -0.05295
       2.765     -0.03377
       2.781     -0.03377
       2.788     -0.03377
       2.796     -0.03377
       2.811     -0.03377
       2.818     -0.03377
       2.834     -0.03377
       2.841     -0.01459
       2.849     0.004586
       2.864      0.04294
       2.871       0.0813
       2.887       0.1197
       2.894       0.1197
       2.909       0.1197
       2.917       0.1197
       2.924       0.1197
       2.939      0.06212
       2.947      0.02376
       2.962     -0.01459
        2.97     -0.03377
       2.985     -0.05295
       2.992     -0.05295
       3.008     -0.05295
       3.015     -0.05295
        3.03     -0.05295
       3.038     -0.03377
       3.053     -0.01459
       3.061     0.004586
       3.076      0.06212
       3.083       0.0813
       3.098       0.1197
       3.106       0.1197
       3.121       0.1197
       3.136       0.0813
       3.144      0.04294
       3.151     0.004586
       3.159     -0.01459
       3.174     -0.05295
       3.182     -0.05295
       3.197     -0.09131
       3.204      -0.1105
       3.219     -0.09131
       3.235     -0.05295
       3.242     -0.03377
       3.257      0.02376
       3.265      0.04294
       3.272      0.06212
       3.287      0.06212
       3.295      0.06212
        3.31      0.02376
       3.318      0.02376
       3.333      0.02376
        3.34     0.004586
       3.356     -0.01459
       3.363     -0.03377
       3.386     -0.05295
       3.401     0.004586
       3.409      0.02376
       3.424       0.0813
       3.431       0.1005
       3.446       0.1005
       3.454       0.1005
       3.469       0.0813
       3.477       0.1005
       3.492       0.1197
       3.499       0.1388
       3.514        0.158
       3.522        0.158
        3.53        0.158
       3.545       0.1005
       3.552       0.0813
        3.56       0.0813
       3.575      0.06212
       3.582      0.06212
        3.59       0.0813
       3.605      0.06212
       3.613      0.04294
       3.628     0.004586
       3.635     -0.01459
       3.651     -0.05295
       3.658     -0.07213
       3.666     -0.07213
       3.681     -0.09131
       3.688      -0.1105
       3.704      -0.1297
       3.711      -0.1297
       3.719      -0.1105
       3.734     -0.07213
       3.741     -0.03377
       3.756     0.004586
       3.764      0.02376
       3.779      0.06212
       3.787       0.0813
       3.802       0.0813
       3.809      0.06212
       3.825      0.02376
       3.832     0.004586
       3.847     0.004586
       3.855     0.004586
        3.87     0.004586
       3.878     0.004586
       3.893     -0.01459
         3.9     -0.03377
       3.915     -0.03377
        3.93     -0.05295
       3.938     -0.07213
       3.953     -0.07213
       3.961     -0.07213
       3.983     -0.05295
       3.991     -0.03377
       3.999     -0.01459
       4.014     0.004586
       4.021     -0.01459
       4.036     -0.07213
       4.044      -0.1105
       4.059      -0.1488
       4.067      -0.1488
       4.082      -0.1297
       4.089      -0.1105
       4.097     -0.09131
       4.104     -0.05295
       4.112     -0.01459
       4.127      0.04294
       4.135      0.06212
        4.15      0.06212
       4.157      0.06212
       4.165       0.0813
        4.18       0.0813
       4.188       0.1005
       4.203       0.1005
        4.21       0.1005
       4.218       0.1197
       4.226        0.158
       4.233       0.1772
       4.248       0.1964
       4.256       0.1964
       4.263       0.2347
       4.278       0.2539
       4.286       0.2347
       4.294       0.1964
       4.301        0.158
       4.309       0.1388
       4.324       0.1005
       4.331       0.0813
       4.347      0.04294
       4.354      0.02376
       4.362     0.004586
       4.384     -0.05295
       4.392     -0.07213
       4.407     -0.07213
       4.415     -0.07213
        4.43     -0.07213
       4.437     -0.07213
       4.445     -0.05295
        4.46     -0.05295
       4.468     -0.05295
       4.483     -0.03377
       4.498     -0.01459
       4.505     -0.01459
       4.521     -0.03377
       4.528     -0.03377
       4.543     -0.01459
       4.558     0.004586
       4.566     0.004586
       4.581      0.04294
       4.589      0.06212
       4.604       0.1005
       4.611       0.1197
       4.626       0.1388
       4.634        0.158
       4.649       0.1388
       4.657       0.1197
       4.672       0.0813
       4.679       0.0813
       4.687       0.1005
       4.702       0.1005
        4.71       0.1005
       4.725      0.06212
       4.732     0.004586
        4.74     0.004586
       4.755     -0.05295
       4.763     -0.07213
       4.778     -0.09131
       4.785     -0.09131
       4.793     -0.07213
       4.808     -0.07213
       4.816     -0.05295
       4.823     -0.03377
       4.838     -0.03377
       4.846     -0.01459
       4.861     0.004586
       4.869     0.004586
       4.891     0.004586
       4.899     0.004586
       4.914     -0.01459
       4.929     -0.05295
       4.937     -0.05295
       4.952     -0.03377
       4.967     0.004586
       4.982     0.004586
       4.997     0.004586
       5.005     0.004586
        5.02     0.004586
       5.027     0.004586
       5.043     -0.03377
        5.05     -0.05295
       5.065     -0.05295
        5.08     -0.07213
       5.088     -0.05295
       5.103     -0.01459
       5.111      0.02376
       5.118      0.06212
       5.126       0.1197
       5.133        0.158
       5.148       0.1772
       5.156       0.1772
       5.164       0.1772
       5.179        0.158
       5.186        0.158
       5.201       0.1388
       5.209       0.1197
       5.217       0.1197
       5.232       0.0813
       5.239       0.0813
       5.254      0.04294
       5.262     0.004586
       5.277     -0.03377
       5.285     -0.05295
         5.3     -0.03377
       5.315     -0.03377
       5.322     -0.05295
       5.338     -0.09131
       5.353      -0.1297
        5.36      -0.1488
       5.375       -0.168
       5.383      -0.1488
       5.398      -0.1297
       5.406      -0.1297
       5.421     -0.09131
       5.436     -0.07213
       5.443     -0.05295
       5.459     -0.01459
       5.466     -0.01459
       5.481      0.02376
       5.489      0.06212
       5.496       0.0813
       5.504       0.1005
       5.519        0.158
       5.527       0.1964
       5.534       0.2347
       5.542       0.2347
       5.549       0.2539
       5.565       0.2347
        5.58       0.1964
       5.587       0.1964
       5.602        0.158
        5.61        0.158
       5.625       0.1197
       5.633       0.1197
       5.648       0.0813
       5.655      0.06212
       5.663      0.02376
        5.67     0.004586
       5.686     -0.03377
       5.693     -0.03377
       5.708     -0.05295
       5.716     -0.05295
       5.723     -0.05295
       5.739     -0.09131
       5.746      -0.1105
       5.761       -0.168
       5.769      -0.1872
       5.784      -0.1872
       5.791       -0.168
       5.799      -0.1488
       5.814      -0.1297
       5.822      -0.1105
       5.837     -0.09131
       5.844     -0.07213
        5.86     -0.03377
       5.867     -0.01459
       5.875      0.02376
       5.882      0.06212
        5.89       0.1197
       5.897        0.158
       5.912       0.1772
        5.92       0.1964
       5.935       0.2347
       5.943       0.2347
       5.958       0.2347
       5.965       0.2347
       5.981       0.2156
       5.988       0.1964
       6.003       0.1388
       6.018       0.1005
       6.026      0.06212
       6.041     0.004586
       6.049     -0.01459
       6.056     -0.05295
       6.064     -0.07213
       6.079      -0.1297
       6.086      -0.1297
       6.102      -0.1488
       6.109      -0.1488
       6.124      -0.1297
       6.139      -0.1297
       6.147      -0.1297
       6.155      -0.1105
        6.17     -0.07213
       6.177     -0.07213
       6.185     -0.03377
         6.2     0.004586
       6.208      0.02376
       6.223      0.06212
       6.238      0.06212
       6.245       0.0813
        6.26       0.0813
       6.268       0.0813
       6.276       0.0813
       6.291      0.04294
       6.298      0.04294
       6.321     0.004586
       6.329     0.004586
       6.344     0.004586
       6.351     0.004586
       6.366     -0.01459
       6.382     0.004586
       6.397      0.02376
       6.412      0.04294
       6.427      0.04294
       6.434      0.04294
       6.442     0.004586
        6.45     0.004586
       6.465     -0.05295
       6.472     -0.05295
       6.487     -0.03377
       6.503     0.004586
        6.51     0.004586
       6.533      0.02376
        6.54      0.02376
       6.556      0.06212
       6.571       0.0813
       6.578       0.0813
       6.593       0.0813
       6.601       0.0813
       6.616       0.0813
       6.624       0.1005
       6.639       0.1197
       6.646       0.1197
       6.661       0.1197
       6.669       0.1197
       6.677       0.1197
       6.692       0.0813
       6.699      0.04294
       6.707     0.004586
       6.714     -0.01459
        6.73     -0.05295
       6.737     -0.07213
       6.752      -0.1105
        6.76      -0.1105
       6.782      -0.1488
        6.79      -0.1297
       6.798     -0.09131
       6.805     -0.07213
       6.813     -0.03377
        6.82     0.004586
       6.835      0.02376
       6.843      0.02376
       6.858      0.04294
       6.866      0.04294
       6.873      0.06212
       6.888      0.06212
       6.896       0.0813
       6.911       0.0813
       6.919       0.0813
       6.934       0.0813
       6.941       0.0813
       6.964     0.004586
       6.972     -0.01459
       6.979     -0.01459
       6.994     -0.03377
       7.009     -0.03377
       7.017     -0.01459
       7.032     0.004586
        7.04     0.004586
       7.055     0.004586
        7.07     -0.03377
       7.077     -0.01459
       7.093     0.004586
         7.1     0.004586
       7.115     0.004586
        7.13     -0.01459
       7.138     -0.01459
       7.146     0.004586
       7.168      0.02376
       7.176      0.02376
       7.191      0.02376
       7.199      0.04294
       7.214      0.04294
       7.221      0.04294
       7.229      0.06212
       7.244       0.0813
       7.251       0.1005
       7.267       0.1388
       7.274       0.1388
       7.289       0.1388
       7.304       0.1005
       7.312       0.0813
       7.327     0.004586
       7.335     0.004586
        7.35     -0.03377
       7.357     -0.03377
       7.365     -0.03377
        7.38     -0.03377
       7.388     -0.03377
       7.403     -0.05295
        7.41     -0.07213
       7.425      -0.1105
       7.433      -0.1105
       7.448      -0.1105
       7.456     -0.09131
       7.471     -0.07213
       7.478     -0.05295
       7.494     -0.05295
       7.501     -0.03377
       7.509     -0.01459
       7.524     0.004586
       7.531      0.02376
       7.547      0.04294
       7.554      0.04294
       7.562      0.06212
       7.577       0.1197
       7.584        0.158
       7.592       0.1964
       7.599       0.2347
       7.607       0.2347
       7.615       0.2539
        7.63       0.2347
       7.637       0.2156
       7.652       0.1772
        7.66        0.158
       7.675       0.1197
       7.683       0.0813
       7.698      0.04294
       7.705      0.02376
       7.728     0.004586
       7.736     0.004586
       7.751     -0.03377
       7.758     -0.05295
       7.773     -0.09131
       7.781     -0.09131
       7.796      -0.1297
       7.804      -0.1488
       7.819      -0.1872
       7.826      -0.2064
       7.842      -0.1872
       7.857       -0.168
       7.864      -0.1488
       7.872      -0.1105
       7.879     -0.07213
       7.887     -0.03377
       7.895     0.004586
       7.902      0.04294
        7.91      0.06212
       7.917       0.0813
       7.932       0.1005
        7.94       0.1005
       7.947       0.1005
       7.963      0.06212
       7.978      0.04294
       7.985      0.06212
           8      0.06212
       8.008      0.06212
       8.023      0.04294
       8.031      0.04294
       8.046     0.004586
       8.053     -0.01459
       8.068     -0.03377
       8.084     -0.07213
       8.091     -0.09131
       8.106      -0.1297
       8.114      -0.1105
       8.129     -0.07213
       8.137     -0.05295
       8.152     -0.01459
       8.159     0.004586
        8.19      0.02376
       8.197      0.04294
       8.212      0.06212
       8.227      0.06212
       8.235      0.06212
        8.25      0.04294
       8.273     0.004586
       8.295      0.04294
       8.303      0.06212
       8.318       0.1197
       8.326       0.1388
       8.341       0.1772
       8.348       0.1772
       8.364       0.1964
       8.379       0.1964
       8.394        0.158
       8.401       0.1388
       8.416       0.1005
       8.424       0.1005
       8.439      0.06212
       8.447      0.06212
       8.462      0.02376
       8.469     0.004586
       8.477     0.004586
       8.485     -0.03377
         8.5     -0.07213
       8.507      -0.1105
       8.522      -0.1297
       8.538       -0.168
       8.545       -0.168
        8.56      -0.1872
       8.568       -0.168
       8.583      -0.1297
        8.59      -0.1297
       8.598     -0.09131
       8.613     -0.07213
       8.621     -0.07213
       8.628     -0.05295
       8.643     -0.03377
       8.651     -0.01459
       8.666     0.004586
       8.674      0.02376
       8.689      0.06212
       8.696       0.0813
       8.712       0.1005
       8.719       0.1197
       8.734       0.1197
       8.742       0.1005
       8.757       0.1005
       8.764       0.0813
        8.78       0.0813
       8.795       0.0813
       8.802       0.0813
       8.817      0.06212
       8.825       0.0813
        8.84       0.1005
       8.848       0.1197
       8.863        0.158
       8.878        0.158
       8.886       0.1388
       8.901       0.0813
       8.916     0.004586
       8.923     -0.03377
       8.931     -0.07213
       8.938      -0.1105
       8.954       -0.168
       8.961       -0.168
       8.976      -0.1297
       8.976       -0.168
