     0.01181      -0.2506
     0.03449      -0.3275
     0.04205      -0.3852
      0.0496      -0.4236
     0.05716      -0.4428
     0.06472      -0.3852
     0.07228      -0.2506
     0.07984     -0.09688
      0.0874    -0.000775
     0.09496      0.07611
      0.1025      0.05689
      0.1101    -0.000775
      0.1176     -0.07766
      0.1252      -0.1738
      0.1327      -0.2506
      0.1403      -0.3275
      0.1479      -0.4044
      0.1554      -0.4813
       0.163      -0.5389
      0.1705      -0.5774
      0.1781      -0.5966
      0.1932      -0.5389
      0.2008      -0.5005
      0.2083      -0.4428
      0.2159      -0.3852
      0.2235      -0.3275
       0.231      -0.2314
      0.2386     -0.09688
      0.2461      0.03767
      0.2537       0.2106
      0.2612       0.3068
      0.2688       0.3644
      0.2764       0.3068
      0.2839       0.2299
      0.2915       0.1338
       0.299      0.05689
      0.3066        -0.02
      0.3142     -0.09688
      0.3217      -0.1545
      0.3293      -0.2122
      0.3368      -0.2699
      0.3444      -0.3275
       0.352      -0.3852
      0.3595      -0.4044
      0.3671       -0.366
      0.3746      -0.3083
      0.3822      -0.2314
      0.3897      -0.1545
      0.3973     -0.09688
      0.4049        -0.02
      0.4124      0.03767
        0.42       0.1145
      0.4275       0.1914
      0.4351       0.2683
      0.4427       0.3068
      0.4578       0.3068
      0.4653       0.2875
      0.4729       0.2491
      0.4804       0.2106
       0.488       0.1722
      0.4956       0.1145
      0.5031      0.03767
      0.5107        -0.02
      0.5182     -0.07766
      0.5258      -0.1545
      0.5334      -0.2122
      0.5485      -0.2506
       0.556      -0.2122
      0.5636     -0.09688
      0.5712      0.05689
      0.5787       0.1914
      0.5863       0.2875
      0.5938       0.3452
      0.6014        0.326
      0.6165       0.2875
      0.6241       0.2875
      0.6392        0.326
      0.6543        0.326
      0.6619       0.2683
      0.6694       0.2106
       0.677       0.1338
      0.6845      0.07611
      0.6921      0.01845
      0.6996    -0.000775
      0.7148        -0.02
      0.7223     -0.03922
      0.7374     -0.07766
       0.745     -0.07766
      0.7526     -0.05844
      0.7601    -0.000775
      0.7677      0.07611
      0.7752       0.1338
      0.7828       0.2106
      0.7904       0.2491
      0.7979       0.2875
      0.8055        0.326
      0.8206       0.3068
      0.8281       0.2491
      0.8357       0.1914
      0.8433        0.153
      0.8508       0.1145
      0.8584      0.09533
      0.8659      0.01845
      0.8735        -0.02
      0.8811     -0.05844
      0.8886      -0.1161
      0.8962      -0.1545
      0.9113      -0.1738
      0.9188      -0.1353
      0.9264     -0.07766
       0.934        -0.02
      0.9415      0.01845
      0.9491      0.05689
      0.9642      0.09533
      0.9718        0.153
      0.9793       0.2106
      0.9869       0.2491
       1.002       0.2106
        1.01       0.1722
       1.017       0.1338
       1.025       0.1145
        1.04      0.07611
       1.047      0.03767
       1.055        -0.02
       1.062     -0.05844
        1.07     -0.09688
       1.078     -0.09688
       1.093     -0.03922
         1.1      0.01845
       1.108      0.07611
       1.115       0.1338
       1.123       0.1914
        1.13       0.2683
       1.138       0.3068
       1.161        0.326
       1.168       0.2875
       1.176       0.2491
       1.183       0.1914
       1.191        0.153
       1.199      0.09533
       1.206      0.03767
       1.214        -0.02
       1.221     -0.05844
       1.236     -0.09688
       1.244      -0.1353
       1.259      -0.1738
       1.267       -0.193
       1.274      -0.1545
       1.282     -0.09688
       1.289     -0.03922
       1.297      0.03767
       1.304       0.1145
       1.312       0.1722
       1.319       0.2106
       1.335       0.2299
       1.342       0.1914
        1.35        0.153
       1.357       0.1145
       1.372       0.1338
       1.387      0.07611
       1.395      0.03767
       1.403        -0.02
        1.41     -0.05844
       1.418      -0.1161
       1.425      -0.1738
       1.433      -0.2122
        1.44      -0.2314
       1.448      -0.2122
       1.456      -0.1738
       1.463      -0.1353
       1.471     -0.07766
       1.478        -0.02
       1.486      0.07611
       1.493       0.1338
       1.508       0.1145
       1.516      0.05689
       1.524    -0.000775
       1.531        -0.02
       1.546    -0.000775
       1.561     -0.05844
       1.569      -0.1161
       1.576      -0.1738
       1.584      -0.2314
       1.592      -0.2891
       1.599      -0.3467
       1.607      -0.3852
       1.614      -0.4044
       1.629      -0.4428
       1.637      -0.4428
       1.652      -0.4044
        1.66       -0.366
       1.667      -0.2699
       1.675      -0.1353
       1.682      0.03767
        1.69       0.2106
       1.697       0.4029
       1.705       0.5566
       1.705        0.499
       1.713       0.5758
        1.72       0.5566
       1.728       0.5182
       1.735       0.4605
       1.743       0.4029
        1.75        0.326
       1.758       0.2299
       1.765       0.1145
       1.773      0.01845
       1.781     -0.07766
       1.788      -0.1353
       1.796       -0.193
       1.803      -0.2506
       1.811      -0.3275
       1.818      -0.4044
       1.826      -0.4621
       1.833      -0.5197
       1.841      -0.5197
       1.849      -0.4621
       1.856      -0.4236
       1.864       -0.366
       1.871      -0.2699
       1.879      -0.1738
       1.886     -0.05844
       1.894      0.01845
       1.901        0.153
       1.909       0.2683
       1.917       0.4029
       1.924        0.499
       1.932       0.5374
       1.939        0.499
       1.947       0.4413
       1.954       0.3836
       1.962       0.3068
        1.97       0.2299
       1.977       0.1722
       1.985      0.09533
       1.992      0.05689
           2    -0.000775
       2.007     -0.03922
       2.015     -0.07766
       2.022      -0.1353
        2.03       -0.193
       2.038      -0.2506
       2.045      -0.2891
       2.053      -0.2891
        2.06      -0.2506
       2.068       -0.193
       2.075      -0.1353
       2.083     -0.05844
        2.09      0.05689
       2.098       0.1914
       2.106        0.326
       2.113       0.4221
       2.121       0.4605
       2.136       0.4029
       2.143       0.3452
       2.151       0.2875
       2.158       0.2299
       2.166        0.153
       2.174      0.09533
       2.181      0.01845
       2.189     -0.05844
       2.196      -0.1161
       2.204      -0.1353
       2.219      -0.1545
       2.226      -0.1353
       2.234     -0.09688
       2.242     -0.07766
       2.257     -0.03922
       2.264        -0.02
       2.272      0.01845
       2.279      0.05689
       2.287      0.09533
       2.302       0.1145
        2.31      0.09533
       2.325      0.07611
       2.332      0.09533
       2.347      0.09533
       2.355      0.07611
       2.363      0.03767
        2.37        -0.02
       2.378     -0.03922
       2.393    -0.000775
         2.4      0.05689
       2.408       0.1145
       2.415        0.153
       2.423       0.1722
       2.431       0.1914
       2.446        0.153
       2.453       0.1338
       2.468       0.1145
       2.476       0.1145
       2.491      0.07611
       2.499      0.05689
       2.506      0.01845
       2.514        -0.02
       2.521     -0.05844
       2.529     -0.09688
       2.536      -0.1161
       2.552      -0.1545
       2.559      -0.1545
       2.574      -0.2122
       2.589      -0.2506
       2.597      -0.2122
       2.612      -0.1738
        2.62      -0.1353
       2.627     -0.09688
       2.642     -0.09688
        2.65     -0.09688
       2.665     -0.03922
       2.672      0.01845
        2.68      0.07611
       2.688        0.153
       2.695       0.2106
       2.703       0.2491
        2.71       0.2683
       2.718       0.2683
       2.725       0.2299
       2.733        0.153
        2.74      0.07611
       2.748    -0.000775
       2.756     -0.07766
       2.763     -0.09688
       2.771      -0.1353
       2.778      -0.1545
       2.793      -0.1738
       2.801      -0.1545
       2.816      -0.1161
       2.824     -0.09688
       2.839      -0.1161
       2.846      -0.1353
       2.861      -0.1545
       2.869     -0.09688
       2.877     -0.03922
       2.884      0.03767
       2.892      0.09533
       2.907       0.1145
       2.914       0.1145
       2.929       0.1338
       2.937        0.153
       2.952       0.1145
        2.96       0.1145
       2.975      0.07611
       2.982      0.07611
       2.997      0.05689
       3.005      0.03767
        3.02    -0.000775
       3.028      0.01845
       3.035      0.05689
       3.043      0.07611
       3.058       0.1338
       3.066       0.1338
       3.073        0.153
       3.088        0.153
       3.096       0.1338
       3.103       0.1338
       3.118      0.09533
       3.126      0.07611
       3.141      0.07611
       3.149      0.09533
       3.164        0.153
       3.179       0.1722
       3.186       0.1722
       3.202        0.153
       3.209       0.1338
       3.224      0.07611
       3.232      0.05689
       3.247      0.01845
       3.262     -0.03922
        3.27     -0.05844
       3.285     -0.03922
       3.292        -0.02
         3.3    -0.000775
       3.315      0.01845
       3.323      0.05689
       3.338       0.1145
       3.345       0.1338
        3.36      0.07611
       3.368      0.03767
       3.375        -0.02
       3.383     -0.09688
       3.391      -0.1738
       3.398      -0.2506
       3.406      -0.3467
       3.413      -0.4236
       3.421      -0.5005
       3.428      -0.5582
       3.436      -0.6158
       3.451      -0.5774
       3.459      -0.5005
       3.466      -0.4044
       3.474      -0.2891
       3.481      -0.1545
       3.489     -0.03922
       3.496      0.07611
       3.504       0.1338
       3.511       0.1914
       3.519       0.2299
       3.534       0.2683
       3.542       0.2299
       3.549       0.1722
       3.557       0.1338
       3.564      0.07611
       3.572      0.01845
       3.579     -0.03922
       3.587     -0.07766
       3.602     -0.07766
        3.61     -0.07766
       3.625     -0.07766
       3.632      -0.1161
        3.64      -0.1353
       3.648      -0.1738
       3.655      -0.2122
        3.67      -0.2314
       3.678      -0.2122
       3.685      -0.1545
       3.693     -0.05844
         3.7      0.05689
       3.708       0.1722
       3.716       0.2875
       3.723       0.3644
       3.738       0.3452
       3.746       0.2683
       3.753       0.1914
       3.761       0.1145
       3.768      0.05689
       3.776      0.01845
       3.791     -0.03922
       3.799     -0.07766
       3.814      -0.1161
       3.821      -0.1545
       3.829      -0.1545
       3.844     -0.09688
       3.852     -0.03922
       3.859      0.01845
       3.867      0.05689
       3.882      0.03767
       3.889      0.05689
       3.897      0.07611
       3.905       0.1338
       3.912       0.1914
        3.92       0.2683
       3.927       0.3452
       3.935       0.3836
       3.942       0.3836
        3.95       0.3452
       3.957       0.3068
       3.965       0.2491
       3.973       0.1722
        3.98      0.09533
       3.988      0.01845
       3.995     -0.03922
       4.003     -0.07766
        4.01     -0.09688
       4.018     -0.09688
       4.033      -0.1545
       4.048      -0.2122
       4.056      -0.2122
       4.071      -0.2122
       4.078      -0.1738
       4.093      -0.1545
       4.101      -0.1353
       4.116      -0.1161
       4.124     -0.07766
       4.131        -0.02
       4.139      0.03767
       4.146       0.1145
       4.154       0.2106
       4.162       0.2875
       4.169        0.326
       4.177        0.326
       4.184       0.2875
       4.192       0.2491
       4.199       0.2106
       4.214       0.1722
       4.222        0.153
        4.23       0.1145
       4.237      0.07611
       4.245      0.01845
       4.252     -0.03922
        4.26     -0.09688
       4.267      -0.1161
       4.275     -0.09688
        4.29     -0.07766
       4.298     -0.09688
       4.305      -0.1353
       4.313      -0.1738
        4.32       -0.193
       4.335      -0.1353
       4.343     -0.05844
        4.35      0.01845
       4.366      0.03767
       4.373      0.01845
       4.388      0.01845
       4.396      0.03767
       4.411      0.03767
       4.419      0.05689
       4.426      0.07611
       4.441       0.1145
       4.449      0.09533
       4.456      0.05689
       4.464      0.03767
       4.479    -0.000775
       4.487      0.01845
       4.502      0.05689
       4.509      0.07611
       4.524      0.09533
       4.532      0.09533
       4.539       0.1145
       4.555      0.05689
       4.562      0.01845
        4.57     -0.05844
       4.577     -0.09688
       4.585      -0.1353
       4.592      -0.1545
       4.607      -0.1738
       4.615      -0.1545
       4.623      -0.1161
        4.63     -0.05844
       4.638      0.01845
       4.645      0.07611
        4.66      0.09533
       4.668      0.07611
       4.683      0.05689
       4.691      0.07611
       4.698      0.09533
       4.706       0.1338
       4.713       0.1914
       4.721       0.2491
       4.728       0.2875
       4.736       0.3452
       4.744       0.3644
       4.759       0.2683
       4.766       0.1914
       4.774      0.09533
       4.774    -0.000775
       4.781     -0.05844
       4.789      -0.1353
       4.796      -0.2122
       4.812      -0.2314
       4.819      -0.2122
       4.834       -0.193
       4.842      -0.1738
       4.857      -0.1353
       4.864      -0.1545
        4.88       -0.193
       4.887      -0.1545
       4.895     -0.07766
       4.902    -0.000775
        4.91      0.07611
       4.917        0.153
       4.925       0.1914
        4.94       0.2299
       4.955       0.2875
       4.963       0.3068
       4.978        0.326
       4.985        0.326
       4.993       0.2875
       5.001       0.2106
       5.008       0.1338
       5.016      0.01845
       5.023     -0.05844
       5.031      -0.1545
       5.038       -0.193
       5.053      -0.1738
       5.069      -0.1161
       5.076     -0.07766
       5.091     -0.05844
       5.099     -0.05844
       5.114     -0.05844
       5.121     -0.05844
       5.137    -0.000775
       5.144      0.03767
       5.159      0.07611
       5.167      0.03767
       5.182      0.01845
       5.189      0.07611
       5.197       0.1145
       5.205        0.153
       5.212      0.09533
        5.22      0.01845
       5.227     -0.05844
       5.235      -0.1353
       5.242       -0.193
        5.25      -0.2699
       5.258      -0.3083
       5.265      -0.3275
       5.273      -0.2699
        5.28       -0.193
       5.288      -0.1353
       5.295     -0.05844
       5.303    -0.000775
        5.31      0.05689
       5.318      0.09533
       5.326       0.1338
       5.333       0.1722
       5.341       0.2299
       5.348       0.2875
       5.356       0.3452
       5.363       0.4029
       5.371       0.4413
       5.386       0.4029
       5.394        0.326
       5.401       0.2491
       5.409       0.1722
       5.416      0.09533
       5.424    -0.000775
       5.431      -0.1161
       5.439      -0.2122
       5.446      -0.2891
       5.454      -0.3467
       5.462      -0.4044
       5.469      -0.4428
       5.484      -0.4428
       5.492       -0.366
       5.499      -0.2891
       5.507       -0.193
       5.515      -0.1161
       5.522     -0.03922
        5.53    -0.000775
       5.537      0.03767
       5.545      0.09533
       5.552        0.153
        5.56       0.1722
       5.575       0.1914
       5.583       0.2299
        5.59       0.2491
       5.598       0.3068
       5.605       0.3068
       5.613       0.3068
        5.62       0.2491
       5.628       0.2106
       5.635       0.1722
       5.643       0.1145
       5.651      0.05689
       5.658        -0.02
       5.666     -0.03922
       5.681     -0.05844
       5.688        -0.02
       5.703      0.01845
       5.711      0.01845
       5.726      0.01845
       5.741    -0.000775
       5.756      0.01845
       5.764      0.05689
       5.772       0.1145
       5.779        0.153
       5.787       0.1914
       5.802       0.2299
       5.809       0.1914
       5.817       0.1338
       5.824      0.07611
       5.832    -0.000775
        5.84     -0.05844
       5.847      -0.1161
       5.862      -0.1545
        5.87       -0.193
       5.877      -0.2314
       5.885      -0.2506
         5.9      -0.2699
       5.908      -0.2506
       5.915      -0.2314
       5.923      -0.1738
        5.93      -0.1161
       5.938     -0.03922
       5.945      0.05689
       5.953      0.09533
        5.96       0.1145
       5.976       0.1338
       5.983       0.1338
       5.991       0.1338
       6.006      0.07611
       6.013      0.05689
       6.029      0.01845
       6.036      0.01845
       6.051        -0.02
       6.059     -0.03922
       6.074     -0.03922
       6.081        -0.02
       6.097      0.03767
       6.104      0.01845
       6.112        -0.02
       6.134     -0.05844
       6.142     -0.05844
       6.157        -0.02
       6.165    -0.000775
       6.172      0.05689
        6.18      0.09533
       6.195      0.09533
       6.202      0.05689
        6.21    -0.000775
       6.217        -0.02
       6.233     -0.05844
        6.24     -0.03922
       6.248        -0.02
       6.263     -0.03922
        6.27     -0.07766
       6.285      -0.1353
       6.293      -0.1738
       6.308       -0.193
       6.316      -0.1353
       6.323     -0.07766
       6.331      0.01845
       6.338      0.09533
       6.346       0.1722
       6.354       0.2106
       6.361       0.2683
       6.369       0.3068
       6.384       0.3452
       6.391       0.3452
       6.406       0.2683
       6.414       0.1914
       6.422      0.09533
       6.429        -0.02
       6.437      -0.1161
       6.444      -0.2122
       6.452      -0.2699
       6.459      -0.3275
       6.467      -0.3467
       6.474      -0.3083
       6.482      -0.2699
        6.49      -0.2314
       6.497      -0.1738
       6.505      -0.1161
       6.512     -0.03922
        6.52      0.07611
       6.527       0.1722
       6.535       0.2491
       6.542       0.2875
       6.558       0.3452
       6.573       0.3644
        6.58        0.326
       6.588       0.2491
       6.595       0.1914
       6.603      0.09533
       6.611      0.03767
       6.618        -0.02
       6.626     -0.07766
       6.633      -0.1353
       6.641       -0.193
       6.648      -0.2314
       6.656      -0.2699
       6.663      -0.2699
       6.679      -0.2506
       6.686      -0.2122
       6.701      -0.1738
       6.709      -0.1353
       6.716      -0.1161
       6.724     -0.07766
       6.731     -0.03922
       6.739    -0.000775
       6.747      0.03767
       6.754      0.07611
       6.762       0.1145
       6.769       0.1722
       6.777       0.2299
       6.784       0.2683
       6.792       0.2875
       6.799       0.2875
       6.807       0.2299
       6.815       0.1722
       6.822      0.09533
        6.83      0.03767
       6.837    -0.000775
       6.845    -0.000775
        6.86    -0.000775
       6.868    -0.000775
       6.883     -0.03922
        6.89     -0.05844
       6.898     -0.09688
       6.905      -0.1161
        6.92      -0.1353
       6.928      -0.1161
       6.943     -0.05844
       6.951     -0.05844
       6.966        -0.02
       6.973    -0.000775
       6.981      0.03767
       6.996      0.07611
       7.004      0.07611
       7.019      0.07611
       7.026       0.1145
       7.041        0.153
       7.049       0.1722
       7.064        0.153
       7.072       0.1145
       7.079      0.03767
       7.087        -0.02
       7.094     -0.07766
       7.102      -0.1353
       7.109      -0.1545
       7.117      -0.1353
       7.125     -0.09688
       7.132     -0.03922
        7.14      0.05689
       7.155      0.09533
       7.162      0.07611
       7.177      0.03767
       7.185      0.01845
       7.193        -0.02
         7.2     -0.05844
       7.208     -0.09688
       7.215      -0.1353
       7.223       -0.193
       7.238      -0.2122
       7.245      -0.1545
       7.253     -0.09688
       7.261     -0.03922
       7.268      0.01845
       7.276      0.05689
       7.283      0.09533
       7.291       0.1338
       7.298       0.1722
       7.313       0.1914
       7.321       0.1914
       7.336       0.1914
       7.344       0.1338
       7.351      0.09533
       7.359      0.03767
       7.366    -0.000775
       7.374     -0.03922
       7.382     -0.05844
       7.397     -0.09688
       7.404     -0.09688
       7.419     -0.05844
       7.427        -0.02
       7.434      0.03767
       7.442      0.07611
        7.45      0.09533
       7.465      0.09533
       7.472      0.05689
        7.48      0.01845
       7.487    -0.000775
       7.502    -0.000775
        7.51      0.03767
       7.525      0.01845
       7.533        -0.02
        7.54     -0.05844
       7.548      -0.1161
       7.555      -0.1353
        7.57      -0.1353
       7.578      -0.1161
       7.586     -0.07766
       7.593     -0.03922
       7.601      0.01845
       7.608      0.05689
       7.616       0.1145
       7.631       0.1145
       7.638      0.09533
       7.646      0.09533
       7.661      0.09533
       7.669       0.1338
       7.676       0.1722
       7.691        0.153
       7.699       0.1145
       7.714      0.07611
       7.722      0.03767
       7.729        -0.02
       7.737     -0.09688
       7.744      -0.1545
       7.752       -0.193
       7.767      -0.1738
       7.775      -0.1353
       7.782     -0.09688
       7.797     -0.09688
       7.805     -0.07766
        7.82     -0.05844
       7.827     -0.05844
       7.843     -0.05844
       7.858     -0.03922
       7.865        -0.02
       7.873      0.05689
        7.88       0.1145
       7.888        0.153
       7.903       0.1914
       7.911       0.1722
       7.918       0.1722
       7.933       0.1338
       7.941       0.1338
       7.956       0.1722
       7.964        0.153
       7.971       0.1145
       7.979      0.05689
       7.986    -0.000775
       8.001        -0.02
       8.009    -0.000775
       8.024      0.01845
       8.032      0.01845
       8.039      0.01845
       8.054        -0.02
       8.062        -0.02
       8.077     -0.05844
       8.084     -0.07766
         8.1      -0.1161
       8.107     -0.09688
       8.122      -0.1161
       8.137      -0.1545
       8.145      -0.1353
       8.152     -0.05844
        8.16        -0.02
       8.168      0.07611
       8.175       0.1145
       8.183       0.1722
       8.198       0.1722
       8.205        0.153
       8.213       0.1145
       8.221      0.07611
       8.228      0.05689
       8.243      0.03767
       8.251      0.05689
       8.266      0.09533
       8.273      0.09533
       8.289      0.07611
       8.296      0.07611
       8.311      0.05689
       8.319      0.03767
       8.334    -0.000775
       8.341        -0.02
       8.349        -0.02
       8.364        -0.02
       8.372    -0.000775
       8.387      0.03767
       8.394      0.03767
       8.402      0.03767
       8.409        -0.02
       8.417     -0.05844
       8.425     -0.07766
        8.44     -0.09688
       8.447     -0.09688
       8.455     -0.07766
       8.462     -0.05844
        8.47    -0.000775
       8.478      0.07611
       8.485       0.1338
       8.493       0.1722
         8.5       0.1914
       8.515       0.1914
       8.523        0.153
        8.53      0.07611
       8.538    -0.000775
       8.546     -0.09688
       8.553      -0.1738
       8.561      -0.2122
       8.568      -0.2122
       8.576      -0.1738
       8.583      -0.1545
       8.598      -0.1353
       8.606      -0.1353
       8.621     -0.07766
       8.629      0.01845
       8.636       0.1145
       8.644       0.1914
       8.651       0.2491
       8.659       0.2875
       8.674       0.3068
       8.682       0.2875
       8.697       0.2491
       8.704       0.2299
       8.712       0.1914
       8.719       0.1145
       8.727      0.03767
       8.735     -0.05844
       8.742      -0.1161
        8.75      -0.1353
       8.765     -0.09688
       8.772     -0.07766
       8.787     -0.05844
       8.795     -0.05844
        8.81     -0.09688
       8.818     -0.09688
       8.833     -0.07766
        8.84     -0.05844
       8.855     -0.05844
       8.863     -0.07766
       8.871     -0.05844
       8.886      -0.1161
       8.893      -0.1545
       8.901       -0.193
       8.908       -0.193
       8.916      -0.1545
       8.923      -0.1161
       8.931     -0.07766
       8.946     -0.07766
       8.954     -0.05844
       8.961      0.03767
       8.969       0.1914
       8.976       0.5374
       8.976       0.3836
