     0.01181       0.4552
     0.01938       0.3789
     0.02694       0.3025
     0.03451       0.2261
     0.04207       0.1497
     0.04964      0.07332
      0.0572     -0.04126
     0.06477      -0.1176
     0.07233       -0.194
      0.0799      -0.2704
     0.08746      -0.3277
     0.09503       -0.385
      0.1026      -0.4232
      0.1177      -0.4041
      0.1253       -0.385
      0.1404      -0.3277
       0.148      -0.2895
      0.1555      -0.2704
      0.1631      -0.2131
      0.1707      -0.1558
      0.1782     -0.07945
      0.1858      0.03512
      0.1858     -0.02217
      0.1934      0.07332
      0.2009       0.1306
      0.2085       0.1879
      0.2161       0.2261
      0.2312       0.2452
      0.2388        0.207
      0.2463       0.1497
      0.2539      0.09241
      0.2615      0.05422
       0.269    -0.003069
      0.2766    -0.003069
      0.2917    -0.003069
      0.2993    -0.003069
      0.3144      0.03512
       0.322      0.05422
      0.3295      0.09241
      0.3371       0.1306
      0.3522       0.1306
      0.3598       0.1115
      0.3674      0.07332
      0.3825      0.03512
      0.3901      0.01603
      0.4128    -0.003069
      0.4203      0.03512
      0.4355      0.05422
       0.443      0.05422
      0.4581    -0.003069
      0.4657    -0.003069
      0.4733     -0.04126
      0.4808     -0.07945
      0.4884      -0.1367
       0.496      -0.1749
      0.5111      -0.1749
      0.5187      -0.1367
      0.5262     -0.07945
      0.5338     -0.04126
      0.5414     -0.02217
      0.5565     -0.02217
      0.5641    -0.003069
      0.5716      0.01603
      0.5792      0.05422
      0.5868      0.09241
      0.6019       0.1115
       0.617      0.09241
      0.6321      0.05422
      0.6397      0.01603
      0.6473     -0.02217
      0.6624     -0.06036
        0.67     -0.06036
      0.6851     -0.06036
      0.6927     -0.04126
      0.7078     -0.02217
      0.7154     -0.02217
      0.7305     -0.06036
      0.7381     -0.09855
      0.7456     -0.07945
      0.7607     -0.04126
      0.7683    -0.003069
      0.7759      0.03512
       0.791    -0.003069
      0.7986     -0.06036
      0.8061      -0.1367
      0.8137      -0.2322
      0.8213      -0.2704
      0.8288      -0.2895
      0.8364      -0.2704
       0.844      -0.2131
      0.8515      -0.1176
      0.8591      0.03512
      0.8591     -0.04126
      0.8667      0.09241
      0.8742       0.1879
      0.8818       0.2643
      0.8969       0.2643
      0.9045       0.2452
      0.9196        0.207
      0.9272        0.207
      0.9347        0.207
      0.9499       0.1306
      0.9574       0.1115
       0.965      0.07332
      0.9726      0.03512
      0.9801     -0.02217
      0.9877     -0.04126
      0.9953     -0.07945
       1.003     -0.09855
       1.018     -0.02217
       1.026      0.05422
       1.026    -0.003069
       1.033      0.09241
       1.041       0.1688
       1.048        0.207
       1.056       0.2452
       1.063       0.2452
       1.071       0.2261
       1.078       0.1879
       1.086       0.1306
       1.094       0.1115
       1.109      0.07332
       1.116      0.03512
       1.116    -0.003069
       1.124     -0.02217
       1.131     -0.07945
       1.139      -0.1367
       1.147       -0.194
       1.154      -0.2131
       1.169      -0.2131
       1.177       -0.194
       1.184      -0.1558
       1.192     -0.07945
         1.2      0.03512
         1.2     -0.02217
       1.207      0.07332
       1.215       0.1115
       1.222       0.1688
        1.23       0.1688
       1.245       0.1879
       1.252        0.207
        1.26       0.2452
       1.268       0.2834
       1.283       0.3025
        1.29       0.2643
       1.298       0.2261
       1.305       0.1688
       1.313      0.09241
       1.321      0.01603
       1.328     -0.06036
       1.336      -0.1558
       1.343      -0.2513
       1.351      -0.3277
       1.358      -0.3659
       1.374      -0.3468
       1.381      -0.2704
       1.389      -0.1749
       1.396     -0.09855
       1.404     -0.02217
       1.411      0.03512
       1.419      0.07332
       1.426       0.1306
       1.434       0.1688
       1.442       0.1879
       1.449       0.1688
       1.457       0.1115
       1.464      0.05422
       1.472     -0.02217
       1.479     -0.09855
       1.487      -0.1558
       1.495       -0.194
        1.51      -0.2704
       1.517      -0.3086
       1.525      -0.3659
       1.532       -0.385
        1.54      -0.3659
       1.548      -0.2895
       1.555      -0.2131
       1.563      -0.1367
        1.57     -0.06036
       1.578    -0.003069
       1.585      0.05422
       1.593       0.1115
         1.6       0.1688
       1.608       0.2261
       1.616       0.3025
       1.623       0.3789
       1.631       0.4171
       1.646       0.4552
       1.653       0.4361
       1.669       0.3598
       1.676       0.3025
       1.684       0.2261
       1.691       0.1115
       1.699      0.03512
       1.706     -0.04126
       1.714     -0.09855
       1.722      -0.1367
       1.737      -0.1367
       1.744      -0.1176
       1.752     -0.07945
       1.759     -0.06036
       1.774     -0.07945
       1.782     -0.09855
        1.79      -0.1367
       1.812      -0.1749
        1.82      -0.1558
       1.827     -0.09855
       1.835     -0.06036
       1.843    -0.003069
        1.85      0.07332
       1.858       0.1306
       1.865        0.207
       1.873       0.2643
       1.888       0.3025
       1.896       0.3025
       1.911       0.2834
       1.918       0.2643
       1.926       0.2643
       1.933       0.2261
       1.941       0.1688
       1.948       0.1115
       1.956      0.05422
       1.964    -0.003069
       1.971     -0.04126
       1.986     -0.09855
       1.994      -0.1367
       2.001       -0.194
       2.009      -0.2513
       2.017      -0.3277
       2.024      -0.3659
       2.032      -0.3468
       2.039      -0.2895
       2.047       -0.194
       2.054     -0.09855
       2.062      0.03512
       2.062     -0.04126
        2.07      0.07332
       2.077       0.1497
       2.085       0.2261
       2.092       0.2834
         2.1       0.3216
       2.107       0.3216
       2.115       0.3025
       2.122       0.2643
        2.13        0.207
       2.138       0.1688
       2.145       0.1115
       2.153      0.05422
        2.16     -0.02217
       2.168     -0.09855
       2.175      -0.1749
       2.183      -0.2322
       2.191      -0.2895
       2.198      -0.3468
       2.206      -0.4232
       2.213      -0.4423
       2.228      -0.4041
       2.236      -0.3277
       2.243       -0.194
       2.251      0.03512
       2.251     -0.06036
       2.259       0.1115
       2.266        0.207
       2.274       0.3025
       2.281       0.3407
       2.296       0.3025
       2.304       0.2643
       2.319       0.2452
       2.327       0.2643
       2.342       0.2834
       2.349       0.2452
       2.357        0.207
       2.365       0.1497
       2.372      0.09241
        2.38      0.05422
       2.387      0.03512
       2.395    -0.003069
       2.402     -0.02217
       2.417      -0.1176
       2.425      -0.1749
       2.433      -0.2513
        2.44      -0.3086
       2.448      -0.3468
       2.463      -0.3277
        2.47      -0.3086
       2.478      -0.2513
       2.486      -0.2131
       2.501      -0.1749
       2.508      -0.1749
       2.523      -0.1749
       2.531      -0.1367
       2.546     -0.09855
       2.554     -0.07945
       2.561     -0.06036
       2.576     -0.02217
       2.584      0.05422
       2.584    -0.003069
       2.591      0.07332
       2.599       0.1306
       2.614       0.1497
       2.622       0.1879
       2.629        0.207
       2.637       0.2643
       2.644       0.3216
       2.652       0.3789
        2.66       0.4361
       2.667       0.4743
       2.682       0.4171
        2.69       0.3407
       2.697       0.2452
       2.705       0.1497
       2.713      0.07332
        2.72      0.01603
       2.728     -0.04126
       2.735     -0.09855
       2.743      -0.1367
        2.75      -0.1558
       2.765       -0.194
       2.773      -0.2131
       2.788      -0.2322
       2.796      -0.2322
       2.811       -0.194
       2.818      -0.1367
       2.826     -0.06036
       2.834      0.03512
       2.841       0.1115
       2.849       0.1688
       2.856       0.1879
       2.864       0.1497
       2.871       0.1115
       2.879      0.09241
       2.894      0.05422
       2.902      0.05422
       2.917      0.05422
       2.924      0.05422
       2.932      0.05422
       2.939      0.01603
       2.947     -0.02217
       2.955     -0.04126
        2.97     -0.07945
       2.977     -0.09855
       2.992      -0.1367
       3.015       -0.194
       3.023      -0.2131
       3.038      -0.1749
       3.045      -0.1558
       3.061      -0.1367
       3.068      -0.1558
       3.083      -0.1749
       3.091      -0.1558
       3.106      -0.1176
       3.113     -0.09855
       3.121     -0.06036
       3.129     -0.02217
       3.136      0.07332
       3.144       0.1306
       3.151       0.1688
       3.159       0.2261
       3.166       0.2643
       3.182       0.2834
       3.189       0.3025
       3.204       0.3025
       3.212       0.3025
       3.219       0.3216
       3.235       0.3216
       3.242       0.3025
        3.25       0.2643
       3.257        0.207
       3.265       0.1306
       3.272      0.07332
        3.28     -0.04126
       3.287      -0.1176
       3.295      -0.2131
       3.303      -0.2895
        3.31      -0.3468
       3.318      -0.4041
       3.325      -0.4423
       3.333      -0.4614
       3.348      -0.4805
       3.356      -0.4423
       3.363      -0.4232
       3.371      -0.3659
       3.378      -0.3086
       3.386      -0.2322
       3.393      -0.1558
       3.401     -0.07945
       3.409     -0.04126
       3.416      0.05422
       3.416    -0.003069
       3.424      0.09241
       3.431       0.1688
       3.439       0.2452
       3.446       0.3216
       3.454        0.398
       3.461       0.4743
       3.469       0.5316
       3.477       0.5507
       3.492       0.5507
       3.499       0.5316
       3.514       0.5316
       3.522       0.4743
        3.53       0.4361
       3.537       0.3598
       3.545       0.2643
       3.552       0.1497
        3.56      0.03512
       3.567     -0.07945
       3.575       -0.194
       3.583      -0.2704
        3.59      -0.3086
       3.605      -0.2895
       3.613      -0.2322
        3.62      -0.1749
       3.628      -0.1176
       3.635     -0.06036
       3.643     -0.02217
       3.651      0.07332
       3.658       0.1306
       3.666       0.1688
       3.681        0.207
       3.688       0.1879
       3.704       0.1688
       3.719       0.1497
       3.726       0.1306
       3.734      0.09241
       3.741      0.05422
       3.749     -0.02217
       3.757     -0.09855
       3.764      -0.1749
       3.772      -0.2322
       3.779      -0.2895
       3.787      -0.3659
       3.794      -0.4041
       3.802      -0.4423
       3.817      -0.4423
       3.825       -0.385
       3.832      -0.3086
        3.84       -0.194
       3.847     -0.09855
       3.855     -0.02217
       3.862      0.01603
       3.878      0.07332
       3.885       0.1115
       3.893       0.1497
         3.9       0.1688
       3.915       0.1497
       3.923       0.1497
       3.938       0.1115
       3.946       0.1306
       3.953       0.1497
       3.968       0.1879
       3.976        0.207
       3.983       0.2261
       3.999       0.1879
       4.006       0.1306
       4.014      0.07332
       4.014    -0.003069
       4.021     -0.04126
       4.029      -0.1176
       4.036      -0.1749
       4.044      -0.2131
       4.052      -0.2322
       4.059      -0.2704
       4.067      -0.2895
       4.082      -0.3277
       4.089      -0.3086
       4.097      -0.2704
       4.104      -0.2131
       4.112      -0.1367
        4.12     -0.04126
       4.127      0.07332
       4.127    -0.003069
       4.135       0.1688
       4.142       0.2643
        4.15       0.3598
       4.157       0.4361
       4.165       0.4934
       4.173       0.5507
        4.18       0.5698
       4.195       0.5507
       4.203       0.5125
        4.21       0.4552
       4.218        0.398
       4.226       0.3025
       4.233        0.207
       4.241       0.1115
       4.248      0.05422
       4.248     -0.06036
       4.256      -0.1749
       4.263      -0.3086
       4.271      -0.4232
       4.278      -0.5569
       4.286      -0.6142
       4.294      -0.6523
       4.301      -0.6523
       4.309      -0.6332
       4.316       -0.576
       4.324      -0.4996
       4.331      -0.4041
       4.339      -0.2895
       4.347      -0.1749
       4.354     -0.06036
       4.362      0.07332
       4.362    -0.003069
       4.369       0.1306
       4.377        0.207
       4.384       0.2834
         4.4       0.3216
       4.407       0.3025
       4.415       0.2643
       4.422       0.1879
        4.43       0.1115
       4.437      0.05422
       4.445    -0.003069
       4.452     -0.02217
        4.46    -0.003069
       4.468      0.05422
       4.475      0.09241
       4.483       0.1306
        4.49       0.1688
       4.505        0.207
       4.513       0.1688
       4.521       0.1115
       4.528      0.05422
       4.528    -0.003069
       4.536     -0.04126
       4.543      -0.1367
       4.551      -0.2322
       4.558      -0.3086
       4.566      -0.3468
       4.574      -0.3277
       4.581      -0.2704
       4.589      -0.2131
       4.596      -0.1367
       4.604     -0.07945
       4.611     -0.04126
       4.619      0.03512
       4.619    -0.003069
       4.626      0.07332
       4.634       0.1306
       4.642       0.1879
       4.649       0.2261
       4.657       0.2834
       4.672       0.3216
       4.679       0.3407
       4.695       0.3407
       4.702       0.3407
        4.71       0.3025
       4.717       0.2643
       4.725       0.2261
       4.732       0.1497
        4.74      0.07332
       4.748     -0.04126
       4.755      -0.1367
       4.763      -0.2322
        4.77      -0.2895
       4.778      -0.3277
       4.793       -0.385
         4.8       -0.385
       4.816      -0.2895
       4.823      -0.2131
       4.831      -0.1176
       4.838     -0.04126
       4.846      0.07332
       4.853       0.1688
       4.861       0.2643
       4.869       0.3407
       4.876       0.3789
       4.884        0.398
       4.891        0.398
       4.906       0.3598
       4.914       0.3598
       4.922       0.3216
       4.929       0.2834
       4.937        0.207
       4.944       0.1115
       4.952      0.01603
       4.959     -0.07945
       4.967      -0.1749
       4.974      -0.2322
       4.982      -0.2704
        4.99      -0.2895
       5.012      -0.2513
        5.02      -0.2322
       5.027      -0.2131
       5.043      -0.1749
        5.05      -0.1749
       5.065      -0.1558
        5.08      -0.1367
       5.088      -0.1176
       5.096     -0.06036
       5.103     -0.02217
       5.111      0.05422
       5.118       0.1115
       5.126       0.1688
       5.133        0.207
       5.148       0.2452
       5.156       0.2452
       5.171        0.207
       5.179       0.1688
       5.194       0.1306
       5.209       0.1497
       5.224       0.1306
       5.232      0.07332
       5.239      0.03512
       5.239     -0.02217
       5.247     -0.09855
       5.254      -0.1749
       5.262      -0.2513
        5.27      -0.3277
       5.277       -0.385
       5.285      -0.4232
       5.292      -0.4232
         5.3      -0.3659
       5.307      -0.3086
       5.315      -0.2322
       5.322      -0.1558
        5.33     -0.09855
       5.338     -0.06036
       5.345     -0.02217
       5.353      0.01603
       5.368      0.07332
       5.375      0.09241
       5.391      0.09241
       5.398       0.1306
       5.413       0.1879
       5.421       0.1879
       5.436       0.1879
       5.444       0.1497
       5.451       0.1306
       5.466       0.1115
       5.474      0.09241
       5.481      0.05422
       5.489     -0.02217
       5.496     -0.07945
       5.504      -0.1367
       5.512       -0.194
       5.519      -0.2513
       5.534      -0.2895
       5.542      -0.3086
       5.549      -0.2895
       5.557      -0.2704
       5.565      -0.2131
       5.572      -0.1367
        5.58     -0.06036
       5.587      0.07332
       5.587    -0.003069
       5.595       0.1497
       5.602       0.2643
        5.61       0.3216
       5.625       0.3407
       5.633       0.3025
        5.64       0.2452
       5.648       0.1879
       5.655       0.1115
       5.663      0.09241
       5.678      0.05422
       5.686      0.05422
       5.701    -0.003069
       5.708     -0.04126
       5.716     -0.07945
       5.723     -0.09855
       5.739     -0.09855
       5.746     -0.07945
       5.754     -0.02217
       5.761      0.07332
       5.769       0.1688
       5.776       0.2643
       5.784       0.3407
       5.791        0.398
       5.799        0.398
       5.814       0.3789
       5.829       0.3407
       5.837       0.3216
       5.852       0.2834
        5.86       0.2834
       5.875       0.3025
       5.882       0.2261
        5.89       0.1497
       5.897      0.01603
       5.905      -0.1367
       5.913      -0.2513
        5.92      -0.3086
       5.928      -0.3659
       5.935      -0.3468
        5.95      -0.3086
       5.958      -0.2513
       5.965       -0.194
       5.973      -0.1367
       5.981     -0.09855
       5.988     -0.06036
       5.996     -0.02217
       6.003    -0.003069
       6.011      0.05422
       6.026      0.09241
       6.034      0.07332
       6.049    -0.003069
       6.056     -0.04126
       6.071     -0.07945
       6.079     -0.09855
       6.087      -0.1367
       6.094      -0.1558
       6.109      -0.1749
       6.117       -0.194
       6.124      -0.2322
       6.132      -0.2895
       6.139      -0.3468
       6.155       -0.385
       6.162      -0.3468
        6.17      -0.2895
       6.177      -0.2513
       6.185       -0.194
       6.192      -0.1558
         6.2     -0.09855
       6.208     -0.04126
       6.215      0.07332
       6.215    -0.003069
       6.223       0.1306
        6.23        0.207
       6.238       0.2834
       6.245       0.3407
       6.253        0.398
       6.268       0.4171
       6.276       0.3789
       6.283       0.3407
       6.291       0.2834
       6.298       0.2261
       6.306       0.1688
       6.313       0.1115
       6.321      0.05422
       6.329    -0.003069
       6.336    -0.003069
       6.344     -0.04126
       6.351     -0.06036
       6.359     -0.09855
       6.366      -0.1367
       6.374      -0.1749
       6.389      -0.2322
       6.397      -0.2513
       6.412      -0.2513
       6.419      -0.2322
       6.427      -0.1749
       6.435      -0.1176
       6.442     -0.06036
        6.45     -0.02217
       6.457      0.05422
       6.465       0.1115
       6.472       0.1879
        6.48       0.2261
       6.487       0.2643
       6.495       0.3025
       6.503       0.3216
       6.518        0.398
       6.525       0.4361
       6.533       0.4743
       6.548       0.4361
       6.556       0.3598
       6.563       0.2834
       6.571       0.1688
       6.578      0.07332
       6.578    -0.003069
       6.586     -0.06036
       6.593      -0.1558
       6.601      -0.2704
       6.609      -0.4041
       6.616      -0.4996
       6.624      -0.5569
       6.639      -0.5378
       6.646      -0.4232
       6.654      -0.3468
       6.661      -0.2322
       6.669      -0.1558
       6.677     -0.09855
       6.684     -0.06036
       6.699      0.03512
       6.707      0.05422
       6.714       0.1115
       6.722       0.1688
        6.73       0.1879
       6.745       0.2452
       6.752       0.2834
       6.767       0.3216
       6.775       0.3407
        6.79       0.3025
       6.798       0.2643
       6.805        0.207
       6.813       0.1306
        6.82      0.07332
       6.828     -0.02217
       6.835     -0.09855
       6.843      -0.1558
       6.851      -0.2131
       6.858      -0.2513
       6.866      -0.2704
       6.881      -0.2895
       6.888      -0.2895
       6.904      -0.2704
       6.919      -0.2322
       6.926      -0.1749
       6.934      -0.1176
       6.941      0.03512
       6.941     -0.04126
       6.949      0.09241
       6.957       0.1688
       6.964       0.2452
       6.972       0.3025
       6.979       0.3216
       6.994       0.3216
       7.009       0.3216
       7.017       0.2834
       7.025       0.2261
       7.032       0.1306
        7.04      0.05422
        7.04    -0.003069
       7.047     -0.02217
       7.055     -0.06036
       7.062     -0.09855
       7.078      -0.1176
       7.085      -0.1176
         7.1      -0.1558
       7.108      -0.1749
       7.123      -0.1558
       7.131     -0.09855
       7.138     -0.04126
       7.146      0.05422
       7.146    -0.003069
       7.153      0.07332
       7.161       0.1115
       7.168       0.1497
       7.183       0.1688
       7.191       0.1497
       7.199      0.09241
       7.206      0.01603
       7.214     -0.07945
       7.221      -0.1749
       7.229      -0.2513
       7.236      -0.3086
       7.244      -0.3468
       7.259      -0.3468
       7.267      -0.3086
       7.274      -0.2131
       7.282      -0.1176
       7.289      0.03512
       7.289     -0.04126
       7.297      0.09241
       7.305       0.1688
       7.312       0.2452
        7.32       0.2834
       7.327       0.3216
       7.335       0.3598
       7.342       0.4171
       7.357       0.4552
       7.365       0.4361
       7.373        0.398
        7.38       0.3407
       7.388       0.2834
       7.395        0.207
       7.403       0.1306
        7.41      0.07332
       7.418    -0.003069
       7.426     -0.04126
       7.441     -0.09855
       7.448      -0.1367
       7.456      -0.1749
       7.463       -0.194
       7.479      -0.2131
       7.486      -0.2322
       7.494      -0.2513
       7.509      -0.2895
       7.516      -0.3086
       7.524      -0.2895
       7.531      -0.2704
       7.539       -0.194
       7.547      -0.1558
       7.554     -0.09855
       7.562     -0.06036
       7.569    -0.003069
       7.584      0.03512
       7.592      0.03512
       7.607       0.1115
       7.615       0.1688
       7.622       0.2643
        7.63       0.3407
       7.637       0.4171
       7.645       0.4743
       7.652       0.5316
       7.668       0.5125
       7.675       0.4743
       7.683        0.398
        7.69       0.3025
       7.698        0.207
       7.705      0.09241
       7.713      0.03512
       7.713     -0.04126
       7.721      -0.1367
       7.728      -0.2131
       7.736      -0.3086
       7.743      -0.3659
       7.751      -0.4041
       7.758      -0.4041
       7.774       -0.385
       7.781      -0.3659
       7.796      -0.3086
       7.811      -0.2322
       7.819      -0.1558
       7.826     -0.07945
       7.834      0.03512
       7.834     -0.02217
       7.842      0.07332
       7.849       0.1306
       7.857       0.1879
       7.864       0.2452
       7.872       0.3025
       7.879       0.3598
       7.887       0.3789
       7.902       0.3598
        7.91       0.3216
       7.917       0.2452
       7.925       0.1688
       7.932      0.09241
        7.94      0.01603
       7.948     -0.04126
       7.955      -0.1176
       7.963      -0.1558
       7.978      -0.1558
       7.985      -0.1367
       7.993     -0.09855
           8     -0.06036
       8.016     -0.04126
       8.023     -0.07945
       8.031      -0.1176
       8.038      -0.1367
       8.053       -0.194
       8.061      -0.2131
       8.076      -0.2513
       8.084      -0.2704
       8.099      -0.2704
       8.106      -0.2513
       8.122      -0.2131
       8.129      -0.1749
       8.137      -0.1176
       8.144     -0.04126
       8.152      0.07332
       8.152    -0.003069
       8.159       0.1497
       8.167       0.2261
       8.174       0.3025
       8.182       0.3598
        8.19        0.398
       8.197       0.4361
       8.205       0.4552
       8.212       0.4934
       8.227       0.4934
       8.235       0.4552
       8.243       0.3789
        8.25       0.2643
       8.258       0.1688
       8.265      0.07332
       8.265    -0.003069
       8.273     -0.06036
        8.28      -0.1558
       8.288      -0.2131
       8.296      -0.2704
       8.303      -0.3277
       8.318      -0.3659
       8.326      -0.3659
       8.341      -0.3086
       8.348      -0.2513
       8.356      -0.1749
       8.364      -0.1176
       8.371     -0.04126
       8.379      0.05422
       8.379    -0.003069
       8.386       0.1115
       8.394       0.1879
       8.401       0.2452
       8.417       0.2643
       8.424       0.2643
       8.432        0.207
       8.439       0.1497
       8.447      0.07332
       8.447    -0.003069
       8.454     -0.06036
       8.462      -0.1558
        8.47      -0.2322
       8.477      -0.2704
       8.485      -0.2895
       8.492      -0.2704
       8.507      -0.2322
       8.515       -0.194
       8.522      -0.1749
        8.53      -0.1176
       8.538     -0.06036
       8.545      0.01603
       8.553      0.09241
        8.56       0.1688
       8.568       0.2452
       8.575       0.2834
       8.583       0.3407
       8.598       0.3407
       8.613       0.3025
       8.621       0.2834
       8.636        0.207
       8.644       0.1497
       8.651      0.09241
       8.659      0.05422
       8.666     -0.02217
       8.674     -0.06036
       8.681     -0.09855
       8.689      -0.1749
       8.696      -0.2513
       8.704      -0.3468
       8.712      -0.4041
       8.719      -0.4614
       8.727      -0.4423
       8.734      -0.4041
       8.742      -0.3468
       8.749      -0.2895
       8.757      -0.2513
       8.765       -0.194
       8.772      -0.1558
        8.78      -0.1176
       8.787     -0.07945
       8.795     -0.02217
       8.802      0.05422
        8.81       0.1306
       8.818       0.1688
       8.825        0.207
        8.84       0.1879
       8.848       0.1688
       8.863       0.1879
        8.87        0.207
       8.886       0.2452
       8.901       0.2452
       8.908        0.207
       8.916       0.1688
       8.923       0.1306
       8.931      0.09241
       8.939      0.05422
       8.946    -0.003069
       8.954     -0.04126
       8.969     -0.09855
       8.976      -0.1176
