     0.01186        0.168
     0.03455        0.168
     0.04212         0.15
     0.04968         0.15
     0.06481       0.1138
     0.07994      0.07769
     0.09507      0.04155
      0.1026      0.00542
      0.1102     -0.03071
      0.1253     -0.06685
      0.1329     -0.08491
       0.148       -0.121
      0.1556      -0.1572
      0.1632      -0.1572
      0.1783       -0.121
      0.1859     -0.06685
      0.1934     -0.03071
       0.201      0.00542
      0.2161      0.00542
      0.2237      0.00542
      0.2388      0.04155
      0.2464      0.04155
      0.2615      0.04155
      0.2691      0.04155
      0.2842      0.04155
      0.2918      0.04155
      0.3069      0.00542
      0.3145      0.00542
       0.322      0.00542
      0.3371     -0.03071
      0.3447     -0.04878
      0.3523     -0.04878
      0.3674     -0.01265
       0.375      0.00542
      0.3825      0.04155
      0.3901      0.04155
      0.4128      0.02349
      0.4431      0.02349
      0.4582      0.04155
      0.4658      0.04155
      0.4809      0.05962
      0.4884      0.05962
      0.5036      0.05962
      0.5111      0.05962
      0.5263      0.04155
      0.5338      0.04155
      0.5414      0.05962
       0.549      0.07769
      0.5565       0.1138
      0.5641         0.15
      0.5792         0.15
      0.5868       0.1319
      0.6019      0.09575
      0.6095      0.09575
      0.6246      0.05962
      0.6322      0.05962
      0.6397      0.02349
      0.6473     -0.01265
      0.6549     -0.04878
      0.6624       -0.103
        0.67       -0.121
      0.6851      -0.1752
      0.6927      -0.1752
      0.7078      -0.1572
      0.7154       -0.121
       0.723       -0.103
      0.7381     -0.04878
      0.7457     -0.03071
      0.7608      0.00542
      0.7683      0.00542
      0.7759      0.04155
      0.7835      0.04155
      0.7986      0.04155
      0.8062      0.04155
      0.8213      0.04155
      0.8289      0.00542
      0.8364      0.00542
      0.8516     -0.03071
      0.8591     -0.04878
      0.8818     -0.06685
      0.8894     -0.04878
       0.897     -0.03071
      0.9045      0.04155
      0.9045      0.00542
      0.9121      0.05962
      0.9196      0.09575
      0.9272       0.1319
      0.9423         0.15
      0.9499         0.15
       0.965         0.15
      0.9726         0.15
      0.9877         0.15
       1.003       0.1138
        1.01      0.09575
       1.026      0.05962
       1.033      0.04155
       1.048      0.02349
       1.056      0.02349
       1.071      0.00542
       1.079     -0.01265
       1.086     -0.01265
       1.101     -0.04878
       1.109     -0.04878
       1.124     -0.01265
       1.131      0.00542
       1.139      0.05962
       1.147      0.07769
       1.162      0.09575
       1.169      0.09575
       1.184      0.09575
       1.192      0.09575
       1.207      0.09575
       1.215      0.09575
        1.23      0.09575
       1.237      0.07769
       1.245      0.07769
        1.26      0.04155
       1.268      0.02349
       1.283     -0.01265
       1.298     -0.03071
       1.305     -0.03071
       1.321     -0.03071
       1.328     -0.03071
       1.336     -0.01265
       1.351      0.05962
       1.358      0.09575
       1.366       0.1319
       1.381       0.1319
       1.389       0.1138
       1.404      0.05962
       1.411      0.04155
       1.419      0.00542
       1.426     -0.03071
       1.442     -0.08491
       1.449       -0.121
       1.457      -0.1572
       1.464      -0.1933
       1.472      -0.2294
       1.479      -0.2294
       1.495      -0.2294
       1.502      -0.2114
       1.517      -0.1933
       1.525      -0.1933
        1.54      -0.1572
       1.555       -0.121
       1.563       -0.121
        1.57     -0.08491
       1.578     -0.06685
       1.585     -0.01265
       1.593      0.04155
         1.6      0.07769
       1.608       0.1138
       1.616         0.15
       1.631       0.1319
       1.638       0.1319
       1.653         0.15
       1.669        0.168
       1.676        0.168
       1.691        0.168
       1.706         0.15
       1.714       0.1319
       1.722      0.09575
       1.729      0.05962
       1.737      0.04155
       1.737     -0.01265
       1.744     -0.04878
       1.752       -0.103
       1.759      -0.1391
       1.774      -0.1933
       1.782      -0.1933
       1.797      -0.1572
       1.812       -0.121
        1.82     -0.08491
       1.835     -0.04878
       1.843     -0.01265
        1.85      0.05962
       1.858      0.09575
       1.865       0.1319
       1.873        0.168
        1.88       0.1861
       1.896       0.1861
       1.903        0.168
       1.918       0.1319
       1.926       0.1138
       1.941       0.1138
       1.948       0.1138
       1.956       0.1138
       1.971      0.07769
       1.979      0.05962
       1.994      0.00542
       2.001      0.00542
       2.017     -0.01265
       2.024     -0.01265
       2.032      0.00542
       2.047      0.00542
       2.054      0.04155
       2.062      0.05962
        2.07      0.09575
       2.077       0.1319
       2.092         0.15
         2.1         0.15
       2.107       0.1138
       2.122      0.05962
        2.13      0.02349
       2.145     -0.03071
       2.153     -0.04878
       2.168     -0.06685
       2.175     -0.06685
       2.183     -0.04878
       2.198     -0.04878
       2.206     -0.04878
       2.221     -0.04878
       2.228     -0.03071
       2.236      0.00542
       2.251      0.05962
       2.259      0.07769
       2.266       0.1138
       2.281         0.15
       2.296       0.1319
       2.304       0.1138
       2.319      0.07769
       2.327      0.07769
       2.342      0.05962
       2.349      0.04155
       2.372      0.02349
        2.38      0.02349
       2.395      0.00542
       2.402     -0.01265
        2.41     -0.01265
       2.425     -0.04878
       2.433     -0.06685
       2.448       -0.103
       2.455       -0.103
       2.463     -0.08491
       2.478     -0.08491
       2.486     -0.06685
       2.501     -0.03071
       2.516      0.00542
       2.523      0.00542
       2.539     -0.03071
       2.546     -0.03071
       2.561     -0.01265
       2.569     -0.01265
       2.584     -0.03071
       2.599     -0.06685
       2.607     -0.08491
       2.622     -0.06685
       2.637     -0.03071
       2.644     -0.03071
        2.66     -0.01265
       2.667     -0.01265
       2.682      0.00542
        2.69      0.02349
       2.705      0.04155
       2.713      0.04155
       2.735      0.00542
       2.743      0.00542
        2.75      0.04155
       2.758      0.07769
       2.765       0.1319
       2.773       0.1861
       2.781       0.2222
       2.796       0.2764
       2.803       0.2764
       2.811       0.2764
       2.826       0.2222
       2.834       0.1861
       2.841         0.15
       2.849      0.09575
       2.856      0.04155
       2.864     -0.01265
       2.871     -0.06685
       2.879     -0.08491
       2.887       -0.121
       2.894      -0.1391
       2.909      -0.1572
       2.917      -0.1572
       2.924      -0.1391
       2.939       -0.121
       2.947       -0.121
       2.955       -0.103
        2.97     -0.08491
       2.977     -0.04878
       2.985     -0.01265
       2.992      0.05962
       2.992      0.00542
           3      0.07769
       3.008       0.1319
       3.015        0.168
        3.03        0.168
       3.038        0.168
       3.053       0.1138
       3.061      0.09575
       3.076      0.04155
       3.083      0.02349
       3.098      0.00542
       3.106     -0.01265
       3.121     -0.01265
       3.129     -0.01265
       3.144     -0.04878
       3.151     -0.06685
       3.159     -0.06685
       3.174     -0.03071
       3.182     -0.01265
       3.197      0.04155
       3.204      0.05962
       3.212      0.07769
       3.227      0.09575
       3.235       0.1138
        3.25       0.1138
       3.257      0.09575
       3.265      0.05962
       3.272      0.02349
        3.28      0.00542
       3.287     -0.03071
       3.295     -0.04878
        3.31     -0.08491
       3.318       -0.103
       3.333       -0.121
        3.34      -0.1391
       3.348      -0.1391
       3.363      -0.1752
       3.371      -0.1752
       3.386      -0.1572
       3.401       -0.103
       3.409     -0.06685
       3.416     -0.03071
       3.424     -0.01265
       3.439      0.02349
       3.454      0.07769
       3.461       0.1138
       3.477       0.1319
       3.484       0.1138
       3.492       0.1138
       3.507      0.09575
       3.514      0.09575
        3.53      0.07769
       3.537      0.07769
       3.545      0.09575
        3.56       0.1138
       3.567       0.1319
       3.582         0.15
        3.59         0.15
       3.605       0.1861
        3.62       0.1861
       3.628        0.168
       3.643       0.1138
       3.651      0.07769
       3.658      0.05962
       3.666      0.00542
       3.673     -0.01265
       3.681     -0.03071
       3.696     -0.06685
       3.704     -0.06685
       3.719       -0.121
       3.726      -0.1391
       3.741      -0.1752
       3.749      -0.1933
       3.764      -0.1572
       3.779      -0.1391
       3.787       -0.121
       3.794       -0.103
       3.809     -0.08491
       3.817     -0.06685
       3.832     -0.03071
        3.84     -0.01265
       3.855      0.02349
       3.862      0.05962
       3.878      0.09575
       3.893         0.15
         3.9         0.15
       3.915         0.15
        3.93       0.1138
       3.938       0.1319
       3.953        0.168
       3.961       0.1861
       3.976       0.2222
       3.983       0.2222
       3.999       0.1861
       4.014       0.1319
       4.021       0.1138
       4.036      0.05962
       4.052      0.00542
       4.059     -0.03071
       4.067     -0.06685
       4.082       -0.103
       4.097     -0.08491
       4.104     -0.06685
       4.112     -0.03071
        4.12      0.00542
       4.127      0.04155
       4.135      0.05962
        4.15      0.05962
       4.165      0.00542
       4.173      0.00542
       4.188     -0.03071
       4.195     -0.04878
        4.21     -0.06685
       4.218     -0.06685
       4.233     -0.04878
       4.241     -0.04878
       4.248     -0.03071
       4.263     -0.01265
       4.271      0.00542
       4.278      0.04155
       4.294      0.07769
       4.301      0.07769
       4.316      0.07769
       4.324      0.05962
       4.331      0.05962
       4.347      0.00542
       4.354     -0.01265
       4.362     -0.01265
       4.377     -0.06685
       4.392       -0.103
         4.4       -0.121
       4.407       -0.121
       4.422       -0.121
        4.43       -0.103
       4.437     -0.06685
       4.445     -0.04878
       4.452     -0.01265
        4.46      0.05962
       4.468      0.09575
       4.483       0.1319
        4.49         0.15
       4.505       0.1138
       4.513       0.1138
       4.528      0.09575
       4.536      0.09575
       4.551      0.09575
       4.558      0.07769
       4.566      0.05962
       4.574      0.02349
       4.589     -0.03071
       4.596     -0.06685
       4.611       -0.103
       4.619       -0.103
       4.626     -0.06685
       4.634     -0.04878
       4.642     -0.01265
       4.649      0.02349
       4.657      0.05962
       4.664      0.09575
       4.679      0.09575
       4.687      0.07769
       4.702      0.00542
        4.71     -0.03071
       4.717     -0.06685
       4.725       -0.103
       4.732      -0.1572
        4.74      -0.1752
       4.755      -0.1933
       4.763      -0.1933
        4.77      -0.1572
       4.778      -0.1391
       4.785       -0.103
       4.793     -0.04878
         4.8     -0.01265
       4.808      0.04155
       4.816      0.07769
       4.831       0.1138
       4.838       0.1138
       4.853       0.1319
       4.861         0.15
       4.876       0.1319
       4.884       0.1319
       4.899      0.09575
       4.906      0.07769
       4.921      0.07769
       4.929      0.09575
       4.944       0.1138
       4.952      0.09575
       4.967      0.09575
       4.982      0.09575
        4.99       0.1138
       4.997       0.1319
       5.012        0.168
        5.02        0.168
       5.027        0.168
       5.043       0.1319
        5.05       0.1138
       5.058       0.1138
       5.073      0.05962
        5.08      0.02349
       5.088     -0.01265
       5.095     -0.04878
       5.103     -0.08491
       5.111      -0.1391
       5.118      -0.1752
       5.126      -0.2114
       5.141      -0.2294
       5.148      -0.2114
       5.156      -0.1752
       5.164       -0.121
       5.171     -0.08491
       5.186     -0.01265
       5.194      0.00542
       5.217      0.04155
       5.224      0.02349
       5.239      0.00542
       5.254     -0.03071
       5.262     -0.03071
       5.277     -0.03071
       5.285     -0.01265
         5.3      0.04155
       5.315      0.07769
       5.322      0.09575
        5.33       0.1138
       5.345       0.1319
       5.353         0.15
       5.368       0.1319
       5.375       0.1138
       5.391      0.07769
       5.398      0.05962
       5.421     -0.01265
       5.436     -0.06685
       5.443     -0.06685
       5.459     -0.06685
       5.466     -0.06685
       5.481     -0.06685
       5.489     -0.04878
       5.504      0.00542
       5.519      0.05962
       5.527      0.07769
       5.542      0.07769
       5.549      0.07769
       5.565      0.04155
       5.572      0.02349
       5.587      0.00542
       5.602     -0.04878
        5.61     -0.04878
       5.625     -0.04878
       5.633     -0.04878
        5.64     -0.03071
       5.655      0.00542
       5.663      0.04155
       5.678      0.09575
       5.693       0.1138
       5.701       0.1138
       5.716      0.09575
       5.723      0.07769
       5.739      0.04155
       5.746      0.00542
       5.754      0.00542
       5.769     -0.03071
       5.776     -0.04878
       5.791     -0.06685
       5.799     -0.06685
       5.814     -0.06685
       5.822     -0.06685
       5.829     -0.04878
       5.844     -0.01265
        5.86      0.02349
       5.875      0.04155
        5.89      0.02349
       5.897      0.00542
       5.905      0.00542
        5.92     -0.01265
       5.928      0.00542
        5.95      0.04155
       5.958      0.05962
       5.973      0.09575
       5.981       0.1138
       5.996       0.1138
       6.003       0.1319
       6.018       0.1319
       6.026       0.1319
       6.041      0.07769
       6.049      0.05962
       6.056      0.02349
       6.071     -0.03071
       6.079     -0.04878
       6.094     -0.08491
       6.102     -0.08491
       6.117       -0.103
       6.124     -0.08491
       6.139     -0.06685
       6.147     -0.06685
       6.162     -0.03071
        6.17     -0.01265
       6.185      0.02349
       6.192      0.04155
       6.208      0.04155
       6.215      0.04155
       6.223      0.00542
        6.23      0.00542
       6.245     -0.01265
       6.253     -0.01265
        6.26      0.00542
       6.276      0.02349
       6.283      0.05962
       6.291      0.07769
       6.306       0.1319
       6.313        0.168
       6.329       0.1861
       6.336        0.168
       6.344       0.1319
       6.351      0.09575
       6.359      0.05962
       6.366      0.02349
       6.374     -0.01265
       6.389     -0.06685
       6.397     -0.08491
       6.412       -0.121
       6.419      -0.1391
       6.427      -0.1391
       6.442      -0.1391
        6.45       -0.121
       6.457       -0.103
       6.465     -0.06685
       6.472     -0.01265
       6.487      0.04155
       6.495      0.04155
       6.503      0.05962
       6.518      0.05962
       6.525      0.05962
       6.533      0.05962
       6.556      0.02349
       6.563      0.02349
       6.578      0.04155
       6.586      0.04155
       6.601      0.05962
       6.616      0.09575
       6.624       0.1138
       6.631         0.15
       6.639       0.1861
       6.654       0.1861
       6.661       0.1861
       6.677         0.15
       6.684         0.15
       6.699       0.1319
       6.707       0.1138
       6.722      0.07769
        6.73      0.05962
       6.745      0.02349
       6.752      0.00542
        6.76      0.00542
       6.775     -0.01265
       6.782     -0.03071
       6.798     -0.04878
       6.813     -0.06685
        6.82     -0.06685
       6.835     -0.04878
       6.843     -0.03071
       6.858     -0.03071
       6.866     -0.03071
       6.881     -0.04878
       6.888     -0.06685
       6.896     -0.06685
       6.911       -0.103
       6.919     -0.08491
       6.934     -0.04878
       6.941     -0.01265
       6.949      0.04155
       6.956      0.07769
       6.972      0.07769
       6.979      0.05962
       6.987      0.05962
       7.002      0.04155
       7.009      0.04155
       7.025      0.00542
        7.04     -0.03071
       7.047     -0.04878
       7.062     -0.04878
        7.07     -0.04878
       7.077     -0.03071
       7.093     -0.01265
         7.1      0.00542
       7.115      0.00542
        7.13     -0.03071
       7.138     -0.03071
       7.153     -0.01265
       7.161      0.00542
       7.176      0.00542
       7.183      0.00542
       7.199      0.00542
       7.214      0.02349
       7.229      0.04155
       7.236      0.05962
       7.251      0.09575
       7.259       0.1138
       7.274       0.1138
       7.282       0.1138
       7.297      0.07769
       7.304      0.09575
        7.32      0.09575
       7.327      0.09575
       7.335      0.09575
        7.35      0.04155
       7.357      0.02349
       7.373      0.00542
       7.388     -0.03071
       7.395     -0.03071
        7.41     -0.03071
       7.418     -0.03071
       7.433     -0.06685
       7.441     -0.08491
       7.448     -0.06685
       7.463     -0.06685
       7.471     -0.06685
       7.486     -0.06685
       7.494     -0.06685
       7.509     -0.06685
       7.516     -0.04878
       7.531     -0.01265
       7.539      0.00542
       7.547      0.04155
       7.554      0.05962
       7.569      0.07769
       7.577      0.09575
       7.592      0.09575
       7.599      0.09575
       7.615      0.07769
       7.622      0.07769
       7.637      0.05962
       7.645      0.04155
       7.652      0.00542
       7.675     -0.04878
       7.683     -0.06685
       7.698     -0.04878
       7.713      0.00542
       7.721      0.05962
       7.736      0.07769
       7.743      0.07769
       7.758      0.05962
       7.766      0.05962
       7.781      0.05962
       7.796      0.04155
       7.804      0.04155
       7.819      0.02349
       7.826      0.00542
       7.842      0.00542
       7.857      0.02349
       7.879      0.00542
       7.887      0.00542
       7.895      0.04155
       7.902      0.07769
       7.917      0.09575
       7.925      0.09575
        7.94      0.07769
       7.947      0.05962
       7.963      0.05962
        7.97      0.04155
       7.985      0.04155
           8      0.02349
       8.008      0.00542
       8.016     -0.03071
       8.031     -0.08491
       8.038       -0.103
       8.053       -0.103
       8.061     -0.08491
       8.068     -0.04878
       8.076     -0.01265
       8.091      0.04155
       8.099      0.04155
       8.106      0.05962
       8.121      0.05962
       8.129      0.07769
       8.144      0.07769
       8.152      0.07769
       8.159      0.07769
       8.174      0.04155
       8.182      0.00542
        8.19      0.00542
       8.205     -0.01265
       8.212     -0.01265
        8.22      0.00542
       8.235      0.04155
       8.242      0.05962
       8.258      0.05962
       8.273      0.05962
       8.288      0.04155
       8.295      0.04155
       8.303      0.00542
       8.311      0.00542
       8.318      0.00542
       8.333     -0.01265
       8.341     -0.03071
       8.348     -0.03071
       8.364     -0.06685
       8.371     -0.06685
       8.386     -0.08491
       8.394     -0.08491
       8.409     -0.08491
       8.416       -0.103
       8.432       -0.103
       8.439     -0.08491
       8.454     -0.06685
       8.462     -0.04878
       8.477     -0.04878
       8.485     -0.04878
       8.492     -0.03071
       8.507     -0.03071
       8.515     -0.01265
        8.53      0.00542
       8.538      0.00542
        8.56      0.04155
       8.568      0.04155
        8.59      0.04155
       8.598      0.05962
       8.606      0.07769
       8.613       0.1138
       8.621         0.15
       8.636       0.2042
       8.643       0.1861
       8.659       0.2042
       8.674       0.2042
       8.681       0.2042
       8.696        0.168
       8.704         0.15
       8.712       0.1138
       8.727      0.05962
       8.734      0.04155
       8.749      0.00542
       8.757      0.00542
       8.764      0.00542
        8.78     -0.01265
       8.787     -0.03071
       8.802     -0.06685
        8.81     -0.08491
       8.825       -0.121
       8.833       -0.121
        8.84       -0.103
       8.855     -0.08491
       8.863     -0.06685
       8.878     -0.04878
       8.886     -0.03071
       8.893     -0.01265
       8.908      0.00542
       8.923      0.04155
       8.938      0.04155
       8.946      0.04155
       8.969      0.04155
       8.976      0.05962
