     0.01186      0.05962
     0.03455      0.07588
     0.04212      0.07588
     0.05725      0.07588
     0.06481      0.07588
     0.07994      0.07588
     0.08751      0.09214
      0.1026       0.1247
      0.1178       0.1572
      0.1253       0.1409
      0.1329       0.1247
       0.148      0.07588
      0.1556      0.04336
      0.1632      0.01084
      0.1707     -0.02168
      0.1783     -0.07046
      0.1859      -0.1192
      0.1934      -0.1518
       0.201      -0.2005
      0.2085      -0.2331
      0.2237      -0.2818
      0.2312      -0.2818
      0.2388      -0.2656
      0.2539      -0.2331
      0.2615      -0.1843
      0.2691      -0.1355
      0.2766     -0.08672
      0.2842     -0.02168
      0.2918      0.01084
      0.2993      0.04336
      0.3069      0.04336
       0.322      0.05962
      0.3296      0.05962
      0.3447      0.07588
      0.3598      0.05962
      0.3674      0.04336
      0.3901      0.04336
      0.3977      0.04336
      0.4128      0.05962
      0.4279       0.1084
      0.4355       0.1409
      0.4431       0.1734
      0.4506       0.1897
      0.4658       0.2385
      0.4733       0.2385
      0.4809       0.2547
       0.496       0.2547
      0.5036       0.2547
      0.5187       0.2547
      0.5263       0.2385
      0.5414       0.2385
       0.549       0.2385
      0.5641        0.271
      0.5717       0.2873
      0.5868       0.3035
      0.5944       0.2547
      0.6019        0.206
      0.6095       0.1247
      0.6171      0.07588
      0.6171      0.01084
      0.6246     -0.03794
      0.6322      -0.1192
      0.6397      -0.2005
      0.6473      -0.2656
      0.6549      -0.3144
        0.67      -0.3469
      0.6776      -0.3306
      0.6851      -0.3144
      0.6927      -0.2818
      0.7003      -0.2493
      0.7154      -0.2005
       0.723       -0.168
      0.7305      -0.1192
      0.7457       -0.103
      0.7608       -0.103
      0.7683     -0.08672
      0.7835     -0.08672
       0.791     -0.08672
      0.7986     -0.07046
      0.8137     -0.03794
      0.8213     -0.02168
      0.8289     -0.00542
      0.8364       0.0271
       0.844      0.05962
      0.8516      0.09214
      0.8591       0.1084
      0.8667       0.1572
      0.8743       0.1734
      0.8894       0.1897
       0.897       0.1734
      0.9121       0.1572
      0.9196       0.1572
      0.9348       0.1084
      0.9423      0.09214
      0.9575      0.04336
       0.965      0.04336
      0.9726      0.05962
      0.9802      0.07588
      0.9953       0.1247
       1.003       0.1247
        1.01       0.1084
       1.018      0.07588
       1.026     -0.00542
       1.033     -0.03794
       1.041       -0.103
       1.048      -0.1355
       1.063       -0.168
       1.071      -0.1843
       1.086      -0.2005
       1.094      -0.2005
       1.109      -0.1843
       1.116       -0.168
       1.124      -0.1518
       1.139     -0.08672
       1.147      -0.0542
       1.162      0.01084
       1.169      0.01084
       1.177      0.04336
       1.184      0.05962
         1.2      0.09214
       1.207      0.09214
       1.222       0.1084
        1.23       0.1084
       1.245       0.1084
       1.253       0.1084
       1.268       0.1084
       1.275       0.1084
       1.283       0.1084
       1.298       0.1409
       1.305       0.1734
       1.313        0.206
       1.328       0.1572
       1.336       0.1084
       1.343      0.05962
       1.351     -0.00542
       1.358     -0.03794
       1.366     -0.07046
       1.374       -0.103
       1.381      -0.1355
       1.389       -0.168
       1.396      -0.2005
       1.411      -0.2331
       1.419      -0.2168
       1.426      -0.1843
       1.434      -0.1518
       1.442       -0.103
       1.449     -0.07046
       1.457     -0.02168
       1.464      0.01084
       1.472       0.0271
       1.479      0.07588
       1.487       0.1247
       1.495       0.1734
       1.502        0.206
        1.51       0.2385
       1.517       0.2873
       1.525       0.3035
        1.54       0.3035
       1.548       0.3035
       1.555       0.3035
       1.563        0.271
        1.57       0.2385
       1.578        0.206
       1.593       0.1734
         1.6       0.1734
       1.616       0.1572
       1.623       0.1247
       1.631      0.09214
       1.638      0.05962
       1.653      0.01084
       1.661     -0.02168
       1.676     -0.07046
       1.684       -0.103
       1.699      -0.1355
       1.706      -0.1518
       1.722      -0.1355
       1.737      -0.1355
       1.744      -0.1355
       1.759       -0.103
       1.774     -0.07046
       1.782      -0.0542
       1.797     -0.00542
       1.805     -0.00542
        1.82      0.01084
       1.835      0.01084
        1.85      0.01084
       1.865      0.04336
        1.88      0.05962
       1.888      0.05962
       1.896      0.05962
       1.911      0.05962
       1.918      0.07588
       1.926      0.09214
       1.941       0.1247
       1.948       0.1247
       1.964      0.09214
       1.971      0.07588
       1.979      0.05962
       1.986      0.01084
       1.994     -0.00542
       2.001      -0.0542
       2.009       -0.103
       2.017      -0.1518
       2.024       -0.168
       2.039       -0.168
       2.047      -0.1518
       2.062      -0.1355
        2.07      -0.1192
       2.077       -0.103
       2.085     -0.07046
       2.092     -0.03794
         2.1     -0.00542
       2.107      0.01084
       2.122       0.0271
       2.153      0.01084
       2.168      0.01084
       2.183     -0.00542
       2.191      0.01084
       2.198       0.0271
       2.206      0.05962
       2.213       0.1084
       2.221       0.1409
       2.228       0.1572
       2.244        0.206
       2.251       0.2547
       2.259       0.3035
       2.266        0.336
       2.274       0.3523
       2.289       0.3198
       2.296       0.2873
       2.304       0.2547
       2.312       0.2222
       2.319       0.1897
       2.327       0.1572
       2.334       0.1084
       2.342      0.07588
       2.349     -0.00542
       2.357      -0.0542
       2.365       -0.103
       2.372      -0.1518
        2.38      -0.1843
       2.387      -0.2168
       2.402      -0.2493
        2.41      -0.2331
       2.418      -0.2005
       2.425      -0.1518
       2.433       -0.103
        2.44      -0.0542
       2.448     -0.02168
       2.455      0.01084
        2.47      0.04336
       2.478      0.04336
       2.493      0.04336
       2.508       0.0271
       2.523      0.01084
       2.531      0.01084
       2.546     -0.00542
       2.554     -0.00542
       2.569     -0.03794
       2.576     -0.03794
       2.591     -0.02168
       2.599     -0.00542
       2.614      0.05962
       2.622      0.07588
       2.637       0.1084
       2.644      0.09214
       2.652      0.09214
        2.66      0.05962
       2.667       0.0271
       2.675     -0.00542
       2.682      -0.0542
        2.69       -0.103
       2.697      -0.1355
       2.705      -0.1518
        2.72      -0.1843
       2.728      -0.1843
       2.743      -0.1355
        2.75       -0.103
       2.758      -0.0542
       2.765     -0.00542
       2.773      0.05962
       2.773      0.01084
       2.781      0.09214
       2.788       0.1409
       2.796       0.1897
       2.803       0.2385
       2.811        0.271
       2.818       0.2873
       2.834        0.271
       2.841       0.2547
       2.849       0.2222
       2.864       0.1734
       2.871       0.1572
       2.879       0.1572
       2.894       0.1247
       2.902      0.09214
       2.909      0.07588
       2.924      0.04336
       2.932       0.0271
       2.947     -0.00542
       2.955     -0.03794
       2.962     -0.08672
        2.97      -0.1192
       2.985      -0.1518
       2.992       -0.168
       3.008      -0.1518
       3.023      -0.1192
        3.03       -0.103
       3.045      -0.0542
       3.053     -0.03794
       3.068      0.01084
       3.076      0.04336
       3.083      0.07588
       3.091       0.1247
       3.098       0.1734
       3.106        0.206
       3.113        0.206
       3.129        0.206
       3.144       0.1572
       3.151       0.1409
       3.166      0.09214
       3.174      0.09214
       3.189      0.07588
       3.197      0.05962
       3.212      0.05962
       3.219      0.05962
       3.227      0.01084
       3.235     -0.02168
       3.242     -0.07046
        3.25      -0.1355
       3.257      -0.2005
       3.265      -0.2493
       3.272      -0.2981
       3.287      -0.3306
       3.295      -0.3144
       3.303      -0.2818
        3.31      -0.2331
       3.318      -0.1518
       3.325     -0.08672
       3.333     -0.03794
        3.34     -0.00542
       3.363       0.0271
       3.371      0.04336
       3.386      0.05962
       3.401      0.04336
       3.409       0.0271
       3.424      0.01084
       3.431      0.01084
       3.446       0.0271
       3.454      0.04336
       3.469      0.04336
       3.477      0.05962
       3.492      0.09214
       3.499       0.1084
       3.507       0.1409
       3.514       0.1897
       3.522        0.271
        3.53        0.336
       3.537       0.4011
       3.545       0.4499
        3.56       0.4173
       3.567       0.3686
       3.575       0.2873
       3.582       0.1897
        3.59       0.1084
       3.598      0.05962
       3.598     -0.00542
       3.605     -0.07046
       3.613      -0.1518
        3.62      -0.2168
       3.628      -0.2818
       3.635      -0.3306
       3.643      -0.3794
       3.651      -0.3957
       3.666      -0.3631
       3.673      -0.3469
       3.681      -0.3144
       3.688      -0.2656
       3.696      -0.2331
       3.704      -0.2005
       3.719       -0.168
       3.726      -0.1518
       3.741      -0.1192
       3.756     -0.08672
       3.764      -0.0542
       3.772     -0.00542
       3.779      0.05962
       3.779      0.01084
       3.787       0.1247
       3.794       0.1897
       3.802       0.2547
       3.809       0.3035
       3.817       0.3523
       3.832        0.336
        3.84       0.3198
       3.855       0.3035
        3.87        0.271
       3.878       0.2547
       3.885       0.2547
         3.9       0.2385
       3.908       0.2222
       3.915       0.2222
        3.93       0.1897
       3.946       0.1734
       3.961       0.1409
       3.968       0.1084
       3.976      0.07588
       3.983      0.05962
       3.991      0.01084
       3.999     -0.02168
       4.006      -0.0542
       4.014     -0.08672
       4.021      -0.1192
       4.029      -0.1355
       4.044       -0.168
       4.052      -0.1518
       4.059      -0.1192
       4.067       -0.103
       4.082     -0.07046
       4.089     -0.07046
       4.104      -0.0542
       4.112     -0.03794
        4.12     -0.00542
       4.127      0.01084
       4.135      0.04336
       4.142      0.04336
       4.157      0.04336
       4.165      0.04336
        4.18      0.01084
       4.188      0.01084
       4.195      0.01084
        4.21     -0.00542
       4.218     -0.00542
       4.233     -0.02168
       4.241     -0.03794
       4.248     -0.03794
       4.263      -0.0542
       4.271     -0.03794
       4.286     -0.03794
       4.294     -0.03794
       4.309     -0.02168
       4.324     -0.02168
       4.331     -0.02168
       4.347     -0.02168
       4.354     -0.02168
       4.369     -0.03794
       4.377     -0.02168
       4.384      0.01084
       4.392      0.05962
         4.4       0.1084
       4.407       0.1572
       4.415       0.2222
       4.422        0.271
        4.43       0.3035
       4.437       0.3198
       4.452       0.2385
        4.46       0.1734
       4.468      0.09214
       4.468      0.01084
       4.475     -0.02168
       4.483     -0.08672
        4.49      -0.1355
       4.505      -0.1843
       4.513      -0.1843
       4.528       -0.168
       4.543      -0.1518
       4.551      -0.1518
       4.566      -0.1518
       4.574      -0.1355
       4.589      -0.1192
       4.596       -0.103
       4.611     -0.08672
       4.619     -0.08672
       4.634      -0.0542
       4.642     -0.03794
       4.657     -0.02168
       4.664      0.01084
       4.679      0.04336
       4.687      0.05962
       4.702      0.05962
        4.71      0.05962
       4.717      0.07588
       4.725       0.1084
       4.732       0.1409
        4.74       0.1897
       4.747       0.2385
       4.755       0.3035
       4.763       0.3523
       4.778       0.3686
       4.785       0.3198
       4.793       0.2873
         4.8       0.2385
       4.808       0.1897
       4.816       0.1409
       4.823      0.07588
       4.831      0.04336
       4.831     -0.00542
       4.838     -0.03794
       4.846     -0.08672
       4.853       -0.103
       4.869       -0.103
       4.876       -0.103
       4.884     -0.08672
       4.899     -0.07046
       4.906     -0.07046
       4.921     -0.07046
       4.929     -0.07046
       4.944     -0.08672
       4.952     -0.08672
       4.967       -0.103
       4.974       -0.103
       4.982     -0.08672
        4.99      -0.0542
       4.997     -0.00542
       5.005      0.09214
       5.012       0.1734
        5.02        0.271
       5.027        0.336
       5.035       0.3848
       5.043       0.3848
       5.058        0.336
       5.065       0.3035
       5.073        0.271
        5.08       0.2385
       5.088       0.1897
       5.095       0.1409
       5.103      0.07588
       5.111      0.04336
       5.111     -0.00542
       5.118     -0.07046
       5.126      -0.1518
       5.133      -0.2168
       5.141      -0.2656
       5.156      -0.2981
       5.164      -0.2818
       5.171      -0.2493
       5.179      -0.2168
       5.186      -0.1843
       5.194      -0.1355
       5.201      -0.1192
       5.217     -0.07046
       5.224     -0.03794
       5.239     -0.00542
       5.247       0.0271
       5.254      0.07588
       5.262       0.1247
       5.269       0.1572
       5.285       0.1897
       5.292       0.1734
       5.307       0.1247
       5.315       0.1409
       5.338       0.1734
       5.345       0.1734
        5.36       0.1572
       5.368       0.1572
       5.383       0.1409
       5.391       0.1247
       5.398      0.09214
       5.406      0.05962
       5.413       0.0271
       5.421     -0.00542
       5.428      -0.0542
       5.436       -0.103
       5.443      -0.1518
       5.451      -0.2005
       5.459      -0.2493
       5.466      -0.3144
       5.474      -0.3469
       5.481      -0.3794
       5.489      -0.3957
       5.496      -0.3794
       5.504      -0.3469
       5.512      -0.2818
       5.519      -0.1843
       5.527     -0.08672
       5.534     -0.02168
       5.542      0.01084
       5.557      0.04336
       5.572      0.04336
        5.58      0.05962
       5.587      0.05962
       5.602      0.04336
        5.61      0.04336
       5.625      0.05962
       5.633      0.07588
       5.648      0.07588
       5.655      0.07588
        5.67      0.07588
       5.678      0.09214
       5.693       0.1084
       5.701       0.1247
       5.716       0.1409
       5.723       0.1409
       5.739       0.1409
       5.746       0.1572
       5.761        0.206
       5.769        0.206
       5.784       0.1572
       5.791       0.1247
       5.807      0.09214
       5.814       0.1084
       5.829       0.1247
       5.837       0.1247
       5.852       0.1084
        5.86       0.1084
       5.875       0.1084
        5.89      0.07588
       5.897      0.07588
       5.912      0.01084
        5.92     -0.00542
       5.943     -0.03794
        5.95     -0.02168
       5.965      0.01084
       5.973      0.05962
       5.988      0.09214
       5.996      0.09214
       6.011      0.09214
       6.018      0.09214
       6.034      0.05962
       6.041      0.01084
       6.049     -0.00542
       6.064     -0.03794
       6.071     -0.07046
       6.086       -0.103
       6.094      -0.1192
       6.109       -0.168
       6.117      -0.2005
       6.132      -0.2493
       6.139      -0.2493
       6.147      -0.2331
       6.162      -0.2005
        6.17      -0.1518
       6.177       -0.103
       6.185     -0.02168
       6.192      0.07588
       6.192      0.01084
         6.2       0.1247
       6.208       0.1897
       6.215       0.2385
        6.23       0.2385
       6.238       0.2222
       6.253       0.1897
        6.26       0.1897
       6.276       0.1572
       6.283       0.1572
       6.298       0.1409
       6.306       0.1409
       6.313       0.1572
       6.329       0.1572
       6.336       0.1409
       6.344       0.1084
       6.351      0.07588
       6.359     -0.00542
       6.366     -0.03794
       6.374     -0.08672
       6.382      -0.1192
       6.389       -0.168
       6.397      -0.2005
       6.404      -0.2493
       6.412      -0.2818
       6.427      -0.3144
       6.434      -0.2818
       6.442      -0.2493
        6.45       -0.168
       6.457       -0.103
       6.465     -0.07046
        6.48     -0.03794
       6.487     -0.00542
       6.503      0.04336
        6.51      0.05962
       6.525      0.05962
        6.54      0.05962
       6.548      0.05962
       6.563      0.04336
       6.571      0.04336
       6.578      0.05962
       6.593      0.05962
       6.601      0.05962
       6.616      0.07588
       6.631      0.05962
       6.639      0.05962
       6.654      0.07588
       6.661       0.1084
       6.669       0.1409
       6.677       0.1572
       6.692       0.1572
       6.699       0.1247
       6.714      0.07588
       6.722      0.05962
       6.737      0.07588
       6.745      0.09214
        6.76       0.1084
       6.767       0.1084
       6.782       0.1084
        6.79       0.1084
       6.805      0.09214
       6.813      0.07588
       6.828      0.05962
       6.835      0.05962
       6.851      0.05962
       6.858      0.05962
       6.866      0.07588
       6.881      0.07588
       6.888      0.07588
       6.903      0.04336
       6.911       0.0271
       6.926     -0.02168
       6.941      -0.0542
       6.949     -0.08672
       6.956      -0.1192
       6.964      -0.1355
       6.979       -0.168
       6.987       -0.168
       7.002       -0.168
       7.009      -0.1518
       7.025      -0.1355
        7.04       -0.103
       7.055       -0.103
       7.062       -0.103
       7.077      -0.1192
         7.1      -0.1192
       7.108      -0.1192
       7.123      -0.1192
       7.138     -0.07046
       7.146     -0.02168
       7.153      0.07588
       7.153      0.01084
       7.161       0.1409
       7.168        0.206
       7.176       0.2385
       7.191        0.271
       7.199       0.2547
       7.206       0.2547
       7.221       0.2222
       7.229        0.206
       7.236        0.206
       7.251       0.1897
       7.259       0.1897
       7.274       0.1734
       7.282       0.1734
       7.297       0.1572
       7.304       0.1409
        7.32       0.1409
       7.327       0.1409
       7.342       0.1247
       7.357      0.09214
       7.365      0.07588
        7.38      0.01084
       7.388     -0.03794
       7.395       -0.103
       7.403       -0.168
        7.41      -0.2005
       7.425      -0.2005
       7.433      -0.1843
       7.441      -0.1355
       7.448     -0.08672
       7.456     -0.03794
       7.463     -0.00542
       7.478      0.04336
       7.486      0.05962
       7.501      0.07588
       7.509      0.05962
       7.524      0.05962
       7.539      0.04336
       7.547      0.04336
       7.562      0.04336
       7.569      0.04336
       7.584       0.0271
       7.592       0.0271
       7.607      0.01084
       7.615      0.01084
        7.63     -0.00542
       7.645     -0.03794
       7.652     -0.03794
       7.668     -0.03794
       7.675     -0.00542
       7.683      0.05962
       7.683      0.01084
        7.69       0.1084
       7.698       0.1734
       7.705       0.2222
       7.721       0.2385
       7.728       0.2222
       7.736       0.1897
       7.743       0.1572
       7.751       0.1084
       7.758      0.05962
       7.766     -0.00542
       7.773     -0.03794
       7.781     -0.08672
       7.789      -0.1355
       7.796       -0.168
       7.804      -0.2005
       7.811      -0.2168
       7.826      -0.2168
       7.834      -0.2005
       7.842       -0.168
       7.857      -0.1355
       7.872     -0.08672
       7.879     -0.07046
       7.895     -0.03794
       7.902     -0.02168
        7.91     -0.00542
       7.925     -0.02168
        7.94     -0.02168
       7.955     -0.00542
       7.963     -0.00542
       7.978     -0.00542
       7.985     -0.00542
       7.993      0.01084
       8.023       0.0271
       8.031      0.01084
       8.046     -0.00542
       8.053     -0.00542
       8.068     -0.00542
       8.076      0.01084
       8.084      0.04336
       8.091      0.05962
       8.099      0.09214
       8.106       0.1409
       8.114       0.1897
       8.121       0.2222
       8.129       0.2385
       8.137       0.2222
       8.144       0.1897
       8.152       0.1409
       8.159       0.1247
       8.174      0.09214
       8.182      0.09214
       8.197      0.05962
       8.205      0.05962
        8.22      0.04336
       8.227      0.04336
       8.242      0.04336
        8.25      0.04336
       8.265      0.04336
       8.273      0.04336
        8.28      0.05962
       8.295      0.07588
       8.303      0.07588
       8.311      0.07588
       8.326      0.04336
       8.341      0.01084
       8.356     -0.02168
       8.364     -0.03794
       8.379     -0.07046
       8.386     -0.07046
       8.401     -0.07046
       8.409       -0.103
       8.424      -0.1355
       8.432      -0.1518
       8.447      -0.1355
       8.454      -0.1192
       8.469     -0.08672
       8.477     -0.07046
       8.492     -0.03794
         8.5     -0.03794
       8.515     -0.00542
       8.522      0.01084
       8.538       0.0271
       8.545      0.04336
       8.553      0.05962
        8.56      0.09214
       8.568       0.1409
       8.575       0.1897
       8.583       0.2385
        8.59       0.3035
       8.598        0.336
       8.613       0.3198
       8.621       0.2873
       8.628       0.2547
       8.636        0.206
       8.643       0.1734
       8.651       0.1247
       8.659      0.09214
       8.666      0.05962
       8.674      0.04336
       8.681      0.01084
       8.696     -0.02168
       8.704     -0.03794
       8.712     -0.07046
       8.719       -0.103
       8.727      -0.1518
       8.734      -0.1843
       8.742      -0.2168
       8.749      -0.2493
       8.757      -0.2656
       8.764      -0.2981
       8.772      -0.3144
       8.787      -0.2981
       8.795      -0.2493
       8.802      -0.2005
        8.81      -0.1518
       8.817       -0.103
       8.825      -0.0542
       8.833     -0.02168
       8.848      0.05962
       8.855      0.09214
        8.87       0.1247
       8.878       0.1409
       8.893       0.1572
       8.908       0.1572
       8.916       0.1734
       8.938       0.1572
       8.946       0.1572
       8.954       0.1572
       8.969       0.1247
       8.976      0.09214
