     0.01181     -0.05627
     0.01937     -0.05627
     0.03448     -0.05627
     0.04203     -0.03581
     0.05714     -0.03581
      0.0647     -0.03581
     0.07981     -0.07673
     0.08736     -0.09719
     0.09492     -0.09719
        0.11      -0.1176
      0.1176      -0.1381
      0.1327      -0.1381
      0.1478       -0.179
      0.1629       -0.179
       0.178      -0.1995
      0.1856       -0.179
      0.2007      -0.1381
      0.2082      -0.1176
      0.2234     -0.07673
      0.2309     -0.05627
       0.246     -0.01535
      0.2536     0.005115
      0.2687      0.02558
      0.2762      0.02558
      0.2913      0.02558
      0.2989      0.02558
       0.314     0.005115
      0.3216     0.005115
      0.3367      0.04604
      0.3442       0.0665
      0.3593       0.0665
      0.3669       0.0665
       0.382      0.08696
      0.3896      0.08696
      0.3971       0.1074
      0.4122       0.1074
      0.4198      0.08696
      0.4349      0.08696
        0.45      0.08696
      0.4576       0.1074
      0.4727       0.1483
      0.4802       0.1688
      0.4953       0.1688
      0.5029       0.1688
       0.518       0.1279
      0.5256       0.1279
      0.5407      0.08696
      0.5482       0.0665
      0.5633     -0.01535
      0.5784     -0.05627
       0.586     -0.05627
      0.5936     -0.01535
      0.6087     0.005115
      0.6162     0.005115
      0.6313     0.005115
      0.6464     -0.01535
       0.654     -0.01535
      0.6691     -0.03581
      0.6767     -0.03581
      0.6918     -0.03581
      0.6993     -0.03581
      0.7144     -0.01535
      0.7295     -0.01535
      0.7371     -0.01535
      0.7447     -0.01535
      0.7598     -0.03581
      0.7673     -0.03581
      0.7824     -0.03581
        0.79     -0.03581
      0.8051     -0.01535
      0.8202     0.005115
      0.8278     0.005115
      0.8429      0.04604
      0.8504      0.04604
       0.858       0.0665
      0.8731      0.04604
      0.8806      0.04604
      0.9033     -0.01535
      0.9109     -0.01535
       0.926     -0.01535
      0.9335     0.005115
      0.9562      0.04604
      0.9637       0.0665
      0.9789      0.08696
      0.9864      0.08696
       0.994       0.1074
       1.009       0.1279
       1.017       0.1483
       1.032       0.1279
       1.039       0.1074
       1.054       0.0665
       1.062       0.0665
       1.077      0.04604
       1.085       0.0665
         1.1       0.0665
       1.107      0.04604
       1.122      0.02558
        1.13      0.02558
       1.138      0.04604
       1.153       0.0665
        1.16       0.1074
       1.175       0.1688
       1.183       0.1893
       1.198       0.1279
       1.206       0.1074
       1.221       0.0665
       1.228      0.04604
       1.243     0.005115
       1.251     -0.01535
       1.258     -0.01535
       1.274     -0.03581
       1.281     -0.01535
       1.296     0.005115
       1.304     0.005115
       1.311      0.02558
       1.326       0.0665
       1.334      0.08696
       1.349       0.1279
       1.357       0.1483
       1.372       0.1279
       1.379      0.08696
       1.394      0.02558
       1.402     -0.01535
       1.417     -0.05627
       1.425     -0.05627
        1.44     -0.05627
       1.447     -0.05627
       1.455     -0.05627
        1.47     -0.07673
       1.477     -0.07673
       1.493     -0.05627
       1.508     -0.05627
       1.515     -0.05627
       1.523     -0.03581
       1.538     -0.01535
       1.545     -0.01535
       1.561     -0.01535
       1.576     -0.01535
       1.583     0.005115
       1.598     0.005115
       1.606     -0.01535
       1.621     -0.03581
       1.629     -0.05627
       1.636     -0.05627
       1.651     -0.07673
       1.659     -0.07673
       1.674     -0.07673
       1.681     -0.07673
       1.689     -0.05627
       1.704     -0.05627
       1.712     -0.05627
       1.727     -0.05627
       1.734     -0.03581
       1.749     -0.01535
       1.757     -0.01535
       1.772      0.02558
       1.787      0.04604
       1.795      0.04604
        1.81      0.08696
       1.817       0.1074
       1.833       0.1279
        1.84       0.1279
       1.848       0.1279
       1.863      0.08696
        1.87       0.0665
       1.885      0.02558
       1.893     -0.01535
       1.908     -0.03581
       1.923     -0.07673
       1.931     -0.07673
       1.946     -0.09719
       1.953     -0.09719
       1.969     -0.07673
       1.976     -0.07673
       1.991     -0.09719
       1.999     -0.09719
       2.006     -0.07673
       2.021     -0.07673
       2.029     -0.05627
       2.044     -0.05627
       2.052     -0.05627
       2.067     -0.03581
       2.082     -0.03581
       2.089     -0.01535
       2.097     0.005115
       2.112      0.04604
        2.12       0.0665
       2.127       0.1074
       2.135       0.1279
       2.157       0.1483
       2.165       0.1483
        2.18       0.1279
       2.188       0.1074
       2.203      0.08696
        2.21      0.08696
       2.225       0.1074
       2.233       0.1074
       2.248      0.04604
       2.256      0.02558
       2.271     0.005115
       2.278     0.005115
       2.293      0.04604
       2.301      0.04604
       2.309       0.0665
       2.324       0.0665
       2.331       0.0665
       2.339      0.08696
       2.354       0.1074
       2.361       0.1074
       2.369       0.1074
       2.377       0.0665
       2.384      0.02558
       2.392     -0.03581
       2.399     -0.07673
       2.407      -0.1176
       2.414      -0.1381
       2.429      -0.1586
       2.437      -0.1586
       2.445      -0.1381
        2.46     -0.09719
       2.467     -0.07673
       2.475     -0.05627
        2.49     0.005115
       2.497      0.04604
       2.513      0.08696
        2.52      0.08696
       2.528      0.08696
       2.543      0.04604
        2.55      0.02558
       2.565     -0.01535
       2.573     -0.03581
       2.588     -0.05627
       2.603     -0.07673
       2.611     -0.05627
       2.626     -0.03581
       2.633     -0.01535
       2.649     0.005115
       2.656     0.005115
       2.671     0.005115
       2.679     0.005115
       2.686     0.005115
       2.701     -0.03581
       2.709     -0.03581
       2.724     -0.01535
       2.739     -0.01535
       2.747     -0.01535
       2.754     0.005115
       2.769      0.04604
       2.777       0.0665
       2.792      0.08696
         2.8       0.1074
       2.815       0.1074
       2.822       0.1074
        2.83       0.1279
       2.845       0.1279
       2.853       0.1074
        2.86       0.1074
       2.875      0.04604
       2.883      0.04604
       2.898      0.02558
       2.905      0.04604
       2.913       0.0665
       2.928      0.08696
       2.936       0.1074
       2.958       0.1483
       2.966       0.1483
       2.973       0.1483
       2.989       0.1074
       2.996      0.08696
       3.011       0.0665
       3.019       0.0665
       3.034       0.0665
       3.041       0.0665
       3.057       0.0665
       3.064       0.0665
       3.072      0.08696
       3.087      0.08696
       3.094      0.08696
       3.109      0.04604
       3.117      0.04604
       3.124       0.0665
        3.14      0.08696
       3.155      0.08696
       3.162      0.08696
       3.177      0.04604
       3.185      0.02558
         3.2     0.005115
       3.215     -0.01535
       3.223     0.005115
       3.238     0.005115
       3.245      0.02558
        3.26      0.02558
       3.268     0.005115
       3.283     0.005115
       3.291     0.005115
       3.298      0.02558
       3.313      0.04604
       3.321      0.04604
       3.336      0.02558
       3.344     0.005115
       3.351     -0.03581
       3.359     -0.07673
       3.366      -0.1176
       3.381      -0.1586
       3.389      -0.1586
       3.396      -0.1381
       3.412      -0.1176
       3.419      -0.1176
       3.434      -0.1176
       3.449      -0.1381
       3.457      -0.1381
       3.472      -0.1176
        3.48      -0.1176
       3.487      -0.1176
       3.502      -0.1176
        3.51      -0.1176
       3.517     -0.09719
       3.532     -0.07673
        3.54     -0.05627
       3.555     -0.01535
        3.57      0.02558
       3.578      0.04604
       3.585       0.0665
         3.6      0.08696
       3.608       0.1074
       3.623       0.1074
       3.631       0.1279
       3.646       0.1074
       3.653      0.08696
       3.668      0.04604
       3.676     0.005115
       3.691     0.005115
       3.699     0.005115
       3.714      0.02558
       3.729      0.08696
       3.736       0.1074
       3.752       0.1074
       3.759       0.1074
       3.774       0.0665
       3.782      0.04604
       3.797     0.005115
       3.804     0.005115
        3.82     -0.01535
       3.827     -0.01535
       3.835     0.005115
        3.85     0.005115
       3.857     0.005115
       3.872     -0.01535
        3.88     -0.01535
       3.888     0.005115
       3.895      0.04604
       3.903       0.1074
        3.91       0.1483
       3.918       0.1893
       3.933       0.2097
        3.94       0.1893
       3.948       0.1483
       3.956       0.1074
       3.963       0.0665
       3.978      0.02558
       3.986     0.005115
       4.001     0.005115
       4.008     0.005115
       4.024     0.005115
       4.031     0.005115
       4.039     0.005115
       4.054     -0.03581
       4.061     -0.03581
       4.076     0.005115
       4.084      0.02558
       4.092      0.08696
       4.099       0.1074
       4.114      0.08696
       4.129      0.02558
       4.137     0.005115
       4.152     0.005115
       4.167     -0.01535
       4.175     -0.03581
        4.19     -0.03581
       4.205     -0.05627
       4.212     -0.05627
       4.228     -0.05627
       4.235     -0.03581
        4.25     0.005115
       4.258     0.005115
       4.273     0.005115
        4.28     0.005115
       4.296      0.02558
       4.303      0.04604
       4.318       0.0665
       4.326      0.08696
       4.341       0.0665
       4.348       0.0665
       4.356       0.0665
       4.371      0.04604
       4.379      0.02558
       4.394     0.005115
       4.409     -0.01535
       4.416     -0.01535
       4.432      0.02558
       4.447       0.0665
       4.454       0.0665
       4.462      0.08696
       4.477       0.0665
       4.484       0.0665
         4.5      0.02558
       4.507     0.005115
       4.515      0.02558
        4.53      0.04604
       4.537      0.04604
       4.552     0.005115
        4.56     0.005115
       4.575      0.04604
       4.583       0.0665
       4.598       0.0665
       4.605       0.0665
       4.613       0.0665
       4.628      0.04604
       4.636      0.02558
       4.651     0.005115
       4.658     0.005115
       4.673     -0.01535
       4.681     -0.01535
       4.696     -0.03581
       4.704     -0.03581
       4.719     -0.07673
       4.726     -0.09719
       4.741      -0.1176
       4.749      -0.1176
       4.764     -0.09719
       4.772     -0.07673
       4.787     -0.05627
       4.794     -0.05627
       4.802     -0.03581
       4.817     -0.01535
       4.824     0.005115
       4.839      0.02558
       4.847      0.02558
       4.862       0.0665
       4.877       0.0665
       4.885      0.04604
         4.9     0.005115
       4.907     -0.01535
       4.923     -0.05627
        4.93     -0.05627
       4.945     -0.05627
       4.953     -0.05627
        4.96     -0.03581
       4.975     -0.01535
       4.983     0.005115
       4.998      0.04604
       5.006      0.04604
       5.013       0.0665
       5.028       0.1074
       5.036       0.1279
       5.051       0.1483
       5.059       0.1483
       5.074       0.1279
       5.081       0.1074
       5.096      0.08696
       5.111       0.0665
       5.119       0.0665
       5.127       0.0665
       5.142      0.04604
       5.149      0.04604
       5.164     -0.01535
       5.172     -0.05627
       5.187     -0.07673
       5.195     -0.05627
       5.202     -0.03581
       5.217      0.04604
       5.225       0.0665
        5.24       0.1074
       5.247       0.1074
       5.263       0.1074
       5.278       0.0665
       5.285      0.02558
         5.3     0.005115
       5.315     -0.01535
       5.323     -0.03581
       5.338     -0.01535
       5.353     0.005115
       5.361      0.02558
       5.376      0.02558
       5.383     0.005115
       5.391     0.005115
       5.399     -0.03581
       5.406     -0.07673
       5.414     -0.09719
       5.429     -0.09719
       5.436     -0.07673
       5.451     -0.07673
       5.459     -0.05627
       5.474     -0.03581
       5.482     -0.03581
       5.489     -0.01535
       5.504      0.02558
       5.512      0.04604
       5.527      0.04604
       5.535      0.04604
        5.55      0.08696
       5.565      0.08696
       5.572      0.08696
       5.587      0.04604
       5.595      0.02558
        5.61     0.005115
       5.618     0.005115
       5.633     -0.01535
        5.64     -0.01535
       5.655     -0.01535
       5.663     -0.01535
       5.671     0.005115
       5.686     0.005115
       5.693     0.005115
       5.708      0.02558
       5.716      0.04604
       5.723       0.0665
       5.739       0.0665
       5.746      0.04604
       5.761      0.02558
       5.769      0.02558
       5.784     -0.01535
       5.791     -0.01535
       5.807     -0.01535
       5.814     -0.01535
       5.822     0.005115
       5.837      0.02558
       5.844      0.04604
       5.859      0.04604
       5.867      0.04604
       5.882      0.04604
        5.89      0.04604
       5.905      0.04604
       5.912      0.04604
       5.927      0.02558
       5.935      0.02558
        5.95      0.02558
       5.958      0.02558
       5.973       0.0665
       5.988      0.08696
       5.995       0.0665
       6.003       0.0665
       6.018      0.04604
       6.026      0.02558
       6.041      0.04604
       6.048      0.04604
       6.063       0.0665
       6.079       0.0665
       6.086      0.04604
       6.101      0.04604
       6.109      0.04604
       6.124      0.08696
       6.131       0.1074
       6.147       0.1279
       6.154       0.1074
       6.177      0.04604
       6.184      0.04604
       6.199       0.0665
       6.215      0.04604
       6.222      0.02558
       6.237      0.02558
       6.245      0.02558
        6.26     0.005115
       6.267     0.005115
       6.275     0.005115
        6.29     0.005115
       6.298     -0.01535
       6.313     -0.03581
        6.32     -0.03581
       6.335     0.005115
       6.351     0.005115
       6.358     -0.01535
       6.373     -0.07673
       6.388      -0.1176
       6.396      -0.1176
       6.411     -0.05627
       6.426     -0.03581
       6.434     -0.01535
       6.449     0.005115
       6.456     0.005115
       6.471      0.02558
       6.479      0.04604
       6.494       0.0665
       6.502      0.08696
       6.509       0.1074
       6.524       0.1279
       6.532       0.1483
       6.547       0.1279
       6.555       0.1074
        6.57       0.1074
       6.585      0.08696
       6.592       0.0665
       6.607      0.04604
       6.622      0.02558
        6.63      0.02558
       6.645     -0.01535
       6.653     -0.03581
        6.66     -0.03581
       6.675     -0.03581
       6.683     -0.03581
       6.698     -0.05627
       6.706     -0.05627
       6.721     -0.07673
       6.728     -0.09719
       6.743     -0.07673
       6.758     -0.05627
       6.766     -0.05627
       6.774     -0.05627
       6.789     -0.03581
       6.796     0.005115
       6.804       0.0665
       6.811       0.1074
       6.826       0.1483
       6.834       0.1483
       6.842       0.1483
       6.857       0.1074
       6.864      0.08696
       6.879      0.02558
       6.894     -0.03581
       6.902     -0.05627
       6.917     -0.09719
       6.925      -0.1381
        6.94      -0.1995
       6.947      -0.2199
       6.962       -0.179
       6.978      -0.1381
       6.985      -0.1176
           7     -0.07673
       7.008     -0.05627
       7.023     -0.03581
        7.03     -0.01535
       7.046      0.02558
       7.053       0.0665
       7.061       0.1074
       7.076       0.1279
       7.083       0.1279
       7.091       0.1279
       7.106      0.08696
       7.114       0.0665
       7.129      0.04604
       7.144      0.02558
       7.151      0.02558
       7.166     -0.01535
       7.174     -0.03581
       7.189     -0.03581
       7.197     -0.01535
       7.212      0.02558
       7.219      0.04604
       7.234       0.1074
       7.242       0.1279
       7.257       0.1688
       7.265       0.1688
       7.272       0.1688
       7.287       0.1074
       7.302       0.0665
        7.31      0.04604
       7.325     0.005115
       7.333     0.005115
       7.348     -0.01535
       7.355     0.005115
        7.37      0.02558
       7.378      0.02558
       7.393      0.04604
       7.401      0.04604
       7.416       0.0665
       7.423      0.08696
       7.438       0.1074
       7.446       0.1074
       7.454       0.1074
       7.469       0.0665
       7.476      0.04604
       7.491     0.005115
       7.499     0.005115
       7.514     -0.03581
       7.522     -0.03581
       7.544     -0.03581
       7.552     -0.01535
       7.567      0.02558
       7.574      0.04604
       7.582      0.04604
       7.597     0.005115
       7.605     0.005115
        7.62     0.005115
       7.635     -0.01535
       7.642     -0.03581
       7.658     -0.05627
       7.665     -0.07673
        7.68      -0.1381
       7.688      -0.1586
       7.703      -0.1586
       7.718      -0.1176
       7.726     -0.07673
       7.733     -0.03581
       7.741     -0.01535
       7.756     -0.01535
       7.763     -0.01535
       7.778     0.005115
       7.786     0.005115
       7.801      0.04604
       7.809      0.04604
       7.824       0.0665
       7.831      0.04604
       7.839      0.04604
       7.854     0.005115
       7.862     0.005115
       7.877      0.02558
       7.884      0.02558
       7.899     0.005115
       7.907      0.02558
       7.922       0.0665
        7.93       0.1074
       7.945       0.1688
       7.952       0.1688
        7.96       0.1688
       7.975       0.1688
       7.982       0.1688
        7.99       0.1688
       8.005       0.1279
       8.013       0.1074
       8.028       0.0665
       8.035      0.04604
        8.05      0.04604
       8.058      0.04604
       8.073      0.04604
       8.081      0.04604
       8.096      0.04604
       8.103      0.04604
       8.111       0.0665
       8.126       0.0665
       8.134       0.0665
       8.141       0.0665
       8.156      0.02558
       8.164     0.005115
       8.179     -0.01535
       8.186     -0.01535
       8.202     -0.03581
       8.209     -0.01535
       8.224     0.005115
       8.232      0.02558
       8.247       0.0665
       8.254       0.0665
        8.27       0.0665
       8.285      0.02558
       8.292     0.005115
         8.3      0.04604
       8.307       0.0665
       8.315       0.1074
       8.322       0.1483
       8.337       0.1483
       8.345       0.1483
        8.36       0.1074
       8.368      0.08696
       8.375      0.04604
       8.383      0.02558
       8.398     -0.03581
       8.405     -0.05627
       8.413     -0.07673
       8.428      -0.1176
       8.436      -0.1381
       8.451      -0.1176
       8.458     -0.09719
       8.473     -0.05627
       8.481     -0.03581
       8.496     -0.01535
       8.504     0.005115
       8.519      0.02558
       8.526      0.02558
       8.541      0.02558
       8.549     0.005115
       8.564     0.005115
       8.579     0.005115
       8.587     0.005115
       8.602     0.005115
       8.609     0.005115
       8.625     0.005115
       8.632     0.005115
       8.647     -0.01535
       8.655     -0.01535
        8.67     -0.01535
       8.677     -0.01535
       8.693     -0.01535
         8.7     0.005115
       8.715     0.005115
       8.723      0.02558
       8.738      0.02558
       8.745     0.005115
       8.761     0.005115
       8.776     -0.03581
       8.783     -0.07673
       8.798      -0.1176
       8.806      -0.1381
       8.821      -0.1586
       8.829      -0.1586
       8.844      -0.1381
       8.851     -0.09719
       8.859     -0.07673
       8.866     -0.03581
       8.874     0.005115
       8.889     0.005115
       8.897      0.02558
       8.912      0.04604
       8.919       0.0665
       8.934      0.04604
       8.942      0.04604
       8.949     0.005115
       8.965     -0.03581
