     0.01181    -0.005115
     0.02693     -0.08696
     0.03449      -0.1074
     0.04205      -0.1074
     0.05716      -0.1074
     0.06472      -0.1074
     0.07984      -0.0665
     0.09496     -0.04604
      0.1025     -0.04604
      0.1176    -0.005115
      0.1252    -0.005115
      0.1403    -0.005115
      0.1479    -0.005115
      0.1554      0.03581
      0.1705      0.07673
      0.1781      0.09719
      0.1932      0.07673
      0.2008      0.07673
      0.2159      0.05627
      0.2235      0.05627
      0.2386      0.07673
      0.2537      0.09719
      0.2612       0.1176
      0.2764       0.1586
      0.2915        0.179
       0.299       0.1995
      0.3066       0.2199
      0.3217       0.2199
      0.3293       0.1586
      0.3368      0.09719
      0.3444      0.03581
       0.352     -0.02558
      0.3595     -0.08696
      0.3671      -0.1279
      0.3746      -0.1688
      0.3822      -0.2302
      0.3897       -0.312
      0.4049      -0.3325
      0.4124       -0.312
        0.42      -0.2916
      0.4351      -0.2302
      0.4427      -0.2097
      0.4578      -0.2097
      0.4653      -0.2097
      0.4804      -0.2097
      0.4956      -0.2097
      0.5031      -0.1688
      0.5107      -0.1074
      0.5182     -0.04604
      0.5258      0.07673
      0.5258    -0.005115
      0.5334       0.1381
      0.5409       0.2199
      0.5485       0.2609
      0.5636       0.2609
      0.5712       0.2404
      0.5863       0.2404
      0.6014       0.2813
      0.6089       0.3223
      0.6165       0.3632
      0.6241       0.4041
      0.6316       0.4246
      0.6467       0.4859
      0.6543       0.4859
      0.6619        0.445
      0.6694       0.4041
       0.677       0.3427
      0.6845       0.2813
      0.6921       0.1995
      0.6996       0.1381
      0.7072      0.07673
      0.7148     -0.02558
      0.7223     -0.08696
      0.7299      -0.1688
      0.7374      -0.2506
       0.745      -0.3325
      0.7526      -0.3939
      0.7601      -0.4348
      0.7677      -0.4552
      0.7828      -0.4552
      0.7904      -0.4143
      0.7979      -0.3939
      0.8055      -0.3529
       0.813       -0.312
      0.8281       -0.312
      0.8357      -0.2916
      0.8508      -0.2506
      0.8584      -0.1893
      0.8659      -0.1279
      0.8735     -0.08696
      0.8811     -0.02558
      0.8886    -0.005115
      0.9188      0.01535
      0.9264      0.03581
       0.934      0.07673
      0.9491       0.1176
      0.9566       0.1381
      0.9642        0.179
      0.9718       0.1995
      0.9869       0.2404
      0.9944       0.2609
        1.01       0.2813
       1.017       0.2813
       1.032       0.2813
        1.04       0.2609
       1.047       0.2199
       1.055        0.179
       1.062       0.1381
        1.07      0.09719
       1.085      0.03581
       1.093    -0.005115
         1.1     -0.04604
       1.115     -0.08696
       1.123     -0.08696
       1.138     -0.08696
       1.146      -0.1074
       1.161      -0.1074
       1.168     -0.08696
       1.183      -0.0665
       1.191     -0.08696
       1.199     -0.08696
       1.214      -0.1279
       1.221      -0.1483
       1.229      -0.1483
       1.244      -0.1893
       1.251      -0.1893
       1.267      -0.1279
       1.274      -0.1074
       1.282      -0.0665
       1.289     -0.02558
       1.297      0.05627
       1.304      0.07673
       1.319       0.1586
       1.327       0.1586
       1.335        0.179
        1.35       0.2199
       1.357       0.2199
       1.372       0.2609
        1.38       0.2609
       1.395       0.2609
        1.41       0.1995
       1.418       0.1381
       1.425      0.09719
       1.433      0.01535
        1.44     -0.04604
       1.448      -0.1279
       1.456      -0.1893
       1.463      -0.2302
       1.471      -0.2711
       1.478      -0.2916
       1.486      -0.2916
       1.501      -0.2506
       1.508      -0.1893
       1.516      -0.1279
       1.524      -0.0665
       1.531     -0.02558
       1.539      0.01535
       1.554      0.03581
       1.561      0.05627
       1.576      0.07673
       1.584      0.09719
       1.599      0.09719
       1.607      0.09719
       1.622      0.09719
       1.637      0.07673
       1.644      0.05627
        1.66      0.01535
       1.667    -0.005115
       1.682      0.03581
        1.69      0.05627
       1.697      0.09719
       1.705       0.1381
        1.72       0.1586
       1.728       0.1586
       1.743      0.09719
        1.75      0.07673
       1.765      0.01535
       1.781     -0.02558
       1.788     -0.04604
       1.803      -0.0665
       1.811      -0.0665
       1.818     -0.04604
       1.833     -0.02558
       1.841     -0.02558
       1.856     -0.02558
       1.864     -0.02558
       1.871     -0.02558
       1.886     -0.04604
       1.894      -0.0665
       1.901     -0.08696
       1.917      -0.1483
       1.932      -0.1893
       1.939      -0.2302
       1.954      -0.2711
       1.962      -0.2506
        1.97      -0.2302
       1.977      -0.1893
       1.985      -0.1483
       1.992      -0.1074
           2      -0.0665
       2.007     -0.02558
       2.015      0.05627
       2.022       0.1176
        2.03       0.1995
       2.038       0.2404
       2.053       0.2813
        2.06       0.2404
       2.068       0.1995
       2.075       0.1381
        2.09      0.05627
       2.098      0.01535
       2.106     -0.04604
       2.113     -0.08696
       2.121      -0.1483
       2.128      -0.1688
       2.143      -0.1893
       2.151      -0.1688
       2.158      -0.1483
       2.174      -0.0665
       2.181      0.03581
       2.181     -0.02558
       2.189      0.09719
       2.196        0.179
       2.204       0.2609
       2.211       0.3427
       2.219       0.4041
       2.226       0.4041
       2.234       0.4246
       2.249       0.4041
       2.257       0.4041
       2.264       0.3632
       2.272       0.3223
       2.279       0.2609
       2.295       0.1995
       2.302        0.179
        2.31       0.1381
       2.317      0.07673
       2.325      0.03581
       2.325    -0.005115
       2.332     -0.04604
        2.34      -0.1074
       2.347      -0.1483
       2.363      -0.2097
        2.37      -0.2097
       2.385      -0.2302
       2.393      -0.2302
       2.408      -0.2097
       2.415      -0.2097
       2.431      -0.2097
       2.438      -0.2097
       2.453      -0.1893
       2.468      -0.1483
       2.476      -0.1279
       2.483     -0.08696
       2.491      -0.0665
       2.506    -0.005115
       2.514      0.01535
       2.521      0.05627
       2.529      0.09719
       2.544       0.1176
       2.552       0.1176
       2.567       0.1381
       2.574       0.1586
       2.589       0.1586
       2.597       0.1586
       2.612       0.1586
       2.627       0.1381
       2.635       0.1381
        2.65        0.179
       2.657       0.2199
       2.665       0.2404
        2.68       0.3018
       2.688       0.3018
       2.695       0.2813
       2.703       0.2404
        2.71        0.179
       2.718       0.1381
       2.725      0.09719
       2.733      0.05627
        2.74      0.01535
       2.748     -0.02558
       2.756     -0.08696
       2.763      -0.1279
       2.771      -0.1688
       2.778      -0.1893
       2.793      -0.2302
       2.801      -0.2506
       2.816      -0.2916
       2.824      -0.2711
       2.839      -0.2506
       2.846      -0.2302
       2.861      -0.2302
       2.869      -0.2506
       2.884      -0.2506
       2.892      -0.2506
       2.907      -0.2302
       2.922      -0.1893
       2.929      -0.1688
       2.937      -0.1483
       2.952      -0.1074
        2.96     -0.08696
       2.967     -0.04604
       2.975      0.03581
       2.975    -0.005115
       2.982      0.07673
        2.99       0.1381
       2.997       0.1995
       3.005       0.2404
       3.013       0.3018
       3.028       0.3427
       3.035       0.3427
       3.043       0.3427
       3.058       0.2609
       3.066       0.2199
       3.073        0.179
       3.081       0.1381
       3.088      0.09719
       3.096      0.05627
       3.103    -0.005115
       3.111     -0.02558
       3.126     -0.04604
       3.134     -0.02558
       3.149    -0.005115
       3.156    -0.005115
       3.171    -0.005115
       3.179    -0.005115
       3.194    -0.005115
       3.202     -0.04604
       3.209     -0.08696
       3.217      -0.1279
       3.224      -0.1688
       3.232      -0.2097
       3.247      -0.2506
       3.254      -0.2711
        3.27      -0.2711
       3.277      -0.2506
       3.292      -0.1893
         3.3      -0.1279
       3.307      -0.0665
       3.315     -0.02558
       3.323      0.05627
        3.33      0.07673
       3.345        0.179
       3.353       0.2199
       3.375       0.1995
       3.383       0.1586
       3.391       0.1176
       3.398      0.07673
       3.406      0.05627
       3.421    -0.005115
       3.428    -0.005115
       3.436    -0.005115
       3.451     -0.02558
       3.459    -0.005115
       3.474      0.03581
       3.481      0.05627
       3.489      0.09719
       3.496       0.1586
       3.504        0.179
       3.519       0.2404
       3.527       0.2609
       3.542       0.3018
       3.549       0.3018
       3.557       0.2813
       3.564       0.2404
       3.572       0.1995
       3.579        0.179
       3.595       0.1381
       3.602       0.1176
       3.617       0.1176
       3.625       0.1381
        3.64       0.1381
       3.648       0.1381
       3.663       0.1381
        3.67       0.1381
       3.685       0.1176
         3.7      0.05627
       3.708      0.01535
       3.716     -0.02558
       3.723      -0.0665
       3.731      -0.1074
       3.738      -0.1483
       3.746      -0.2097
       3.753      -0.2506
       3.761      -0.2916
       3.768      -0.3325
       3.776      -0.3939
       3.784      -0.4348
       3.791      -0.4962
       3.799      -0.5166
       3.814      -0.4962
       3.821      -0.4757
       3.829      -0.4348
       3.836      -0.3734
       3.844       -0.312
       3.852      -0.2302
       3.859      -0.1483
       3.867     -0.08696
       3.874     -0.04604
       3.889      0.05627
       3.897      0.09719
       3.912       0.1381
        3.92       0.1381
       3.935      0.07673
       3.942      0.05627
       3.957      0.03581
       3.965    -0.005115
        3.98    -0.005115
       3.988     -0.02558
       4.003     -0.02558
        4.01    -0.005115
       4.018      0.01535
       4.025      0.05627
       4.033      0.07673
       4.041       0.1381
       4.048        0.179
       4.056       0.2199
       4.063       0.2813
       4.078       0.3018
       4.086       0.3018
       4.101       0.2609
       4.109       0.2404
       4.116       0.1995
       4.131       0.1176
       4.139      0.07673
       4.146      0.01535
       4.154    -0.005115
       4.169      -0.0665
       4.177      -0.0665
       4.192      -0.0665
       4.199      -0.0665
       4.214     -0.02558
       4.222    -0.005115
        4.23      0.05627
       4.237      0.07673
       4.245       0.1176
       4.252       0.1381
        4.26       0.1586
       4.267       0.1176
       4.275      0.07673
       4.282      0.05627
        4.29    -0.005115
       4.298     -0.02558
       4.313      -0.0665
       4.328      -0.1279
       4.343      -0.1688
        4.35      -0.1893
       4.358      -0.1688
       4.366      -0.1483
       4.373      -0.1074
       4.381      -0.0665
       4.388    -0.005115
       4.396    -0.005115
       4.411      0.05627
       4.426      0.09719
       4.434       0.1176
       4.449       0.1176
       4.456      0.09719
       4.471      0.05627
       4.479      0.05627
       4.494      0.07673
       4.502      0.09719
       4.509       0.1176
       4.524       0.1176
       4.532      0.09719
       4.547      0.07673
       4.555      0.07673
        4.57      0.07673
       4.577      0.09719
       4.585       0.1381
       4.592        0.179
         4.6       0.1995
       4.615       0.2404
       4.623        0.179
        4.63       0.1176
       4.638      0.05627
       4.645     -0.02558
       4.653      -0.1074
        4.66      -0.1688
       4.668      -0.2302
       4.676      -0.2711
       4.683      -0.2916
       4.698      -0.2916
       4.706      -0.2916
       4.721      -0.2916
       4.728      -0.2711
       4.744      -0.2302
       4.751      -0.2097
       4.766      -0.1893
       4.781      -0.1483
       4.789      -0.1074
       4.796      -0.0665
       4.804     -0.04604
       4.819    -0.005115
       4.827      0.03581
       4.842      0.07673
       4.849      0.07673
       4.857      0.09719
       4.872      0.07673
        4.88      0.05627
       4.887      0.05627
       4.902      0.07673
       4.917       0.1586
       4.925        0.179
        4.94       0.1995
       4.948       0.1995
       4.963        0.179
        4.97        0.179
       4.985       0.1995
       5.001       0.2199
       5.008       0.2199
       5.023       0.1995
       5.031        0.179
       5.038        0.179
       5.053       0.1381
       5.061      0.09719
       5.076      0.05627
       5.084      0.01535
       5.099    -0.005115
       5.114     -0.04604
       5.121      -0.0665
       5.129      -0.0665
       5.144      -0.1074
       5.152      -0.1279
       5.167      -0.1074
       5.182      -0.0665
       5.189      -0.0665
       5.197     -0.04604
       5.212      -0.0665
        5.22     -0.08696
       5.227     -0.08696
       5.242      -0.1074
        5.25      -0.1074
       5.265      -0.0665
        5.28     -0.04604
       5.288     -0.02558
       5.303    -0.005115
        5.31    -0.005115
       5.326    -0.005115
       5.341     -0.02558
       5.348     -0.04604
       5.363      -0.1074
       5.371      -0.1279
       5.378      -0.1279
       5.394      -0.1483
       5.401      -0.1483
       5.416      -0.1074
       5.424      -0.0665
       5.431     -0.02558
       5.439      0.05627
       5.446       0.1176
       5.462      0.09719
       5.469      0.05627
       5.477      0.01535
       5.492     -0.02558
       5.499     -0.02558
       5.515    -0.005115
       5.522    -0.005115
       5.545    -0.005115
       5.552    -0.005115
       5.567    -0.005115
       5.575    -0.005115
        5.59     -0.02558
       5.598     -0.02558
       5.613    -0.005115
       5.628     -0.02558
       5.635     -0.02558
       5.651     -0.02558
       5.658    -0.005115
       5.666      0.03581
       5.673      0.05627
       5.681       0.1176
       5.688        0.179
       5.696       0.2199
       5.711       0.2813
       5.719       0.2609
       5.726       0.2609
       5.734       0.2199
       5.741        0.179
       5.749       0.1381
       5.764      0.09719
       5.772      0.07673
       5.779      0.09719
       5.794      0.09719
       5.802       0.1176
       5.817       0.1381
       5.824       0.1381
        5.84       0.1586
       5.847       0.1586
       5.862       0.1586
       5.877       0.1381
       5.885       0.1381
         5.9      0.09719
       5.908      0.07673
       5.923    -0.005115
        5.93     -0.02558
       5.938     -0.08696
       5.945      -0.1279
       5.953      -0.1893
        5.96      -0.2506
       5.968      -0.2916
       5.976      -0.3325
       5.983      -0.3734
       5.991      -0.3939
       6.006      -0.4143
       6.013      -0.3939
       6.029      -0.3529
       6.036      -0.3325
       6.051      -0.3325
       6.059       -0.312
       6.066      -0.2916
       6.074      -0.2506
       6.081      -0.2097
       6.089      -0.1688
       6.097      -0.1279
       6.104     -0.08696
       6.112     -0.02558
       6.119      0.03581
       6.127      0.09719
       6.134       0.1381
       6.142       0.1995
       6.157       0.2609
       6.165       0.2813
        6.18       0.2609
       6.187       0.2404
       6.195       0.2199
        6.21        0.179
       6.217       0.1586
       6.233       0.1176
        6.24      0.09719
       6.248      0.09719
       6.263      0.07673
        6.27      0.07673
       6.285      0.07673
       6.293      0.05627
       6.308    -0.005115
       6.316    -0.005115
       6.331     -0.02558
       6.338     -0.02558
       6.354      -0.0665
       6.361     -0.04604
       6.376     -0.02558
       6.384    -0.005115
       6.399      0.01535
       6.406      0.03581
       6.422      0.05627
       6.437      0.05627
       6.444      0.07673
       6.459      0.07673
       6.467      0.05627
       6.482      0.05627
        6.49      0.05627
       6.505      0.05627
       6.512      0.05627
       6.527      0.05627
       6.542      0.03581
        6.55      0.03581
       6.565      0.03581
       6.573      0.03581
       6.595      0.03581
       6.603      0.03581
       6.611      0.05627
       6.626       0.1176
       6.633       0.1381
       6.648       0.1586
       6.656       0.1176
       6.663      0.07673
       6.671      0.01535
       6.679     -0.04604
       6.686     -0.08696
       6.694      -0.1688
       6.701      -0.2506
       6.709       -0.312
       6.716      -0.3734
       6.724      -0.4143
       6.731      -0.4552
       6.739      -0.4552
       6.754      -0.4348
       6.762      -0.4143
       6.769      -0.3939
       6.777      -0.3529
       6.784      -0.2916
       6.792      -0.2097
       6.799      -0.1483
       6.807      -0.0665
       6.815     -0.02558
       6.822      0.01535
        6.83      0.07673
       6.837       0.1381
       6.845       0.1995
       6.852       0.2404
        6.86       0.2813
       6.868       0.3223
       6.883       0.3836
        6.89       0.4041
       6.905        0.445
        6.92        0.445
       6.928       0.4246
       6.936       0.4041
       6.951       0.3427
       6.958       0.3018
       6.966       0.2609
       6.981       0.1995
       6.988       0.1586
       6.996       0.1176
       7.004      0.07673
       7.019      0.01535
       7.026      0.01535
       7.041      0.03581
       7.049      0.03581
       7.056    -0.005115
       7.064    -0.005115
       7.079     -0.02558
       7.087     -0.02558
       7.102     -0.02558
       7.109     -0.02558
       7.125    -0.005115
        7.14    -0.005115
       7.155    -0.005115
       7.162     -0.02558
        7.17      -0.0665
       7.177      -0.1074
       7.193      -0.1893
         7.2      -0.2302
       7.215      -0.2711
       7.223      -0.2916
       7.238      -0.2916
       7.245      -0.2916
       7.261      -0.2916
       7.268      -0.2916
       7.283      -0.2711
       7.291      -0.2506
       7.298      -0.2097
       7.306      -0.1893
       7.313      -0.1279
       7.321     -0.08696
       7.329     -0.02558
       7.336    -0.005115
       7.359      0.03581
       7.366      0.05627
       7.382      0.07673
       7.389      0.07673
       7.397      0.09719
       7.412       0.1381
       7.419       0.1586
       7.434       0.1995
       7.442       0.2199
       7.457       0.2199
       7.465       0.2199
       7.472       0.2404
       7.487       0.2404
       7.495       0.2404
        7.51       0.2199
       7.518       0.1995
       7.525       0.1586
       7.533       0.1176
        7.54      0.07673
       7.555      0.03581
       7.563    -0.005115
        7.57     -0.02558
       7.578     -0.08696
       7.586      -0.1279
       7.593      -0.1483
       7.601      -0.1893
       7.608      -0.2097
       7.623      -0.2506
       7.631      -0.2506
       7.638      -0.2097
       7.654      -0.1688
       7.669     -0.08696
       7.676     -0.04604
       7.684    -0.005115
       7.691      0.03581
       7.699      0.05627
       7.714       0.1176
       7.722        0.179
       7.737       0.2404
       7.744       0.2609
       7.759       0.2404
       7.767       0.2404
       7.775       0.1995
       7.782       0.1586
        7.79       0.1176
       7.797      0.07673
       7.812     -0.02558
        7.82     -0.08696
       7.827      -0.1483
       7.835      -0.2302
       7.843      -0.2711
       7.858       -0.312
       7.865       -0.312
        7.88      -0.2711
       7.888      -0.2506
       7.895      -0.2097
       7.903      -0.1688
       7.918      -0.1279
       7.926      -0.1074
       7.933     -0.08696
       7.948      -0.0665
       7.956     -0.04604
       7.964    -0.005115
       7.971      0.01535
       7.979      0.05627
       7.986      0.09719
       8.001       0.1586
       8.009        0.179
       8.024        0.179
       8.032       0.1995
       8.039       0.2404
       8.047       0.2813
       8.054       0.3223
       8.062       0.3836
       8.069       0.4246
       8.077        0.445
       8.092       0.4246
         8.1       0.3836
       8.107       0.3223
       8.115       0.2404
       8.122       0.1586
        8.13      0.07673
       8.137     -0.04604
       8.145      -0.1074
       8.152      -0.1893
        8.16      -0.2506
       8.175       -0.312
        8.19      -0.3325
       8.205       -0.312
       8.221      -0.2916
       8.228      -0.2711
       8.243      -0.2302
       8.251      -0.2097
       8.258      -0.1688
       8.266      -0.1074
       8.273     -0.04604
       8.281      0.05627
       8.281    -0.005115
       8.289       0.1176
       8.296       0.1586
       8.304       0.1995
       8.319       0.2404
       8.326       0.2609
       8.334       0.2609
       8.349       0.2199
       8.357       0.1995
       8.372        0.179
       8.379        0.179
       8.394       0.1381
       8.402       0.1381
       8.417       0.1381
       8.425       0.1586
        8.44        0.179
       8.447       0.1995
       8.462       0.2199
        8.47       0.2199
       8.478       0.1586
       8.485      0.09719
       8.493      0.03581
       8.493     -0.04604
         8.5      -0.1483
       8.508      -0.2506
       8.515      -0.3529
       8.523      -0.4552
        8.53      -0.5166
       8.538      -0.5575
       8.546      -0.5985
       8.561      -0.5985
       8.576      -0.5575
       8.583      -0.5371
       8.591      -0.4962
       8.598      -0.4348
       8.606      -0.3734
       8.614      -0.2916
       8.621      -0.1893
       8.629     -0.08696
       8.636      0.05627
       8.636     -0.02558
       8.644      0.07673
       8.651       0.1381
       8.659        0.179
       8.674       0.1995
       8.682       0.2199
       8.697       0.2404
       8.704       0.2813
       8.719       0.3223
       8.727       0.3223
       8.735       0.3223
        8.75       0.3018
       8.757       0.3018
       8.772       0.3018
       8.787       0.2609
       8.795       0.2199
       8.803        0.179
        8.81       0.1176
       8.818      0.07673
       8.833      0.03581
        8.84      0.03581
       8.855      0.03581
       8.863      0.03581
       8.878    -0.005115
       8.886    -0.005115
       8.901      -0.0665
       8.908      -0.0665
       8.923     -0.04604
       8.931     -0.02558
       8.939      0.01535
       8.946      0.05627
       8.969      0.09719
       8.976      0.09719
