     0.01186     -0.01626
     0.01942      -0.0813
     0.02699       -0.103
     0.04212      -0.1463
     0.04968      -0.1463
     0.06481      -0.1463
     0.07238      -0.1463
     0.08751      -0.1247
      0.1026       -0.103
      0.1102      -0.0813
      0.1253     -0.05962
      0.1329     -0.03794
      0.1405     -0.01626
       0.148       0.0271
      0.1556      0.07046
      0.1632       0.1138
      0.1783       0.1572
      0.1859       0.1572
       0.201       0.1572
      0.2085       0.1572
      0.2161       0.1572
      0.2312       0.1355
      0.2388       0.1138
      0.2464       0.1138
      0.2615      0.07046
      0.2691      0.07046
      0.2842      0.04878
      0.2918      0.04878
      0.3069      0.04878
      0.3145      0.04878
       0.322      0.00542
      0.3296      0.00542
      0.3371      0.00542
      0.3598     -0.01626
      0.3674     -0.01626
      0.3825     -0.01626
      0.3901     -0.01626
      0.4052     -0.01626
      0.4128     -0.01626
      0.4279     -0.01626
      0.4355     -0.01626
      0.4506     -0.03794
      0.4582     -0.03794
      0.4733     -0.05962
      0.4809     -0.05962
       0.496     -0.05962
      0.5036     -0.03794
      0.5187     -0.01626
      0.5263     -0.01626
      0.5414      0.00542
      0.5717       0.0271
      0.5868      0.04878
      0.5944      0.07046
      0.6019       0.1355
      0.6095       0.1789
      0.6171       0.2222
      0.6322       0.2656
      0.6397       0.2656
      0.6549       0.2222
      0.6624       0.1789
      0.6776       0.1138
      0.6851      0.09214
      0.7003      0.04878
      0.7078       0.0271
       0.723      0.00542
      0.7305      0.00542
      0.7457      0.00542
      0.7608     -0.03794
      0.7683     -0.05962
      0.7759     -0.05962
       0.791       -0.103
      0.7986      -0.1247
      0.8137      -0.1463
      0.8213       -0.168
      0.8364       -0.168
      0.8516       -0.168
      0.8591      -0.1463
      0.8743      -0.1463
      0.8818      -0.1463
      0.8894      -0.1247
      0.9045      -0.1247
      0.9121      -0.1247
      0.9196       -0.103
      0.9348     -0.05962
      0.9423     -0.01626
      0.9499      0.07046
      0.9499      0.00542
      0.9575      0.09214
       0.965       0.1572
      0.9726       0.2005
      0.9802       0.2222
      0.9953       0.2222
       1.003       0.2005
        1.01       0.1789
       1.026       0.1355
       1.033       0.1138
       1.048       0.1138
       1.056       0.1138
       1.071      0.09214
       1.079      0.09214
       1.086      0.09214
       1.101      0.07046
       1.109      0.07046
       1.124      0.04878
       1.131      0.04878
       1.147      0.00542
       1.162     -0.01626
       1.169     -0.01626
       1.184     -0.03794
       1.192     -0.03794
         1.2     -0.01626
       1.215      0.00542
       1.222      0.07046
        1.23      0.09214
       1.237       0.1355
       1.245       0.1789
        1.26       0.1789
       1.268       0.1789
       1.283       0.1572
       1.298       0.1138
       1.305      0.09214
       1.313      0.09214
       1.328      0.07046
       1.336      0.04878
       1.351       0.0271
       1.358      0.00542
       1.374     -0.01626
       1.381     -0.01626
       1.396     -0.03794
       1.404     -0.03794
       1.419     -0.05962
       1.434      -0.0813
       1.442       -0.103
       1.457      -0.0813
       1.464      -0.0813
       1.479      -0.0813
       1.487       -0.103
       1.495       -0.103
        1.51      -0.1463
       1.517      -0.1463
       1.532       -0.168
        1.54       -0.168
       1.563      -0.1463
        1.57      -0.1247
       1.585       -0.103
       1.593      -0.0813
       1.608      -0.0813
       1.616     -0.05962
       1.623     -0.03794
       1.638      0.00542
       1.646      0.07046
       1.653      0.09214
       1.669       0.1572
       1.676       0.1789
       1.691       0.1572
       1.699       0.1572
       1.714       0.1572
       1.722       0.1572
       1.729       0.1572
       1.744       0.1138
       1.752      0.07046
       1.759      0.07046
       1.774      0.04878
       1.782      0.04878
       1.797       0.0271
       1.812      0.04878
       1.827      0.04878
       1.835      0.07046
        1.85      0.09214
       1.858      0.09214
       1.873      0.09214
        1.88      0.09214
       1.896      0.07046
       1.903      0.04878
       1.918      0.04878
       1.926      0.04878
       1.941      0.04878
       1.948      0.04878
       1.971       0.0271
       1.979       0.0271
       1.994      0.00542
       2.001      0.00542
       2.017       0.0271
       2.024      0.04878
       2.032      0.09214
       2.047       0.1138
       2.054      0.09214
       2.062      0.09214
       2.077      0.04878
       2.085      0.04878
         2.1      0.04878
       2.107       0.0271
       2.122      0.00542
       2.138     -0.01626
       2.145     -0.01626
        2.16      0.00542
       2.168      0.00542
       2.183      0.00542
       2.198     -0.03794
       2.206     -0.05962
       2.221      -0.0813
       2.236       -0.103
       2.244       -0.103
       2.259       -0.103
       2.266       -0.103
       2.274      -0.0813
       2.289      -0.0813
       2.296      -0.0813
       2.312      -0.0813
       2.319      -0.0813
       2.334     -0.03794
       2.349     -0.03794
       2.365     -0.03794
        2.38     -0.01626
       2.387     -0.01626
       2.402     -0.01626
        2.41     -0.01626
       2.425     -0.01626
       2.433     -0.01626
       2.448      0.00542
       2.455      0.00542
        2.47       0.0271
       2.478       0.0271
       2.493       0.0271
       2.501       0.0271
       2.523       0.0271
       2.539      0.04878
       2.576      0.04878
       2.584      0.04878
       2.599      0.04878
       2.607      0.04878
       2.622      0.04878
       2.629      0.04878
       2.644      0.04878
        2.66       0.0271
       2.675      0.00542
       2.682      0.00542
       2.697     -0.03794
       2.705     -0.05962
       2.713     -0.05962
       2.728      -0.0813
       2.735       -0.103
       2.743       -0.103
       2.758      -0.0813
       2.765     -0.05962
       2.773     -0.01626
       2.781      0.07046
       2.788       0.1138
       2.796       0.1572
       2.803       0.2005
       2.818       0.2222
       2.826       0.2222
       2.841       0.1789
       2.849       0.1572
       2.864       0.1355
       2.871       0.1355
       2.887       0.1138
       2.894      0.09214
       2.902      0.09214
       2.917      0.07046
       2.924      0.07046
       2.939      0.04878
       2.947      0.04878
       2.962      0.04878
        2.97      0.04878
       2.985      0.04878
       2.992      0.04878
       3.008       0.0271
       3.015      0.00542
        3.03      0.00542
       3.038      0.00542
       3.045      0.04878
       3.053      0.07046
       3.068       0.1138
       3.076       0.1355
       3.091       0.1355
       3.098       0.1138
       3.106       0.1138
       3.121      0.07046
       3.129      0.04878
       3.151      0.00542
       3.159      0.00542
       3.166      0.00542
       3.182     -0.01626
       3.189     -0.01626
       3.204     -0.05962
       3.212     -0.05962
       3.227       -0.103
       3.235       -0.103
        3.25      -0.1463
       3.257      -0.1463
       3.272       -0.168
        3.28       -0.168
       3.295       -0.168
       3.303      -0.1463
       3.318      -0.1463
       3.325      -0.1247
        3.34       -0.103
       3.348       -0.103
       3.363      -0.0813
       3.378      -0.0813
       3.386     -0.03794
       3.401      0.00542
       3.409      0.07046
       3.424       0.1138
       3.431       0.1138
       3.439       0.1138
       3.454      0.09214
       3.461      0.09214
       3.477      0.09214
       3.492      0.04878
       3.499      0.04878
       3.514      0.00542
       3.522      0.00542
       3.537     -0.01626
       3.545     -0.01626
        3.56     -0.01626
       3.567     -0.01626
       3.582     -0.01626
        3.59      0.00542
       3.605      0.00542
       3.613       0.0271
       3.628      0.07046
       3.643      0.07046
       3.651      0.07046
       3.658      0.09214
       3.673       0.1355
       3.681       0.1355
       3.696       0.1355
       3.704       0.1572
       3.719       0.2005
       3.726       0.2005
       3.741       0.2005
       3.764       0.1572
       3.772       0.1572
       3.787       0.1355
       3.794       0.1355
       3.802       0.1355
       3.809      0.09214
       3.825      0.04878
       3.832      0.00542
       3.847     -0.01626
       3.862     -0.03794
        3.87     -0.05962
       3.885     -0.03794
         3.9     -0.03794
       3.908     -0.01626
       3.923      0.00542
        3.93      0.00542
       3.938      0.00542
       3.961     -0.05962
       3.968      -0.0813
       3.983      -0.0813
       3.991     -0.05962
       4.006     -0.03794
       4.014     -0.03794
       4.029     -0.03794
       4.036     -0.03794
       4.052     -0.03794
       4.067     -0.05962
       4.074      -0.0813
       4.089      -0.1463
       4.097      -0.1463
       4.104      -0.1247
        4.12      -0.0813
       4.127     -0.03794
       4.135      0.00542
       4.142      0.04878
        4.15      0.09214
       4.157       0.1138
       4.173       0.1572
        4.18       0.1355
       4.195      0.09214
       4.203      0.09214
       4.218      0.07046
       4.226      0.07046
       4.241      0.07046
       4.248      0.04878
       4.263      0.04878
       4.271      0.04878
       4.294      0.00542
       4.301      0.00542
       4.316      0.00542
       4.324      0.00542
       4.339      0.00542
       4.347      0.00542
       4.362      0.00542
       4.369      0.00542
       4.384      0.00542
       4.392     -0.01626
       4.407     -0.01626
       4.415     -0.01626
        4.43     -0.01626
       4.437      0.00542
       4.452      0.00542
        4.46       0.0271
       4.475      0.04878
       4.483      0.04878
       4.498      0.07046
       4.513      0.09214
       4.521       0.1138
       4.536       0.1572
       4.543       0.1572
       4.558       0.1789
       4.574       0.1572
       4.581       0.1355
       4.596      0.09214
       4.604      0.09214
       4.619      0.04878
       4.626      0.04878
       4.642       0.0271
       4.649      0.00542
       4.657      0.00542
       4.672     -0.01626
       4.679     -0.03794
       4.687     -0.01626
       4.702     -0.01626
        4.71     -0.03794
       4.717     -0.03794
       4.732     -0.05962
        4.74      -0.0813
       4.755      -0.0813
       4.763      -0.0813
       4.778      -0.0813
       4.785       -0.103
         4.8       -0.103
       4.808       -0.103
       4.823       -0.103
       4.831       -0.103
       4.838      -0.0813
       4.853      -0.0813
       4.861      -0.0813
       4.876      -0.0813
       4.884      -0.0813
       4.891     -0.05962
       4.906     -0.03794
       4.914     -0.03794
       4.929     -0.03794
       4.944     -0.05962
       4.959     -0.03794
       4.974      0.00542
        4.99      0.04878
       4.997      0.07046
       5.005       0.1138
       5.012       0.1572
       5.027       0.1789
       5.035       0.1789
        5.05       0.1572
       5.058       0.1572
       5.073       0.1572
        5.08       0.1572
       5.095       0.1572
       5.103       0.1572
       5.111       0.1572
       5.126      0.09214
       5.141      0.04878
       5.156      0.00542
       5.171     -0.03794
       5.179     -0.05962
       5.194     -0.03794
       5.201     -0.03794
       5.209     -0.03794
       5.224     -0.05962
       5.232      -0.0813
       5.247      -0.0813
       5.254     -0.05962
       5.269     -0.03794
       5.277     -0.03794
       5.292     -0.03794
         5.3     -0.03794
       5.307     -0.01626
       5.322     -0.03794
        5.33     -0.03794
       5.345     -0.05962
       5.353      -0.0813
        5.36      -0.0813
       5.375      -0.0813
       5.383     -0.05962
       5.391     -0.03794
       5.406      0.07046
       5.413      0.09214
       5.421       0.1355
       5.428       0.1789
       5.443       0.2005
       5.451       0.2005
       5.466       0.1572
       5.474       0.1572
       5.489       0.1355
       5.496       0.1355
       5.512       0.1355
       5.527       0.1138
       5.534       0.1138
       5.549       0.1138
       5.557       0.1138
       5.572      0.09214
        5.58      0.07046
       5.587      0.07046
       5.602       0.0271
        5.61      0.00542
       5.625     -0.03794
       5.633     -0.05962
        5.64     -0.05962
       5.655     -0.05962
       5.663     -0.05962
       5.678     -0.05962
       5.686     -0.03794
       5.701     -0.03794
       5.708     -0.03794
       5.716     -0.03794
       5.731      -0.0813
       5.739       -0.103
       5.761       -0.103
       5.769       -0.103
       5.776     -0.05962
       5.784     -0.03794
       5.799      0.04878
       5.807      0.07046
       5.814       0.1138
       5.822       0.1355
       5.837       0.1572
       5.844       0.1572
        5.86       0.1138
       5.867      0.09214
       5.882      0.07046
        5.89      0.04878
       5.905       0.0271
        5.92      0.00542
       5.935      0.00542
       5.943      0.00542
       5.958     -0.03794
       5.965     -0.03794
       5.981     -0.03794
       5.988     -0.03794
       6.003     -0.03794
       6.011     -0.03794
       6.026     -0.03794
       6.041     -0.05962
       6.049     -0.05962
       6.064      -0.0813
       6.071      -0.0813
       6.086     -0.05962
       6.102     -0.05962
       6.109     -0.05962
       6.124     -0.05962
       6.132     -0.03794
       6.147     -0.01626
       6.155      0.00542
       6.162      0.07046
       6.177       0.1138
       6.185       0.1355
         6.2       0.1138
       6.208       0.1138
       6.223       0.1355
       6.238       0.1355
       6.245       0.1138
       6.253       0.1138
       6.268      0.07046
       6.276      0.04878
       6.291       0.0271
       6.313       0.0271
       6.329       0.0271
       6.359       0.0271
       6.374      0.00542
       6.382      0.00542
       6.397      0.00542
       6.404      0.00542
       6.419      0.00542
       6.427      0.00542
       6.434      0.00542
        6.45     -0.03794
       6.457     -0.05962
       6.472      -0.0813
       6.487      -0.0813
       6.495     -0.05962
       6.503     -0.01626
       6.518      0.04878
       6.525      0.09214
        6.54       0.1355
       6.556       0.1138
       6.571      0.09214
       6.586      0.07046
       6.593      0.04878
       6.608       0.0271
       6.624      0.00542
       6.639      0.00542
       6.654     -0.01626
       6.661     -0.03794
       6.677     -0.03794
       6.692     -0.05962
       6.699     -0.05962
       6.714     -0.05962
       6.722     -0.03794
       6.737     -0.03794
       6.752     -0.03794
        6.76     -0.01626
       6.775       0.0271
       6.782      0.04878
        6.79      0.07046
       6.805      0.09214
       6.813      0.09214
       6.828      0.09214
       6.835      0.09214
       6.843      0.09214
       6.858      0.07046
       6.866      0.07046
       6.881      0.00542
       6.888      0.00542
       6.903      0.00542
       6.919       0.0271
       6.934      0.00542
       6.941      0.00542
       6.956     -0.01626
       6.964     -0.01626
       6.972     -0.01626
       6.987     -0.01626
       6.994     -0.01626
       7.017     -0.01626
       7.025      0.00542
       7.047      0.00542
       7.055      0.04878
       7.062      0.07046
        7.07       0.1138
       7.077       0.1355
       7.085       0.1572
       7.093       0.2005
         7.1       0.2439
       7.115       0.3089
       7.123       0.2873
        7.13       0.2873
       7.138       0.2439
       7.153       0.1789
       7.161       0.1572
       7.176       0.1138
       7.183      0.09214
       7.191      0.09214
       7.206      0.07046
       7.214      0.04878
       7.229      0.04878
       7.236      0.04878
       7.251      0.00542
       7.259      0.00542
       7.274     -0.03794
       7.282     -0.05962
       7.297       -0.103
       7.304      -0.1247
        7.32      -0.1463
       7.327      -0.1247
       7.342       -0.103
        7.35      -0.0813
       7.365      -0.0813
       7.373      -0.0813
        7.38      -0.0813
       7.395      -0.1247
       7.403      -0.1463
       7.418       -0.168
       7.425      -0.1463
       7.441       -0.103
       7.448     -0.05962
       7.456     -0.01626
       7.471       0.0271
       7.478      0.00542
       7.494      0.00542
       7.509      0.00542
       7.516      0.00542
       7.531      0.04878
       7.539      0.07046
       7.554      0.07046
       7.562      0.04878
       7.577      0.04878
       7.584      0.04878
       7.599      0.00542
       7.607      0.00542
       7.622      0.00542
        7.63      0.00542
       7.645      0.00542
       7.652      0.00542
       7.668      0.00542
       7.683      0.00542
        7.69      0.00542
       7.705      0.00542
       7.713      0.00542
       7.728       0.0271
       7.736      0.00542
       7.758      0.00542
       7.773      0.00542
       7.781      0.00542
       7.804       0.0271
       7.811       0.0271
       7.826       0.0271
       7.834      0.04878
       7.849      0.04878
       7.857      0.07046
       7.872      0.09214
       7.879       0.1138
       7.895       0.1572
       7.902       0.1789
       7.917       0.1572
       7.932       0.1138
        7.94      0.07046
       7.955      0.04878
       7.963      0.04878
       7.978       0.0271
       7.985      0.00542
       7.993      0.00542
       8.008     -0.03794
       8.016     -0.05962
       8.031      -0.0813
       8.038      -0.0813
       8.046     -0.05962
       8.061     -0.03794
       8.068     -0.03794
       8.084     -0.03794
       8.091     -0.03794
       8.106     -0.03794
       8.114     -0.03794
       8.129     -0.03794
       8.137     -0.03794
       8.144     -0.03794
       8.159     -0.03794
       8.167     -0.01626
       8.182      0.00542
        8.19      0.00542
       8.205      0.00542
       8.212      0.00542
        8.22      0.00542
       8.235     -0.03794
       8.242     -0.05962
        8.25     -0.05962
       8.265      -0.0813
       8.273     -0.05962
        8.28     -0.03794
       8.295      0.07046
       8.303      0.09214
       8.318       0.1355
       8.326       0.1572
       8.333       0.1789
       8.348       0.1789
       8.356       0.1789
       8.371       0.1355
       8.379       0.1138
       8.394      0.07046
       8.401      0.07046
       8.416      0.04878
       8.424      0.04878
       8.439      0.04878
       8.447      0.04878
       8.454      0.00542
       8.462      0.00542
       8.477      0.00542
       8.492     -0.01626
         8.5     -0.03794
       8.507     -0.03794
       8.522     -0.05962
        8.53      -0.0813
       8.545      -0.0813
        8.56       -0.103
       8.568      -0.1247
       8.575      -0.1247
        8.59      -0.1463
       8.598      -0.1463
       8.613      -0.1463
       8.621      -0.1463
       8.636       -0.103
       8.651     -0.05962
       8.659     -0.01626
       8.666      0.07046
       8.666      0.00542
       8.674      0.09214
       8.681       0.1572
       8.689       0.2005
       8.704       0.2222
       8.712       0.2222
       8.727       0.1789
       8.734       0.1572
       8.749      0.09214
       8.757      0.09214
       8.772      0.04878
        8.78      0.04878
       8.802      0.04878
        8.81      0.04878
       8.825      0.04878
       8.833      0.04878
       8.848       0.0271
       8.855       0.0271
        8.87       0.0271
       8.878      0.04878
       8.893      0.04878
       8.901      0.07046
       8.916      0.04878
       8.931      0.00542
       8.946     -0.01626
       8.954     -0.03794
       8.969     -0.05962
       8.976     -0.05962
