     0.01181      -0.1381
     0.01937      0.04604
     0.01937     -0.04604
     0.02693       0.1381
     0.03449        0.267
     0.04205       0.3959
      0.0496       0.5248
     0.05716       0.6353
     0.06472        0.709
     0.07228       0.7458
     0.07984        0.709
      0.0874       0.6537
     0.09496       0.5801
      0.1025        0.488
      0.1101       0.3775
      0.1176       0.2486
      0.1252       0.1381
      0.1327     0.009207
      0.1403     -0.08286
      0.1479      -0.1565
      0.1554      -0.2118
       0.163      -0.2486
      0.1705      -0.2854
      0.1781      -0.3038
      0.1857      -0.2854
      0.1932       -0.267
      0.2008      -0.2302
      0.2083      -0.1749
      0.2159      -0.1381
      0.2235      -0.1013
      0.2386     -0.02762
      0.2461    -0.009207
      0.2537     0.009207
      0.2612      0.06445
      0.2688       0.1381
      0.2764       0.2118
      0.2839       0.2854
      0.2915       0.3407
       0.299       0.3959
      0.3066       0.4512
      0.3142       0.5064
      0.3217       0.5616
      0.3293       0.6353
      0.3368       0.6721
       0.352       0.7274
      0.3595       0.7458
      0.3746       0.6905
      0.3822       0.6169
      0.3897       0.5432
      0.3973       0.4512
      0.4049       0.3407
      0.4124       0.2302
        0.42       0.1197
      0.4275    -0.009207
      0.4351      -0.1749
      0.4427      -0.3591
      0.4502      -0.5801
      0.4578       -0.801
      0.4653      -0.9668
      0.4729       -1.096
      0.4804       -1.188
       0.488       -1.243
      0.4956       -1.261
      0.5031       -1.225
      0.5107       -1.151
      0.5182       -1.004
      0.5258      -0.7826
      0.5334      -0.5248
      0.5409      -0.2486
      0.5485     0.009207
       0.556       0.2302
      0.5636       0.3775
      0.5712        0.488
      0.5787       0.5616
      0.5863       0.6169
      0.5938       0.6537
      0.6014       0.6169
      0.6089       0.5616
      0.6165       0.5064
      0.6241       0.4696
      0.6392       0.4696
      0.6467       0.4696
      0.6619       0.5064
       0.677        0.488
      0.6845       0.4512
      0.6921       0.3775
      0.6996       0.3038
      0.7072       0.1934
      0.7148      0.08286
      0.7223      0.04604
      0.7223     -0.04604
      0.7299      -0.1381
      0.7374      -0.2486
       0.745      -0.3775
      0.7526      -0.4696
      0.7601      -0.5432
      0.7677      -0.5985
      0.7752      -0.5801
      0.7828      -0.5064
      0.7904      -0.4143
      0.7979      -0.3038
      0.8055      -0.1749
       0.813     -0.06445
      0.8206      0.04604
      0.8206    -0.009207
      0.8281      0.08286
      0.8433      0.08286
      0.8508      0.04604
      0.8508    -0.009207
      0.8584     -0.08286
      0.8659      -0.1934
      0.8735      -0.3038
      0.8811      -0.3775
      0.8886      -0.4143
      0.9037      -0.3959
      0.9113      -0.3407
      0.9188      -0.2854
      0.9264      -0.2302
       0.934      -0.1749
      0.9415      -0.1197
      0.9491     -0.08286
      0.9566     -0.04604
      0.9642    -0.009207
      0.9718     0.009207
      0.9793      0.04604
      0.9869      0.08286
      0.9944       0.1197
        1.01       0.1565
       1.017       0.1749
       1.025       0.2486
       1.032       0.3223
        1.04       0.4327
       1.047       0.5432
       1.055       0.6537
       1.062       0.7274
        1.07        0.801
       1.078       0.8563
       1.085       0.8931
       1.093       0.8931
         1.1       0.8747
       1.108       0.8379
       1.115        0.801
       1.123       0.7274
        1.13       0.6169
       1.138        0.488
       1.146       0.3223
       1.153       0.1565
       1.161     0.009207
       1.168      -0.1197
       1.176      -0.2486
       1.183      -0.3959
       1.191      -0.5616
       1.199      -0.7642
       1.206      -0.9852
       1.214       -1.169
       1.221       -1.317
       1.229       -1.372
       1.236       -1.372
       1.244       -1.335
       1.251        -1.28
       1.259       -1.225
       1.267       -1.132
       1.274        -1.04
       1.282      -0.8931
       1.289      -0.7274
       1.297      -0.5432
       1.304      -0.3591
       1.312      -0.1565
       1.319       0.1013
       1.319     -0.04604
       1.327       0.2486
       1.335       0.4327
       1.342       0.5432
        1.35       0.6353
       1.357       0.6721
       1.372       0.6721
        1.38       0.6721
       1.395       0.6537
       1.403       0.6353
        1.41       0.6169
       1.418       0.5801
       1.433       0.5248
        1.44        0.488
       1.448       0.4512
       1.456       0.3959
       1.463       0.3407
       1.471       0.2854
       1.478       0.2302
       1.493       0.1934
       1.501       0.2486
       1.508       0.3223
       1.516       0.4512
       1.524       0.6169
       1.531       0.7642
       1.539       0.9299
       1.546        1.059
       1.554        1.151
       1.569        1.132
       1.576        1.022
       1.584       0.8379
       1.592       0.6353
       1.599       0.3959
       1.607       0.1565
       1.607    -0.009207
       1.614      0.04604
       1.614      -0.1381
       1.622      -0.3591
       1.629      -0.6353
       1.637      -0.8931
       1.644       -1.114
       1.652       -1.298
        1.66       -1.409
       1.667       -1.464
       1.682       -1.427
        1.69       -1.372
       1.697       -1.298
       1.705       -1.225
       1.713       -1.132
        1.72        -1.04
       1.728      -0.9115
       1.735      -0.7642
       1.743      -0.6169
        1.75      -0.4696
       1.758      -0.3223
       1.765      -0.1934
       1.773     -0.06445
       1.781      0.08286
       1.781    -0.009207
       1.788       0.2118
       1.796       0.3407
       1.803       0.4512
       1.811       0.5616
       1.818       0.6537
       1.826       0.7642
       1.833       0.8563
       1.841       0.9115
       1.849       0.9299
       1.856       0.8931
       1.864       0.8563
       1.871       0.8379
       1.886       0.7642
       1.894       0.7274
       1.901       0.6721
       1.909       0.6537
       1.924       0.6169
       1.932       0.6169
       1.947       0.6169
       1.954       0.6353
        1.97       0.6905
       1.977        0.709
       1.992       0.6905
           2       0.5985
       2.007       0.4143
       2.015       0.1934
       2.022      0.04604
       2.022      -0.1565
        2.03      -0.4143
       2.038      -0.6905
       2.045      -0.9483
       2.053       -1.151
        2.06       -1.317
       2.068       -1.482
       2.075       -1.574
        2.09       -1.519
       2.098       -1.353
       2.106       -1.151
       2.113      -0.9115
       2.121      -0.6721
       2.128      -0.4512
       2.136       -0.267
       2.143      -0.1013
       2.151      0.06445
       2.151     -0.02762
       2.158       0.1749
       2.166        0.267
       2.174       0.3591
       2.181       0.4327
       2.189       0.5248
       2.196       0.5985
       2.204        0.709
       2.211        0.801
       2.219       0.8747
       2.226       0.9299
       2.242       0.9115
       2.249       0.8563
       2.257       0.7458
       2.264       0.6353
       2.272       0.5064
       2.279       0.3591
       2.287       0.1934
       2.295      0.02762
       2.302      -0.1381
        2.31      -0.2854
       2.317      -0.4143
       2.325       -0.488
       2.332      -0.5616
        2.34      -0.6353
       2.347      -0.6905
       2.355       -0.709
        2.37      -0.7274
       2.378      -0.7642
       2.385      -0.8194
       2.393      -0.8563
       2.408       -0.801
       2.415       -0.709
       2.423      -0.5985
       2.431       -0.488
       2.438      -0.4327
       2.446      -0.3775
       2.453      -0.3775
       2.461      -0.3591
       2.468      -0.3407
       2.476      -0.2854
       2.483      -0.2118
       2.491      -0.1197
       2.499      0.04604
       2.499     -0.02762
       2.506      0.08286
       2.514       0.1565
       2.521       0.1934
       2.536       0.2118
       2.544       0.1749
       2.552       0.1381
       2.559       0.1197
       2.567       0.1565
       2.574       0.2302
       2.582       0.3223
       2.589       0.3959
       2.597       0.4512
       2.604       0.4696
       2.612       0.4327
        2.62       0.3591
       2.627       0.2486
       2.635       0.1197
       2.642      0.04604
       2.642     -0.06445
        2.65      -0.1565
       2.657      -0.2854
       2.665      -0.3591
       2.672      -0.4512
        2.68      -0.5064
       2.688      -0.5616
       2.695      -0.6169
        2.71      -0.6537
       2.718      -0.6353
       2.725      -0.5985
       2.733      -0.5616
        2.74      -0.5064
       2.748      -0.4327
       2.756      -0.3407
       2.763      -0.2486
       2.771      -0.1749
       2.778     -0.08286
       2.786      0.02762
       2.786     -0.02762
       2.793      0.08286
       2.801       0.1749
       2.809        0.267
       2.816       0.3591
       2.824       0.4327
       2.831        0.488
       2.839       0.5432
       2.846       0.5616
       2.861       0.6169
       2.869       0.6353
       2.884       0.6353
       2.892       0.5801
       2.899       0.5248
       2.907       0.4512
       2.914       0.3407
       2.922       0.2302
       2.929       0.1013
       2.937      0.02762
       2.937     -0.08286
       2.945      -0.2302
       2.952      -0.3775
        2.96      -0.5248
       2.967      -0.6721
       2.975      -0.7826
       2.982      -0.8563
        2.99      -0.9115
       3.005      -0.8747
       3.013      -0.7826
        3.02      -0.6537
       3.028       -0.488
       3.035      -0.3223
       3.043      -0.1749
        3.05     -0.06445
       3.058     0.009207
       3.066       0.1013
       3.073       0.1749
       3.081       0.2302
       3.088        0.267
       3.096       0.3038
       3.103       0.3407
       3.111       0.4143
       3.118        0.488
       3.126       0.5801
       3.134       0.6721
       3.141       0.7458
       3.149       0.8194
       3.156       0.8931
       3.164       0.9668
       3.171         1.04
       3.179        1.096
       3.194        1.151
       3.202        1.151
       3.209        1.096
       3.217         1.04
       3.224       0.9668
       3.232       0.8747
       3.239       0.8194
       3.247       0.7826
       3.254        0.709
       3.262       0.5985
        3.27       0.3959
       3.277       0.1749
       3.277    -0.009207
       3.285      0.04604
       3.285      -0.1565
       3.292      -0.4696
         3.3      -0.8379
       3.307       -1.188
       3.315       -1.519
       3.323       -1.777
        3.33       -1.869
       3.345       -1.851
       3.353       -1.722
        3.36       -1.538
       3.368       -1.335
       3.375       -1.096
       3.383      -0.8379
       3.391      -0.5985
       3.398      -0.3591
       3.406      -0.1381
       3.413       0.1013
       3.413     -0.02762
       3.421       0.2302
       3.428       0.3959
       3.436       0.5616
       3.443       0.6721
       3.451       0.7642
       3.459       0.8194
       3.466       0.8379
       3.474       0.8563
       3.489       0.8747
       3.496       0.8931
       3.504       0.9483
       3.511        1.004
       3.519         1.04
       3.534       0.9852
       3.542       0.9115
       3.549       0.8194
       3.557        0.709
       3.564       0.5801
       3.572       0.4327
       3.579       0.3038
       3.587       0.1934
       3.595      0.08286
       3.602      0.04604
       3.602     -0.02762
        3.61      -0.1013
       3.617      -0.1934
       3.625      -0.2854
       3.632      -0.3591
        3.64      -0.4143
       3.655      -0.4512
       3.663      -0.4696
        3.67      -0.5064
       3.678      -0.5801
       3.685      -0.6721
       3.693      -0.7826
         3.7      -0.8563
       3.716      -0.7826
       3.723      -0.6721
       3.731      -0.5616
       3.738      -0.4696
       3.746      -0.3959
       3.753      -0.3407
       3.761      -0.2854
       3.768      -0.1934
       3.776      -0.1013
       3.784      0.02762
       3.791       0.1381
       3.799        0.267
       3.806       0.3775
       3.814       0.4512
       3.821       0.5248
       3.829       0.5432
       3.844        0.488
       3.852       0.4327
       3.859       0.3775
       3.867       0.3223
       3.874       0.2486
       3.882       0.1934
       3.889       0.1381
       3.897      0.08286
       3.905      0.06445
        3.92     0.009207
       3.927     -0.04604
       3.935      -0.1197
       3.942      -0.2302
        3.95      -0.3223
       3.957      -0.3775
       3.965      -0.3959
       3.973      -0.4327
        3.98      -0.4696
       3.995       -0.488
       4.003       -0.488
        4.01      -0.4696
       4.025      -0.4327
       4.033      -0.3591
       4.041      -0.2854
       4.048      -0.1934
       4.056      -0.1013
       4.063     0.009207
       4.071       0.1381
       4.078       0.2302
       4.086       0.3407
       4.093       0.4143
       4.101       0.4696
       4.109       0.5248
       4.116       0.5616
       4.124       0.5985
       4.139       0.5616
       4.146       0.5064
       4.154       0.4696
       4.162       0.3959
       4.169       0.3223
       4.177       0.2302
       4.184       0.1197
       4.192      0.04604
       4.192     -0.04604
       4.199      -0.1565
       4.207       -0.267
       4.214      -0.3775
       4.222      -0.4512
        4.23      -0.5064
       4.245      -0.5432
       4.252      -0.5432
       4.267      -0.5248
       4.275      -0.5064
       4.282      -0.4512
        4.29      -0.3775
       4.298      -0.3038
       4.305      -0.2302
       4.313      -0.1565
        4.32     -0.08286
       4.328      0.02762
       4.328     -0.02762
       4.335      0.08286
       4.343       0.1749
        4.35        0.267
       4.358       0.3591
       4.366       0.4327
       4.373        0.488
       4.381       0.5248
       4.396       0.5248
       4.403       0.5248
       4.419       0.4696
       4.426       0.4512
       4.434       0.4327
       4.441       0.3959
       4.449       0.3407
       4.456        0.267
       4.464       0.1749
       4.471      0.08286
       4.479     -0.06445
       4.487      -0.1565
       4.494       -0.267
       4.502      -0.3775
       4.509      -0.5064
       4.517      -0.6353
       4.524      -0.7642
       4.532      -0.8931
       4.539       -1.004
       4.547       -1.096
       4.555       -1.132
        4.57       -1.132
       4.577       -1.114
       4.585       -1.059
       4.592      -0.9852
         4.6      -0.8747
       4.607      -0.7458
       4.615      -0.5985
       4.623      -0.4143
        4.63      -0.2118
       4.638    -0.009207
       4.645       0.1934
       4.653       0.3775
        4.66       0.5248
       4.668       0.6169
       4.676       0.6721
       4.683        0.709
       4.698       0.7274
       4.706       0.7274
       4.721       0.7274
       4.736       0.6905
       4.744       0.6721
       4.751        0.709
       4.759       0.7458
       4.766        0.801
       4.774       0.8379
       4.781       0.9115
       4.789       0.9668
       4.796        1.022
       4.804        1.096
       4.812        1.169
       4.819        1.243
       4.827        1.261
       4.834        1.261
       4.842        1.206
       4.849        1.132
       4.857        1.004
       4.864       0.8194
       4.872       0.5801
        4.88       0.2854
       4.887       0.1013
       4.887      -0.1197
       4.895      -0.3591
       4.902      -0.6721
        4.91      -0.9115
       4.917       -1.096
       4.925       -1.206
       4.932       -1.261
        4.94       -1.261
       4.955        -1.28
        4.97       -1.225
       4.978       -1.114
       4.985       -1.004
       4.993      -0.8563
       5.001      -0.7274
       5.008      -0.5985
       5.016      -0.4696
       5.023      -0.3223
       5.031      -0.1934
       5.038     -0.06445
       5.046      0.02762
       5.053       0.1013
       5.061       0.1565
       5.069       0.2118
       5.084       0.2486
       5.091       0.2486
       5.099        0.267
       5.114        0.267
       5.121        0.267
       5.137       0.2854
       5.152       0.3223
       5.159       0.3775
       5.167       0.4327
       5.174       0.5064
       5.182       0.5616
       5.189       0.5985
       5.197       0.6353
       5.212       0.6721
        5.22       0.6905
       5.227       0.7274
       5.242       0.7458
        5.25       0.7274
       5.258       0.6905
       5.265       0.6169
       5.273       0.5432
        5.28       0.4327
       5.288       0.3591
       5.295       0.2486
       5.303       0.1197
        5.31      0.04604
        5.31     -0.08286
       5.318      -0.2486
       5.326      -0.4696
       5.333       -0.709
       5.341      -0.9115
       5.348       -1.077
       5.356       -1.225
       5.363       -1.298
       5.371       -1.335
       5.378       -1.335
       5.386        -1.28
       5.394       -1.188
       5.401       -1.077
       5.409      -0.9483
       5.416      -0.8379
       5.424      -0.7274
       5.431      -0.6169
       5.439      -0.5064
       5.446      -0.4143
       5.454      -0.3038
       5.462      -0.1934
       5.469      -0.1197
       5.477     -0.04604
       5.484      0.02762
       5.484    -0.009207
       5.492       0.1013
       5.499       0.2302
       5.507       0.3959
       5.515       0.5985
       5.522       0.7642
        5.53       0.8931
       5.537       0.9852
       5.545        1.059
       5.552        1.132
        5.56        1.188
       5.567        1.225
       5.575        1.188
       5.583        1.114
        5.59        1.004
       5.598       0.8379
       5.605       0.6721
       5.613       0.5064
        5.62       0.3591
       5.628       0.2118
       5.635       0.1013
       5.635     -0.02762
       5.643      -0.1381
       5.651      -0.3591
       5.658      -0.5985
       5.666      -0.8194
       5.673       -1.004
       5.681       -1.169
       5.688       -1.261
       5.696       -1.298
       5.711       -1.243
       5.719       -1.169
       5.726       -1.096
       5.734      -0.9852
       5.741      -0.8379
       5.749      -0.6537
       5.756      -0.4143
       5.764      -0.1934
       5.772       0.1013
       5.772     -0.04604
       5.779       0.2302
       5.787       0.3775
       5.794        0.488
       5.802       0.5985
       5.809       0.6721
       5.817       0.7642
       5.824       0.8194
        5.84       0.8379
       5.847       0.8379
       5.855       0.8563
        5.87        0.801
       5.877        0.709
       5.885       0.5801
       5.892       0.4143
         5.9        0.267
       5.908       0.1197
       5.915      0.04604
       5.915     -0.02762
       5.923      -0.1197
        5.93      -0.2486
       5.938      -0.3775
       5.945      -0.5064
       5.953      -0.6353
        5.96       -0.801
       5.968      -0.9483
       5.976       -1.077
       5.983       -1.151
       5.991       -1.169
       5.998       -1.132
       6.006       -1.059
       6.013      -0.9483
       6.021      -0.8194
       6.029      -0.6537
       6.036       -0.488
       6.044      -0.3038
       6.051      -0.1749
       6.059      0.04604
       6.059     -0.04604
       6.066       0.1197
       6.074       0.2118
       6.081       0.3038
       6.089       0.3959
       6.097        0.488
       6.104       0.5985
       6.112       0.6721
       6.119       0.7274
       6.127       0.7642
       6.142       0.7826
       6.149       0.7642
       6.157       0.7274
       6.165       0.6721
       6.172       0.6169
        6.18       0.5616
       6.187       0.5064
       6.195       0.4512
       6.202       0.3959
        6.21       0.3223
       6.217       0.2118
       6.225       0.1013
       6.233      0.02762
       6.233     -0.04604
        6.24      -0.1013
       6.248      -0.1565
       6.255      -0.2118
       6.263       -0.267
        6.27      -0.3407
       6.278      -0.4143
       6.285      -0.4696
       6.293      -0.5248
       6.301      -0.5801
       6.308      -0.6721
       6.316      -0.7458
       6.323       -0.801
       6.331      -0.7642
       6.338      -0.6537
       6.346      -0.5064
       6.354      -0.3223
       6.361      -0.1381
       6.369       0.1013
       6.369     -0.02762
       6.376       0.2302
       6.384       0.3591
       6.391       0.4327
       6.399        0.488
       6.406       0.5248
       6.422       0.5616
       6.429       0.5801
       6.444       0.6169
       6.452       0.5985
       6.459       0.5616
       6.467       0.5064
       6.474       0.4327
       6.482       0.3223
        6.49       0.2302
       6.497       0.1381
       6.505      0.06445
       6.512     -0.02762
       6.527     -0.08286
       6.535     -0.08286
       6.542     -0.04604
        6.55      0.06445
        6.55    -0.009207
       6.558       0.1565
       6.565        0.267
       6.573       0.3591
        6.58       0.4143
       6.588       0.3959
       6.595       0.3591
       6.603       0.3038
       6.611       0.2486
       6.618       0.1749
       6.626      0.08286
       6.626    -0.009207
       6.633      0.02762
       6.633     -0.06445
       6.641      -0.1749
       6.648       -0.267
       6.656      -0.3038
       6.663      -0.3223
       6.686      -0.3775
       6.694      -0.3591
       6.701      -0.3223
       6.709      -0.3223
       6.716      -0.3407
       6.724      -0.3775
       6.731      -0.3959
       6.747      -0.3959
       6.754      -0.3775
       6.769      -0.3223
       6.777      -0.3038
       6.784      -0.2854
       6.792      -0.2302
       6.799      -0.1565
       6.807     -0.06445
       6.815      0.06445
       6.815    -0.009207
       6.822       0.1197
        6.83       0.1934
       6.837        0.267
       6.845       0.3038
       6.852       0.3223
       6.868       0.2854
       6.875       0.2486
        6.89       0.1749
       6.898       0.1013
       6.905      0.02762
       6.913     -0.06445
        6.92      -0.1565
       6.928      -0.2486
       6.936      -0.3591
       6.943      -0.4327
       6.951      -0.5064
       6.966       -0.488
       6.973      -0.4143
       6.981      -0.3223
       6.988      -0.2486
       6.996      -0.1565
       7.004     -0.06445
       7.011       0.1013
       7.011    -0.009207
       7.019       0.2302
       7.026       0.3407
       7.034       0.4327
       7.041       0.5064
       7.049       0.5616
       7.056       0.6169
       7.064       0.6537
       7.072       0.6537
       7.079       0.6169
       7.087       0.5616
       7.094        0.488
       7.102       0.4143
       7.109       0.3223
       7.117       0.2302
       7.125       0.1749
       7.132       0.1197
        7.14      0.08286
       7.147      0.04604
       7.155     -0.02762
       7.162     -0.08286
        7.17      -0.1934
       7.177      -0.3407
       7.185      -0.5064
       7.193      -0.6353
         7.2      -0.7458
       7.208      -0.7826
       7.215      -0.7458
       7.223      -0.6721
        7.23      -0.5801
       7.238      -0.4696
       7.245      -0.3959
       7.253      -0.3223
       7.261       -0.267
       7.268      -0.2118
       7.276      -0.1381
       7.283     -0.04604
       7.291      0.04604
       7.291    -0.009207
       7.298       0.1197
       7.306       0.2118
       7.313       0.2854
       7.321       0.3591
       7.329       0.3959
       7.344       0.4143
       7.351       0.4143
       7.359       0.4143
       7.374       0.3591
       7.382       0.3407
       7.389       0.2854
       7.397       0.2486
       7.404       0.1934
       7.412       0.1381
       7.419      0.08286
       7.427      0.04604
       7.434     -0.02762
       7.442     -0.08286
        7.45      -0.1565
       7.457       -0.267
       7.465      -0.3407
       7.472      -0.3959
        7.48      -0.4512
       7.487      -0.5064
       7.502      -0.5064
        7.51       -0.488
       7.518      -0.4327
       7.525      -0.3775
       7.533      -0.3038
        7.54      -0.2302
       7.548      -0.1749
       7.555     -0.08286
       7.563     -0.04604
        7.57    -0.009207
       7.578      0.04604
       7.586       0.1013
       7.593       0.1381
       7.601       0.1749
       7.616       0.1749
       7.623       0.1381
       7.638      0.08286
       7.646      0.08286
       7.654       0.1013
       7.661       0.1381
       7.669       0.1934
       7.676        0.267
       7.684       0.3407
       7.691       0.4143
       7.699       0.4512
       7.707        0.488
       7.714       0.5064
       7.722       0.5248
       7.737       0.5985
       7.744       0.6169
       7.759       0.5801
       7.767       0.5064
       7.775       0.3959
       7.782       0.1934
        7.79      0.08286
        7.79      -0.1381
       7.797      -0.4143
       7.805      -0.7642
       7.812        -1.04
        7.82       -1.225
       7.827        -1.28
       7.835       -1.225
       7.843       -1.114
        7.85       -1.004
       7.858      -0.8931
       7.865      -0.7826
       7.873      -0.6905
        7.88      -0.6169
       7.888      -0.5432
       7.895       -0.488
       7.903      -0.4512
       7.911      -0.3959
       7.918      -0.3407
       7.926       -0.267
       7.933      -0.1749
       7.941     -0.06445
       7.948      0.06445
       7.948    -0.009207
       7.956       0.1381
       7.964       0.2118
       7.971       0.2486
       7.986       0.2302
       7.994       0.2302
       8.001        0.267
       8.009       0.3407
       8.016       0.4327
       8.024       0.5432
       8.032       0.6537
       8.039       0.7458
       8.047        0.801
       8.054       0.8747
       8.062       0.9299
       8.069       0.9668
       8.084       0.9483
       8.092       0.9483
       8.107       0.8931
       8.115       0.8563
       8.122       0.7642
        8.13       0.6537
       8.137        0.488
       8.145        0.267
       8.152     0.009207
        8.16      -0.2302
       8.168      -0.4696
       8.175      -0.6905
       8.183      -0.9115
        8.19       -1.114
       8.198       -1.261
       8.205       -1.353
       8.213       -1.372
       8.221       -1.317
       8.228       -1.225
       8.236       -1.077
       8.243      -0.9115
       8.251      -0.7458
       8.258      -0.5801
       8.266      -0.4327
       8.273      -0.2486
       8.281      -0.1013
       8.289       0.1013
       8.289    -0.009207
       8.296       0.2118
       8.304       0.3223
       8.311       0.4327
       8.319       0.5432
       8.326       0.6169
       8.334       0.6905
       8.341       0.6905
       8.349       0.6537
       8.364       0.6169
       8.372       0.5801
       8.379       0.5432
       8.387       0.5064
       8.402        0.488
       8.409        0.488
       8.417       0.5064
       8.425       0.5248
       8.432       0.5801
        8.44       0.6353
       8.447       0.6905
       8.455       0.7458
        8.47       0.7826
       8.478       0.7826
       8.493       0.7642
         8.5        0.709
       8.508       0.6537
       8.515       0.5801
       8.523       0.5064
        8.53       0.4512
       8.538       0.3959
       8.546       0.3407
       8.553       0.2854
       8.561       0.2302
       8.568       0.1934
       8.576       0.1197
       8.583      0.06445
       8.583    -0.009207
       8.591     -0.02762
       8.598     -0.06445
       8.606     -0.08286
       8.621      -0.1013
       8.629      -0.1013
       8.636     -0.08286
       8.644      -0.1381
       8.651      -0.2302
       8.659      -0.3591
       8.666      -0.5248
       8.674      -0.6537
       8.682      -0.7274
       8.689      -0.7642
       8.697      -0.7458
       8.704       -0.709
       8.712      -0.6537
       8.719      -0.6169
       8.727      -0.5801
       8.735      -0.5432
       8.742      -0.5248
        8.75      -0.5064
       8.765      -0.5064
       8.772      -0.4696
        8.78      -0.4327
       8.787      -0.3775
       8.795      -0.3223
       8.803      -0.2302
        8.81      -0.1381
       8.818     -0.04604
       8.825      0.08286
       8.833       0.1565
        8.84       0.2302
       8.848       0.2854
       8.855       0.3591
       8.863       0.4143
       8.871       0.4512
       8.886       0.4696
       8.893       0.4512
       8.908       0.3959
       8.916       0.3591
       8.923       0.3223
       8.931        0.267
       8.939       0.2118
       8.946       0.1749
       8.954       0.1013
       8.961     0.009207
       8.969      -0.1013
       8.976      -0.2302
