     0.01186      -0.2547
     0.01943      -0.2164
       0.027      -0.1397
     0.03457      -0.1013
     0.04214     -0.04378
     0.04971     -0.00542
     0.05729      0.05212
     0.06486       0.1097
     0.07243       0.1672
        0.08       0.2247
     0.08757       0.2631
      0.1027       0.2439
      0.1103       0.2055
      0.1179        0.148
      0.1254      0.07129
       0.133      0.01376
      0.1406      -0.0246
      0.1557     -0.06296
      0.1633     -0.06296
      0.1709     -0.04378
       0.186      0.03294
       0.186     -0.00542
      0.1936      0.07129
      0.2011       0.1288
      0.2087       0.1864
      0.2163       0.2631
      0.2239       0.3014
      0.2314       0.3206
       0.239       0.3206
      0.2466       0.2631
      0.2541       0.2055
      0.2617        0.148
      0.2693      0.07129
      0.2769      0.01376
      0.2844     -0.00542
      0.2996      -0.0246
      0.3071      -0.0246
      0.3223      -0.0246
      0.3299      -0.0246
      0.3374      -0.0246
      0.3526     -0.08213
      0.3677      -0.1397
      0.3753      -0.1205
      0.3829      -0.1013
      0.3904     -0.06296
       0.398      -0.0246
      0.4056      0.03294
      0.4131      0.03294
      0.4283     -0.00542
      0.4359     -0.00542
       0.451     -0.04378
      0.4586     -0.04378
      0.4737     -0.04378
      0.4889     -0.06296
      0.4964     -0.06296
      0.5116     -0.08213
      0.5191     -0.06296
      0.5267      -0.0246
      0.5343      0.05212
      0.5343     -0.00542
      0.5418       0.1288
      0.5494       0.2247
       0.557       0.3206
      0.5646       0.3782
      0.5721       0.4357
      0.5873       0.4357
      0.5948       0.4165
      0.6024       0.3782
        0.61       0.3206
      0.6176       0.2439
      0.6251       0.1864
      0.6327       0.1097
      0.6403      0.01376
      0.6478      -0.1013
      0.6554      -0.1972
       0.663      -0.2931
      0.6706      -0.3315
      0.6781       -0.389
      0.6857      -0.4082
      0.6933       -0.389
      0.7084      -0.3506
      0.7236      -0.2739
      0.7311      -0.2356
      0.7387       -0.178
      0.7463      -0.1397
      0.7614      -0.1397
       0.769      -0.1588
      0.7766      -0.1205
      0.7841     -0.06296
      0.7917      0.01376
      0.7993      0.09047
      0.8068       0.1672
      0.8144       0.2439
       0.822       0.2823
      0.8296       0.3206
      0.8447       0.2631
      0.8523       0.2247
      0.8598        0.148
      0.8674      0.09047
       0.875     -0.00542
      0.8826      -0.0246
      0.8977     -0.06296
      0.9053      -0.1013
      0.9128      -0.1397
      0.9204       -0.178
       0.928      -0.2356
      0.9356      -0.2931
      0.9507      -0.3123
      0.9583      -0.2931
      0.9658      -0.2547
      0.9734      -0.1972
       0.981      -0.1588
      0.9886      -0.1397
      0.9961      -0.1013
       1.004     -0.06296
       1.011      -0.0246
       1.019      0.01376
       1.034      0.03294
       1.042      0.01376
       1.057      -0.0246
       1.072     -0.00542
       1.087     -0.00542
       1.095     -0.04378
       1.102      -0.1013
        1.11      -0.1397
       1.125       -0.178
       1.132       -0.178
       1.148      -0.1397
       1.155      -0.1013
       1.163      0.05212
       1.163      -0.0246
        1.17      0.09047
       1.178       0.1864
       1.185       0.2439
       1.193       0.2823
       1.201       0.3014
       1.216       0.3398
       1.223       0.3398
       1.231       0.3398
       1.238       0.3014
       1.246       0.2631
       1.254       0.1864
       1.261       0.1097
       1.269      0.03294
       1.276     -0.04378
       1.284     -0.08213
       1.291      -0.1205
       1.299      -0.1397
       1.307       -0.178
       1.314      -0.2356
       1.322      -0.2739
       1.329      -0.2931
       1.344      -0.2931
       1.352      -0.2547
        1.36      -0.1972
       1.367      -0.1397
       1.375     -0.06296
       1.382      0.03294
       1.382      -0.0246
        1.39      0.07129
       1.397        0.148
       1.405       0.2247
       1.413       0.3014
        1.42       0.3398
       1.435        0.359
       1.443       0.3782
       1.458       0.3782
       1.466        0.359
       1.473       0.3206
       1.481       0.2823
       1.488       0.2823
       1.503       0.2823
       1.511       0.2439
       1.519        0.148
       1.526      0.03294
       1.534      -0.1205
       1.541      -0.2547
       1.549      -0.3698
       1.556      -0.4465
       1.572      -0.4849
       1.579      -0.4465
       1.587       -0.389
       1.594      -0.2931
       1.602      -0.1972
       1.609     -0.08213
       1.617     -0.00542
       1.625      0.05212
       1.632      0.09047
       1.647       0.1288
       1.655        0.148
        1.67       0.1672
       1.685       0.1097
       1.693      0.07129
         1.7      0.05212
       1.715     -0.00542
       1.723     -0.00542
       1.738     -0.04378
       1.746     -0.06296
       1.761     -0.04378
       1.768     -0.00542
       1.776     -0.00542
       1.784     -0.00542
       1.791     -0.04378
       1.799      -0.1013
       1.806      -0.1588
       1.814      -0.2164
       1.821      -0.2739
       1.829      -0.2931
       1.837      -0.2739
       1.844      -0.2547
       1.852      -0.1972
       1.859       -0.178
       1.874      -0.1397
        1.89       -0.178
       1.897       -0.178
       1.905      -0.1588
       1.912      -0.1013
        1.92      0.03294
        1.92      -0.0246
       1.927      0.07129
       1.935       0.1672
       1.943       0.2439
        1.95       0.3206
       1.958       0.3782
       1.965       0.4165
       1.973        0.474
        1.98        0.474
       1.996        0.474
       2.003        0.474
       2.011       0.4357
       2.018       0.3973
       2.026        0.359
       2.033       0.2823
       2.041       0.1864
       2.049      0.09047
       2.056      0.03294
       2.056     -0.04378
       2.064      -0.1013
       2.071      -0.1972
       2.079      -0.2739
       2.086      -0.3315
       2.094      -0.3698
       2.102       -0.389
       2.109      -0.3698
       2.117      -0.3123
       2.124      -0.2547
       2.132      -0.1972
       2.139      -0.1397
       2.147     -0.06296
       2.155      0.03294
       2.155     -0.00542
       2.162      0.05212
        2.17      0.09047
       2.177       0.1097
       2.192       0.1288
       2.208       0.1864
       2.215       0.2247
       2.223       0.2631
       2.238       0.3206
       2.245       0.3206
       2.253       0.3398
       2.268       0.3398
       2.276       0.3206
       2.283       0.2823
       2.291       0.2247
       2.298       0.1672
       2.306       0.1097
       2.314      0.05212
       2.321     -0.00542
       2.329     -0.04378
       2.336      -0.1013
       2.344      -0.1397
       2.351      -0.1972
       2.359      -0.2356
       2.374      -0.2739
       2.382      -0.2931
       2.389      -0.2739
       2.404      -0.2547
       2.412      -0.2356
        2.42      -0.2164
       2.435       -0.178
       2.442      -0.1588
        2.45      -0.1397
       2.473     -0.08213
        2.48      -0.0246
       2.488      0.05212
       2.488     -0.00542
       2.495       0.1097
       2.503       0.1672
        2.51       0.1864
       2.526        0.148
       2.533       0.1288
       2.548       0.1288
       2.556       0.1288
       2.571       0.1097
       2.579      0.07129
       2.586     -0.00542
       2.594      -0.0246
       2.601      -0.1013
       2.609      -0.1972
       2.616      -0.3123
       2.624       -0.389
       2.632      -0.4274
       2.639      -0.4082
       2.647      -0.3698
       2.654      -0.3123
       2.662      -0.2356
       2.669       -0.178
       2.677      -0.1205
       2.685     -0.06296
       2.692      -0.0246
         2.7      0.05212
       2.707      0.07129
       2.715       0.1097
       2.722       0.1672
        2.73       0.2055
       2.738       0.2247
       2.753       0.2631
        2.76       0.2823
       2.775       0.3206
       2.791       0.3782
       2.798        0.359
       2.806       0.3014
       2.813       0.2055
       2.821      0.09047
       2.821     -0.00542
       2.828     -0.06296
       2.836       -0.178
       2.844      -0.2739
       2.851      -0.3315
       2.859      -0.3506
       2.874      -0.2739
       2.881      -0.1972
       2.889      -0.1397
       2.897      -0.1013
       2.904     -0.04378
       2.919     -0.00542
       2.927     -0.00542
       2.942      -0.0246
        2.95     -0.00542
       2.957      0.05212
       2.965      0.09047
       2.972       0.1672
        2.98       0.2247
       2.995       0.2631
       3.003       0.2247
        3.01       0.1864
       3.018       0.1097
       3.025      0.05212
       3.033     -0.00542
       3.048      -0.0246
       3.056      0.03294
       3.056     -0.00542
       3.063      0.05212
       3.071      0.07129
       3.086      0.05212
       3.093     -0.00542
       3.101     -0.06296
       3.109      -0.1013
       3.116      -0.1205
       3.131      -0.1397
       3.139      -0.1205
       3.146     -0.08213
       3.154     -0.04378
       3.162     -0.00542
       3.169      0.05212
       3.177      0.07129
       3.184       0.1288
       3.192       0.1288
       3.199       0.1288
       3.207      0.09047
       3.215      0.05212
       3.222      -0.0246
        3.23     -0.06296
       3.237     -0.08213
       3.252     -0.04378
        3.26      -0.0246
       3.275     -0.00542
       3.283      -0.0246
        3.29     -0.06296
       3.298      -0.1013
       3.313      -0.1013
       3.321     -0.04378
       3.328      0.01376
       3.343      0.05212
       3.351      0.05212
       3.366      0.01376
       3.374     -0.00542
       3.381     -0.00542
       3.396      0.01376
       3.404      0.05212
       3.411       0.1097
       3.419       0.1672
       3.427       0.2247
       3.434       0.2823
       3.442       0.3206
       3.449        0.359
       3.457       0.3782
       3.472       0.3782
        3.48        0.359
       3.487        0.359
       3.502       0.3206
        3.51       0.2631
       3.517        0.148
       3.525     -0.00542
       3.533      -0.1588
        3.54      -0.3123
       3.548      -0.4274
       3.555      -0.4849
       3.555      -0.5424
       3.563      -0.5808
        3.57         -0.6
       3.586      -0.6191
       3.593      -0.5616
       3.601      -0.5041
       3.608      -0.4274
       3.616      -0.3698
       3.623      -0.3123
       3.631      -0.2547
       3.639       -0.178
       3.646      -0.1013
       3.654     -0.04378
       3.661     -0.00542
       3.676      0.03294
       3.684      0.05212
       3.692       0.1288
       3.699       0.1864
       3.707       0.2631
       3.714       0.3014
       3.722        0.359
       3.729       0.3782
       3.745       0.3973
       3.752       0.3973
       3.767       0.3973
       3.775       0.3973
       3.782       0.3782
        3.79       0.3398
       3.798       0.2631
       3.805        0.148
       3.813      0.01376
        3.82      -0.1013
       3.828      -0.1972
       3.835      -0.2356
       3.851      -0.2547
       3.858      -0.2739
       3.873      -0.3315
       3.881      -0.3506
       3.888      -0.3315
       3.896      -0.2739
       3.904      -0.2164
       3.911      -0.1397
       3.919      -0.1013
       3.926     -0.04378
       3.934      0.03294
       3.934     -0.00542
       3.941      0.05212
       3.949       0.1097
       3.957        0.148
       3.964       0.2055
       3.979       0.2055
       3.987       0.1864
       4.002       0.1288
        4.01       0.1288
       4.025       0.1672
       4.032       0.1672
        4.04       0.1672
       4.047       0.1288
       4.055      0.07129
       4.063      0.03294
        4.07     -0.00542
       4.078      -0.0246
       4.085     -0.08213
       4.093      -0.1205
         4.1      -0.1397
       4.116      -0.1205
       4.123     -0.08213
       4.131      -0.0246
       4.138      0.03294
       4.146      0.09047
       4.153       0.1672
       4.161       0.2055
       4.176       0.2247
       4.184       0.1864
       4.191        0.148
       4.199       0.1097
       4.214      0.09047
       4.222      0.09047
       4.237      0.05212
       4.244     -0.00542
       4.252      -0.0246
       4.267     -0.04378
       4.275     -0.00542
       4.282      0.03294
        4.29      0.07129
       4.305       0.1097
       4.312        0.148
        4.32       0.1864
       4.335       0.2055
       4.343       0.1864
       4.358       0.1672
       4.365       0.1672
       4.381       0.1672
       4.388       0.1672
       4.403       0.1864
       4.418       0.1864
       4.426       0.1672
       4.441       0.1097
       4.449      0.07129
       4.456      -0.0246
       4.464     -0.06296
       4.471      -0.1205
       4.486       -0.178
       4.494      -0.2164
       4.502      -0.2547
       4.509      -0.2931
       4.517      -0.3315
       4.524      -0.3506
       4.532      -0.3315
       4.539      -0.2547
       4.547      -0.1588
       4.555     -0.06296
       4.562      0.01376
        4.57      0.07129
       4.585       0.1288
       4.592        0.148
         4.6       0.1864
       4.608       0.1864
       4.615       0.2055
        4.63       0.1864
       4.638       0.1672
       4.645       0.1864
       4.668       0.2247
       4.676       0.2247
       4.691        0.148
       4.698      0.07129
       4.698     -0.00542
       4.706     -0.06296
       4.714       -0.178
       4.721      -0.2547
       4.729      -0.3123
       4.736      -0.3315
       4.744      -0.3698
       4.759      -0.4082
       4.767      -0.3698
       4.774      -0.3506
       4.782      -0.2931
       4.789      -0.2547
       4.797      -0.1972
       4.804      -0.1588
       4.812      -0.1205
       4.827     -0.06296
       4.835     -0.06296
       4.842      -0.0246
       4.857      0.03294
       4.865      0.05212
       4.873      0.07129
       4.888       0.1097
       4.903        0.148
        4.91        0.148
       4.918       0.1097
       4.933      0.05212
       4.941      0.03294
       4.941     -0.00542
       4.948      -0.0246
       4.956     -0.06296
       4.963     -0.08213
       4.979     -0.06296
       4.986     -0.04378
       5.001      0.05212
       5.009      0.07129
       5.024      0.09047
       5.032      0.07129
       5.039      0.07129
       5.054      0.03294
       5.069      0.03294
       5.077      0.05212
       5.085       0.1097
       5.092       0.1864
         5.1       0.2247
       5.115       0.1864
       5.122        0.148
        5.13      0.09047
       5.138      0.05212
       5.145      -0.0246
       5.153      -0.1013
        5.16      -0.1397
       5.168      -0.1588
       5.183      -0.1588
       5.191      -0.1588
       5.198      -0.1588
       5.213       -0.178
       5.221       -0.178
       5.236      -0.1205
       5.244     -0.08213
       5.251      -0.0246
       5.259      0.05212
       5.259     -0.00542
       5.266      0.09047
       5.274       0.1288
       5.281        0.148
       5.289       0.1097
       5.297      0.07129
       5.304      0.05212
       5.304     -0.00542
       5.312      -0.0246
       5.319     -0.08213
       5.327      -0.1205
       5.342      -0.1397
        5.35      -0.1205
       5.365     -0.08213
       5.372      -0.1205
        5.38      -0.1588
       5.387      -0.1972
       5.403      -0.2164
        5.41      -0.1972
       5.418      -0.1397
       5.425      -0.1013
       5.433     -0.06296
       5.448     -0.00542
       5.456      0.03294
       5.471      0.09047
       5.478       0.1097
       5.493       0.1288
       5.501       0.1288
       5.516        0.148
       5.524       0.1672
       5.539       0.2247
       5.546       0.2439
       5.562       0.2631
       5.569       0.2247
       5.577        0.148
       5.584      0.07129
       5.584     -0.00542
       5.592     -0.04378
       5.599      -0.1397
       5.607      -0.1972
       5.615      -0.2547
       5.622      -0.2739
       5.637      -0.2547
       5.645      -0.2356
       5.652       -0.178
        5.66      -0.1397
       5.668      -0.1013
       5.675     -0.06296
       5.683      -0.0246
        5.69      0.03294
        5.69     -0.00542
       5.698      0.07129
       5.705       0.1097
       5.713       0.1288
       5.728       0.1672
       5.736       0.2055
       5.743       0.2439
       5.751       0.2823
       5.766       0.3014
       5.774       0.3014
       5.781       0.2631
       5.789       0.2055
       5.796       0.1672
       5.804      0.09047
       5.811      0.05212
       5.827      0.01376
       5.834     -0.00542
       5.849     -0.00542
       5.857      -0.0246
       5.872     -0.04378
        5.88     -0.04378
       5.895      -0.0246
       5.902      0.03294
       5.902     -0.00542
        5.91      0.07129
       5.917        0.148
       5.925       0.1864
       5.933       0.1672
        5.94       0.1288
       5.948      0.07129
       5.955      0.05212
        5.97      0.03294
       5.978      0.03294
       5.986     -0.00542
       5.993     -0.04378
       6.008     -0.08213
       6.016     -0.06296
       6.023      0.03294
       6.023      -0.0246
       6.031      0.07129
       6.039       0.1097
       6.046        0.148
       6.061      0.09047
       6.069      0.05212
       6.069     -0.00542
       6.076     -0.04378
       6.084      -0.1205
       6.092      -0.1972
       6.099      -0.2547
       6.107      -0.2931
       6.114      -0.3123
       6.129      -0.3506
       6.137      -0.3698
       6.145      -0.3506
       6.152      -0.2931
        6.16      -0.2164
       6.167      -0.1205
       6.175     -0.04378
       6.182      0.03294
        6.19      0.09047
       6.198       0.1288
       6.213       0.1672
        6.22        0.148
       6.235       0.1097
       6.243       0.1097
       6.258      0.07129
       6.266      0.03294
       6.273      0.01376
       6.288     -0.04378
       6.296     -0.08213
       6.304      -0.1588
       6.311      -0.2356
       6.319      -0.2931
       6.334      -0.3315
       6.341      -0.3315
       6.364      -0.2931
       6.372      -0.2739
       6.394      -0.2164
       6.402      -0.1972
        6.41      -0.1397
       6.417     -0.06296
       6.425      0.03294
       6.432       0.1097
        6.44       0.1864
       6.447       0.2439
       6.455       0.2823
       6.463       0.3206
        6.47       0.3398
       6.485       0.3206
       6.493       0.2823
         6.5       0.2439
       6.508       0.2055
       6.523       0.1672
       6.531        0.148
       6.546       0.1097
       6.561      0.07129
       6.569      0.03294
       6.576     -0.00542
       6.584      -0.0246
       6.599     -0.06296
       6.606     -0.06296
       6.614      -0.0246
       6.629      0.01376
       6.637     -0.00542
       6.644      -0.0246
       6.652     -0.08213
       6.659      -0.1205
       6.675      -0.1588
       6.682       -0.178
       6.697      -0.1588
       6.705      -0.1205
       6.712     -0.06296
        6.72      0.03294
        6.72      -0.0246
       6.728      0.07129
       6.735        0.148
       6.743       0.2055
       6.758       0.2055
       6.765       0.2055
       6.773       0.2247
       6.788       0.2439
       6.796       0.2439
       6.811       0.1864
       6.818        0.148
       6.826       0.1097
       6.834      0.07129
       6.841      0.03294
       6.849     -0.00542
       6.856      -0.0246
       6.871     -0.04378
       6.879     -0.04378
       6.887     -0.04378
       6.894     -0.08213
       6.902      -0.1397
       6.909       -0.178
       6.917      -0.2164
       6.932      -0.2356
        6.94      -0.2164
       6.955       -0.178
       6.962      -0.1588
        6.97     -0.08213
       6.977      -0.0246
       6.985      0.07129
       6.993       0.1288
           7       0.1672
       7.008       0.2247
       7.015       0.2439
       7.023       0.2247
        7.03       0.1864
       7.038       0.1288
       7.046      0.07129
       7.061      0.03294
       7.068      0.05212
       7.083      0.09047
       7.091      0.09047
       7.106      0.05212
       7.114      0.05212
       7.129      0.03294
       7.136      0.05212
       7.152      0.05212
       7.159      0.01376
       7.167      -0.0246
       7.182      -0.0246
       7.189      0.03294
       7.189     -0.00542
       7.197      0.07129
       7.205       0.1288
       7.212       0.1672
       7.227       0.1672
       7.235       0.1864
        7.25       0.2055
       7.258       0.1672
       7.265       0.1288
       7.273      0.07129
        7.28      -0.0246
       7.288     -0.08213
       7.295      -0.1588
       7.303      -0.2356
       7.318      -0.2547
       7.326      -0.2547
       7.341      -0.2739
       7.348      -0.2739
       7.356      -0.2547
       7.371      -0.2164
       7.379      -0.1588
       7.386      -0.1013
       7.394      -0.0246
       7.401      0.07129
       7.409       0.1097
       7.417       0.1672
       7.432       0.2247
       7.439       0.2247
       7.454       0.2247
       7.462       0.2247
       7.477       0.2247
       7.485       0.2055
       7.492       0.1864
         7.5       0.1288
       7.507      0.09047
       7.515      0.01376
       7.523     -0.04378
        7.53      -0.1013
       7.538      -0.1205
       7.545      -0.1588
       7.553       -0.178
       7.568      -0.1972
       7.583      -0.2356
       7.591      -0.2547
       7.598      -0.2356
       7.606      -0.2164
       7.613       -0.178
       7.621      -0.1397
       7.629     -0.08213
       7.636      -0.0246
       7.644      0.03294
       7.644     -0.00542
       7.651      0.05212
       7.659      0.05212
       7.674     -0.00542
       7.682      -0.0246
       7.697     -0.08213
       7.704      -0.1013
       7.719      -0.1205
       7.727      -0.1205
       7.742      -0.1013
       7.757     -0.08213
       7.765     -0.06296
        7.78     -0.06296
       7.788     -0.08213
       7.795      -0.1013
       7.803      -0.1397
       7.818      -0.1397
       7.825      -0.1205
       7.833      -0.1013
       7.848     -0.06296
       7.856     -0.04378
       7.871      0.05212
       7.878       0.1097
       7.886       0.2055
       7.894       0.2823
       7.901       0.3206
       7.916       0.3398
       7.924       0.3206
       7.931        0.359
       7.939       0.3782
       7.947       0.4357
       7.954        0.474
       7.962       0.4932
       7.969       0.4932
       7.977       0.4549
       7.984       0.4165
       7.992       0.3782
           8       0.3398
       8.007       0.3014
       8.015       0.2247
       8.022        0.148
        8.03      0.07129
        8.03     -0.00542
       8.037     -0.04378
       8.045      -0.1397
       8.053      -0.2356
        8.06      -0.2931
       8.068      -0.3506
       8.083      -0.3506
        8.09      -0.2931
       8.098      -0.2164
       8.106      -0.1588
       8.113      -0.1013
       8.121      -0.0246
       8.128      0.05212
       8.128     -0.00542
       8.136      0.07129
       8.143       0.1288
       8.151        0.148
       8.166       0.1288
       8.174       0.1288
       8.181       0.1288
       8.196       0.1288
       8.204       0.1288
       8.212      0.09047
       8.227      0.07129
       8.234      0.09047
       8.249       0.1288
       8.257       0.1288
       8.272      0.05212
        8.28     -0.00542
       8.287     -0.00542
       8.302     -0.00542
        8.31     -0.00542
       8.325     -0.00542
       8.333     -0.06296
        8.34      -0.1013
       8.348      -0.1397
       8.363       -0.178
       8.371      -0.1588
       8.378      -0.1397
       8.386      -0.1013
       8.393     -0.06296
       8.401      -0.0246
       8.408     -0.00542
       8.439      0.03294
       8.446      0.05212
       8.469      0.09047
       8.477      0.07129
       8.492      0.03294
       8.507     -0.00542
       8.514      -0.0246
        8.53     -0.06296
       8.537     -0.04378
       8.545      0.03294
       8.545     -0.00542
       8.552      0.05212
        8.56      0.05212
       8.567      -0.0246
       8.575     -0.08213
       8.583      -0.1397
        8.59       -0.178
       8.605      -0.2356
       8.613      -0.2356
        8.62      -0.2164
       8.636       -0.178
       8.643      -0.1588
       8.658      -0.1205
       8.666      -0.1205
       8.673      -0.1013
       8.689     -0.06296
       8.696      -0.0246
       8.704      0.03294
       8.711       0.1097
       8.719       0.2055
       8.726       0.2631
       8.742       0.2439
       8.749        0.148
       8.757      0.07129
       8.764     -0.00542
       8.779      0.05212
       8.779     -0.00542
       8.787      0.09047
       8.795       0.1672
       8.802       0.2055
       8.817       0.1864
       8.825        0.148
       8.832       0.1097
        8.84      0.07129
       8.848      0.01376
       8.855     -0.00542
        8.87     -0.04378
       8.878     -0.06296
       8.893     -0.08213
       8.901     -0.08213
       8.916     -0.08213
       8.923     -0.08213
       8.931     -0.08213
       8.946      -0.1013
       8.954     -0.08213
       8.961     -0.04378
       8.976     -0.00542
