     0.01186       0.0813
     0.01942      0.09937
     0.03454      0.09937
      0.0421      0.09937
     0.05723      0.09937
     0.06479      0.09937
     0.07991       0.1174
     0.08747       0.1174
      0.1026       0.0813
      0.1102      0.06323
      0.1253    -0.009033
      0.1404     -0.06323
      0.1555     -0.09937
      0.1631     -0.09937
      0.1782     -0.09937
      0.1858     -0.09937
      0.1933      -0.0813
      0.2085     -0.04517
       0.216      -0.0271
      0.2236     0.009033
      0.2311      0.04517
      0.2463      0.06323
      0.2538      0.06323
      0.2614      0.06323
      0.2765      0.04517
      0.2841      0.04517
      0.2992       0.0271
      0.3143      0.06323
      0.3294       0.0813
       0.337       0.0813
      0.3521       0.0813
      0.3597       0.0813
      0.3748      0.06323
      0.3824      0.04517
      0.3899     0.009033
      0.3975      -0.0271
       0.405      -0.0813
      0.4126      -0.1355
      0.4202      -0.1897
      0.4277      -0.2439
      0.4353      -0.2981
      0.4429      -0.3523
      0.4504      -0.4065
       0.458      -0.4426
      0.4731      -0.4788
      0.4807      -0.4607
      0.4882      -0.4426
      0.4958      -0.4065
      0.5033      -0.3704
      0.5109      -0.3342
      0.5185        -0.28
       0.526      -0.2439
      0.5336      -0.2078
      0.5411      -0.1716
      0.5563      -0.1355
      0.5638      -0.1355
       0.579      -0.0813
      0.5941     -0.04517
      0.6016    -0.009033
      0.6168      0.04517
      0.6243      0.06323
      0.6319      0.09937
      0.6394       0.1536
       0.647       0.1897
      0.6546       0.2258
      0.6697       0.2439
      0.6773       0.2258
      0.6924       0.1897
      0.6999       0.1716
      0.7151       0.1536
      0.7226       0.1355
      0.7377      0.09937
      0.7453       0.0813
      0.7604      0.04517
       0.768      0.04517
      0.7755      0.06323
      0.7907      0.09937
      0.7982       0.1174
      0.8134       0.1536
      0.8209       0.1716
       0.836       0.1897
      0.8436       0.2078
      0.8587       0.2078
      0.8663       0.2078
      0.8814       0.1716
       0.889       0.1716
      0.9117       0.1355
      0.9268      0.09937
      0.9343       0.0813
      0.9495      0.04517
       0.957    -0.009033
      0.9646      -0.0271
      0.9797     -0.06323
      0.9873      -0.0813
      0.9948      -0.0813
        1.01     -0.09937
       1.018     -0.09937
       1.033      -0.0813
        1.04     -0.06323
       1.055      -0.0271
       1.063    -0.009033
       1.078       0.0271
       1.086      0.04517
       1.108    -0.009033
       1.116      -0.0271
       1.131     -0.06323
       1.138      -0.0813
       1.146      -0.0813
       1.161     -0.09937
       1.169     -0.09937
       1.184     -0.09937
       1.191     -0.09937
       1.199     -0.06323
       1.214      -0.0271
       1.222     0.009033
       1.229      0.04517
       1.237       0.0813
       1.244       0.0813
       1.252      0.09937
       1.267      0.09937
       1.275      0.09937
       1.282      0.09937
       1.297      0.06323
       1.305       0.0271
       1.335     0.009033
       1.343       0.0271
       1.358      0.04517
       1.373      0.06323
        1.38      0.06323
       1.396      0.04517
       1.403      0.04517
       1.418     0.009033
       1.426    -0.009033
       1.433    -0.009033
       1.449     -0.04517
       1.456     -0.04517
       1.471     -0.06323
       1.479     -0.06323
       1.494     -0.04517
       1.509      -0.0271
       1.517    -0.009033
       1.532    -0.009033
       1.539    -0.009033
       1.554    -0.009033
       1.562    -0.009033
       1.577    -0.009033
       1.585    -0.009033
         1.6     -0.04517
       1.607     -0.06323
       1.622     -0.06323
       1.638      -0.0813
       1.645      -0.0813
        1.66      -0.0813
       1.675     -0.09937
       1.683     -0.09937
       1.698     -0.09937
       1.706      -0.0813
       1.713     -0.06323
       1.728      -0.0271
       1.736    -0.009033
       1.751    -0.009033
       1.766       0.0271
       1.781    -0.009033
       1.789    -0.009033
       1.804     -0.04517
       1.811     -0.04517
       1.827     -0.06323
       1.834      -0.0813
       1.849      -0.0813
       1.857     -0.06323
       1.872     -0.04517
       1.879      -0.0271
       1.895    -0.009033
        1.91    -0.009033
       1.925    -0.009033
       1.932    -0.009033
       1.948    -0.009033
       1.955      -0.0271
        1.97      -0.0271
       1.985      -0.0271
       1.993    -0.009033
           2     0.009033
       2.016      0.06323
       2.023       0.1174
       2.031       0.1536
       2.038       0.1716
       2.053       0.1716
       2.061       0.1716
       2.069       0.1897
       2.084       0.2258
       2.091       0.2258
       2.106       0.2078
       2.114       0.2078
       2.129       0.1897
       2.137       0.1897
       2.144       0.2078
       2.159       0.2258
       2.167       0.2439
       2.182       0.2258
        2.19       0.2078
       2.197       0.1716
       2.205       0.1355
       2.212      0.09937
        2.22      0.04517
       2.227       0.0271
       2.227    -0.009033
       2.235      -0.0271
        2.25      -0.0813
       2.258      -0.0813
       2.273      -0.1174
        2.28      -0.1355
       2.288      -0.1355
        2.31      -0.1355
       2.318      -0.1355
       2.333      -0.1355
       2.341      -0.1355
       2.356      -0.1536
       2.363      -0.1716
       2.379      -0.2078
       2.386      -0.2078
       2.401      -0.1716
       2.409      -0.1716
       2.424      -0.1716
       2.439      -0.1897
       2.447      -0.1897
       2.454      -0.1716
       2.469      -0.1536
       2.477      -0.1355
       2.492     -0.09937
       2.507     -0.06323
       2.522     -0.04517
        2.53      -0.0271
       2.545     -0.04517
       2.552     -0.04517
       2.568      -0.0271
       2.583     0.009033
        2.59       0.0271
       2.598      0.06323
       2.613       0.0813
       2.621       0.0813
       2.628      0.09937
       2.643      0.09937
       2.651       0.0813
       2.658       0.0813
       2.673      0.06323
       2.681      0.04517
       2.696     0.009033
       2.711     0.009033
       2.726       0.0271
       2.734      0.04517
       2.741      0.06323
       2.757       0.0813
       2.764      0.06323
       2.779      0.06323
       2.787       0.0813
       2.802       0.0813
        2.81      0.06323
       2.825      0.06323
        2.84       0.0271
       2.847    -0.009033
       2.855    -0.009033
        2.87      -0.0271
       2.878      -0.0271
       2.893      -0.0271
       2.908      -0.0271
       2.923    -0.009033
       2.931    -0.009033
       2.938       0.0271
       2.953      0.06323
       2.961      0.09937
       2.976       0.1174
       2.983       0.1174
       2.999      0.09937
       3.006       0.1174
       3.021       0.1355
       3.029       0.1536
       3.044       0.1716
       3.051       0.1897
       3.067       0.1897
       3.074       0.2078
       3.089       0.2258
       3.097       0.2258
       3.112       0.2258
        3.12       0.2258
       3.127       0.1897
       3.135       0.1716
       3.142       0.1355
        3.15       0.1174
       3.165       0.0813
       3.172      0.04517
        3.18      0.04517
       3.195      0.04517
       3.203      0.04517
        3.21      0.04517
       3.218     0.009033
       3.225      -0.0271
       3.233     -0.06323
       3.241     -0.09937
       3.248      -0.1174
       3.263      -0.1536
       3.271      -0.1536
       3.286      -0.1536
       3.293      -0.1536
       3.309      -0.1355
       3.316      -0.1174
       3.331      -0.0813
       3.346     -0.06323
       3.354     -0.04517
       3.369      -0.0271
       3.377      -0.0271
       3.392      -0.0271
       3.407     -0.06323
       3.414      -0.0813
        3.43      -0.1174
       3.437      -0.1355
       3.452      -0.1174
       3.467     -0.09937
       3.475      -0.0813
        3.49     -0.04517
       3.505     -0.04517
        3.52     -0.04517
       3.528     -0.04517
       3.543     -0.04517
       3.551     -0.04517
       3.566     -0.09937
       3.581      -0.1355
       3.588      -0.1536
       3.603      -0.1716
       3.611      -0.1355
       3.626      -0.0813
       3.634     -0.04517
       3.641    -0.009033
       3.649     0.009033
       3.664       0.0271
       3.672       0.0271
       3.687       0.0271
       3.702    -0.009033
       3.717      -0.0271
       3.724      -0.0271
        3.74    -0.009033
       3.747     0.009033
       3.755      0.04517
       3.762       0.0813
        3.77       0.1355
       3.777       0.1716
       3.793       0.1897
         3.8       0.1897
       3.815       0.1897
        3.83       0.1716
       3.838       0.1536
       3.845       0.1536
       3.861       0.1355
       3.868       0.1174
       3.883       0.1174
       3.891       0.1174
       3.906       0.1174
       3.913       0.1355
       3.929       0.1536
       3.936       0.1536
       3.951       0.1174
       3.959       0.0813
       3.966      0.04517
       3.974       0.0271
       3.989    -0.009033
       3.997    -0.009033
       4.012    -0.009033
       4.019    -0.009033
       4.034    -0.009033
        4.05    -0.009033
       4.057    -0.009033
       4.072    -0.009033
        4.08      -0.0271
       4.087     -0.04517
       4.103     -0.09937
        4.11      -0.1174
       4.125      -0.1355
        4.14     -0.09937
       4.148      -0.0813
       4.155     -0.06323
       4.163      -0.0271
       4.171      0.04517
       4.178      0.06323
       4.186      0.09937
       4.193       0.1174
       4.201       0.1174
       4.208       0.0813
       4.216       0.0271
       4.223      -0.0813
       4.231      -0.1716
       4.239       -0.262
       4.246      -0.3162
       4.254      -0.3342
       4.261      -0.2981
       4.269      -0.2258
       4.276      -0.1355
       4.284      0.04517
       4.284     -0.04517
       4.292       0.1174
       4.299       0.2258
       4.307       0.3162
       4.314       0.3884
       4.322       0.4246
       4.329       0.4065
       4.337       0.3523
       4.344        0.262
       4.352       0.1355
        4.36     0.009033
       4.367      -0.1355
       4.375        -0.28
       4.382      -0.3884
        4.39      -0.4607
       4.397      -0.4968
       4.405      -0.5149
        4.42      -0.4246
       4.428      -0.3523
       4.435      -0.2258
       4.443     -0.09937
        4.45       0.0271
       4.458       0.1355
       4.465       0.2078
       4.473        0.262
       4.481       0.2439
       4.488       0.1897
       4.496      0.09937
       4.503     -0.04517
       4.511      -0.2078
       4.518      -0.3342
       4.526      -0.4246
       4.526      -0.4968
       4.534      -0.4968
       4.549      -0.4607
       4.556      -0.3704
       4.564       -0.262
       4.571      -0.1536
       4.579      0.04517
       4.579     -0.04517
       4.586      0.09937
       4.594       0.2258
       4.602       0.3704
       4.609       0.4968
       4.609       0.4426
       4.617        0.533
       4.624       0.5691
       4.639        0.533
       4.647       0.4246
       4.654       0.3523
       4.662       0.2258
        4.67      0.09937
       4.677      0.04517
       4.677      -0.0271
       4.685     -0.09937
       4.692      -0.1897
         4.7       -0.262
       4.707        -0.28
       4.723        -0.28
        4.73      -0.2439
       4.738      -0.1897
       4.745      -0.1355
       4.753     -0.06323
        4.76       0.0271
        4.76    -0.009033
       4.768      0.06323
       4.775      0.09937
       4.783       0.1355
       4.791       0.1716
       4.798       0.1716
       4.806       0.1716
       4.813       0.1355
       4.821      0.09937
       4.828      0.04517
       4.828    -0.009033
       4.836      -0.0271
       4.844     -0.09937
       4.851      -0.1716
       4.859      -0.2078
       4.874      -0.2258
       4.881      -0.1897
       4.889      -0.1355
       4.896     -0.06323
       4.904       0.0271
       4.904    -0.009033
       4.912       0.0813
       4.919       0.1536
       4.927       0.1897
       4.942       0.2439
       4.949       0.2258
       4.965       0.2078
       4.972       0.2078
       4.987       0.1716
       4.995       0.1355
       5.002      0.09937
        5.01       0.0813
       5.025      0.04517
       5.033      0.04517
       5.048      0.06323
       5.055       0.0813
        5.07       0.1174
       5.078       0.1174
       5.093       0.1174
       5.108       0.1174
       5.123       0.1355
       5.138       0.1355
       5.146       0.1174
       5.154       0.0813
       5.161      0.04517
       5.169      -0.0271
       5.176     -0.06323
       5.184     -0.09937
       5.191      -0.1174
       5.206     -0.09937
       5.214      -0.0813
       5.222     -0.04517
       5.229    -0.009033
       5.237       0.0271
       5.244      0.04517
       5.252      0.06323
       5.267      0.06323
       5.275      0.04517
       5.282     0.009033
        5.29      -0.0271
       5.297     -0.06323
       5.305      -0.1174
       5.312      -0.1536
        5.32      -0.1716
       5.335      -0.2078
       5.343      -0.2078
        5.35      -0.2078
       5.365      -0.2078
       5.373      -0.2078
       5.388      -0.1897
       5.395      -0.1355
       5.403     -0.06323
       5.411     0.009033
       5.418       0.0813
       5.426       0.1174
       5.441       0.1536
       5.448       0.1355
       5.456      0.09937
       5.464      0.06323
       5.471       0.0271
       5.479      -0.0271
       5.486      -0.0813
       5.494      -0.1174
       5.501      -0.1716
       5.509      -0.1897
       5.524      -0.1897
       5.532      -0.1536
       5.539     -0.09937
       5.547       0.0271
       5.547      -0.0271
       5.554      0.06323
       5.562       0.1355
       5.569       0.2078
       5.577        0.262
       5.585        0.262
       5.592       0.2258
         5.6       0.1536
       5.607       0.0813
       5.615     0.009033
       5.622     -0.04517
        5.63     -0.09937
       5.637      -0.1355
       5.645      -0.1355
       5.653      -0.1174
        5.66     -0.06323
       5.668       0.0271
       5.668    -0.009033
       5.675      0.06323
       5.683       0.1355
        5.69       0.2078
       5.698       0.2439
       5.706         0.28
       5.721       0.2439
       5.728       0.1897
       5.736       0.1174
       5.743       0.0271
       5.751     -0.06323
       5.758      -0.1536
       5.766      -0.2078
       5.774      -0.2439
       5.781        -0.28
       5.789       -0.262
       5.796      -0.2439
       5.804      -0.2078
       5.811      -0.1536
       5.819     -0.09937
       5.826     -0.04517
       5.834    -0.009033
       5.842       0.0271
       5.857     0.009033
       5.864    -0.009033
       5.879     -0.04517
       5.887     -0.06323
       5.902     -0.04517
        5.91      -0.0271
       5.917     0.009033
       5.925      0.04517
        5.94      0.06323
       5.955      0.04517
        5.97      0.06323
       5.978       0.0813
       5.985       0.0813
           6      0.06323
       6.016      0.06323
       6.031      0.06323
       6.038      0.06323
       6.046       0.0813
       6.061       0.0813
       6.068       0.0813
       6.084      0.09937
       6.106       0.1174
       6.114      0.09937
       6.121       0.0813
       6.137       0.0271
       6.137    -0.009033
       6.144      -0.0271
       6.152      -0.0813
       6.159     -0.09937
       6.167      -0.1355
       6.174      -0.1536
       6.189      -0.1536
       6.197      -0.1355
       6.212     -0.09937
       6.227     -0.04517
       6.235      -0.0271
        6.25    -0.009033
       6.257    -0.009033
       6.273       0.0271
        6.28      0.04517
       6.303       0.0271
        6.31     0.009033
       6.326    -0.009033
       6.333     0.009033
       6.341      0.04517
       6.348      0.06323
       6.363       0.1174
       6.371       0.1355
       6.386       0.1355
       6.394       0.1355
       6.401       0.1355
       6.416       0.0813
       6.431       0.0271
       6.439    -0.009033
       6.447    -0.009033
       6.462     -0.06323
       6.469     -0.09937
       6.484      -0.1536
       6.492      -0.1716
       6.507      -0.1716
       6.522      -0.1716
        6.53      -0.1716
       6.545      -0.1716
       6.552      -0.1716
       6.567      -0.1716
       6.575      -0.1536
        6.59      -0.1174
       6.598     -0.09937
       6.613     -0.04517
        6.62      -0.0271
       6.636     0.009033
       6.643       0.0271
       6.651      0.04517
       6.666      0.06323
       6.673      0.06323
       6.688       0.1174
       6.704       0.1536
       6.711       0.1716
       6.726       0.1716
       6.734       0.1716
       6.741       0.1897
       6.757       0.1897
       6.764       0.1716
       6.779       0.1716
       6.787       0.1716
       6.794       0.1716
       6.809       0.1355
       6.817       0.1174
       6.832      0.06323
        6.84      0.04517
       6.855    -0.009033
       6.862      -0.0271
       6.878     -0.06323
       6.885      -0.0813
         6.9      -0.0813
       6.908     -0.06323
       6.923     -0.04517
        6.93      -0.0271
       6.946    -0.009033
       6.953     0.009033
       6.968      0.04517
       6.983      0.04517
       6.991      0.06323
       7.006      0.09937
       7.014      0.09937
       7.029      0.09937
       7.044      0.06323
       7.051      0.04517
       7.067    -0.009033
       7.074    -0.009033
       7.082     -0.04517
       7.089     -0.06323
       7.104      -0.1355
       7.119      -0.1716
       7.127      -0.1897
       7.142      -0.2078
        7.15      -0.2078
       7.157      -0.1897
       7.172      -0.1716
        7.18      -0.1716
       7.188      -0.1355
       7.203     -0.09937
        7.21      -0.0813
       7.225      -0.0813
       7.233      -0.0813
       7.248      -0.0813
       7.263     -0.09937
       7.271     -0.09937
       7.278      -0.0813
       7.301      -0.0813
       7.309     -0.06323
       7.316     -0.04517
       7.331    -0.009033
       7.339      0.04517
       7.346      0.06323
       7.361       0.1355
       7.369       0.1536
       7.377       0.1897
       7.384       0.2439
       7.392         0.28
       7.399       0.3162
       7.414       0.2981
       7.422        0.262
       7.429       0.2078
       7.437       0.1536
       7.445      0.09937
       7.452       0.0813
       7.467      0.04517
       7.475       0.0271
       7.482    -0.009033
        7.49      -0.0271
       7.505     -0.06323
       7.513     -0.06323
       7.528     -0.06323
       7.535     -0.06323
        7.55     -0.06323
       7.558     -0.04517
       7.573      -0.0271
       7.581      -0.0271
       7.596      -0.0271
       7.603    -0.009033
       7.611       0.0271
       7.626      0.06323
       7.634      0.09937
       7.641       0.1536
       7.649       0.1897
       7.656       0.2078
       7.671       0.2258
       7.679       0.2078
       7.687       0.1897
       7.694       0.1536
       7.702       0.1174
       7.709      0.06323
       7.717       0.0271
       7.717    -0.009033
       7.724     -0.04517
       7.739      -0.0813
       7.747      -0.0813
       7.762     -0.09937
        7.77      -0.1174
       7.785      -0.1536
       7.792      -0.1897
         7.8      -0.2439
       7.808        -0.28
       7.815      -0.3162
       7.823      -0.3342
       7.838      -0.3523
       7.845      -0.3704
        7.86      -0.4065
       7.868      -0.3884
       7.876      -0.3523
       7.883       -0.262
       7.891      -0.1716
       7.898     -0.09937
       7.906     0.009033
       7.913      0.09937
       7.921       0.1716
       7.929       0.2078
       7.936       0.2439
       7.944         0.28
       7.951       0.3162
       7.966       0.3523
       7.974       0.3523
       7.981       0.3162
       7.989        0.262
       8.004       0.2258
       8.012       0.2078
       8.027       0.2258
       8.034       0.2439
       8.042         0.28
        8.05       0.3162
       8.057       0.3704
       8.065       0.4065
       8.072       0.4426
       8.087       0.4788
       8.095       0.4788
       8.102       0.4426
        8.11       0.3884
       8.118         0.28
       8.125       0.1716
       8.133      0.06323
       8.133      -0.0271
        8.14      -0.0813
       8.148      -0.1897
       8.155        -0.28
       8.163      -0.3342
        8.17      -0.3884
       8.178      -0.4246
       8.186      -0.4426
       8.201      -0.4065
       8.208      -0.3523
       8.216      -0.2981
       8.223      -0.2258
       8.231      -0.1716
       8.239      -0.1174
       8.246      -0.0813
       8.261     -0.04517
       8.269      -0.0271
       8.284    -0.009033
       8.307     0.009033
       8.322    -0.009033
       8.329    -0.009033
       8.344     -0.04517
       8.352     -0.06323
       8.367     -0.06323
       8.375     -0.06323
       8.382     -0.06323
       8.397      -0.0813
       8.405      -0.0813
       8.412     -0.06323
       8.428      -0.0271
       8.435    -0.009033
        8.45    -0.009033
       8.458     0.009033
       8.473      0.04517
       8.488     0.009033
       8.496      -0.0271
       8.503     -0.04517
       8.518     -0.06323
       8.526     -0.04517
       8.541     -0.04517
       8.549     -0.04517
       8.564     -0.04517
       8.571      -0.0271
       8.586     -0.04517
       8.594     -0.06323
       8.609      -0.0813
       8.624     -0.04517
       8.632       0.0271
       8.632    -0.009033
       8.639      0.04517
       8.647       0.0813
       8.654       0.1174
        8.67       0.1355
       8.677       0.1174
       8.685       0.1174
         8.7       0.0813
       8.707      0.06323
       8.715     0.009033
       8.722      -0.0271
        8.73     -0.06323
       8.738     -0.09937
       8.745      -0.1174
        8.76      -0.1355
       8.768      -0.1174
       8.783      -0.0813
       8.798      -0.0271
       8.806    -0.009033
       8.821       0.0271
       8.828       0.0271
       8.843      0.06323
       8.859      0.09937
       8.866       0.1174
       8.881      0.09937
       8.889       0.0813
       8.904      0.06323
       8.911       0.0813
       8.927       0.0813
       8.934       0.0813
       8.942       0.0813
       8.964       0.0271
