     0.01181    -0.005115
     0.01937      0.07218
     0.01937      0.03353
     0.02693       0.0915
     0.03449       0.1495
     0.04205       0.1881
      0.0496       0.2268
     0.05716       0.2268
     0.07228       0.2268
      0.0874       0.1688
     0.09496       0.0915
      0.1025      0.03353
      0.1101    -0.005115
      0.1252     -0.04376
      0.1327     -0.08241
      0.1403      -0.1211
      0.1479      -0.1597
      0.1554      -0.1984
       0.163       -0.237
      0.1781       -0.295
      0.1857      -0.2756
      0.1932      -0.2177
      0.2008      -0.1211
      0.2083    -0.005115
      0.2159       0.0915
      0.2235       0.1495
       0.231       0.1881
      0.2461       0.1302
      0.2537       0.0915
      0.2612      0.01421
      0.2688     -0.08241
      0.2764      -0.1984
      0.2839      -0.3143
      0.2915      -0.3723
       0.299      -0.3723
      0.3066       -0.295
      0.3142      -0.1984
      0.3217      -0.1017
      0.3293     -0.02444
      0.3368      0.05286
      0.3444       0.1108
       0.352       0.1495
      0.3595       0.1881
      0.3671       0.2268
      0.3822       0.2461
      0.3897       0.2654
      0.4049       0.2461
      0.4124       0.1881
        0.42       0.1302
      0.4275      0.03353
      0.4351     -0.06309
      0.4427      -0.1211
      0.4502      -0.1597
      0.4578      -0.1211
      0.4653     -0.06309
      0.4729      0.01421
      0.4804      0.07218
      0.4956       0.0915
      0.5031      0.05286
      0.5107      0.01421
      0.5182    -0.005115
      0.5334      0.03353
      0.5485      0.01421
      0.5636    -0.005115
      0.5712      0.01421
      0.5863      0.05286
      0.5938      0.05286
      0.6014      0.01421
      0.6089     -0.04376
      0.6165      -0.1017
      0.6241      -0.1597
      0.6316       -0.179
      0.6392      -0.1404
      0.6467     -0.06309
      0.6543      0.05286
      0.6619       0.1688
      0.6694       0.2654
      0.6845       0.2074
      0.6921       0.1108
      0.6996    -0.005115
      0.7072     -0.08241
      0.7223     -0.04376
      0.7299      0.03353
      0.7374       0.1302
       0.745       0.2074
      0.7526       0.2654
      0.7677       0.2461
      0.7752       0.1495
      0.7828    -0.005115
      0.7904      -0.1211
      0.7979      -0.2177
      0.8055      -0.2563
       0.813      -0.2756
      0.8281       -0.237
      0.8357      -0.2177
      0.8433       -0.179
      0.8508      -0.1211
      0.8584     -0.06309
      0.8659     -0.02444
      0.8811      0.01421
      0.8886     -0.02444
      0.8962     -0.06309
      0.9037     -0.08241
      0.9113     -0.06309
      0.9188      0.01421
      0.9264       0.1108
       0.934       0.2074
      0.9415       0.2461
      0.9491       0.2268
      0.9566       0.1688
      0.9642       0.1495
      0.9718       0.1881
      0.9793       0.2847
      0.9869       0.3814
      0.9944         0.42
       1.002        0.362
        1.01       0.2461
       1.017       0.1108
       1.025      0.01421
       1.032     -0.02444
        1.04     -0.06309
       1.047      -0.1211
       1.055      -0.1984
       1.062       -0.295
        1.07      -0.3723
       1.078      -0.4302
       1.085      -0.5075
       1.093      -0.5655
         1.1      -0.6235
       1.108      -0.6041
       1.115      -0.5075
       1.123      -0.3336
        1.13      -0.1211
       1.138       0.0915
       1.146       0.3041
       1.153       0.5166
       1.161       0.6519
       1.168       0.7292
       1.183       0.6712
       1.191       0.5166
       1.199       0.3234
       1.206       0.0915
       1.214      -0.1404
       1.221      -0.3336
       1.229      -0.4109
       1.236      -0.4496
       1.244      -0.4109
       1.259      -0.3723
       1.267      -0.3143
       1.274      -0.1984
       1.282     -0.02444
       1.289       0.1688
       1.297       0.3234
       1.304       0.4007
       1.312         0.42
       1.319         0.42
       1.335       0.3814
       1.342       0.3234
        1.35       0.1688
       1.357    -0.005115
       1.365      -0.1984
       1.372      -0.3336
        1.38      -0.4109
       1.387      -0.4109
       1.395      -0.3723
       1.403       -0.295
        1.41       -0.237
       1.418      -0.1597
       1.425      -0.1017
        1.44     -0.06309
       1.448    -0.005115
       1.456       0.1108
       1.463       0.2074
       1.471       0.2847
       1.486       0.2847
       1.493       0.2654
       1.508       0.2461
       1.516       0.2461
       1.531       0.2268
       1.546       0.1302
       1.554      0.05286
       1.561     -0.04376
       1.569      -0.1597
       1.576      -0.2756
       1.584      -0.3916
       1.592      -0.4496
       1.599      -0.5269
       1.614      -0.4302
       1.622      -0.3336
       1.629       -0.179
       1.637     -0.02444
       1.644       0.1108
       1.652       0.1688
       1.667       0.1495
       1.675       0.1688
       1.682       0.2074
        1.69       0.2461
       1.697       0.2847
       1.713       0.3041
        1.72       0.2847
       1.728       0.2461
       1.735       0.1881
       1.743       0.1302
        1.75       0.0915
       1.758      0.05286
       1.765    -0.005115
       1.773     -0.06309
       1.781      -0.1211
       1.796      -0.1211
       1.803     -0.06309
       1.811    -0.005115
       1.818      0.07218
       1.826       0.1108
       1.833       0.0915
       1.841      0.05286
       1.849    -0.005115
       1.856     -0.04376
       1.864     -0.08241
       1.871      -0.1404
       1.879      -0.2177
       1.886       -0.295
       1.894      -0.3723
       1.909       -0.295
       1.917      -0.1984
       1.924      -0.1017
       1.932     -0.02444
       1.939      0.01421
       1.947      0.05286
       1.962      0.07218
        1.97      0.03353
       1.977    -0.005115
       1.985     -0.02444
       1.992     -0.06309
           2     -0.08241
       2.007     -0.06309
       2.015     -0.04376
       2.022      0.01421
        2.03      0.05286
       2.038      0.05286
       2.045    -0.005115
       2.053     -0.04376
        2.06     -0.06309
       2.075     -0.04376
       2.083    -0.005115
       2.098      0.05286
       2.106       0.0915
       2.113       0.1302
       2.121       0.1108
       2.128      0.01421
       2.136      -0.1017
       2.143      -0.1984
       2.151       -0.237
       2.166      -0.1984
       2.174      -0.1404
       2.181     -0.08241
       2.189     -0.02444
       2.196      0.03353
       2.204       0.0915
       2.211       0.1302
       2.219       0.1688
       2.234       0.1881
       2.242       0.1881
       2.257       0.1495
       2.264       0.1302
       2.279       0.1688
       2.287       0.2268
       2.295       0.2847
       2.302       0.2847
        2.31       0.2268
       2.317       0.1108
       2.325    -0.005115
       2.332      -0.1211
        2.34      -0.1984
       2.347      -0.2563
       2.355       -0.295
       2.363      -0.3143
       2.378      -0.3143
       2.385      -0.2756
       2.393       -0.179
         2.4     -0.06309
       2.408       0.0915
       2.408    -0.005115
       2.415       0.2074
       2.423       0.3041
       2.431        0.362
       2.438       0.3427
       2.446       0.3041
       2.453       0.2268
       2.461       0.1495
       2.468       0.0915
       2.476      0.03353
       2.483      0.01421
       2.491      0.03353
       2.506      0.05286
       2.514      0.07218
       2.521       0.0915
       2.529       0.1302
       2.536       0.1881
       2.552       0.1688
       2.559       0.1495
       2.574       0.1495
       2.582       0.1495
       2.589       0.1108
       2.597      0.07218
       2.604    -0.005115
       2.612     -0.08241
        2.62      -0.1597
       2.627      -0.2177
       2.635      -0.2177
        2.65      -0.1404
       2.657     -0.08241
       2.665    -0.005115
       2.672      0.07218
        2.68       0.1302
       2.688       0.1688
       2.703       0.2268
        2.71       0.2268
       2.725       0.2461
       2.733       0.2847
        2.74       0.3041
       2.748       0.3041
       2.756       0.2461
       2.763       0.1302
       2.771    -0.005115
       2.778      -0.1404
       2.786      -0.2563
       2.793      -0.3336
       2.801      -0.3529
       2.816      -0.3529
       2.824      -0.3336
       2.839      -0.3143
       2.846      -0.2756
       2.854      -0.2177
       2.861      -0.1404
       2.869     -0.06309
       2.877      0.03353
       2.884       0.1302
       2.892       0.2268
       2.899       0.2847
       2.907       0.3427
       2.922       0.3234
       2.929       0.2847
       2.945       0.2268
       2.952       0.1881
       2.967       0.1302
       2.975       0.0915
       2.982      0.05286
        2.99      0.01421
       3.005     -0.02444
       3.013     -0.02444
       3.028      0.01421
       3.035      0.05286
       3.043       0.0915
       3.058       0.1302
       3.066       0.1108
       3.073      0.07218
       3.081     -0.04376
       3.088      -0.1017
       3.096      -0.1211
       3.111     -0.06309
       3.118    -0.005115
       3.126    -0.005115
       3.134    -0.005115
       3.149      -0.1017
       3.156      -0.1404
       3.164      -0.1597
       3.179      -0.1017
       3.186     -0.02444
       3.194      0.07218
       3.202       0.1495
       3.209       0.2074
       3.224       0.1881
       3.232       0.1495
       3.239       0.1302
       3.254       0.1495
        3.27       0.1881
       3.277       0.1495
       3.285       0.0915
       3.292      0.01421
         3.3     -0.04376
       3.307      -0.1211
       3.315      -0.1597
       3.323      -0.2177
        3.33      -0.2756
       3.345      -0.2756
       3.353      -0.1984
        3.36      -0.1211
       3.368     -0.06309
       3.383    -0.005115
       3.391      0.01421
       3.406      0.05286
       3.413      0.03353
       3.428      0.07218
       3.443       0.1108
       3.451       0.1302
       3.459       0.1688
       3.466       0.2074
       3.481       0.1495
       3.489      0.07218
       3.496      0.01421
       3.504     -0.02444
       3.511     -0.04376
       3.527     -0.02444
       3.534      0.01421
       3.542      0.07218
       3.549       0.1302
       3.564       0.1108
       3.572      0.07218
       3.579      0.03353
       3.587      0.03353
       3.595      0.07218
        3.61       0.1108
       3.617      0.07218
       3.625      0.03353
       3.632    -0.005115
       3.648    -0.005115
       3.655    -0.005115
        3.67     -0.08241
       3.678      -0.1211
       3.685      -0.1404
       3.693      -0.1211
         3.7     -0.06309
       3.708    -0.005115
       3.716      0.03353
       3.723      0.01421
       3.731     -0.02444
       3.738      -0.1017
       3.746      -0.1211
       3.761      -0.1404
       3.768     -0.08241
       3.776    -0.005115
       3.784       0.0915
       3.791       0.1495
       3.806       0.1108
       3.814      0.03353
       3.821     -0.04376
       3.829      -0.1404
       3.836      -0.1984
       3.844      -0.2756
       3.852      -0.3723
       3.859      -0.4302
       3.874      -0.4302
       3.882      -0.3723
       3.889      -0.3143
       3.897       -0.237
       3.905      -0.1597
       3.912     -0.08241
        3.92     -0.02444
       3.927      0.03353
       3.942      0.03353
        3.95    -0.005115
       3.957     -0.06309
       3.965      -0.1017
       3.973     -0.08241
        3.98     -0.04376
       3.988     -0.02444
       4.003      -0.1017
        4.01      -0.1597
       4.018      -0.1984
       4.033      -0.1597
       4.041      -0.1017
       4.048     -0.06309
       4.056    -0.005115
       4.063      0.03353
       4.071      0.07218
       4.078       0.1108
       4.086       0.0915
       4.093      0.03353
       4.101     -0.04376
       4.109      -0.1211
       4.116      -0.1597
       4.124      -0.1597
       4.131      -0.1017
       4.139     -0.04376
       4.146      0.03353
       4.154      0.07218
       4.162       0.0915
       4.177       0.0915
       4.184       0.1108
       4.199       0.1688
       4.207       0.2074
       4.214       0.2461
        4.23       0.2074
       4.237       0.1108
       4.245      0.01421
       4.252      -0.1211
        4.26      -0.2177
       4.267      -0.2756
       4.275      -0.3143
        4.29      -0.3336
       4.298      -0.2756
       4.305      -0.1404
       4.313      0.01421
        4.32       0.1881
       4.328       0.3234
       4.335       0.4007
       4.343       0.3814
        4.35       0.3427
       4.358       0.3041
       4.366       0.2461
       4.373       0.1881
       4.381       0.1302
       4.388      0.07218
       4.396      0.01421
       4.403     -0.02444
       4.411     -0.08241
       4.419      -0.1017
       4.434     -0.08241
       4.441     -0.06309
       4.449    -0.005115
       4.456      0.07218
       4.464       0.1302
       4.479       0.1302
       4.487       0.0915
       4.502      0.05286
       4.509      0.05286
       4.517      0.01421
       4.524     -0.04376
       4.532      -0.1017
       4.539      -0.1597
       4.547      -0.1404
       4.555     -0.08241
       4.562    -0.005115
        4.57      0.07218
       4.577       0.1108
       4.585       0.0915
       4.592    -0.005115
         4.6      -0.1017
       4.607      -0.2177
       4.615       -0.295
        4.63      -0.2177
       4.638      -0.1404
       4.645     -0.04376
       4.653      0.07218
        4.66       0.1302
       4.668       0.2074
       4.676       0.2847
       4.683       0.3234
       4.691       0.3427
       4.698       0.2847
       4.706       0.2268
       4.713       0.1495
       4.721      0.07218
       4.728     -0.04376
       4.736      -0.1017
       4.744       -0.179
       4.751      -0.2177
       4.759       -0.237
       4.774      -0.2756
       4.781      -0.2563
       4.789      -0.1984
       4.796      -0.1017
       4.804      0.01421
       4.812       0.1302
       4.819       0.2074
       4.827       0.2461
       4.834       0.3041
       4.842       0.3041
       4.857       0.2847
       4.864       0.2461
        4.88       0.2074
       4.887       0.2074
       4.895       0.1688
       4.902       0.1108
        4.91      0.01421
       4.917     -0.08241
       4.925      -0.1404
       4.932      -0.1984
        4.94      -0.2563
       4.948       -0.295
       4.963      -0.2563
        4.97      -0.1404
       4.978     -0.02444
       4.985      0.07218
       4.993       0.1495
       5.001       0.1495
       5.008       0.1495
       5.023       0.0915
       5.031       0.1108
       5.046       0.1108
       5.053      0.07218
       5.061      0.03353
       5.069    -0.005115
       5.076      0.01421
       5.084      0.07218
       5.091       0.1688
       5.099       0.2847
       5.106        0.362
       5.114       0.4007
       5.121         0.42
       5.129       0.3427
       5.137       0.2268
       5.144      0.05286
       5.152      -0.1017
       5.159      -0.2177
       5.167      -0.2563
       5.174      -0.2563
       5.189      -0.2756
       5.197       -0.295
       5.205      -0.2756
        5.22       -0.237
       5.227       -0.179
       5.235      -0.1211
       5.242     -0.04376
        5.25      0.03353
       5.258       0.1108
       5.265       0.1881
       5.273       0.2268
        5.28       0.2074
       5.295       0.1688
       5.303       0.1881
        5.31       0.2461
       5.318       0.2847
       5.333       0.2461
       5.341       0.1495
       5.348      0.03353
       5.356     -0.08241
       5.363      -0.1597
       5.371      -0.1984
       5.386      -0.2563
       5.394      -0.2563
       5.409      -0.2177
       5.416      -0.1984
       5.424      -0.1404
       5.431     -0.04376
       5.439      0.05286
       5.446       0.1688
       5.454       0.2268
       5.462       0.2847
       5.469       0.3427
       5.484       0.3234
       5.492       0.2847
       5.499       0.2461
       5.507       0.1688
       5.515       0.0915
       5.522     -0.04376
        5.53       -0.179
       5.537      -0.3529
       5.545      -0.4496
       5.552      -0.5075
        5.56      -0.4496
       5.567      -0.3336
       5.575      -0.1597
       5.583      0.03353
        5.59       0.1881
       5.598       0.2654
       5.605       0.3041
        5.62       0.3041
       5.628       0.2847
       5.635       0.2461
       5.643       0.2074
       5.651       0.1495
       5.658       0.1302
       5.666      0.07218
       5.673    -0.005115
       5.681     -0.06309
       5.688      -0.1017
       5.703      -0.1404
       5.711      -0.1404
       5.726     -0.08241
       5.734      0.01421
       5.734     -0.02444
       5.741      0.07218
       5.749       0.1495
       5.756       0.2074
       5.764       0.1881
       5.772       0.1302
       5.779      0.03353
       5.787     -0.02444
       5.794     -0.08241
       5.802      -0.1597
       5.817       -0.179
       5.824      -0.1597
        5.84       -0.179
       5.847      -0.2177
       5.862       -0.179
        5.87      -0.1597
       5.877      -0.1211
       5.885     -0.08241
       5.892     -0.02444
         5.9       0.0915
       5.908       0.1881
       5.915       0.3234
       5.923         0.42
        5.93        0.478
       5.938       0.4587
       5.945       0.3234
       5.953       0.1688
        5.96      0.01421
       5.968      -0.1017
       5.976       -0.179
       5.983       -0.179
       5.991      -0.1211
       5.998     -0.04376
       6.006      0.03353
       6.013       0.1108
       6.021       0.1495
       6.036       0.1495
       6.044       0.1108
       6.051      0.03353
       6.059     -0.04376
       6.066      -0.1017
       6.074      -0.1597
       6.081      -0.1984
       6.097       -0.179
       6.104      -0.1211
       6.112     -0.04376
       6.119    -0.005115
       6.134      0.01421
       6.142      0.01421
       6.157      0.01421
       6.165      0.03353
       6.172      0.07218
        6.18       0.0915
       6.195       0.1302
       6.202       0.0915
        6.21      0.03353
       6.217     -0.04376
       6.225      -0.1597
       6.233      -0.2177
        6.24      -0.2177
       6.255      -0.1404
       6.263     -0.06309
        6.27     -0.02444
       6.285      0.01421
       6.293      0.03353
       6.301       0.0915
       6.308       0.1495
       6.316       0.2268
       6.323       0.2654
       6.338       0.2654
       6.346       0.1688
       6.354      0.05286
       6.361     -0.06309
       6.369      -0.1984
       6.376      -0.2756
       6.384      -0.3723
       6.391      -0.4109
       6.399      -0.4109
       6.406      -0.3143
       6.414       -0.179
       6.422     -0.02444
       6.429       0.0915
       6.437       0.1688
       6.444       0.2074
       6.459       0.2461
       6.467       0.2847
       6.474       0.3234
        6.49       0.3234
       6.497       0.2847
       6.512       0.2461
        6.52       0.2461
       6.542       0.1881
        6.55       0.1688
       6.558       0.1302
       6.565      0.07218
       6.573    -0.005115
        6.58      -0.1017
       6.588       -0.237
       6.595      -0.3723
       6.603      -0.4689
       6.603      -0.5655
       6.611      -0.6235
       6.618      -0.6814
       6.626      -0.6235
       6.633      -0.5269
       6.641      -0.3723
       6.648      -0.2177
       6.656      -0.1017
       6.663    -0.005115
       6.671      0.05286
       6.679       0.1108
       6.686       0.1108
       6.701      0.05286
       6.709      0.01421
       6.724     -0.02444
       6.731      0.01421
       6.739      0.07218
       6.747       0.1302
       6.754       0.2074
       6.762       0.2461
       6.777       0.1881
       6.784       0.1495
       6.792       0.1108
       6.807      0.07218
       6.815       0.0915
        6.83       0.1108
       6.837       0.1302
       6.852       0.1108
        6.86      0.07218
       6.868      0.03353
       6.875     -0.02444
       6.883     -0.06309
        6.89      -0.1017
       6.905     -0.04376
       6.913      0.01421
        6.92       0.1108
       6.928       0.1688
       6.943       0.1108
       6.951      0.05286
       6.958      0.01421
       6.966     -0.02444
       6.973     -0.04376
       6.981      -0.1017
       6.988      -0.1404
       6.996       -0.179
       7.011      -0.2563
       7.019       -0.295
       7.026      -0.3529
       7.034      -0.3529
       7.041      -0.3143
       7.049       -0.237
       7.056      -0.1211
       7.064     -0.04376
       7.072       0.0915
       7.079       0.2074
       7.087       0.3041
       7.094         0.42
       7.102        0.478
       7.109       0.5166
       7.117       0.4973
       7.125       0.4587
       7.132       0.3814
        7.14       0.2847
       7.147       0.1688
       7.155      0.03353
       7.162      -0.1017
        7.17      -0.2177
       7.177      -0.3143
       7.185      -0.3723
         7.2      -0.3336
       7.208      -0.2756
       7.215      -0.1984
       7.223      -0.1211
        7.23     -0.04376
       7.238      0.03353
       7.245       0.0915
       7.253       0.1108
       7.268       0.1302
       7.276       0.1302
       7.283       0.0915
       7.291      0.05286
       7.298    -0.005115
       7.306     -0.06309
       7.313      -0.1017
       7.329      -0.1597
       7.336      -0.1597
       7.344      -0.1404
       7.351     -0.08241
       7.359     -0.02444
       7.366      0.01421
       7.382       0.0915
       7.389       0.1108
       7.404       0.1495
       7.412       0.1495
       7.427      0.07218
       7.442      0.01421
        7.45    -0.005115
       7.457     -0.04376
       7.465     -0.08241
        7.48      -0.1017
       7.487     -0.08241
       7.495     -0.04376
       7.502      0.01421
        7.51       0.0915
       7.518       0.1495
       7.533       0.1495
        7.54       0.1108
       7.548      0.05286
       7.555      0.03353
        7.57      0.03353
       7.578     -0.02444
       7.586     -0.06309
       7.593      -0.1017
       7.601     -0.08241
       7.616     -0.04376
       7.623     -0.06309
       7.631      -0.1017
       7.638       -0.179
       7.646       -0.295
       7.654      -0.3723
       7.661      -0.4302
       7.669      -0.4302
       7.676      -0.3529
       7.684       -0.237
       7.691      -0.1211
       7.699      0.01421
       7.707       0.1302
       7.714       0.2461
       7.722       0.3427
       7.729         0.42
       7.737        0.478
       7.752        0.478
       7.759       0.4007
       7.767       0.2847
       7.775       0.1881
       7.782       0.1108
        7.79      0.05286
       7.797    -0.005115
       7.805     -0.06309
       7.812      -0.1404
        7.82      -0.2177
       7.827       -0.295
       7.835       -0.295
       7.843       -0.237
        7.85      -0.1211
       7.858    -0.005115
       7.865      0.05286
       7.873       0.0915
        7.88       0.1108
       7.895       0.1302
       7.903       0.0915
       7.911      0.01421
       7.918     -0.06309
       7.926      -0.1211
       7.941     -0.06309
       7.948    -0.005115
       7.956      0.05286
       7.964      0.07218
       7.971      0.05286
       7.979      0.01421
       7.986     -0.02444
       7.994     -0.08241
       8.001      -0.1404
       8.016       -0.179
       8.024      -0.1597
       8.032      -0.1404
       8.039     -0.06309
       8.047      0.05286
       8.054       0.2074
       8.062       0.3427
       8.069         0.42
       8.077       0.4587
       8.084       0.4007
       8.092       0.3234
         8.1       0.2074
       8.107       0.1108
       8.115      0.07218
       8.122      0.07218
       8.137       0.1108
       8.145       0.0915
       8.152      0.07218
       8.168    -0.005115
       8.175     -0.06309
       8.183      -0.1211
       8.198      -0.1211
       8.205      -0.1017
       8.221     -0.06309
       8.228     -0.06309
       8.243     -0.06309
       8.258      -0.1017
       8.266     -0.08241
       8.273     -0.02444
       8.281      0.03353
       8.289       0.0915
       8.296      0.07218
       8.304      0.03353
       8.311     -0.04376
       8.319      -0.1404
       8.326      -0.1984
       8.341      -0.1404
       8.349     -0.06309
       8.357      0.05286
       8.364       0.1495
       8.372       0.2074
       8.379       0.1881
       8.387       0.1302
       8.394      0.03353
       8.402    -0.005115
       8.417      0.05286
       8.432       0.1108
        8.44       0.1302
       8.455       0.1688
       8.462       0.1495
        8.47       0.0915
       8.478      0.03353
       8.485     -0.02444
       8.493     -0.08241
         8.5      -0.1404
       8.508      -0.1984
       8.523      -0.1984
       8.538       -0.179
       8.553      -0.1597
       8.561      -0.1211
       8.568     -0.08241
       8.576    -0.005115
       8.583      0.07218
       8.591       0.1302
       8.598       0.1688
       8.606       0.1688
       8.614       0.1688
       8.629       0.1302
       8.636      0.07218
       8.644    -0.005115
       8.651      -0.1211
       8.659      -0.1984
       8.666      -0.2177
       8.674      -0.1597
       8.682     -0.02444
       8.689       0.1108
       8.697       0.2268
       8.704       0.3041
       8.712       0.3234
       8.727       0.2847
       8.735       0.2461
       8.742       0.2461
       8.757       0.2074
       8.765       0.1688
       8.772       0.1108
        8.78      0.05286
       8.787     -0.02444
       8.795     -0.06309
       8.803     -0.06309
        8.81     -0.02444
       8.825    -0.005115
       8.833     -0.04376
        8.84      -0.1211
       8.848       -0.179
       8.855       -0.237
       8.871       -0.295
       8.878      -0.3143
       8.886      -0.3336
       8.901      -0.3916
       8.916      -0.3529
       8.923       -0.295
       8.931      -0.1984
       8.939     -0.08241
       8.946      0.05286
       8.954       0.1688
       8.961       0.3041
       8.969        0.478
       8.969       0.4007
       8.976       0.5166
