     0.01186       0.3198
     0.01942       0.2461
     0.02698       0.2461
     0.02698       0.1724
     0.03454       0.1724
     0.03454      0.09864
      0.0421      0.09864
      0.0421     0.006504
     0.04966     0.006504
     0.04966     -0.08564
     0.05723      -0.1778
     0.07235      -0.2515
     0.08747      -0.2146
     0.08747      -0.2699
     0.09503      -0.1593
     0.09503      -0.2146
      0.1026     -0.08564
      0.1026      -0.1593
      0.1102     -0.04878
      0.1253     -0.03035
      0.1328      0.04336
      0.1404      0.08022
       0.148       0.1171
       0.148      0.08022
      0.1555       0.1171
      0.1631       0.1539
      0.1706       0.1908
      0.1858       0.1724
      0.1858       0.1355
      0.2009       0.1171
      0.2085     0.006504
       0.216     -0.06721
      0.2311      -0.1962
      0.2538      -0.1778
      0.2614      -0.1409
      0.2765     -0.01192
      0.2765     -0.08564
      0.2841      0.06179
      0.2841     -0.01192
      0.2916      0.06179
      0.2992       0.1539
      0.3067       0.1908
      0.3067       0.1539
      0.3143       0.1908
      0.3294       0.2829
       0.337       0.2829
      0.3446       0.2092
      0.3521       0.2092
      0.3521       0.1355
      0.3597       0.1355
      0.3597      0.06179
      0.3672      0.06179
      0.3672     -0.01192
      0.3748     -0.01192
      0.3899     -0.08564
      0.3899      -0.1225
      0.3975      -0.1778
       0.405      -0.2331
      0.4126      -0.3252
      0.4277      -0.3805
      0.4429      -0.3621
      0.4504      -0.3068
      0.4504      -0.3436
       0.458      -0.2515
       0.458      -0.3068
      0.4731     -0.08564
      0.4731      -0.1778
      0.4882       0.1539
      0.4958       0.2645
      0.4958       0.1539
      0.5033       0.3935
      0.5033       0.2645
      0.5109       0.4856
      0.5109       0.3751
      0.5185       0.4856
      0.5411       0.5778
      0.5411       0.5409
      0.5563       0.4304
      0.5638       0.4304
      0.5638       0.3566
      0.5714       0.2092
       0.579       0.2092
       0.579      0.04336
       0.579     0.006504
      0.5865      0.04336
      0.5865     0.006504
      0.5865      -0.1962
      0.5941      -0.3805
      0.6016      -0.3805
      0.6016      -0.5463
      0.6092      -0.5463
      0.6092      -0.6201
      0.6243      -0.5648
      0.6319      -0.4911
      0.6319      -0.5648
      0.6394      -0.4173
       0.647      -0.3068
       0.647      -0.4173
      0.6546      -0.1409
      0.6546      -0.3068
      0.6621     0.006504
      0.6621      -0.1409
      0.6773       0.2829
      0.6773       0.1539
      0.6848       0.3751
      0.6848       0.2829
      0.6924       0.4672
      0.6924       0.3751
      0.6999       0.5225
      0.6999       0.4672
      0.7075       0.5778
      0.7075       0.5225
      0.7151       0.6146
      0.7151       0.5778
      0.7226       0.6331
      0.7302       0.5778
      0.7377       0.5225
      0.7453       0.5225
      0.7453       0.4304
      0.7529       0.4304
      0.7529       0.3382
      0.7604       0.2092
       0.768       0.2092
       0.768      0.08022
      0.7755      0.09864
      0.7755     -0.03035
      0.7831     -0.03035
      0.7831      -0.1409
      0.7907      -0.1409
      0.7907      -0.2883
      0.7982      -0.2883
      0.7982      -0.4358
      0.8058      -0.6385
      0.8134      -0.8043
      0.8209      -0.8043
      0.8209      -0.9149
      0.8285      -0.9333
       0.836      -0.7859
       0.836      -0.8965
      0.8436      -0.6201
      0.8436      -0.7859
      0.8512      -0.4358
      0.8512      -0.6201
      0.8587      -0.2515
      0.8587      -0.4358
      0.8738     0.006504
      0.8738      -0.1409
      0.8814       0.1539
      0.8814     0.006504
       0.889       0.2645
       0.889       0.1539
      0.8965       0.3382
      0.8965       0.2645
      0.9041       0.4304
      0.9041       0.3382
      0.9117       0.5225
      0.9117       0.4119
      0.9192       0.6331
      0.9268       0.7436
      0.9268       0.6331
      0.9343       0.7252
      0.9495       0.6883
       0.957       0.5778
      0.9646       0.4488
      0.9721       0.4488
      0.9721       0.3014
      0.9797       0.3014
      0.9797       0.1724
      0.9873       0.1724
      0.9873      0.04336
      0.9948      0.04336
      0.9948     -0.06721
       1.002      -0.1962
        1.01      -0.1962
        1.01      -0.3436
       1.018      -0.3436
       1.018      -0.4911
       1.025      -0.4911
       1.025      -0.6016
       1.033      -0.6016
        1.04      -0.6753
       1.048      -0.5648
       1.055      -0.4358
       1.055      -0.5648
        1.07      -0.1041
        1.07      -0.2883
       1.078      0.04336
       1.078      -0.1041
       1.086       0.1539
       1.086      0.04336
       1.093       0.1539
       1.131       0.2461
       1.161       0.2092
       1.169       0.2092
       1.169       0.1355
       1.176     0.006504
       1.184     0.006504
       1.184     -0.08564
       1.191      -0.1962
       1.199      -0.1962
       1.199      -0.2699
       1.207      -0.2699
       1.207      -0.3621
       1.214      -0.3621
       1.214      -0.4358
       1.222      -0.4358
       1.222      -0.4911
       1.229      -0.4911
       1.237      -0.4542
       1.244      -0.3252
       1.244      -0.4542
       1.252      -0.1778
       1.252      -0.3252
       1.259     -0.01192
       1.259      -0.1778
       1.275       0.1908
       1.275       0.1171
       1.282       0.2461
       1.282       0.1908
        1.29       0.2461
       1.305       0.3014
       1.328       0.3198
       1.343       0.2829
       1.343       0.2276
        1.35       0.2276
        1.35       0.1724
       1.358       0.1355
        1.38     0.006504
       1.388     0.006504
       1.388     -0.06721
       1.396     -0.06721
       1.396      -0.1593
       1.403      -0.1593
       1.403      -0.2515
       1.411      -0.2515
       1.411      -0.3252
       1.418      -0.3252
       1.433      -0.2515
       1.433      -0.3436
       1.441      -0.1409
       1.441      -0.2515
       1.449     -0.03035
       1.449      -0.1409
       1.456      0.04336
       1.456     -0.03035
       1.471       0.2276
       1.471       0.1355
       1.479       0.2829
       1.479       0.2276
       1.486       0.2829
       1.494       0.3382
       1.517       0.3382
       1.517       0.3014
       1.524       0.2276
       1.532       0.2276
       1.532       0.1171
       1.539       0.1171
       1.539     0.006504
       1.554     -0.08564
       1.569      -0.1409
       1.577      -0.1041
       1.592      -0.1041
         1.6      -0.1593
       1.607      -0.1593
        1.63      -0.1593
       1.638     -0.08564
       1.638      -0.1593
       1.645     -0.01192
       1.645     -0.08564
       1.653     -0.01192
       1.675       0.1908
       1.675       0.1355
       1.683       0.1908
       1.698       0.2829
       1.713       0.2276
       1.721       0.2276
       1.721       0.1539
       1.728       0.1539
       1.728      0.08022
       1.736      0.08022
       1.743     -0.01192
       1.796       0.1539
       1.804       0.1171
       1.811       0.1171
       1.811      0.06179
       1.819     0.006504
       1.842     -0.06721
       1.872     -0.03035
       1.879     0.006504
       1.895      0.08022
        1.91      0.04336
       1.917     0.006504
       1.917     -0.04878
       1.925     -0.08564
       1.963      -0.1409
        1.97     -0.06721
       1.985     -0.01192
           2      0.09864
       2.008      0.06179
       2.016      0.06179
       2.016     0.006504
       2.023     0.006504
       2.023     -0.04878
       2.031     -0.04878
       2.031      -0.1225
       2.038      -0.1225
       2.046      -0.1593
       2.106     -0.08564
       2.106      -0.1225
       2.114     -0.04878
       2.114     -0.08564
       2.121     -0.03035
       2.144     -0.01192
       2.167       0.1171
       2.174       0.1908
       2.174       0.1171
       2.182       0.2645
       2.182       0.1724
        2.19       0.3382
        2.19       0.2461
       2.197       0.4119
       2.197       0.3382
       2.205       0.4856
       2.205       0.4119
       2.212       0.5225
       2.212       0.4856
       2.227       0.4488
       2.235       0.3198
       2.242       0.3198
       2.242       0.1539
        2.25       0.1539
        2.25     0.006504
       2.258     0.006504
       2.258      -0.1225
       2.273      -0.1962
       2.273      -0.2515
       2.288      -0.2883
       2.303      -0.3436
        2.31      -0.3436
        2.31      -0.3989
       2.318      -0.3989
       2.341      -0.3989
       2.341      -0.4542
       2.348      -0.3436
       2.356      -0.2699
       2.356      -0.3436
       2.363      -0.1778
       2.363      -0.2699
       2.371     -0.04878
       2.371      -0.1778
       2.379      0.08022
       2.379     -0.04878
       2.386       0.1908
       2.386      0.06179
       2.394       0.2829
       2.394       0.1908
       2.401       0.3935
       2.401       0.2829
       2.409       0.4856
       2.409       0.3935
       2.416       0.5593
       2.416       0.4856
       2.431       0.4856
       2.439       0.4856
       2.439       0.3751
       2.447       0.2276
       2.454       0.2276
       2.454      0.08022
       2.469     -0.03035
       2.469      -0.1041
       2.477      -0.1041
       2.477      -0.1409
       2.484      -0.1409
       2.492      -0.1041
         2.5      -0.1225
       2.507      -0.1593
       2.515      -0.1593
       2.515      -0.2146
       2.522      -0.2146
        2.53      -0.2883
       2.545      -0.1962
       2.552      -0.1225
       2.552      -0.2146
        2.56     -0.01192
        2.56      -0.1225
       2.568      0.09864
       2.568     -0.01192
       2.575       0.2092
       2.575      0.09864
       2.583       0.3198
       2.583       0.2092
        2.59       0.4488
        2.59       0.3198
       2.598       0.5409
       2.598       0.4304
       2.605       0.6515
       2.605       0.5409
       2.613       0.6331
       2.621       0.6883
       2.628       0.7068
       2.628       0.6515
       2.636       0.6515
       2.636       0.5593
       2.643       0.5593
       2.643       0.4488
       2.651       0.3198
       2.658       0.3198
       2.658       0.1724
       2.673      0.04336
       2.673     -0.08564
       2.681      -0.2146
       2.689      -0.1962
       2.689      -0.3068
       2.696      -0.3068
       2.696      -0.3989
       2.704      -0.3989
       2.719      -0.5095
       2.726      -0.5832
       2.741      -0.5279
       2.749      -0.4173
       2.749      -0.5279
       2.757      -0.2883
       2.757      -0.4358
       2.764      -0.1409
       2.764      -0.2883
       2.772     -0.01192
       2.772      -0.1409
       2.779      0.09864
       2.779     -0.01192
       2.787       0.1724
       2.787      0.09864
       2.802       0.2829
        2.81       0.3382
       2.825       0.3751
       2.832       0.3566
        2.84       0.3014
       2.847       0.3014
       2.847       0.2276
       2.855       0.2276
       2.855       0.1539
       2.878     -0.01192
       2.885     0.006504
       2.885     -0.08564
       2.893     -0.08564
       2.893      -0.1962
         2.9      -0.1962
         2.9      -0.3068
       2.908      -0.3068
       2.908      -0.3805
       2.915      -0.3805
       2.931      -0.3068
       2.931      -0.3805
       2.938      -0.1962
       2.938      -0.3068
       2.946     -0.08564
       2.946      -0.1962
       2.953     0.006504
       2.953     -0.08564
       2.961      0.09864
       2.961     0.006504
       2.968       0.1724
       2.968      0.09864
       2.976       0.2461
       2.976       0.1724
       2.983       0.2461
       2.991       0.3751
       2.991       0.3014
       2.999       0.3751
       3.014       0.3566
       3.021       0.3751
       3.021       0.2829
       3.029       0.1724
       3.036       0.1724
       3.036      0.04336
       3.044      0.04336
       3.044     -0.06721
       3.051      -0.1962
       3.059      -0.1962
       3.059      -0.2883
       3.074      -0.3621
       3.074      -0.4173
       3.089      -0.3989
       3.097      -0.3436
       3.097      -0.3989
       3.104      -0.2515
       3.104      -0.3436
       3.112      -0.1778
       3.112      -0.2515
        3.12      -0.1041
        3.12      -0.1778
       3.135     0.006504
       3.142      0.09864
       3.142     0.006504
        3.15       0.1908
        3.15      0.09864
       3.157       0.3014
       3.157       0.1908
       3.165       0.3751
       3.165       0.3014
       3.172       0.3751
        3.18       0.4304
       3.188       0.3751
       3.195       0.3198
       3.203       0.2092
        3.21       0.2092
        3.21      0.08022
       3.218     -0.06721
       3.225     -0.06721
       3.225      -0.1962
       3.233      -0.1778
       3.233      -0.2699
       3.241      -0.2699
       3.248      -0.3068
       3.256      -0.3068
       3.271      -0.2146
       3.278      -0.1409
       3.278      -0.2146
       3.286     -0.01192
       3.286      -0.1409
       3.293       0.1539
       3.293     -0.01192
       3.301       0.3014
       3.301       0.1539
       3.309       0.4488
       3.309       0.3014
       3.316       0.5593
       3.316       0.4488
       3.324       0.5593
       3.331       0.6331
       3.339       0.5778
       3.346       0.5778
       3.346       0.5225
       3.354       0.5225
       3.354       0.4488
       3.362       0.4488
       3.362       0.3566
       3.369       0.3566
       3.369       0.2461
       3.377       0.1171
       3.384       0.1171
       3.384     -0.01192
       3.392     -0.01192
       3.392      -0.1593
       3.399      -0.1593
       3.399      -0.3068
       3.407      -0.3068
       3.407      -0.4911
       3.414      -0.4911
       3.414      -0.6201
       3.422      -0.7122
        3.43      -0.7122
        3.43      -0.7491
       3.445      -0.6569
       3.445      -0.7306
       3.452      -0.5648
       3.452      -0.6569
       3.467      -0.3621
       3.475      -0.2146
       3.475      -0.3621
       3.482     -0.06721
       3.482      -0.2146
        3.49      0.09864
        3.49     -0.06721
       3.498       0.2461
       3.498      0.09864
       3.505       0.3566
       3.505       0.2461
       3.513       0.4304
       3.513       0.3566
        3.52       0.4304
       3.528       0.4488
       3.543       0.3935
       3.551       0.3935
       3.551       0.3382
       3.558       0.3382
       3.558       0.2645
       3.566       0.1539
       3.573       0.1539
       3.581     -0.06721
       3.588     -0.06721
       3.596      -0.1225
       3.596      -0.1778
       3.626      -0.1962
       3.634      -0.1409
       3.634      -0.1778
       3.641      -0.1409
       3.649     0.006504
       3.649     -0.08564
       3.656      0.08022
       3.656     -0.01192
       3.672       0.2276
       3.672       0.1539
       3.679       0.3014
       3.679       0.2276
       3.687       0.3014
       3.694       0.3566
       3.702       0.3014
       3.709       0.2276
       3.717       0.2276
       3.717       0.1355
       3.724      0.04336
       3.732      0.04336
       3.732     0.006504
        3.74     -0.01192
       3.793     -0.06721
         3.8     -0.03035
       3.815     -0.04878
       3.815     -0.08564
       3.823      -0.1225
        3.83      -0.1409
       3.853     -0.08564
       3.868     -0.06721
       3.891     0.006504
       3.891     -0.03035
       3.898      0.04336
       3.898     0.006504
       3.906      0.06179
       3.913      0.08022
       3.944       0.1171
       3.951       0.1539
       3.966       0.2092
       3.989       0.1908
       3.989       0.1355
       3.997      0.09864
       4.004      0.04336
       4.012      0.04336
       4.019     0.006504
       4.019     -0.04878
       4.027      -0.1041
       4.034      -0.1041
       4.042      -0.1409
        4.05      -0.2331
       4.072      -0.2515
        4.08      -0.2146
       4.087      -0.1225
       4.087      -0.2146
       4.095     -0.04878
       4.095      -0.1225
       4.103     0.006504
       4.103     -0.04878
       4.118      0.04336
       4.163       0.1171
       4.178     -0.04878
       4.193     -0.08564
       4.208      -0.1593
       4.216      -0.1778
       4.231      -0.1778
       4.239     -0.06721
       4.254       0.1171
       4.269       0.1908
       4.276       0.2461
       4.307       0.2276
       4.322       0.2276
       4.322       0.1724
       4.329       0.1355
       4.344       0.1171
        4.36      0.06179
        4.39     -0.03035
       4.405      -0.1041
       4.413      -0.1041
       4.413      -0.1409
        4.42      -0.1409
        4.42      -0.1778
       4.435      -0.1041
       4.435      -0.1778
       4.443     0.006504
       4.443      -0.1041
        4.45       0.1539
        4.45     0.006504
       4.458       0.2461
       4.458       0.1539
       4.481       0.3014
       4.481       0.2645
       4.488       0.1908
       4.496       0.1908
       4.496       0.1355
       4.511       0.1171
       4.526      0.06179
       4.534      0.06179
       4.534     0.006504
       4.541     0.006504
       4.541     -0.04878
       4.549     -0.04878
       4.549      -0.1041
       4.556      -0.1041
       4.564      -0.1593
       4.564      -0.2146
       4.586      -0.2515
       4.594      -0.2331
       4.602      -0.1962
       4.617      -0.1962
       4.632      -0.1409
       4.639     -0.06721
       4.639      -0.1409
       4.647     0.006504
       4.647     -0.06721
       4.654       0.1171
       4.654     0.006504
        4.67       0.3198
        4.67       0.2276
       4.677       0.3935
       4.677       0.3198
       4.685       0.3935
       4.715       0.3751
       4.723       0.3751
       4.723       0.3198
        4.73       0.3198
        4.73       0.2461
       4.738       0.2461
       4.738       0.1724
       4.745      0.06179
       4.753      0.06179
       4.753     -0.04878
        4.76     -0.04878
        4.76      -0.1409
       4.768      -0.1409
       4.768      -0.1962
       4.775      -0.1962
       4.791      -0.2699
       4.791      -0.3068
       4.798      -0.3436
       4.821      -0.3068
       4.828      -0.2331
       4.828      -0.3068
       4.836      -0.1409
       4.836      -0.2331
       4.844     -0.03035
       4.844      -0.1409
       4.851      0.09864
       4.851     -0.03035
       4.866       0.3382
       4.866       0.2092
       4.874       0.4488
       4.874       0.3382
       4.881       0.4488
       4.904       0.4119
       4.912       0.3566
       4.919       0.3566
       4.919       0.2645
       4.927       0.1539
       4.934       0.1539
       4.942      -0.1041
       4.949      -0.1041
       4.949      -0.2331
       4.957      -0.2146
       4.957      -0.3436
       4.965      -0.3436
       4.965      -0.4173
       4.972      -0.4173
       4.987      -0.5095
       4.995      -0.5095
        5.01      -0.4173
       5.017      -0.3436
       5.017      -0.4173
       5.025      -0.2331
       5.025      -0.3436
       5.033      -0.1225
       5.033      -0.2331
        5.04     -0.03035
        5.04      -0.1225
       5.048      0.06179
       5.048     -0.03035
       5.055       0.1724
       5.055      0.06179
        5.07       0.3935
        5.07       0.3014
       5.078       0.4672
       5.078       0.3935
       5.085       0.4672
       5.093       0.5225
       5.101       0.4672
       5.108       0.4119
       5.116       0.3198
       5.123       0.3198
       5.123       0.2276
       5.131       0.1355
       5.146      0.09864
       5.146      0.06179
       5.161     -0.01192
       5.169     -0.04878
       5.176     -0.04878
       5.184      -0.1041
       5.199     -0.08564
       5.229      -0.1778
       5.244     -0.04878
       5.252      0.06179
       5.252     -0.04878
       5.267       0.1539
       5.275       0.2461
       5.282       0.2092
        5.29       0.1539
       5.297      0.08022
       5.305     0.006504
       5.312     -0.04878
        5.32     -0.04878
       5.327     -0.08564
       5.335      -0.1041
        5.35      -0.1041
       5.373      -0.1041
       5.395      -0.1409
       5.403      -0.1409
       5.411      -0.1041
       5.418      -0.1041
       5.426     -0.01192
       5.441      0.08022
       5.448       0.1355
       5.448      0.08022
       5.456       0.1908
       5.456       0.1355
       5.471       0.2276
       5.479       0.2276
       5.501       0.2829
       5.509       0.2276
       5.516       0.1355
       5.532     -0.04878
       5.539     -0.04878
       5.539      -0.1041
       5.554      -0.1409
       5.554      -0.1962
       5.562      -0.2331
       5.569      -0.2699
       5.592      -0.2515
       5.592      -0.2883
         5.6      -0.1962
         5.6      -0.2515
       5.607      -0.1225
       5.607      -0.1962
       5.615     -0.04878
       5.615      -0.1225
       5.622     -0.04878
        5.63      0.08022
       5.637       0.1171
       5.653       0.1724
       5.668       0.2276
       5.668       0.1908
       5.675       0.2645
       5.675       0.2276
       5.683       0.2645
       5.706       0.2829
       5.706       0.2461
       5.721       0.2092
       5.721       0.1355
       5.728      0.06179
       5.736      0.06179
       5.736     -0.03035
       5.743     -0.03035
       5.743      -0.1225
       5.751      -0.1225
       5.751      -0.1962
       5.758      -0.1962
       5.766      -0.2515
       5.781      -0.2883
       5.789      -0.2331
       5.789      -0.2883
       5.796      -0.1778
       5.804      -0.1225
       5.804      -0.1778
       5.811      -0.1225
       5.819     -0.08564
       5.834     -0.08564
       5.849      -0.1041
       5.864     -0.04878
       5.872      0.09864
       5.879      0.09864
       5.887       0.1355
       5.895       0.1539
       5.925       0.1355
        5.94      0.09864
        5.94      0.06179
       5.955      0.04336
       5.963     0.006504
       5.963     -0.04878
        5.97      -0.1041
       5.978      -0.1041
       5.978      -0.1593
       5.985      -0.1593
       5.985      -0.1962
           6      -0.2146
       6.008      -0.1593
       6.008      -0.1962
       6.016      -0.1225
       6.016      -0.1593
       6.023      -0.1225
       6.038     -0.04878
       6.046     -0.01192
       6.053      0.06179
       6.068      0.08022
       6.099      0.06179
       6.114      0.04336
       6.121     -0.01192
       6.137     -0.03035
       6.137     -0.06721
       6.152      -0.1225
       6.174     -0.08564
       6.189     -0.04878
       6.197       0.1171
       6.205       0.2092
       6.205       0.1171
       6.212       0.3014
       6.212       0.2092
        6.22       0.3935
        6.22       0.3014
       6.227       0.4672
       6.227       0.3935
       6.235       0.4672
       6.242       0.5225
        6.25       0.4672
       6.265       0.3935
       6.265       0.2829
       6.273       0.2829
       6.273       0.1724
        6.28      0.06179
       6.288      0.06179
       6.288     -0.03035
       6.295     -0.08564
       6.303      -0.1225
        6.31      -0.1225
        6.31      -0.1778
       6.318      -0.1778
       6.318      -0.2331
       6.326      -0.2331
       6.341      -0.3068
       6.356      -0.3068
       6.363      -0.1962
       6.371      -0.1225
       6.371      -0.1962
       6.378     -0.03035
       6.378      -0.1225
       6.386      0.06179
       6.386     -0.03035
       6.394       0.1355
       6.394      0.06179
       6.401       0.2092
       6.401       0.1355
       6.409       0.2829
       6.409       0.2092
       6.416       0.3382
       6.416       0.2645
       6.424       0.4119
       6.424       0.3382
       6.431       0.4119
       6.439       0.4672
       6.447       0.4304
       6.454       0.4304
       6.454       0.3935
       6.469       0.3382
       6.469       0.2645
       6.477       0.2645
       6.477       0.1724
       6.484     0.006504
       6.492     0.006504
       6.492      -0.1409
       6.499      -0.2883
       6.507      -0.2883
       6.507      -0.4173
       6.515      -0.3989
       6.537      -0.4173
       6.545      -0.3621
       6.545      -0.4173
       6.552      -0.2883
       6.552      -0.3621
        6.56      -0.2331
        6.56      -0.2883
       6.567      -0.1593
       6.567      -0.2331
       6.575     -0.06721
       6.575      -0.1593
       6.583      0.04336
       6.583     -0.06721
        6.59       0.1355
       6.598       0.2092
       6.598       0.1355
       6.605       0.2092
        6.62       0.2461
       6.636       0.2276
       6.651       0.1539
       6.666      0.08022
       6.673      0.04336
       6.681     0.006504
       6.696     -0.01192
       6.696     -0.04878
       6.704     -0.04878
       6.726      -0.1593
       6.741      -0.1778
       6.757     -0.06721
       6.779     0.006504
       6.794     -0.01192
       6.817     -0.06721
       6.832     -0.08564
       6.885       0.1171
       6.923       0.1171
        6.93       0.1724
        6.93       0.1355
       6.938       0.2276
       6.938       0.1724
       6.946       0.2276
       6.961       0.3382
       6.961       0.3014
       6.968       0.3751
       6.968       0.3382
       6.976       0.3751
       6.991       0.3566
       6.998       0.3566
       6.998       0.2276
       7.006      0.06179
       7.014      0.06179
       7.014      -0.1225
       7.021      -0.1225
       7.021      -0.2515
       7.029      -0.2515
       7.029      -0.3068
       7.036      -0.3252
       7.044      -0.3068
       7.067      -0.2515
       7.082      -0.1409
       7.089     -0.04878
       7.089      -0.1409
       7.097     0.006504
       7.097     -0.04878
       7.104      0.04336
       7.104     0.006504
       7.119       0.1171
       7.119      0.06179
       7.127       0.1724
       7.127       0.1171
       7.135       0.1724
       7.142       0.2829
       7.188       0.2645
       7.188       0.2092
       7.195       0.1355
       7.203      0.08022
       7.218     -0.01192
       7.225     -0.01192
       7.225     -0.04878
       7.233     -0.04878
       7.233      -0.1041
        7.24      -0.1041
        7.24      -0.1778
       7.248      -0.1778
       7.248      -0.2515
       7.278      -0.2699
       7.286      -0.2331
       7.286      -0.2699
       7.293      -0.2146
       7.309      -0.1962
       7.324      -0.1593
       7.324      -0.1962
       7.339     -0.04878
       7.346     0.006504
       7.346     -0.04878
       7.354      0.04336
       7.354     0.006504
       7.361      0.06179
       7.399     -0.01192
       7.407      0.04336
       7.407     0.006504
       7.422      0.08022
       7.437      0.08022
       7.452      0.09864
       7.482     0.006504
        7.49      0.06179
        7.49     0.006504
       7.498       0.1355
       7.498      0.06179
       7.505       0.1908
       7.505       0.1355
       7.513       0.2276
       7.513       0.1908
       7.543       0.1355
       7.558      0.09864
       7.581       0.1355
       7.588       0.1171
       7.603      0.09864
       7.603      0.06179
       7.619     -0.01192
       7.626     -0.01192
       7.626     -0.06721
       7.634     -0.06721
       7.634      -0.1225
       7.641      -0.1225
       7.641      -0.1593
       7.679     -0.06721
       7.702     -0.06721
       7.709      -0.1409
       7.717      -0.1962
       7.739      -0.2331
       7.755      -0.1778
       7.762      -0.1041
       7.762      -0.1778
        7.77     -0.03035
        7.77      -0.1041
       7.777      0.06179
       7.777     -0.03035
       7.785       0.1355
       7.785      0.06179
       7.792       0.2092
       7.792       0.1355
         7.8       0.2829
         7.8       0.2092
       7.808       0.3566
       7.808       0.2829
       7.815       0.3566
       7.838       0.3198
       7.845       0.3198
       7.845       0.2461
       7.853       0.2461
       7.853       0.1724
       7.868       0.1355
       7.868      0.04336
       7.876      0.04336
       7.876     -0.04878
       7.883     -0.04878
       7.883      -0.1225
       7.891      -0.1225
       7.891      -0.1962
       7.898      -0.1962
       7.898      -0.2699
       7.906      -0.2699
       7.906      -0.3252
       7.913      -0.3252
       7.921      -0.3805
       7.929      -0.4173
       7.959      -0.3252
       7.966      -0.2699
       7.989      -0.1225
       7.997     -0.04878
       7.997      -0.1225
       8.004      0.06179
       8.004     -0.04878
       8.012       0.1539
       8.012      0.06179
       8.019       0.2276
       8.019       0.1539
       8.027       0.2829
       8.027       0.2276
       8.034       0.3382
       8.034       0.2829
       8.042       0.3382
       8.065       0.4304
       8.072       0.3566
        8.08       0.2829
       8.087       0.1908
       8.095      0.09864
       8.102      0.09864
       8.102      0.04336
        8.11      0.04336
       8.125     -0.01192
       8.133     -0.03035
       8.178     -0.06721
       8.193     -0.08564
       8.208      -0.1225
       8.216     -0.04878
       8.216      -0.1225
       8.223     -0.04878
       8.231       0.1171
       8.239       0.2276
       8.239       0.1171
       8.246       0.3198
       8.246       0.2276
       8.261       0.4119
       8.276       0.3198
       8.284       0.2829
       8.291       0.2829
       8.291       0.2461
       8.299       0.2092
       8.307       0.1724
       8.314       0.1724
       8.314       0.1355
       8.329      0.09864
       8.344       0.1355
        8.36       0.1171
       8.367      0.08022
        8.39      -0.1041
       8.443      -0.1593
       8.465     -0.03035
       8.465     -0.08564
       8.473     -0.01192
       8.481     -0.04878
       8.496      -0.1041
       8.511      -0.1041
       8.526     -0.03035
       8.526     -0.06721
       8.533     0.006504
       8.541      0.04336
       8.549      0.04336
       8.556       0.1355
       8.579       0.1355
       8.601       0.1724
       8.617      0.09864
       8.624      0.09864
       8.632     -0.06721
       8.639     -0.06721
       8.639      -0.1778
       8.647      -0.1593
       8.647      -0.2699
       8.662      -0.3436
        8.67      -0.3989
       8.685      -0.2883
       8.692      -0.1962
       8.692      -0.2883
         8.7      -0.1225
         8.7      -0.1962
       8.707     -0.03035
       8.707      -0.1225
       8.715      0.04336
       8.715     -0.03035
       8.722       0.1171
       8.722      0.04336
        8.73       0.2092
        8.73       0.1171
       8.738       0.2829
       8.738       0.2092
       8.745       0.2829
       8.753       0.3198
       8.775       0.3014
       8.783       0.2645
       8.791       0.1908
       8.806       0.1908
       8.821       0.1539
       8.821      0.09864
       8.836     -0.03035
       8.843     -0.03035
       8.843     -0.06721
       8.881      -0.1225
       8.904     -0.04878
       8.904      -0.1041
       8.911     0.006504
       8.911     -0.04878
       8.919      0.06179
       8.919     0.006504
       8.934      0.08022
       8.964       0.1355
