     0.01181       0.2302
     0.01181       0.1749
     0.01937       0.1381
     0.02693      0.08286
     0.02693     0.009207
     0.03449     -0.04604
     0.04205      -0.1381
      0.0496      -0.2118
     0.05716      -0.2486
     0.06472       -0.267
     0.07228      -0.2302
     0.07984      -0.1749
      0.0874      -0.1197
     0.09496     -0.06445
      0.1025     -0.02762
      0.1176      0.04604
      0.1176     0.009207
      0.1252      0.06445
      0.1327       0.1013
      0.1403       0.1381
      0.1554       0.1934
       0.163       0.1934
      0.1705       0.1565
      0.1857       0.1013
      0.1932      0.06445
      0.1932     0.009207
      0.2008     -0.02762
      0.2083      -0.1013
      0.2159      -0.1749
       0.231      -0.1934
      0.2386      -0.1749
      0.2461      -0.1565
      0.2537      -0.1013
      0.2612     -0.04604
      0.2688      0.02762
      0.2764      0.08286
      0.2839       0.1381
      0.2915       0.1749
       0.299       0.2118
      0.3066        0.267
      0.3217       0.2854
      0.3293       0.2302
      0.3368       0.1749
      0.3444       0.1013
       0.352      0.02762
      0.3595     -0.02762
      0.3671     -0.06445
      0.3746      -0.1013
      0.3822      -0.1381
      0.3897      -0.2118
      0.3973       -0.267
      0.4049      -0.3407
      0.4124      -0.3591
      0.4275      -0.3407
      0.4351      -0.3223
      0.4427       -0.267
      0.4502      -0.2118
      0.4578      -0.1381
      0.4653    -0.009207
      0.4729       0.1381
      0.4729      0.06445
      0.4804       0.2486
      0.4804       0.1749
       0.488       0.3223
      0.4956       0.4327
      0.5031       0.5064
      0.5107       0.5801
      0.5182       0.5801
      0.5258       0.5616
      0.5334       0.5248
      0.5409       0.4696
      0.5485       0.3959
       0.556       0.2854
      0.5636       0.1381
      0.5636     0.009207
      0.5712      0.04604
      0.5712      -0.1013
      0.5787      -0.2854
      0.5863      -0.4512
      0.5938      -0.5801
      0.6014      -0.5985
      0.6089      -0.5801
      0.6165      -0.5248
      0.6241      -0.4512
      0.6316      -0.3591
      0.6392      -0.2118
      0.6467     -0.06445
      0.6543       0.1013
      0.6543     0.009207
      0.6619       0.2302
      0.6694       0.3223
       0.677       0.4327
      0.6845       0.5064
      0.6921       0.5616
      0.6996       0.5985
      0.7072       0.6353
      0.7148       0.5985
      0.7223       0.5616
      0.7299        0.488
      0.7374       0.3775
       0.745        0.267
      0.7526       0.1565
      0.7601      0.02762
      0.7677     -0.08286
      0.7752      -0.2118
      0.7828      -0.3591
      0.7904      -0.5432
      0.7979       -0.709
      0.8055      -0.8563
       0.813      -0.9115
      0.8206      -0.8379
      0.8281      -0.6905
      0.8357      -0.5248
      0.8433      -0.3407
      0.8508      -0.1749
      0.8584     -0.06445
      0.8659       0.1013
      0.8659     0.009207
      0.8735       0.2118
      0.8811       0.3038
      0.8886       0.3959
      0.8962       0.4696
      0.9037       0.5801
      0.9113       0.6905
      0.9188       0.7642
      0.9264        0.801
       0.934       0.7274
      0.9415       0.6353
      0.9491       0.5064
      0.9566       0.3775
      0.9642       0.2302
      0.9718       0.1197
      0.9793      0.04604
      0.9793     -0.02762
      0.9869      -0.1381
      0.9944       -0.267
       1.002      -0.4143
        1.01      -0.5432
       1.017      -0.6169
       1.025      -0.6537
       1.032      -0.5985
        1.04      -0.5064
       1.047      -0.3591
       1.055      -0.1934
       1.062      0.04604
       1.062     -0.04604
        1.07       0.1013
       1.078       0.1934
       1.085       0.2486
       1.093       0.2486
       1.108       0.2486
       1.115        0.267
        1.13        0.267
       1.138        0.267
       1.146       0.2302
       1.153       0.1749
       1.161       0.1013
       1.161     0.009207
       1.168     -0.04604
       1.176      -0.1381
       1.183      -0.2302
       1.191      -0.3038
       1.199      -0.3959
       1.206      -0.4512
       1.214       -0.488
       1.221      -0.4696
       1.229      -0.3775
       1.236      -0.2486
       1.244      -0.1013
       1.251      0.08286
       1.251    -0.009207
       1.259       0.1565
       1.267       0.2302
       1.274        0.267
       1.289       0.3038
       1.297       0.3038
       1.312       0.3223
       1.327        0.267
       1.335       0.2118
       1.342       0.1565
       1.357       0.1013
       1.365      0.06445
       1.365     0.009207
       1.372     -0.02762
        1.38      -0.1013
       1.387      -0.1934
       1.395      -0.2854
       1.403      -0.3407
        1.41      -0.3407
       1.418      -0.2854
       1.425      -0.1934
       1.433     -0.08286
        1.44      0.04604
        1.44    -0.009207
       1.448       0.1013
       1.456       0.1934
       1.463        0.267
       1.471       0.3038
       1.478       0.3407
       1.493       0.3407
       1.501       0.3223
       1.508        0.267
       1.516       0.1749
       1.524      0.08286
       1.524     0.009207
       1.531     -0.02762
       1.539      -0.1013
       1.546      -0.1381
       1.554      -0.1197
       1.569      -0.1013
       1.576      -0.1013
       1.584      -0.1381
       1.592      -0.1749
       1.599      -0.2118
       1.614      -0.1749
       1.622      -0.1197
       1.629     -0.04604
       1.637     0.009207
       1.644      0.06445
       1.652       0.1197
        1.66       0.1749
       1.667       0.2118
       1.675        0.267
       1.682       0.2854
       1.697       0.2486
       1.705       0.1934
       1.713       0.1197
        1.72      0.06445
       1.728     0.009207
       1.735    -0.009207
        1.75     0.009207
       1.758      0.06445
       1.765       0.1013
       1.773       0.1381
       1.788       0.1381
       1.796       0.1013
       1.803      0.06445
       1.803     0.009207
       1.811    -0.009207
       1.818     -0.04604
       1.826     -0.06445
       1.841     -0.06445
       1.849     -0.04604
       1.856    -0.009207
       1.864      0.04604
       1.864     0.009207
       1.871      0.06445
       1.879      0.08286
       1.894      0.02762
       1.901    -0.009207
       1.909     -0.06445
       1.917     -0.08286
       1.932      -0.1381
       1.939      -0.1381
       1.947      -0.1197
       1.954     -0.08286
       1.962     -0.02762
        1.97      0.02762
       1.977      0.08286
       1.992      0.08286
           2      0.06445
           2     0.009207
       2.007    -0.009207
       2.015     -0.08286
       2.022      -0.1381
        2.03      -0.1565
       2.045      -0.1749
       2.053      -0.1749
       2.068      -0.1749
       2.075      -0.1565
       2.083      -0.1197
        2.09      -0.1013
       2.098     -0.06445
       2.106     -0.02762
       2.121    -0.009207
       2.128     0.009207
       2.143      0.04604
       2.151       0.1013
       2.158       0.1565
       2.166       0.2302
       2.174       0.3038
       2.181       0.3775
       2.189       0.4512
       2.196       0.5064
       2.211       0.4696
       2.219       0.3775
       2.226       0.2302
       2.234       0.1013
       2.234     0.009207
       2.242     -0.04604
       2.249      -0.1565
       2.257      -0.2118
       2.264      -0.2486
       2.272       -0.267
       2.287      -0.3223
       2.295      -0.3591
       2.302      -0.4143
        2.31      -0.4512
       2.325      -0.4143
       2.332      -0.3591
        2.34      -0.3038
       2.347      -0.2118
       2.355      -0.1013
       2.363      0.06445
       2.363     -0.02762
        2.37       0.1381
       2.378       0.2302
       2.385       0.3407
       2.393       0.4327
         2.4       0.5248
       2.408       0.5801
       2.415       0.5248
       2.423       0.4327
       2.431       0.3038
       2.438       0.1565
       2.446      0.02762
       2.453     -0.06445
       2.461      -0.1197
       2.476      -0.1013
       2.483      -0.1013
       2.491      -0.1381
       2.499      -0.1749
       2.506      -0.2302
       2.514       -0.267
       2.529      -0.2118
       2.536      -0.1565
       2.544     -0.06445
       2.552      0.04604
       2.559       0.1565
       2.567        0.267
       2.574       0.3775
       2.582        0.488
       2.589       0.5985
       2.597       0.6721
       2.604        0.709
       2.612       0.6905
        2.62       0.6169
       2.627       0.5064
       2.635       0.3775
       2.642       0.2486
        2.65       0.1197
       2.657      0.04604
       2.657     -0.04604
       2.665      -0.1381
       2.672      -0.2486
        2.68      -0.3407
       2.688      -0.4327
       2.695       -0.488
       2.703      -0.5248
        2.71      -0.5616
       2.725      -0.5432
       2.733      -0.4696
        2.74      -0.3591
       2.748      -0.2118
       2.756     -0.08286
       2.763      0.08286
       2.763     0.009207
       2.771       0.1381
       2.778       0.1934
       2.786        0.267
       2.793       0.3223
       2.801       0.3591
       2.816       0.3775
       2.824       0.3407
       2.831        0.267
       2.839       0.1934
       2.846       0.1381
       2.854       0.1013
       2.861      0.02762
       2.869     -0.04604
       2.877      -0.1381
       2.884      -0.2486
       2.892      -0.3407
       2.899      -0.3959
       2.914      -0.3407
       2.922      -0.2486
       2.929      -0.1381
       2.937     -0.02762
       2.945      0.08286
       2.945     0.009207
       2.952       0.1381
        2.96       0.2118
       2.967       0.2854
       2.975       0.3407
       2.982       0.3959
        2.99       0.4327
       2.997       0.3959
       3.005       0.3223
       3.013       0.2302
        3.02       0.1197
       3.028      0.04604
       3.028     -0.02762
       3.035      -0.1197
       3.043      -0.2486
        3.05      -0.3223
       3.058      -0.3775
       3.066      -0.4143
       3.081      -0.3591
       3.088      -0.2854
       3.096      -0.2118
       3.103      -0.1381
       3.111     -0.08286
       3.118    -0.009207
       3.126      0.08286
       3.126     0.009207
       3.134       0.1381
       3.141       0.2486
       3.149       0.3407
       3.156       0.3959
       3.164       0.4327
       3.171       0.3959
       3.179       0.3591
       3.186        0.267
       3.194       0.1381
       3.202      0.06445
       3.202     -0.02762
       3.209      -0.1197
       3.217      -0.2118
       3.224      -0.2854
       3.239      -0.3038
       3.247      -0.2854
       3.254      -0.2302
       3.262      -0.1749
        3.27     -0.06445
       3.277       0.1013
       3.277    -0.009207
       3.285       0.2302
       3.292       0.3775
         3.3       0.5064
       3.307       0.5985
       3.315       0.6353
       3.323       0.5985
        3.33       0.5616
       3.338        0.488
       3.345       0.4143
       3.353       0.3038
        3.36       0.1749
       3.368      0.08286
       3.368    -0.009207
       3.375     -0.08286
       3.383      -0.2302
       3.391      -0.3959
       3.398      -0.5432
       3.406      -0.6537
       3.413      -0.7274
       3.421      -0.7274
       3.428      -0.6905
       3.436      -0.5985
       3.443      -0.5248
       3.451      -0.4143
       3.459      -0.2854
       3.466      -0.1381
       3.474      0.02762
       3.481       0.1749
       3.489       0.3038
       3.496       0.3959
       3.504       0.4512
       3.519       0.4512
       3.527       0.4143
       3.534       0.3775
       3.542       0.3038
       3.549       0.2118
       3.557       0.1013
       3.564     -0.02762
       3.572     -0.08286
       3.579      -0.1381
       3.587      -0.1749
       3.595      -0.1934
        3.61      -0.1749
       3.617      -0.1565
       3.625      -0.1013
       3.632     -0.02762
        3.64      0.06445
        3.64     0.009207
       3.648       0.1197
       3.655       0.1934
       3.663        0.267
        3.67       0.3223
       3.678       0.3591
       3.685       0.3223
       3.693        0.267
         3.7       0.1749
       3.708       0.1013
       3.716      0.02762
       3.731    -0.009207
       3.738     -0.02762
       3.753     -0.08286
       3.761     -0.08286
       3.768     -0.06445
       3.784     -0.02762
       3.791     -0.02762
       3.799     -0.06445
       3.806      -0.1013
       3.814      -0.1197
       3.829      -0.1013
       3.836     -0.08286
       3.852     -0.06445
       3.859     -0.06445
       3.867     -0.02762
       3.874    -0.009207
       3.882      0.02762
       3.889      0.06445
       3.905       0.1013
       3.912       0.1013
       3.927       0.1381
       3.942       0.1749
        3.95       0.2118
       3.965       0.2118
       3.973       0.1749
        3.98       0.1197
       3.988      0.08286
       3.995      0.02762
       4.003    -0.009207
        4.01     -0.06445
       4.018      -0.1197
       4.025      -0.1565
       4.033      -0.2118
       4.048      -0.2486
       4.056      -0.2486
       4.063      -0.2302
       4.071      -0.1565
       4.078     -0.08286
       4.086    -0.009207
       4.101      0.04604
       4.109      0.04604
       4.116      0.08286
       4.131       0.1197
       4.139       0.1197
       4.146       0.1013
       4.154      0.06445
       4.162    -0.009207
       4.169     -0.06445
       4.177      -0.1013
       4.184      -0.1381
       4.192      -0.1565
       4.207      -0.1749
       4.214      -0.1565
       4.222     -0.08286
        4.23     -0.02762
       4.237      0.08286
       4.245       0.1565
       4.252       0.2118
        4.26       0.2486
       4.275       0.2302
       4.282       0.2302
        4.29       0.2486
       4.305       0.2118
       4.313       0.1565
        4.32       0.1381
       4.335       0.1013
       4.343      0.08286
       4.358      0.04604
       4.366     0.009207
       4.373    -0.009207
       4.388     -0.08286
       4.396      -0.1197
       4.403      -0.1565
       4.419      -0.1381
       4.426     -0.04604
       4.434       0.1013
       4.434     0.009207
       4.441       0.1934
       4.449       0.2854
       4.456       0.3038
       4.464       0.2854
       4.471       0.2302
       4.479       0.1749
       4.487       0.1381
       4.502       0.1013
       4.509      0.08286
       4.517     0.009207
       4.524    -0.009207
       4.532     -0.06445
       4.539      -0.1197
       4.547      -0.1749
       4.555      -0.2118
        4.57      -0.2302
       4.577      -0.2118
       4.592      -0.1934
         4.6      -0.1934
       4.615      -0.1565
       4.623      -0.1013
        4.63     -0.02762
       4.638      0.08286
       4.638     0.009207
       4.645       0.1749
       4.653       0.2854
        4.66       0.3591
       4.668       0.4143
       4.676       0.4327
       4.691       0.4143
       4.698       0.3959
       4.706       0.3591
       4.713       0.2854
       4.721       0.2118
       4.728       0.1197
       4.736      0.06445
       4.736     -0.02762
       4.744     -0.08286
       4.751      -0.1565
       4.759      -0.2118
       4.766      -0.2486
       4.774      -0.2854
       4.781      -0.3223
       4.789      -0.3407
       4.804      -0.3223
       4.812       -0.267
       4.819      -0.1749
       4.827     -0.08286
       4.834      0.02762
       4.842       0.1565
       4.849       0.2854
       4.857       0.3959
       4.864        0.488
        4.88       0.5064
       4.887       0.4512
       4.895       0.3959
       4.902       0.3038
        4.91       0.2118
       4.917       0.1013
       4.925     -0.04604
       4.932      -0.1565
        4.94       -0.267
       4.948      -0.3775
       4.955      -0.4327
       4.963       -0.488
       4.978      -0.5064
       4.985       -0.488
       4.993      -0.4327
       5.001      -0.3775
       5.008      -0.2854
       5.016      -0.1749
       5.023     -0.08286
       5.031      0.02762
       5.038       0.1197
       5.046       0.2486
       5.053       0.3407
       5.061       0.4327
       5.069        0.488
       5.076       0.5248
       5.084        0.488
       5.091       0.4512
       5.099       0.3775
       5.106        0.267
       5.114       0.1934
       5.121       0.1197
       5.129      0.08286
       5.137      0.06445
       5.144     0.009207
       5.152     -0.02762
       5.159     -0.06445
       5.167     -0.08286
       5.182     -0.08286
       5.189     -0.08286
       5.205      -0.1381
       5.212      -0.1565
       5.227     -0.08286
       5.235      0.06445
       5.235    -0.009207
       5.242       0.1197
        5.25       0.1934
       5.258       0.2486
       5.265       0.2302
       5.273       0.1934
        5.28       0.1197
       5.288      0.06445
       5.288     0.009207
       5.295    -0.009207
       5.303     -0.06445
        5.31     -0.08286
       5.326      -0.1013
       5.333     -0.08286
       5.348     -0.08286
       5.356     -0.08286
       5.371      -0.1197
       5.378      -0.1381
       5.394      -0.1197
       5.401     -0.08286
       5.409     -0.02762
       5.424      0.06445
       5.431       0.1197
       5.439       0.1749
       5.446       0.2118
       5.462       0.2302
       5.469       0.2486
       5.484       0.2854
       5.492       0.2486
       5.499       0.1749
       5.507       0.1013
       5.515    -0.009207
       5.522     -0.06445
        5.53      -0.1197
       5.537      -0.1565
       5.545      -0.2118
       5.552      -0.2486
       5.567      -0.2854
       5.575       -0.267
       5.583      -0.2118
        5.59      -0.1565
       5.598     -0.08286
       5.605    -0.009207
       5.613      0.06445
        5.62       0.1013
       5.635       0.1749
       5.643       0.1934
       5.651       0.2118
       5.658       0.2486
       5.666       0.2854
       5.681       0.3038
       5.688        0.267
       5.696       0.2302
       5.703       0.1749
       5.711       0.1013
       5.719      0.02762
       5.726     -0.06445
       5.734      -0.1565
       5.741      -0.2118
       5.749       -0.267
       5.756      -0.3038
       5.764      -0.2854
       5.772      -0.2486
       5.779      -0.1934
       5.787      -0.1381
       5.794      -0.1013
       5.802     -0.06445
       5.817     -0.06445
       5.824     -0.08286
       5.832     -0.08286
       5.847    -0.009207
       5.855      0.08286
       5.862       0.1197
       5.877       0.1565
       5.885       0.1381
         5.9       0.1381
       5.908       0.1381
       5.923      0.08286
       5.938      0.02762
       5.945    -0.009207
       5.953     -0.06445
        5.96      -0.1197
       5.968      -0.1749
       5.976      -0.1934
       5.983      -0.1934
       5.991      -0.1749
       5.998      -0.1381
       6.006      -0.1013
       6.013     -0.04604
       6.021     -0.02762
       6.036      0.06445
       6.044      0.08286
       6.059       0.1013
       6.066       0.1013
       6.081      0.08286
       6.097      0.04604
       6.104     0.009207
       6.119     -0.04604
       6.134      -0.1013
       6.142      -0.1197
       6.157     -0.08286
       6.165     -0.06445
       6.172    -0.009207
        6.18      0.08286
       6.187       0.1565
       6.195        0.267
       6.202       0.3591
        6.21       0.4327
       6.217        0.488
       6.233        0.488
        6.24       0.4327
       6.248       0.3407
       6.255       0.2302
       6.263       0.1197
        6.27      0.06445
        6.27    -0.009207
       6.278     -0.04604
       6.285      -0.1013
       6.293      -0.1381
       6.301      -0.1934
       6.308      -0.2486
       6.316      -0.2854
       6.323      -0.3038
       6.338      -0.2854
       6.346      -0.2118
       6.354      -0.1565
       6.361     -0.06445
       6.369      0.06445
       6.369    -0.009207
       6.376       0.1013
       6.384       0.1749
       6.391       0.2486
       6.399       0.3038
       6.406       0.3775
       6.414       0.4327
       6.422       0.4696
       6.437       0.4143
       6.444       0.3775
       6.452       0.3038
       6.459       0.2118
       6.467       0.1197
       6.467     0.009207
       6.474     -0.06445
       6.482      -0.2118
        6.49      -0.3407
       6.497      -0.4327
       6.505      -0.4696
        6.52      -0.4327
       6.527      -0.3775
       6.535      -0.3223
       6.542      -0.2486
        6.55      -0.1934
       6.558      -0.1013
       6.565      0.04604
       6.565     -0.02762
       6.573       0.1013
        6.58       0.1749
       6.588       0.2302
       6.595        0.267
       6.603        0.267
       6.618       0.2302
       6.626       0.1934
       6.633       0.1749
       6.648       0.1013
       6.656      0.06445
       6.663      0.02762
       6.679     -0.02762
       6.686     -0.06445
       6.694      -0.1013
       6.701      -0.1381
       6.716      -0.1749
       6.724      -0.1565
       6.731      -0.1197
       6.739     -0.08286
       6.747     -0.04604
       6.754     0.009207
       6.777     0.009207
       6.784    -0.009207
       6.792     -0.04604
       6.799     -0.06445
       6.815     -0.08286
       6.822     -0.06445
       6.837    -0.009207
       6.845     0.009207
       6.852      0.06445
        6.86       0.1013
       6.868       0.1197
       6.883       0.1197
        6.89       0.1197
       6.905       0.1381
       6.913       0.1565
        6.92       0.2118
       6.928       0.2486
       6.936       0.3038
       6.943       0.3223
       6.951       0.3591
       6.958       0.3959
       6.973       0.3959
       6.981       0.2854
       6.988       0.1381
       6.996      0.06445
       6.996     -0.06445
       7.004      -0.1749
       7.011       -0.267
       7.019      -0.3038
       7.026      -0.3038
       7.041      -0.2854
       7.049       -0.267
       7.056      -0.2302
       7.064      -0.1565
       7.072     -0.08286
       7.079    -0.009207
       7.087      0.02762
       7.102       0.1013
       7.109       0.1565
       7.117       0.2118
       7.125        0.267
       7.132       0.3038
       7.147       0.3038
       7.155       0.3038
       7.162       0.2854
        7.17       0.2486
       7.177       0.1749
       7.185       0.1197
       7.193      0.06445
         7.2     0.009207
       7.208     -0.02762
       7.215     -0.06445
       7.223      -0.1381
        7.23      -0.2118
       7.238       -0.267
       7.253      -0.3038
       7.261       -0.267
       7.268      -0.2486
       7.283      -0.2118
       7.291      -0.1934
       7.306      -0.1749
       7.313      -0.1381
       7.321     -0.06445
       7.329    -0.009207
       7.336      0.02762
       7.351      0.06445
       7.359      0.02762
       7.374    -0.009207
       7.382     0.009207
       7.389      0.02762
       7.404      0.08286
       7.412      0.08286
       7.419       0.1013
       7.434       0.1013
       7.442      0.06445
        7.45     0.009207
       7.457    -0.009207
       7.465     0.009207
       7.472      0.04604
        7.48       0.1013
       7.487       0.1565
       7.495       0.2118
        7.51       0.2118
       7.518       0.1934
       7.525       0.1565
       7.533       0.1381
       7.548       0.1013
       7.555       0.1197
       7.563       0.1381
       7.578       0.1197
       7.586      0.08286
       7.601     0.009207
       7.608     -0.02762
       7.616     -0.08286
       7.623      -0.1381
       7.638      -0.1381
       7.646      -0.1013
       7.661     -0.06445
       7.669     -0.06445
       7.684     -0.06445
       7.691      -0.1197
       7.699      -0.1565
       7.707      -0.1934
       7.714      -0.2302
       7.722      -0.2302
       7.737      -0.1934
       7.744      -0.1381
       7.752     -0.06445
       7.759      0.02762
       7.767       0.1013
       7.775       0.1749
       7.782       0.2486
        7.79       0.3223
       7.797       0.3775
       7.805       0.3959
       7.812       0.3959
        7.82       0.3407
       7.827       0.2854
       7.835       0.2118
       7.843       0.1565
        7.85       0.1013
       7.858      0.04604
       7.858    -0.009207
       7.865     -0.08286
       7.873      -0.1565
        7.88      -0.2302
       7.888      -0.2854
       7.895      -0.3407
       7.903      -0.3959
       7.911      -0.4143
       7.926      -0.4327
       7.933      -0.3959
       7.941      -0.3407
       7.948      -0.2854
       7.956      -0.2302
       7.964      -0.1749
       7.971      -0.1381
       7.979     -0.08286
       7.986      0.06445
       7.986    -0.009207
       7.994       0.1013
       8.001       0.1934
       8.009        0.267
       8.016       0.3223
       8.024       0.3591
       8.032       0.4143
       8.039       0.4327
       8.054       0.3959
       8.062       0.3223
       8.069       0.2302
       8.077       0.1565
       8.084      0.08286
       8.092      0.02762
         8.1     0.009207
       8.115     -0.02762
       8.122     -0.04604
       8.137     -0.04604
       8.145     -0.04604
        8.16     -0.04604
       8.175      -0.1013
       8.183      -0.1381
        8.19      -0.1197
       8.198     -0.08286
       8.205     -0.02762
       8.213      0.08286
       8.221       0.1749
       8.228        0.267
       8.236       0.3591
       8.243       0.4143
       8.251       0.3959
       8.258       0.3407
       8.266       0.3038
       8.273        0.267
       8.281       0.2302
       8.289       0.1934
       8.296       0.1565
       8.304       0.1381
       8.319       0.1197
       8.326       0.1381
       8.341       0.1013
       8.349      0.06445
       8.357     0.009207
       8.364     -0.02762
       8.372     -0.08286
       8.387      -0.1381
       8.394      -0.1565
       8.409      -0.1749
       8.417      -0.1749
       8.425      -0.1565
        8.44      -0.1013
       8.447     -0.04604
       8.455    -0.009207
       8.462     -0.02762
       8.478     -0.08286
       8.485      -0.1013
       8.493     -0.08286
       8.508     -0.04604
       8.515    -0.009207
       8.523      0.02762
        8.53      0.06445
       8.538       0.1197
       8.553       0.1565
       8.561       0.1565
       8.576       0.1565
       8.583       0.1749
       8.598       0.1197
       8.606      0.08286
       8.614     -0.02762
       8.621      -0.1197
       8.629      -0.2118
       8.636      -0.3038
       8.644      -0.3591
       8.651      -0.3775
       8.666      -0.3038
       8.674      -0.2302
       8.682      -0.1565
       8.689     -0.06445
       8.697      0.04604
       8.697    -0.009207
       8.704      0.08286
       8.712       0.1749
       8.719       0.2486
       8.727       0.3038
       8.742       0.3407
        8.75       0.3223
       8.757       0.2854
       8.765       0.2486
       8.772       0.2118
       8.787       0.1934
       8.795       0.1749
       8.803       0.1381
        8.81      0.08286
       8.818    -0.009207
       8.825     -0.04604
       8.833     -0.06445
       8.848      -0.1013
       8.855      -0.1197
       8.863      -0.1197
       8.878      -0.1013
       8.886     -0.06445
       8.893    -0.009207
       8.901      0.06445
       8.901     0.009207
       8.908      0.08286
       8.923       0.1013
       8.931       0.1013
       8.939       0.1197
       8.954       0.1565
       8.969       0.1381
       8.976       0.1381
