     0.01181     -0.03581
     0.01937     -0.01705
     0.04205      0.03922
      0.0496      0.03922
     0.06472      0.03922
     0.07228      0.03922
      0.0874      0.02046
     0.09496     0.001705
      0.1025     0.001705
      0.1176     -0.03581
      0.1252     -0.03581
      0.1403     -0.03581
      0.1554     -0.01705
      0.1705     -0.01705
      0.1781     -0.01705
      0.1932     0.001705
      0.2008     0.001705
      0.2159     0.001705
      0.2235     0.001705
       0.231     0.001705
      0.2461      0.02046
      0.2537      0.03922
      0.2688      0.07673
      0.2764      0.09548
      0.2839       0.1142
       0.299        0.133
      0.3066        0.133
      0.3217       0.1517
      0.3368       0.1517
      0.3444       0.1517
       0.352       0.1517
      0.3671        0.133
      0.3746       0.1142
      0.3897       0.1142
      0.4049      0.09548
      0.4124      0.07673
      0.4275      0.07673
      0.4427      0.05797
      0.4502      0.05797
      0.4653      0.03922
      0.4729      0.03922
       0.488      0.03922
      0.5031     -0.01705
      0.5107     -0.03581
      0.5258     -0.07332
      0.5334     -0.09207
       0.556     -0.09207
      0.5712     -0.07332
      0.5787     -0.05456
      0.5938     -0.03581
      0.6014     -0.03581
      0.6089     -0.01705
      0.6241     0.001705
      0.6316     0.001705
      0.6392      0.02046
      0.6543      0.02046
      0.6619      0.02046
       0.677     0.001705
      0.6845     0.001705
      0.6996     0.001705
      0.7072     0.001705
      0.7223     0.001705
      0.7299     0.001705
       0.745     -0.01705
      0.7526     -0.01705
      0.7677     -0.01705
      0.7828     -0.03581
      0.7904     -0.05456
      0.8055     -0.05456
      0.8206     -0.09207
      0.8281     -0.09207
      0.8433      -0.1108
      0.8508      -0.1108
      0.8659     -0.07332
      0.8811     -0.01705
      0.8886      0.02046
      0.8962      0.05797
      0.9113      0.09548
      0.9188      0.07673
       0.934      0.09548
      0.9491       0.1142
      0.9566       0.1142
      0.9718      0.07673
      0.9793      0.07673
      0.9944      0.05797
       1.002      0.05797
       1.017      0.07673
       1.032      0.07673
        1.04      0.07673
       1.055      0.05797
       1.062      0.03922
       1.078     -0.01705
       1.085     -0.01705
         1.1     -0.05456
       1.108     -0.05456
       1.123     -0.09207
        1.13     -0.09207
       1.138     -0.07332
       1.153     -0.05456
       1.161     -0.05456
       1.176     -0.03581
       1.191     -0.01705
       1.199     0.001705
       1.214      0.03922
       1.221      0.03922
       1.229      0.03922
       1.244     0.001705
       1.251     -0.01705
       1.267     -0.03581
       1.274     -0.03581
       1.289     -0.01705
       1.304     0.001705
       1.312     0.001705
       1.327      0.03922
        1.35      0.05797
       1.357      0.07673
       1.372      0.07673
        1.38      0.09548
       1.395      0.09548
       1.403       0.1142
       1.418       0.1142
       1.425       0.1142
        1.44      0.09548
       1.448      0.07673
       1.463      0.02046
       1.478     -0.01705
       1.486     -0.03581
       1.501     -0.03581
       1.516     -0.03581
       1.524     -0.01705
       1.539     0.001705
       1.546      0.02046
       1.561      0.03922
       1.569      0.03922
       1.576      0.05797
       1.592      0.05797
       1.599      0.05797
       1.614      0.05797
       1.629      0.02046
       1.637     0.001705
       1.652     -0.03581
        1.66     -0.05456
       1.667     -0.05456
       1.682     -0.07332
        1.69     -0.05456
       1.705     -0.05456
       1.713     -0.05456
        1.72     -0.03581
       1.735     -0.01705
       1.743     -0.01705
       1.758      0.02046
       1.765      0.03922
       1.781      0.03922
       1.788      0.02046
       1.803      0.02046
       1.811      0.02046
       1.818      0.03922
       1.833      0.05797
       1.841      0.05797
       1.856      0.05797
       1.864      0.07673
       1.879      0.07673
       1.886      0.07673
       1.901      0.03922
       1.909     0.001705
       1.917     -0.03581
       1.924     -0.07332
       1.932     -0.09207
       1.947     -0.09207
       1.954     -0.07332
        1.97     -0.05456
       1.977     -0.03581
       1.992     -0.03581
       2.007     -0.03581
       2.015     -0.01705
        2.03      0.02046
       2.038      0.02046
       2.053      0.03922
        2.06      0.03922
       2.068      0.05797
       2.083      0.09548
        2.09      0.09548
       2.106      0.07673
       2.113      0.05797
       2.121      0.07673
       2.136      0.09548
       2.143      0.09548
       2.151       0.1142
       2.166        0.133
       2.174        0.133
       2.181        0.133
       2.196      0.09548
       2.204      0.07673
       2.219      0.03922
       2.226      0.03922
       2.234      0.03922
       2.249     0.001705
       2.257     -0.01705
       2.272     -0.01705
       2.287     -0.03581
       2.295     -0.01705
        2.31     0.001705
       2.317     0.001705
       2.332     -0.01705
       2.347     -0.03581
       2.355     -0.01705
        2.37     -0.01705
       2.378     -0.01705
       2.393     -0.01705
         2.4     0.001705
       2.415     0.001705
       2.423     0.001705
       2.438     0.001705
       2.446     0.001705
       2.461     -0.03581
       2.468     -0.03581
       2.483     -0.03581
       2.499     -0.03581
       2.506     -0.03581
       2.521     -0.01705
       2.529     0.001705
       2.536      0.02046
       2.552      0.02046
       2.559     0.001705
       2.574     -0.01705
       2.582     -0.01705
       2.597     -0.03581
       2.604     -0.01705
       2.612     0.001705
       2.627      0.02046
       2.635      0.02046
        2.65      0.02046
       2.665      0.02046
       2.672      0.02046
       2.688      0.02046
       2.695      0.03922
       2.703      0.05797
       2.718      0.05797
       2.725      0.05797
        2.74      0.05797
       2.748      0.05797
       2.763      0.07673
       2.771      0.07673
       2.786      0.05797
       2.801      0.05797
       2.816      0.05797
       2.824      0.05797
       2.831      0.05797
       2.846      0.03922
       2.854      0.03922
       2.869     0.001705
       2.877     -0.01705
       2.892     -0.05456
       2.899     -0.07332
       2.907     -0.07332
       2.922     -0.09207
       2.929     -0.09207
       2.952     -0.03581
       2.967     -0.03581
       2.975     -0.03581
       2.982     -0.01705
       2.997     -0.01705
       3.005     0.001705
        3.02     -0.01705
       3.028     -0.01705
       3.035     -0.01705
        3.05     -0.01705
       3.058     0.001705
       3.073      0.03922
       3.081      0.07673
       3.096       0.1142
       3.103        0.133
       3.118       0.1517
       3.126       0.1517
       3.149       0.1142
       3.156       0.1142
       3.171      0.07673
       3.179      0.05797
       3.194     0.001705
       3.202     0.001705
       3.217     -0.01705
       3.224     0.001705
       3.239     -0.01705
       3.247     -0.01705
       3.262     -0.05456
        3.27     -0.07332
       3.277     -0.05456
       3.292     -0.05456
         3.3     -0.03581
       3.315     -0.03581
       3.323     -0.03581
       3.338     -0.05456
       3.345     -0.05456
        3.36     -0.07332
       3.368     -0.07332
       3.375     -0.05456
       3.391     -0.03581
       3.398     -0.01705
       3.413     0.001705
       3.421     0.001705
       3.436      0.02046
       3.443      0.02046
       3.459      0.02046
       3.466      0.03922
       3.481      0.03922
       3.489      0.03922
       3.496      0.05797
       3.511      0.07673
       3.519      0.07673
       3.527      0.09548
       3.549      0.09548
       3.557      0.07673
       3.564      0.07673
       3.572      0.03922
       3.579      0.02046
       3.595     0.001705
       3.602     0.001705
       3.617     0.001705
       3.625      0.02046
        3.64      0.05797
       3.648      0.05797
       3.663      0.05797
        3.67      0.07673
       3.685      0.07673
       3.693      0.05797
       3.708      0.03922
       3.723     0.001705
       3.731     -0.01705
       3.746     -0.03581
       3.761     -0.05456
       3.768     -0.05456
       3.776     -0.03581
       3.791     -0.01705
       3.799     -0.01705
       3.806     0.001705
       3.821      0.02046
       3.829      0.03922
       3.836      0.05797
       3.852      0.05797
       3.859      0.07673
       3.874      0.09548
       3.882      0.09548
       3.897      0.07673
       3.905      0.07673
        3.92      0.03922
       3.927      0.02046
       3.942     -0.01705
        3.95     -0.01705
       3.965     -0.01705
       3.973     0.001705
       3.988      0.03922
       3.995      0.03922
        4.01      0.03922
       4.018      0.03922
       4.033      0.02046
       4.041     0.001705
       4.056     -0.03581
       4.063     -0.07332
       4.078     -0.09207
       4.086     -0.09207
       4.101     -0.09207
       4.109     -0.09207
       4.124     -0.09207
       4.131     -0.07332
       4.146     -0.01705
       4.154     0.001705
       4.169     0.001705
       4.177     0.001705
       4.192     0.001705
       4.199     0.001705
       4.214     -0.01705
       4.222     -0.01705
       4.237     -0.01705
       4.245     0.001705
        4.26     0.001705
       4.267      0.02046
       4.282      0.05797
        4.29      0.07673
       4.298      0.09548
       4.313      0.09548
        4.32      0.09548
       4.328       0.1142
       4.343      0.09548
        4.35      0.07673
       4.358      0.07673
       4.373      0.05797
       4.381      0.03922
       4.396     0.001705
       4.403     -0.01705
       4.411     -0.01705
       4.426     -0.03581
       4.434     -0.03581
       4.441     -0.03581
       4.456     -0.05456
       4.464     -0.07332
       4.479     -0.07332
       4.494     -0.05456
       4.502     -0.03581
       4.517     -0.01705
       4.524     -0.01705
       4.532     0.001705
       4.547      0.02046
       4.555      0.03922
       4.562      0.05797
       4.577      0.07673
       4.585      0.07673
         4.6      0.07673
       4.615      0.05797
       4.623      0.05797
       4.638      0.03922
       4.645      0.03922
        4.66      0.02046
       4.668      0.02046
       4.683     0.001705
       4.691     0.001705
       4.706     -0.03581
       4.713     -0.03581
       4.721     -0.01705
       4.736     0.001705
       4.744     0.001705
       4.759     0.001705
       4.766      0.02046
       4.781      0.02046
       4.789      0.02046
       4.804     0.001705
       4.812     0.001705
       4.827     0.001705
       4.834     0.001705
       4.842      0.02046
       4.857      0.03922
       4.864      0.05797
        4.88      0.09548
       4.887       0.1142
       4.902       0.1142
        4.91       0.1142
       4.925      0.07673
       4.932      0.07673
       4.948      0.05797
       4.955      0.05797
       4.963      0.07673
       4.978      0.05797
       4.985      0.05797
       5.001      0.05797
       5.016      0.03922
       5.023      0.03922
       5.031      0.03922
       5.046      0.03922
       5.053      0.03922
       5.061      0.03922
       5.069     0.001705
       5.076     -0.01705
       5.091     -0.07332
       5.099     -0.07332
       5.114     -0.07332
       5.121     -0.05456
       5.137     -0.03581
       5.144     -0.01705
       5.152     -0.01705
       5.167     -0.03581
       5.174     -0.03581
       5.189     -0.03581
       5.197     -0.01705
       5.205     0.001705
        5.22     0.001705
       5.227     0.001705
       5.235     0.001705
        5.25     -0.01705
       5.258     -0.01705
       5.273      0.02046
       5.288      0.03922
       5.295      0.03922
       5.303      0.03922
       5.318     0.001705
       5.326     -0.01705
       5.348     -0.03581
       5.356     -0.03581
       5.371     -0.03581
       5.378     -0.03581
       5.394     -0.01705
       5.401     0.001705
       5.416      0.03922
       5.424      0.05797
       5.439      0.05797
       5.446      0.07673
       5.462      0.07673
       5.469      0.09548
       5.477      0.09548
       5.492      0.07673
       5.499      0.07673
       5.507      0.07673
       5.522      0.05797
        5.53      0.03922
       5.545      0.05797
        5.56      0.05797
       5.567      0.05797
       5.583      0.05797
       5.598      0.02046
       5.605     0.001705
        5.62     -0.03581
       5.628     -0.05456
       5.643     -0.09207
       5.651     -0.09207
       5.666      -0.1108
       5.673      -0.1108
       5.688      -0.1108
       5.696     -0.09207
       5.711     -0.07332
       5.719     -0.05456
       5.734     -0.07332
       5.741     -0.05456
       5.756     -0.03581
       5.764     -0.01705
       5.779     0.001705
       5.787     0.001705
       5.802      0.02046
       5.817      0.05797
       5.824      0.07673
        5.84      0.09548
       5.847       0.1142
       5.862       0.1517
       5.877       0.1517
       5.885       0.1517
         5.9       0.1142
       5.908      0.09548
       5.915      0.07673
        5.93      0.03922
       5.938      0.02046
       5.953     0.001705
        5.96     0.001705
       5.976     -0.01705
       5.983     -0.01705
       5.998     0.001705
       6.013      0.02046
       6.021      0.02046
       6.036     0.001705
       6.044     -0.01705
       6.059     -0.03581
       6.066     -0.03581
       6.081     -0.05456
       6.089     -0.05456
       6.104     -0.03581
       6.119     -0.03581
       6.127     -0.01705
       6.142     0.001705
       6.149      0.02046
       6.165      0.03922
       6.172      0.03922
       6.187      0.03922
       6.195      0.03922
        6.21      0.03922
       6.217      0.03922
       6.233      0.03922
       6.248     0.001705
       6.255     -0.01705
        6.27     -0.01705
       6.278     -0.01705
       6.293     -0.03581
       6.301     -0.03581
       6.308     -0.01705
       6.323     -0.01705
       6.331     0.001705
       6.346      0.02046
       6.354      0.03922
       6.361      0.05797
       6.376      0.09548
       6.384       0.1142
       6.399       0.1142
       6.406       0.1142
       6.422       0.1142
       6.429       0.1142
       6.444      0.05797
       6.459     0.001705
       6.467     0.001705
       6.482     -0.01705
        6.49     -0.01705
       6.497     -0.01705
       6.512     -0.01705
        6.52     -0.01705
       6.535     -0.01705
       6.542     -0.01705
        6.55     0.001705
       6.565     -0.01705
       6.573     -0.01705
        6.58     -0.01705
       6.595     -0.03581
       6.603     -0.03581
       6.611     -0.01705
       6.626     0.001705
       6.633     0.001705
       6.648      0.02046
       6.656     0.001705
       6.671     0.001705
       6.679     0.001705
       6.694     -0.01705
       6.701     -0.03581
       6.709     -0.03581
       6.724     -0.05456
       6.731     -0.07332
       6.747     -0.09207
       6.754     -0.07332
       6.769     -0.05456
       6.777     -0.05456
       6.792     -0.03581
       6.807     0.001705
       6.815      0.03922
        6.83      0.07673
       6.837      0.09548
       6.852       0.1142
        6.86       0.1142
       6.875       0.1142
       6.883       0.1142
        6.89        0.133
       6.905        0.133
       6.913       0.1517
       6.928       0.1517
       6.943       0.1705
       6.958       0.1705
       6.966        0.133
       6.973      0.09548
       6.981      0.05797
       6.988      0.02046
       7.004     -0.03581
       7.011     -0.05456
       7.026     -0.09207
       7.034      -0.1108
       7.049      -0.1108
       7.056     -0.09207
       7.072     -0.07332
       7.079     -0.05456
       7.094     -0.03581
       7.102     -0.01705
       7.117     -0.03581
       7.125     -0.05456
        7.14     -0.07332
       7.147     -0.07332
       7.155     -0.07332
        7.17     -0.09207
       7.177     -0.07332
       7.193     -0.03581
         7.2     -0.01705
       7.215     0.001705
       7.223      0.02046
       7.238      0.05797
       7.245      0.07673
       7.261      0.09548
       7.268      0.09548
       7.283      0.07673
       7.291      0.07673
       7.306      0.07673
       7.313      0.07673
       7.329      0.09548
       7.344      0.07673
       7.351      0.07673
       7.359      0.07673
       7.374      0.03922
       7.382      0.02046
       7.397     -0.01705
       7.404     -0.01705
       7.412     -0.01705
       7.427     -0.01705
       7.434     -0.01705
        7.45     -0.01705
       7.457     -0.01705
       7.465     0.001705
        7.48     0.001705
       7.487     0.001705
       7.502     0.001705
        7.51     0.001705
       7.525     -0.03581
       7.533     -0.05456
       7.548     -0.03581
       7.563     -0.01705
        7.57     0.001705
       7.586      0.02046
       7.593      0.02046
       7.608      0.02046
       7.616      0.03922
       7.623      0.05797
       7.638      0.07673
       7.646      0.07673
       7.654      0.07673
       7.669      0.03922
       7.676      0.02046
       7.691     -0.01705
       7.699     -0.01705
       7.714     -0.03581
       7.722     -0.01705
       7.737     -0.01705
       7.744      0.02046
       7.752      0.05797
       7.759      0.07673
       7.775       0.1142
       7.782       0.1142
       7.797      0.09548
       7.805      0.09548
       7.812      0.05797
        7.82      0.02046
       7.827     -0.01705
       7.835     -0.03581
        7.85     -0.05456
       7.858     -0.05456
       7.873     -0.03581
        7.88     -0.01705
       7.895     0.001705
       7.903      0.03922
       7.918      0.05797
       7.926      0.05797
       7.941      0.05797
       7.948      0.05797
       7.964      0.07673
       7.979      0.07673
       7.986      0.05797
       8.001      0.05797
       8.016      0.02046
       8.024     0.001705
       8.039     -0.03581
       8.047     -0.03581
       8.062     -0.03581
       8.069     -0.03581
       8.084     0.001705
         8.1      0.03922
       8.107      0.03922
       8.122      0.03922
       8.137     0.001705
       8.145     0.001705
       8.152     0.001705
       8.168     -0.01705
       8.175     -0.03581
       8.183     -0.03581
       8.198     -0.05456
       8.205     -0.05456
       8.213     -0.03581
       8.228     -0.01705
       8.236     -0.01705
       8.251     -0.01705
       8.258     -0.01705
       8.273     -0.03581
       8.281     -0.03581
       8.296     -0.05456
       8.304     -0.07332
       8.311     -0.05456
       8.326     -0.03581
       8.334     -0.01705
       8.341      0.02046
       8.357      0.07673
       8.364      0.09548
       8.379        0.133
       8.387        0.133
       8.394       0.1517
       8.409        0.133
       8.417       0.1142
       8.432      0.07673
        8.44      0.07673
       8.455      0.03922
       8.462      0.02046
       8.478     -0.01705
       8.485     -0.01705
         8.5     -0.01705
       8.508     -0.01705
       8.523     0.001705
        8.53     0.001705
       8.546     0.001705
       8.553     0.001705
       8.568     0.001705
       8.576     0.001705
       8.583     0.001705
       8.598     -0.01705
       8.606     -0.03581
       8.621     -0.03581
       8.629     -0.01705
       8.636     0.001705
       8.651      0.03922
       8.659      0.05797
       8.674      0.07673
       8.682      0.07673
       8.697      0.09548
       8.704      0.09548
       8.712      0.09548
       8.727      0.07673
       8.735      0.05797
       8.742      0.05797
       8.757      0.03922
       8.765      0.02046
        8.78     -0.01705
       8.787     -0.01705
       8.803     -0.05456
        8.81     -0.05456
       8.818     -0.05456
       8.833     -0.05456
        8.84     -0.07332
       8.855     -0.07332
       8.863     -0.07332
       8.878     -0.03581
       8.893     -0.01705
       8.901     -0.01705
       8.916     0.001705
       8.923      0.02046
       8.939      0.05797
       8.946      0.07673
       8.969      0.09548
       8.976      0.07673
