     0.01181       0.1688
     0.01937       0.2425
     0.02693       0.2793
     0.04205       0.2056
      0.0496        0.132
     0.05716       0.0399
     0.06472     -0.05217
     0.07228      -0.1442
     0.07984      -0.1995
      0.0874      -0.2179
      0.1025      -0.2179
      0.1101      -0.1995
      0.1252      -0.1811
      0.1327      -0.1811
      0.1403      -0.1627
      0.1554      -0.1442
       0.163      -0.1258
      0.1781       -0.089
      0.1857     -0.07059
      0.1932     -0.07059
      0.2083      -0.1258
      0.2235      -0.1627
       0.231      -0.1811
      0.2386      -0.1811
      0.2537      -0.1627
      0.2612      -0.1442
      0.2688       -0.089
      0.2764     -0.03376
      0.2839      0.02148
       0.299      0.05831
      0.3066      0.07673
      0.3217      0.09514
      0.3293      0.09514
      0.3444      0.09514
       0.352       0.1136
      0.3595        0.132
      0.3746       0.1504
      0.3822       0.1688
      0.3973       0.2056
      0.4049        0.224
        0.42       0.2425
      0.4275       0.2425
      0.4427       0.2793
      0.4502       0.2977
      0.4653       0.2609
      0.4729        0.224
      0.4804       0.1872
       0.488        0.132
      0.4956      0.05831
      0.5031     -0.03376
      0.5107      -0.1074
      0.5182      -0.1627
      0.5258      -0.2363
      0.5334      -0.2916
      0.5409      -0.3468
      0.5485      -0.3652
       0.556      -0.3468
      0.5712      -0.2916
      0.5787      -0.2547
      0.5863      -0.2179
      0.5938      -0.1995
      0.6014      -0.1627
      0.6089      -0.1258
      0.6165       -0.089
      0.6241     -0.05217
      0.6392     0.003069
      0.6467     0.003069
      0.6619     -0.03376
      0.6694     -0.05217
      0.6845     -0.07059
      0.6996       -0.089
      0.7072       -0.089
      0.7148     -0.05217
      0.7299     0.003069
      0.7374     0.003069
      0.7526     0.003069
      0.7601     0.003069
      0.7752     0.003069
      0.7828      0.02148
      0.7904       0.0399
      0.8055       0.0399
       0.813      0.02148
      0.8206      0.02148
      0.8357     0.003069
      0.8433      0.02148
      0.8508       0.0399
      0.8584      0.09514
      0.8659       0.1688
      0.8735       0.2425
      0.8811       0.2977
      0.8886       0.2977
      0.8962       0.2609
      0.9037       0.1872
      0.9113        0.132
      0.9188      0.09514
       0.934      0.07673
      0.9415      0.07673
      0.9566      0.07673
      0.9718       0.0399
      0.9793     0.003069
      0.9944     -0.01535
       1.002     -0.03376
       1.017     -0.03376
       1.032     -0.05217
        1.04       -0.089
       1.047      -0.1258
       1.055      -0.1811
       1.062      -0.2363
       1.078      -0.2547
       1.085      -0.2179
         1.1      -0.1627
       1.108      -0.1442
       1.115      -0.1074
       1.123     -0.07059
        1.13     -0.03376
       1.138      0.02148
       1.146      0.05831
       1.153       0.1136
       1.161       0.1688
       1.168        0.224
       1.176       0.2609
       1.183       0.3161
       1.191       0.3529
       1.199       0.3898
       1.214       0.4082
       1.221       0.4082
       1.236       0.3529
       1.244       0.3161
       1.251       0.2793
       1.259        0.224
       1.267       0.2056
       1.289       0.1504
       1.297       0.1504
       1.312       0.1504
       1.319       0.1688
       1.335       0.1688
       1.342        0.132
        1.35      0.07673
       1.357      0.02148
       1.365     -0.03376
       1.372       -0.089
        1.38      -0.1442
       1.387      -0.1627
       1.395      -0.1995
       1.403      -0.2363
       1.418      -0.2916
       1.425      -0.3284
       1.433      -0.3652
        1.44       -0.402
       1.456      -0.4573
       1.471      -0.4389
       1.478      -0.4205
       1.486      -0.3468
       1.493      -0.2731
       1.501      -0.1995
       1.508      -0.1442
       1.516      -0.1074
       1.524     -0.07059
       1.531     -0.03376
       1.539     0.003069
       1.546      0.05831
       1.554      0.09514
       1.561       0.1504
       1.569       0.2056
       1.576       0.2425
       1.584       0.2793
       1.599       0.3161
       1.607       0.3161
       1.614       0.2977
       1.622       0.2609
       1.629       0.2056
       1.637       0.1504
       1.644       0.1136
       1.652      0.07673
        1.66       0.0399
       1.667      0.02148
       1.682     -0.03376
        1.69     -0.07059
       1.697      -0.1258
       1.705      -0.1627
        1.72      -0.1811
       1.728      -0.1627
       1.743      -0.1258
        1.75       -0.089
       1.758     -0.05217
       1.773     -0.01535
       1.788      0.02148
       1.796       0.0399
       1.811      0.02148
       1.818      0.02148
       1.833      0.02148
       1.841      0.05831
       1.856      0.09514
       1.864       0.1136
       1.879       0.1136
       1.886       0.1504
       1.894       0.1688
       1.901        0.224
       1.909       0.2793
       1.917       0.3161
       1.924       0.3529
       1.932       0.3898
       1.947       0.3345
       1.954       0.2793
       1.962        0.224
        1.97       0.1872
       1.977        0.132
       1.985      0.09514
       1.992       0.0399
           2     -0.01535
       2.007     -0.07059
       2.015      -0.1258
        2.03      -0.1442
       2.038       -0.089
       2.045     0.003069
       2.053      0.09514
        2.06       0.1504
       2.075        0.132
       2.083      0.09514
        2.09      0.02148
       2.098     -0.05217
       2.106      -0.1074
       2.113      -0.1627
       2.121      -0.1995
       2.136      -0.1995
       2.143      -0.1811
       2.158      -0.1627
       2.174      -0.1995
       2.189      -0.2179
       2.204      -0.1811
       2.211      -0.1627
       2.219      -0.1258
       2.226     -0.07059
       2.242     -0.03376
       2.249     -0.01535
       2.257     0.003069
       2.272     0.003069
       2.279     0.003069
       2.287     0.003069
       2.302     0.003069
        2.31      0.02148
       2.317      0.05831
       2.332       0.1136
        2.34       0.1872
       2.347       0.2425
       2.355       0.2793
        2.37       0.3161
       2.378       0.2977
       2.393       0.2793
       2.408       0.2425
       2.415        0.224
       2.423       0.1872
       2.431       0.1504
       2.438      0.09514
       2.446       0.0399
       2.453     0.003069
       2.461     -0.03376
       2.476     -0.01535
       2.483      0.02148
       2.491      0.05831
       2.499      0.07673
       2.514      0.05831
       2.521      0.05831
       2.536      0.05831
       2.544      0.05831
       2.559      0.05831
       2.567      0.05831
       2.582      0.07673
       2.597       0.0399
       2.604     -0.01535
       2.612     -0.07059
        2.62      -0.1627
       2.627      -0.2179
       2.635      -0.2731
       2.642      -0.3284
       2.657      -0.3652
       2.665      -0.3652
        2.68      -0.3284
       2.688      -0.2916
       2.703      -0.2179
        2.71      -0.1811
       2.718      -0.1442
       2.725      -0.1258
       2.733     -0.07059
        2.74     -0.03376
       2.748      0.02148
       2.756      0.07673
       2.763       0.1504
       2.771       0.2056
       2.778       0.2609
       2.786       0.2977
       2.801       0.2609
       2.809        0.224
       2.816       0.1872
       2.824       0.1504
       2.831       0.1136
       2.839      0.09514
       2.846      0.05831
       2.854       0.0399
       2.869       0.0399
       2.877      0.02148
       2.892     -0.01535
       2.907     -0.07059
       2.914       -0.089
       2.929       -0.089
       2.937     -0.05217
       2.945      0.02148
       2.952      0.09514
        2.96       0.1504
       2.975       0.1688
       2.982       0.1504
        2.99       0.1136
       2.997      0.05831
       3.005       0.0399
        3.02     -0.01535
       3.028     -0.01535
       3.043     -0.05217
        3.05     -0.07059
       3.066      -0.1074
       3.081      -0.1258
       3.096      -0.1074
       3.103       -0.089
       3.118       -0.089
       3.126      -0.1258
       3.134      -0.1627
       3.141      -0.1995
       3.149      -0.2363
       3.156      -0.2731
       3.171      -0.2731
       3.179      -0.2363
       3.186      -0.1811
       3.194      -0.1258
       3.202     -0.05217
       3.209     -0.01535
       3.224       0.0399
       3.232       0.0399
       3.247      0.07673
       3.262       0.1136
        3.27        0.132
       3.285        0.132
       3.292        0.132
         3.3       0.1504
       3.315        0.224
       3.323       0.2793
        3.33       0.3529
       3.338       0.4082
       3.353       0.4266
        3.36       0.4082
       3.368       0.3714
       3.375       0.3345
       3.383       0.2609
       3.391       0.1872
       3.398      0.09514
       3.406       0.0399
       3.413     -0.01535
       3.428     -0.05217
       3.436     -0.05217
       3.451     -0.01535
       3.459      0.02148
       3.466      0.05831
       3.474      0.07673
       3.489       0.1136
       3.496       0.1136
       3.504       0.1136
       3.511      0.07673
       3.519       0.0399
       3.527     -0.01535
       3.534     -0.07059
       3.549       -0.089
       3.557     -0.07059
       3.572     -0.05217
       3.579     -0.05217
       3.587     -0.05217
       3.602     -0.07059
        3.61       -0.089
       3.625      -0.1074
       3.632      -0.1258
        3.64      -0.1258
       3.648      -0.1627
       3.663      -0.2179
        3.67      -0.2363
       3.685      -0.2731
       3.693      -0.2363
         3.7      -0.1995
       3.708      -0.1442
       3.716       -0.089
       3.723     -0.03376
       3.731     0.003069
       3.738       0.0399
       3.746      0.05831
       3.753       0.1136
       3.761       0.1688
       3.768        0.224
       3.776       0.2609
       3.791        0.224
       3.799       0.1872
       3.806       0.1688
       3.821        0.132
       3.829      0.09514
       3.844       0.0399
       3.852     0.003069
       3.859     -0.03376
       3.882       -0.089
       3.889       -0.089
       3.905     -0.07059
       3.912     -0.07059
        3.92     -0.05217
       3.935     -0.05217
       3.942     -0.05217
       3.957     -0.07059
       3.965     -0.05217
       3.973     -0.03376
        3.98     0.003069
       3.988      0.05831
       4.003      0.07673
        4.01      0.05831
       4.025     0.003069
       4.033     0.003069
       4.048     0.003069
       4.056     0.003069
       4.071       0.0399
       4.086      0.02148
       4.101     0.003069
       4.116     -0.01535
       4.124     -0.03376
       4.131     -0.07059
       4.139      -0.1258
       4.146      -0.1627
       4.162      -0.1627
       4.169      -0.1442
       4.184      -0.1074
       4.192       -0.089
       4.207     -0.05217
       4.214     -0.03376
        4.23     0.003069
       4.237      0.02148
       4.252       0.0399
        4.26       0.0399
       4.267      0.05831
       4.282      0.07673
        4.29      0.07673
       4.305      0.07673
       4.313        0.132
        4.32       0.2056
       4.328       0.2793
       4.335       0.3161
        4.35       0.2977
       4.358       0.2793
       4.366       0.2793
       4.381       0.2977
       4.388       0.2977
       4.403       0.2977
       4.411       0.2793
       4.419       0.2609
       4.434       0.1872
       4.441       0.1504
       4.449      0.09514
       4.456       0.0399
       4.464     0.003069
       4.471     -0.01535
       4.487     -0.05217
       4.494       -0.089
       4.502      -0.1074
       4.517      -0.1442
       4.524      -0.1627
       4.532      -0.1442
       4.539      -0.1074
       4.555     -0.03376
       4.562     -0.01535
       4.577      0.02148
       4.585      0.05831
       4.592      0.09514
       4.607       0.1136
       4.615      0.09514
       4.623      0.07673
       4.638       0.0399
       4.645      0.02148
        4.66     -0.01535
       4.668     -0.03376
       4.683      -0.1074
       4.691      -0.1442
       4.706      -0.1627
       4.713      -0.1627
       4.721      -0.1442
       4.728      -0.1074
       4.736       -0.089
       4.751     -0.03376
       4.759     -0.03376
       4.774     -0.01535
       4.789     0.003069
       4.796     0.003069
       4.804      0.02148
       4.819      0.05831
       4.827      0.09514
       4.834       0.1136
       4.849       0.1688
       4.857       0.1872
        4.88        0.224
       4.887       0.2056
       4.895       0.1688
       4.902       0.1136
        4.91      0.07673
       4.925      0.02148
       4.932     -0.03376
        4.94     -0.07059
       4.948      -0.1074
       4.955      -0.1627
       4.963      -0.2179
       4.978      -0.2547
       4.985      -0.2363
       4.993      -0.1995
       5.001      -0.1442
       5.016      -0.1074
       5.023      -0.1258
       5.031      -0.1627
       5.038      -0.2363
       5.046      -0.2916
       5.053      -0.3468
       5.069      -0.3652
       5.076      -0.3468
       5.084      -0.2916
       5.091      -0.1995
       5.099      -0.1074
       5.106     -0.03376
       5.114      0.05831
       5.121       0.1136
       5.129       0.1504
       5.137       0.1872
       5.144        0.224
       5.152       0.2609
       5.167       0.2977
       5.174       0.3161
       5.189       0.3345
       5.197       0.3345
       5.212       0.3345
        5.22       0.3345
       5.227       0.3345
       5.242       0.2793
        5.25       0.2425
       5.258       0.2056
       5.265       0.1504
       5.273       0.1136
        5.28      0.09514
       5.295       0.1136
       5.303        0.132
        5.31       0.1688
       5.318       0.1688
       5.333        0.132
       5.341      0.09514
       5.348       0.0399
       5.356     -0.01535
       5.363     -0.07059
       5.371       -0.089
       5.386     -0.05217
       5.394     -0.03376
       5.409     -0.01535
       5.416     0.003069
       5.424       0.0399
       5.431      0.09514
       5.439        0.132
       5.446       0.1688
       5.462       0.2056
       5.469       0.2056
       5.477       0.1688
       5.484       0.1136
       5.492       0.0399
       5.499     -0.03376
       5.507      -0.1258
       5.515      -0.1811
       5.522      -0.2547
        5.53        -0.31
       5.545      -0.3468
       5.552      -0.3284
       5.567      -0.2916
       5.575      -0.2916
       5.583      -0.2916
       5.598      -0.2731
       5.605      -0.2547
       5.613      -0.1995
        5.62      -0.1442
       5.628       -0.089
       5.635     -0.01535
       5.643      0.02148
       5.651      0.05831
       5.658      0.09514
       5.673       0.1504
       5.681       0.1688
       5.696       0.1688
       5.711        0.132
       5.719      0.09514
       5.734      0.05831
       5.741      0.02148
       5.756     0.003069
       5.764     -0.01535
       5.779     -0.03376
       5.787     -0.03376
       5.794     -0.01535
       5.809     0.003069
       5.817      0.02148
       5.832      0.05831
        5.84      0.07673
       5.847      0.09514
       5.862       0.0399
        5.87     0.003069
       5.877     -0.03376
       5.892     -0.07059
         5.9       -0.089
       5.915      -0.1258
       5.923      -0.1442
        5.93      -0.1258
       5.938      -0.1074
       5.945     -0.07059
       5.953     -0.01535
        5.96       0.0399
       5.968      0.09514
       5.976       0.1504
       5.983       0.2056
       5.991       0.2609
       6.006       0.2793
       6.013       0.2425
       6.021       0.2056
       6.029       0.1688
       6.036       0.1136
       6.044      0.07673
       6.059       0.0399
       6.066      0.02148
       6.081     -0.03376
       6.089     -0.05217
       6.104     -0.07059
       6.119     -0.07059
       6.127     -0.03376
       6.134     -0.01535
       6.142       0.0399
       6.149      0.05831
       6.165      0.07673
       6.172      0.05831
       6.187     0.003069
       6.195     -0.01535
        6.21     -0.03376
       6.225     -0.07059
       6.233       -0.089
        6.24       -0.089
       6.255      -0.1074
       6.263       -0.089
        6.27     -0.05217
       6.278     0.003069
       6.285      0.07673
       6.293       0.1136
       6.308       0.1688
       6.316       0.1872
       6.331        0.224
       6.338        0.224
       6.354        0.224
       6.361       0.1688
       6.369       0.1136
       6.376      0.05831
       6.384     -0.03376
       6.391      -0.1074
       6.399      -0.1627
       6.406      -0.2179
       6.414      -0.2547
       6.422      -0.2731
       6.437      -0.2547
       6.444      -0.1811
       6.452      -0.1074
       6.459     0.003069
       6.467      0.07673
       6.474        0.132
       6.482       0.1688
       6.497       0.1688
       6.505       0.1688
        6.52       0.1688
       6.527       0.1504
       6.542      0.09514
        6.55      0.05831
       6.558      0.02148
       6.565     -0.01535
       6.573     -0.05217
        6.58      -0.1074
       6.588      -0.1442
       6.603      -0.1995
       6.611      -0.1995
       6.618      -0.1995
       6.633      -0.2179
       6.641      -0.1995
       6.656      -0.1627
       6.663      -0.1074
       6.671     -0.07059
       6.679     -0.03376
       6.686     -0.01535
       6.694      0.02148
       6.701      0.07673
       6.709        0.132
       6.716       0.2056
       6.724       0.2793
       6.731       0.3529
       6.739       0.3898
       6.747       0.4082
       6.754       0.4082
       6.762       0.3714
       6.769       0.3345
       6.777       0.2977
       6.784       0.2425
       6.792       0.1872
       6.799        0.132
       6.807      0.07673
       6.815       0.0399
       6.822     -0.01535
        6.83     -0.05217
       6.837       -0.089
       6.845      -0.1442
       6.852      -0.1811
       6.875      -0.2363
       6.883      -0.2179
        6.89      -0.1811
       6.898      -0.1627
       6.905      -0.1258
       6.913     -0.07059
        6.92     -0.03376
       6.928     -0.01535
       6.943       0.0399
       6.951      0.05831
       6.958      0.09514
       6.966        0.132
       6.981        0.132
       6.988        0.132
       7.004      0.09514
       7.011      0.07673
       7.026       0.0399
       7.034      0.02148
       7.041       0.0399
       7.056      0.07673
       7.064      0.09514
       7.079        0.132
       7.087        0.132
       7.094        0.132
       7.102      0.09514
       7.109       0.0399
       7.117     -0.03376
       7.125      -0.1074
       7.132      -0.1627
        7.14      -0.2179
       7.147      -0.2547
       7.155      -0.2916
        7.17      -0.3284
       7.177        -0.31
       7.185      -0.2916
       7.193      -0.2179
         7.2      -0.1627
       7.208       -0.089
       7.215     -0.01535
       7.223      0.07673
        7.23        0.132
       7.238       0.1688
       7.245        0.224
       7.261       0.2609
       7.276        0.224
       7.291       0.1872
       7.298       0.1504
       7.306       0.1504
       7.321      0.09514
       7.329      0.07673
       7.344       0.0399
       7.351      0.02148
       7.366       0.0399
       7.374       0.0399
       7.389      0.02148
       7.397      0.02148
       7.404     -0.01535
       7.412     -0.05217
       7.427       -0.089
       7.434      -0.1074
        7.45      -0.1074
       7.457     -0.05217
       7.465     0.003069
       7.472      0.05831
        7.48        0.132
       7.487       0.1688
       7.495       0.1872
        7.51        0.132
       7.518      0.09514
       7.525      0.02148
       7.533     -0.05217
        7.54      -0.1074
       7.548      -0.1811
       7.555      -0.2363
       7.563      -0.2731
        7.57        -0.31
       7.578      -0.3284
       7.586        -0.31
       7.601      -0.2731
       7.608      -0.2179
       7.616      -0.1627
       7.623      -0.1258
       7.631     -0.07059
       7.638     -0.03376
       7.646     0.003069
       7.654       0.0399
       7.661      0.07673
       7.669        0.132
       7.676       0.1688
       7.684       0.2056
       7.691        0.224
       7.707       0.2609
       7.714       0.2609
       7.722       0.2609
       7.729        0.224
       7.737       0.1872
       7.744       0.1504
       7.759       0.1136
       7.767       0.1136
       7.782       0.1136
        7.79      0.09514
       7.797      0.09514
       7.805      0.05831
       7.812       0.0399
       7.827     0.003069
       7.835     -0.01535
       7.843     0.003069
       7.858       0.0399
       7.865      0.07673
       7.873        0.132
        7.88       0.1688
       7.888       0.2056
       7.903       0.2056
       7.911       0.1872
       7.918        0.132
       7.926      0.05831
       7.933     -0.01535
       7.941     -0.05217
       7.956     -0.01535
       7.964      0.02148
       7.971      0.05831
       7.979      0.05831
       7.986     0.003069
       7.994     -0.07059
       8.001      -0.1627
       8.009      -0.2547
       8.016        -0.31
       8.024      -0.3468
       8.039      -0.3652
       8.047      -0.3652
       8.054      -0.3468
       8.062      -0.2916
       8.069      -0.2363
       8.077      -0.1627
       8.084       -0.089
       8.092     -0.03376
         8.1       0.0399
       8.107       0.1136
       8.115       0.1872
       8.122       0.2609
        8.13       0.2977
       8.137       0.3345
       8.152       0.3714
        8.16       0.3714
       8.168       0.3714
       8.183       0.3529
        8.19       0.3529
       8.198       0.3529
       8.205       0.3161
       8.213       0.2793
       8.221        0.224
       8.236       0.1872
       8.243       0.1688
       8.258        0.132
       8.266       0.1136
       8.273      0.09514
       8.289      0.05831
       8.296      0.02148
       8.304     -0.01535
       8.311     -0.05217
       8.319      -0.1258
       8.326      -0.2179
       8.334      -0.2731
       8.349        -0.31
       8.357      -0.3284
       8.364      -0.3652
       8.372       -0.402
       8.387       -0.402
       8.402      -0.3836
       8.409      -0.3652
       8.425      -0.3468
       8.432      -0.3652
       8.447       -0.402
       8.455       -0.402
       8.462      -0.3836
       8.478      -0.3652
       8.485      -0.3284
       8.493      -0.2916
         8.5      -0.2363
       8.508      -0.1811
       8.515      -0.1074
       8.523     -0.03376
        8.53       0.0399
       8.538       0.1136
       8.546       0.1872
       8.553       0.2609
       8.561       0.3161
       8.568       0.3714
       8.576       0.4082
       8.583        0.445
       8.598       0.4818
       8.606       0.4818
       8.621       0.4818
       8.629       0.4818
       8.636        0.445
       8.644       0.4266
       8.659       0.3714
       8.666       0.3529
       8.674       0.3345
       8.682       0.2977
       8.697       0.2609
       8.704       0.2425
       8.719        0.224
       8.735       0.1688
       8.742        0.132
        8.75      0.09514
       8.757      0.05831
       8.765     0.003069
       8.772     -0.03376
        8.78     -0.07059
       8.787      -0.1258
       8.795      -0.1995
       8.803      -0.2916
        8.81       -0.402
       8.818      -0.4573
       8.818      -0.4941
       8.825      -0.5309
        8.84      -0.5678
       8.848      -0.5862
       8.863      -0.6046
       8.871      -0.5862
       8.878      -0.5494
       8.886      -0.5125
       8.893      -0.4389
       8.901      -0.3836
       8.908      -0.3284
       8.916      -0.2916
       8.923      -0.2547
       8.931      -0.2179
       8.939      -0.1627
       8.946      -0.1074
       8.954     -0.07059
       8.961     -0.01535
       8.976      0.07673
