     0.01181      -0.2097
     0.01937      -0.2863
     0.02693      -0.3437
     0.03449       -0.382
     0.04205      -0.4203
      0.0496      -0.4011
     0.05716       -0.382
     0.06472      -0.3437
     0.07228      -0.3054
     0.07984      -0.2863
     0.09496      -0.2289
      0.1025      -0.2097
      0.1176      -0.1332
      0.1252     -0.09488
      0.1327     -0.03746
      0.1403     0.000825
      0.1479      0.03911
       0.163      0.09653
      0.1705       0.1348
      0.1781       0.1731
      0.1857       0.2305
      0.2008       0.2879
      0.2083       0.2879
      0.2159       0.2879
       0.231       0.2879
      0.2386       0.2688
      0.2537       0.2688
      0.2688       0.2688
      0.2764       0.2879
      0.2839       0.3071
       0.299       0.2688
      0.3066       0.2305
      0.3142       0.1539
      0.3217      0.05825
      0.3293     -0.03746
      0.3368       -0.114
      0.3444      -0.1714
      0.3595      -0.2097
      0.3671      -0.2097
      0.3746      -0.1906
      0.3897      -0.1523
      0.3973      -0.1332
      0.4124     -0.09488
        0.42     -0.07574
      0.4351      -0.0566
      0.4427     -0.01832
      0.4502     0.000825
      0.4578      0.05825
      0.4653      0.09653
      0.4804       0.1348
       0.488       0.1157
      0.4956      0.05825
      0.5031      0.01997
      0.5107     -0.01832
      0.5258     -0.07574
      0.5334     -0.09488
      0.5485     -0.09488
       0.556      -0.0566
      0.5712     -0.01832
      0.5787     0.000825
      0.5938     0.000825
      0.6014     -0.01832
      0.6165     -0.07574
      0.6241       -0.114
      0.6392      -0.1523
      0.6467      -0.1714
      0.6543      -0.1523
      0.6694     -0.09488
       0.677     -0.03746
      0.6845      0.03911
      0.6921      0.09653
      0.6996       0.1539
      0.7072       0.2114
      0.7223       0.2688
      0.7299       0.2496
      0.7374       0.2496
      0.7526       0.2496
      0.7601       0.2688
      0.7752       0.2688
      0.7828       0.2879
      0.7979       0.2496
      0.8055       0.2114
       0.813       0.1539
      0.8206       0.1157
      0.8281      0.07739
      0.8433     0.000825
      0.8508     -0.03746
      0.8584     -0.07574
      0.8659       -0.114
      0.8735      -0.1714
      0.8811      -0.2097
      0.8962       -0.248
      0.9037      -0.2671
      0.9113       -0.248
      0.9264      -0.2097
       0.934      -0.1906
      0.9491      -0.1906
      0.9642      -0.1714
      0.9718      -0.1332
      0.9793     -0.09488
      0.9944     -0.07574
       1.002      -0.0566
       1.017     -0.01832
       1.025     0.000825
        1.04      0.03911
       1.047      0.07739
       1.055       0.1157
       1.062       0.1539
        1.07       0.2114
       1.085       0.2496
       1.093       0.2496
         1.1       0.2496
       1.108       0.2114
       1.115       0.1539
       1.123      0.07739
        1.13      0.01997
        1.13     -0.03746
       1.138      -0.0566
       1.153       -0.114
       1.161       -0.114
       1.176     -0.09488
       1.183     -0.07574
       1.191     -0.03746
       1.199     0.000825
       1.206      0.05825
       1.214      0.07739
       1.229      0.09653
       1.236      0.07739
       1.251      0.05825
       1.267      0.03911
       1.274      0.03911
       1.289      0.01997
       1.297      0.03911
       1.312      0.07739
       1.319      0.09653
       1.335      0.05825
       1.342      0.01997
        1.35     -0.01832
       1.357     -0.03746
       1.372     -0.09488
        1.38       -0.114
       1.387      -0.1332
       1.395      -0.1714
       1.403      -0.2097
        1.41       -0.248
       1.418       -0.248
       1.433      -0.1906
        1.44      -0.1332
       1.448     -0.09488
       1.456      -0.0566
       1.463     -0.01832
       1.471      0.01997
       1.478      0.05825
       1.486       0.1157
       1.493       0.1731
       1.501       0.2496
       1.508       0.3262
       1.516       0.3836
       1.524       0.4411
       1.539       0.4411
       1.546       0.4028
       1.554       0.3262
       1.561       0.2496
       1.569       0.1731
       1.576      0.09653
       1.584      0.03911
       1.592     0.000825
       1.599     -0.01832
       1.622     -0.03746
       1.629      -0.0566
       1.637     -0.09488
       1.644      -0.1332
       1.652      -0.1523
       1.667      -0.1906
       1.675      -0.2097
        1.69      -0.2671
       1.697      -0.2671
       1.713      -0.2671
        1.72       -0.248
       1.728      -0.1906
       1.735      -0.1332
       1.743     -0.09488
        1.75     -0.03746
       1.758      0.01997
       1.765      0.09653
       1.773       0.1731
       1.781       0.2496
       1.788       0.3071
       1.803       0.3262
       1.811       0.3071
       1.818       0.2688
       1.826       0.2305
       1.833       0.2114
       1.841       0.1731
       1.849       0.1348
       1.864      0.09653
       1.871       0.1157
       1.886      0.09653
       1.894      0.07739
       1.901      0.03911
       1.909     0.000825
       1.924     -0.03746
       1.932     -0.03746
       1.939     -0.03746
       1.947     -0.07574
       1.954       -0.114
       1.962      -0.1523
        1.97      -0.2097
       1.977       -0.248
       1.985      -0.3054
       1.992      -0.3437
           2      -0.4011
       2.007      -0.4203
       2.022      -0.3628
        2.03      -0.3054
       2.038       -0.248
       2.045      -0.1714
       2.053       -0.114
        2.06      -0.0566
       2.068     0.000825
       2.075      0.05825
       2.083      0.09653
        2.09       0.1348
       2.098       0.1922
       2.106       0.2305
       2.113       0.2496
       2.128       0.2688
       2.136       0.3071
       2.151       0.3262
       2.158       0.3262
       2.166       0.3262
       2.181       0.2879
       2.189       0.2496
       2.196       0.1922
       2.204       0.1157
       2.211      0.03911
       2.219     -0.03746
       2.226     -0.09488
       2.234      -0.1332
       2.249      -0.1332
       2.257       -0.114
       2.264       -0.114
       2.279      -0.1523
       2.287      -0.1714
       2.295      -0.1714
        2.31      -0.1714
       2.317      -0.1332
       2.325     -0.09488
       2.332      -0.0566
       2.347     -0.01832
       2.355     0.000825
        2.37     0.000825
       2.378     0.000825
       2.393     -0.01832
         2.4     -0.01832
       2.415      0.01997
       2.423      0.05825
       2.431      0.07739
       2.446       0.1348
       2.453       0.1348
       2.468       0.1348
       2.476       0.1348
       2.491      0.07739
       2.499      0.05825
       2.514      0.07739
       2.529      0.07739
       2.536      0.07739
       2.544       0.1157
       2.552       0.1348
       2.567       0.1922
       2.574       0.2305
       2.582       0.2688
       2.589       0.3071
       2.604       0.3454
       2.612       0.3262
       2.627       0.3071
       2.635       0.2688
       2.642       0.2305
        2.65       0.1539
       2.657      0.07739
       2.665     -0.03746
       2.672       -0.114
        2.68      -0.1714
       2.688      -0.2289
       2.695       -0.248
       2.703      -0.2289
       2.718      -0.1906
       2.725      -0.1714
        2.74      -0.1332
       2.748       -0.114
       2.763       -0.114
       2.771       -0.114
       2.778     -0.07574
       2.786     -0.01832
       2.793      0.01997
       2.801      0.07739
       2.816      0.09653
       2.824      0.07739
       2.831      0.03911
       2.839     -0.03746
       2.846     -0.09488
       2.854      -0.1523
       2.861      -0.1906
       2.869      -0.2097
       2.884      -0.2289
       2.892      -0.2289
       2.907      -0.1714
       2.922      -0.1523
       2.929      -0.1332
       2.945       -0.114
       2.952     -0.09488
       2.967      -0.0566
       2.975     -0.01832
       2.982      0.03911
        2.99      0.07739
       2.997       0.1157
       3.005       0.1539
       3.013       0.1922
        3.02       0.2114
       3.035       0.1539
       3.043      0.07739
        3.05      0.01997
       3.058      -0.0566
       3.066     -0.09488
       3.073       -0.114
       3.088      -0.1332
       3.103      -0.1906
       3.118      -0.2289
       3.126       -0.248
       3.141       -0.248
       3.149      -0.2097
       3.156      -0.1906
       3.164      -0.1332
       3.171     -0.07574
       3.179     0.000825
       3.186      0.07739
       3.194       0.1539
       3.202       0.1922
       3.209       0.2496
       3.217       0.2688
       3.232       0.2879
       3.239       0.2496
       3.254       0.2114
       3.262       0.2114
        3.27       0.2496
       3.285       0.2879
         3.3       0.3262
       3.307       0.3262
       3.315       0.2879
       3.323       0.2496
        3.33       0.2305
       3.345       0.1922
       3.353       0.1731
        3.36       0.1348
       3.368      0.09653
       3.375      0.03911
       3.383     0.000825
       3.398      -0.0566
       3.406     -0.07574
       3.413       -0.114
       3.421      -0.1714
       3.428      -0.2289
       3.436       -0.248
       3.451       -0.248
       3.459      -0.2289
       3.466      -0.1906
       3.474      -0.1332
       3.489     -0.09488
       3.496     -0.07574
       3.504     -0.03746
       3.511      0.01997
       3.519      0.05825
       3.527      0.09653
       3.534       0.1539
       3.542       0.1731
       3.549       0.2114
       3.557       0.2305
       3.572       0.2879
       3.579       0.2879
       3.595       0.2879
       3.602       0.2879
       3.617       0.3071
       3.625       0.3071
        3.64       0.3071
       3.655       0.2688
       3.663       0.2496
        3.67       0.1922
       3.678       0.1157
       3.685     0.000825
       3.693     -0.09488
         3.7      -0.1906
       3.708      -0.2671
       3.716      -0.3246
       3.723      -0.3437
       3.738      -0.3246
       3.746      -0.3054
       3.753      -0.2671
       3.761       -0.248
       3.768      -0.2097
       3.776      -0.1714
       3.784       -0.114
       3.791     -0.07574
       3.806     -0.01832
       3.821      -0.0566
       3.829       -0.114
       3.836      -0.1523
       3.852      -0.1906
       3.859      -0.1523
       3.867      -0.1332
       3.874     -0.09488
       3.882     -0.03746
       3.889      0.01997
       3.897      0.05825
       3.912       0.1348
        3.92       0.1539
       3.935       0.1922
       3.942       0.1731
       3.957       0.1157
       3.965      0.07739
        3.98      0.03911
       3.988      0.01997
       4.003     -0.01832
        4.01     -0.03746
       4.018     -0.01832
       4.033      0.01997
       4.041      0.01997
       4.048      0.01997
       4.063     -0.01832
       4.071     -0.01832
       4.078     0.000825
       4.093      0.01997
       4.101      0.03911
       4.116      0.07739
       4.131       0.1157
       4.146       0.1539
       4.154       0.1539
       4.169       0.1731
       4.177       0.1922
       4.184       0.1922
       4.199       0.1348
       4.207      0.09653
       4.214      0.05825
       4.222      0.01997
        4.23     -0.03746
       4.237      -0.0566
       4.252     -0.09488
        4.26       -0.114
       4.275      -0.1523
       4.282      -0.1906
        4.29      -0.2289
       4.298      -0.2671
       4.305      -0.3246
       4.313      -0.3628
       4.328      -0.3437
       4.335      -0.3246
       4.343      -0.2671
        4.35      -0.2097
       4.358      -0.1523
       4.366     -0.09488
       4.373      -0.0566
       4.381     -0.01832
       4.388     0.000825
       4.403      0.01997
       4.411      0.01997
       4.426      0.01997
       4.434      0.01997
       4.441      0.01997
       4.456      0.01997
       4.464      0.03911
       4.479     0.000825
       4.487     -0.01832
       4.502      -0.0566
       4.509     -0.09488
       4.524       -0.114
       4.532     -0.07574
       4.539     -0.03746
       4.547     0.000825
       4.555      0.05825
       4.562      0.07739
        4.57       0.1157
       4.577       0.1731
       4.585       0.2114
       4.592       0.2496
       4.607       0.2688
       4.615       0.2496
       4.623       0.2305
       4.638       0.1922
       4.645       0.1922
        4.66       0.2114
       4.668       0.2305
       4.683       0.2688
       4.691       0.2688
       4.698       0.2688
       4.706       0.2305
       4.713       0.1731
       4.721       0.1348
       4.728      0.07739
       4.736      0.01997
       4.751     -0.03746
       4.759      -0.0566
       4.774      -0.0566
       4.781      -0.0566
       4.796     -0.07574
       4.804     -0.09488
       4.819     -0.09488
       4.834     -0.03746
       4.842      0.01997
       4.849      0.09653
       4.857       0.1348
       4.872       0.1731
        4.88       0.1539
       4.895       0.1157
       4.902      0.07739
       4.917     0.000825
       4.925     -0.03746
       4.932     -0.07574
        4.94       -0.114
       4.955      -0.1332
       4.963       -0.114
       4.978       -0.114
       4.985     -0.09488
       5.001     -0.07574
       5.016     -0.07574
       5.031       -0.114
       5.038       -0.114
       5.053     -0.09488
       5.069      -0.0566
       5.076      -0.0566
       5.084      -0.0566
       5.099     -0.07574
       5.106     -0.07574
       5.121     -0.09488
       5.129     -0.07574
       5.137      -0.0566
       5.144     0.000825
       5.152      0.07739
       5.159       0.1157
       5.167       0.1731
       5.174       0.1922
       5.189       0.2114
       5.197       0.2305
       5.212       0.2496
        5.22       0.2688
       5.235       0.2496
       5.242       0.2305
       5.258       0.1731
       5.265       0.1348
       5.273      0.09653
        5.28      0.05825
       5.288      0.01997
       5.295     -0.01832
       5.303      -0.0566
        5.31     -0.09488
       5.318      -0.1523
       5.326      -0.1906
       5.333       -0.248
       5.341      -0.2863
       5.356      -0.3054
       5.363      -0.3054
       5.371      -0.2863
       5.386      -0.2289
       5.394      -0.1906
       5.416      -0.1523
       5.424      -0.1523
       5.431      -0.1332
       5.439     -0.07574
       5.446      0.01997
       5.454       0.1157
       5.462       0.2114
       5.469       0.3071
       5.477       0.3645
       5.484       0.4028
       5.499       0.4219
       5.507       0.4411
       5.515       0.4411
        5.53       0.3645
       5.537       0.3262
       5.545       0.2688
       5.552       0.2114
        5.56       0.1731
       5.567       0.1348
       5.575      0.09653
       5.583      0.01997
        5.59     -0.07574
       5.598      -0.1332
       5.605      -0.1906
       5.613      -0.2097
       5.628      -0.2289
       5.643      -0.2097
       5.651      -0.1714
       5.658       -0.114
       5.666      -0.0566
       5.673     0.000825
       5.681      0.05825
       5.688      0.09653
       5.696       0.1348
       5.711      0.07739
       5.719      0.01997
       5.726     -0.01832
       5.741     -0.03746
       5.749      -0.0566
       5.764      -0.0566
       5.779     -0.07574
       5.787     -0.09488
       5.794     -0.07574
       5.809      -0.0566
       5.817     -0.03746
       5.832     -0.01832
        5.84     0.000825
       5.847      0.03911
       5.855      0.09653
       5.862       0.1348
        5.87       0.1731
       5.885       0.2114
       5.892       0.1922
         5.9       0.1922
       5.915       0.1539
       5.923       0.1348
       5.938      0.07739
       5.945      0.03911
       5.953      0.01997
       5.968     -0.03746
       5.976     -0.03746
       5.983     -0.07574
       5.991       -0.114
       5.998      -0.1523
       6.006      -0.1906
       6.013      -0.2289
       6.029      -0.2671
       6.036       -0.248
       6.044      -0.2097
       6.059      -0.1906
       6.066      -0.1714
       6.074      -0.1523
       6.081      -0.1332
       6.089     -0.09488
       6.097      -0.0566
       6.104     -0.01832
       6.112      0.01997
       6.119      0.05825
       6.127      0.07739
       6.134       0.1348
       6.142       0.1731
       6.149       0.2305
       6.157       0.2688
       6.165       0.2879
        6.18       0.2496
       6.187       0.1922
       6.195       0.1348
       6.202      0.07739
        6.21      0.05825
       6.225      0.01997
       6.233     0.000825
       6.248     0.000825
       6.263     -0.01832
        6.27     -0.03746
       6.285      -0.0566
       6.301     -0.03746
       6.308     -0.03746
       6.323     -0.03746
       6.338      -0.0566
       6.346     -0.07574
       6.354       -0.114
       6.369      -0.1714
       6.376      -0.1523
       6.384      -0.1332
       6.391     -0.07574
       6.399     -0.01832
       6.406      0.03911
       6.414      0.05825
       6.429       0.1157
       6.437       0.1348
       6.452       0.1539
       6.459       0.1348
       6.467      0.07739
       6.474      0.05825
        6.49      0.01997
       6.505     0.000825
       6.512      0.01997
        6.52      0.05825
       6.527      0.09653
       6.535       0.1348
       6.542       0.1922
        6.55       0.2305
       6.558       0.2688
       6.573       0.3262
        6.58       0.3454
       6.595       0.3454
       6.603       0.3071
       6.611       0.2496
       6.618       0.1922
       6.626       0.1348
       6.633      0.07739
       6.641      0.01997
       6.656     -0.01832
       6.663     -0.01832
       6.679     0.000825
       6.686     -0.01832
       6.701     -0.01832
       6.716     -0.09488
       6.724      -0.1332
       6.731      -0.1906
       6.739      -0.2097
       6.754      -0.2289
       6.762      -0.2289
       6.769      -0.2097
       6.784      -0.1906
       6.792      -0.1906
       6.799      -0.1523
       6.815     -0.09488
       6.822     -0.07574
       6.837     -0.07574
       6.845     -0.07574
       6.852      -0.0566
       6.868     -0.03746
       6.875     -0.03746
       6.883     -0.03746
       6.898     -0.07574
       6.905     -0.09488
       6.913     -0.07574
       6.928      -0.0566
       6.936      -0.0566
       6.951      -0.0566
       6.958     -0.03746
       6.973      -0.0566
       6.981      -0.0566
       6.996     -0.09488
       7.011      -0.0566
       7.026     -0.07574
       7.034       -0.114
       7.049      -0.1523
       7.056      -0.1714
       7.064      -0.1523
       7.079       -0.114
       7.087     -0.03746
       7.094      0.01997
       7.102      0.07739
       7.109       0.1348
       7.117       0.2114
       7.125       0.2879
       7.132       0.3454
        7.14       0.4028
       7.155       0.4411
       7.162       0.4411
        7.17       0.4602
       7.185       0.4602
       7.193       0.4602
         7.2       0.4602
       7.215       0.4028
       7.223       0.3262
        7.23       0.2496
       7.238       0.1731
       7.245       0.1157
       7.253      0.03911
       7.261     -0.01832
       7.268     -0.09488
       7.276      -0.1714
       7.283      -0.2289
       7.291      -0.2863
       7.298      -0.3246
       7.306       -0.382
       7.313      -0.4394
       7.321      -0.4968
       7.336      -0.4968
       7.344      -0.4585
       7.351      -0.4011
       7.359      -0.3628
       7.366      -0.3054
       7.374      -0.2671
       7.382      -0.2097
       7.389      -0.1332
       7.397     -0.07574
       7.404     0.000825
       7.412      0.03911
       7.419      0.09653
       7.427      0.09653
       7.434      0.09653
        7.45      0.03911
       7.457      0.01997
       7.472      0.05825
       7.487      0.07739
       7.495      0.07739
        7.51      0.05825
       7.518      0.07739
       7.525      0.09653
       7.533       0.1348
        7.54       0.1731
       7.555       0.1922
       7.563       0.1731
       7.578       0.1348
       7.586       0.1157
       7.601       0.1157
       7.608       0.1157
       7.616       0.1157
       7.623      0.07739
       7.631      0.01997
       7.638     -0.01832
       7.646      -0.0566
       7.654     -0.07574
       7.669      -0.0566
       7.684     -0.01832
       7.691     0.000825
       7.699      0.03911
       7.707      0.07739
       7.714       0.1157
       7.729       0.1539
       7.737       0.1731
       7.752       0.2114
       7.759       0.2114
       7.767       0.2305
       7.782       0.2305
        7.79       0.2305
       7.797       0.2305
       7.812       0.1922
        7.82       0.1731
       7.835       0.1157
       7.843       0.1157
       7.858       0.1157
       7.873      0.07739
        7.88      0.03911
       7.895     -0.01832
       7.903      -0.0566
       7.911     -0.09488
       7.918      -0.1332
       7.926      -0.1714
       7.933      -0.1906
       7.948      -0.2289
       7.956      -0.2289
       7.971      -0.1906
       7.979      -0.1523
       7.986      -0.1332
       7.994     -0.09488
       8.001     -0.03746
       8.009     0.000825
       8.024      0.03911
       8.032      0.03911
       8.039      0.03911
       8.054     0.000825
       8.062     0.000825
       8.077     -0.01832
       8.092     -0.03746
         8.1      -0.0566
       8.107      -0.0566
       8.122     -0.09488
        8.13     -0.09488
       8.137     -0.07574
       8.145     -0.03746
       8.152     0.000825
       8.168      0.03911
       8.175      0.05825
        8.19      0.07739
       8.198      0.09653
       8.213       0.1157
       8.221      0.09653
       8.228      0.07739
       8.236      0.03911
       8.251     0.000825
       8.258     0.000825
       8.273      0.01997
       8.281      0.01997
       8.289     -0.01832
       8.304      -0.0566
       8.311     -0.03746
       8.326     -0.03746
       8.334      -0.0566
       8.349     -0.07574
       8.357     -0.07574
       8.364      -0.0566
       8.379     -0.03746
       8.387     -0.03746
       8.394     -0.01832
       8.402      0.01997
       8.409      0.05825
       8.425      0.07739
       8.432      0.07739
       8.447      0.03911
       8.455     0.000825
       8.462     0.000825
       8.478     0.000825
       8.485     -0.01832
       8.493     -0.03746
       8.508     -0.07574
       8.515      -0.0566
        8.53     -0.03746
       8.538     -0.03746
       8.546     -0.03746
       8.561     -0.09488
       8.568      -0.1332
       8.576      -0.1714
       8.591      -0.2097
       8.598      -0.2097
       8.606      -0.1714
       8.614      -0.1332
       8.621     -0.09488
       8.629     -0.03746
       8.636     0.000825
       8.644      0.05825
       8.651       0.1157
       8.659       0.1731
       8.666       0.2305
       8.674       0.3071
       8.682       0.3454
       8.697       0.3836
       8.704       0.3645
       8.712       0.3262
       8.719       0.2879
       8.727       0.2496
       8.742       0.2496
        8.75       0.2688
       8.765       0.2879
       8.772       0.2879
        8.78       0.2496
       8.787       0.2114
       8.795       0.1539
       8.803      0.09653
        8.81      0.03911
       8.818     -0.01832
       8.825     -0.07574
       8.833      -0.1332
        8.84      -0.1523
       8.855      -0.1714
       8.863      -0.1523
       8.878      -0.1523
       8.886      -0.1523
       8.893      -0.1332
       8.908     -0.07574
       8.916      -0.0566
       8.923     0.000825
       8.931      0.07739
       8.939       0.1348
       8.946       0.1922
       8.954       0.2496
       8.961       0.3071
       8.969       0.3454
       8.976       0.3836
