     0.01181     -0.05627
     0.03449     -0.01907
     0.04205     -0.01907
      0.0496     -0.01907
     0.06472     -0.03767
     0.07228     -0.05627
      0.0874     -0.05627
     0.09496     -0.03767
      0.1101    -0.000465
      0.1176      0.01814
      0.1327      0.05534
      0.1479       0.1297
      0.1554       0.1669
      0.1705       0.1855
      0.1781       0.1855
      0.1932       0.1669
      0.2008       0.1483
      0.2083       0.1111
      0.2159      0.07394
      0.2235      0.03674
       0.231    -0.000465
      0.2461     -0.05627
      0.2537     -0.05627
      0.2688     -0.09347
      0.2764      -0.1121
      0.2839      -0.1121
       0.299     -0.07487
      0.3066     -0.05627
      0.3217     -0.01907
      0.3368    -0.000465
      0.3444     -0.01907
       0.352     -0.01907
      0.3671     -0.03767
      0.3746     -0.01907
      0.3822    -0.000465
      0.3973      0.03674
      0.4049      0.05534
        0.42       0.1111
      0.4275       0.1669
      0.4351       0.2041
      0.4502       0.2227
      0.4578       0.2227
      0.4729       0.1855
      0.4804       0.1855
       0.488       0.1483
      0.4956       0.1111
      0.5031      0.07394
      0.5107      0.03674
      0.5182    -0.000465
      0.5258     -0.03767
      0.5409     -0.07487
      0.5485      -0.1121
       0.556      -0.1121
      0.5712     -0.09347
      0.5787     -0.07487
      0.5938     -0.05627
      0.6014     -0.07487
      0.6165     -0.09347
      0.6241     -0.07487
      0.6316     -0.05627
      0.6467     -0.01907
      0.6543     -0.01907
      0.6619    -0.000465
       0.677      0.05534
      0.6845      0.05534
      0.6921      0.05534
      0.6996      0.01814
      0.7072     -0.01907
      0.7148     -0.03767
      0.7223     -0.01907
      0.7374    -0.000465
       0.745    -0.000465
      0.7601     -0.03767
      0.7677     -0.03767
      0.7828    -0.000465
      0.7904      0.01814
      0.8055      0.03674
       0.813      0.05534
      0.8206      0.09254
      0.8357       0.1297
      0.8433       0.1297
      0.8508       0.1297
      0.8659      0.09254
      0.8735      0.09254
      0.8811      0.09254
      0.8962      0.07394
      0.9037      0.07394
      0.9188       0.1111
       0.934      0.09254
      0.9415      0.07394
      0.9566      0.03674
      0.9642      0.01814
      0.9793    -0.000465
      0.9869    -0.000465
       1.002     -0.05627
       1.017      -0.1121
       1.025      -0.1121
       1.032     -0.07487
       1.047     -0.05627
       1.055     -0.05627
       1.062     -0.05627
       1.078     -0.07487
       1.085     -0.05627
         1.1     -0.01907
       1.108    -0.000465
       1.123     -0.01907
        1.13     -0.03767
       1.146     -0.07487
       1.153     -0.09347
       1.168      -0.1307
       1.176      -0.1307
       1.191      -0.1121
       1.206     -0.05627
       1.214     -0.01907
       1.229      0.03674
       1.236      0.05534
       1.244      0.09254
       1.251       0.1297
       1.267       0.1669
       1.274       0.1669
       1.289       0.1297
       1.297       0.1297
       1.312       0.1111
       1.319      0.09254
       1.335      0.05534
       1.342      0.03674
       1.357      0.01814
       1.365      0.01814
        1.38      0.01814
       1.387      0.03674
       1.403      0.05534
        1.41      0.07394
       1.425      0.05534
       1.433      0.01814
        1.44     -0.01907
       1.448     -0.05627
       1.456     -0.09347
       1.463      -0.1121
       1.478     -0.07487
       1.486     -0.05627
       1.501     -0.01907
       1.516      0.03674
       1.524      0.03674
       1.539      0.03674
       1.546    -0.000465
       1.554     -0.03767
       1.561     -0.07487
       1.569      -0.1121
       1.576      -0.1493
       1.592      -0.1865
       1.599      -0.1865
       1.614      -0.2051
       1.622      -0.1865
       1.629      -0.1493
       1.637      -0.1121
       1.644     -0.07487
       1.652     -0.01907
        1.66      0.01814
       1.667      0.05534
       1.675       0.1111
       1.682       0.1669
        1.69       0.2227
       1.697       0.2785
       1.705       0.3157
       1.713       0.3529
        1.72       0.3715
       1.735       0.3343
       1.743       0.3157
       1.758       0.2971
       1.765       0.2599
       1.773       0.2041
       1.781       0.1483
       1.788      0.09254
       1.796      0.03674
       1.803     -0.01907
       1.811     -0.05627
       1.818     -0.09347
       1.826      -0.1307
       1.833      -0.1493
       1.849      -0.1307
       1.856      -0.1121
       1.871      -0.1121
       1.879      -0.1307
       1.894      -0.1865
       1.909      -0.2237
       1.917      -0.2237
       1.932      -0.1865
       1.939      -0.1679
       1.947      -0.1307
       1.954     -0.07487
       1.962     -0.01907
        1.97      0.07394
       1.977       0.1111
       1.985       0.1483
           2       0.1483
       2.007       0.1297
       2.022       0.1297
        2.03       0.1297
       2.038       0.1111
       2.053      0.07394
        2.06      0.05534
       2.068      0.01814
       2.075     -0.03767
        2.09     -0.09347
       2.098     -0.09347
       2.113     -0.09347
       2.121     -0.09347
       2.136     -0.07487
       2.143     -0.07487
       2.158     -0.01907
       2.174      0.01814
       2.181      0.03674
       2.196      0.03674
       2.204      0.03674
       2.211    -0.000465
       2.219     -0.03767
       2.226     -0.07487
       2.234     -0.09347
       2.249     -0.07487
       2.257     -0.03767
       2.264      0.01814
       2.272      0.07394
       2.279       0.1111
       2.295       0.1669
       2.302       0.1669
        2.31       0.1855
       2.325       0.2041
       2.332       0.1855
        2.34       0.1483
       2.347       0.1111
       2.355      0.09254
        2.37      0.05534
       2.378      0.05534
       2.385      0.01814
       2.393     -0.03767
         2.4     -0.07487
       2.408      -0.1121
       2.415      -0.1493
       2.431      -0.1865
       2.438      -0.1679
       2.446      -0.1493
       2.453      -0.1121
       2.461     -0.09347
       2.468     -0.05627
       2.476     -0.03767
       2.483    -0.000465
       2.491      0.05534
       2.506      0.05534
       2.514      0.01814
       2.529     -0.01907
       2.536     -0.01907
       2.544    -0.000465
       2.559      0.03674
       2.567      0.05534
       2.582      0.07394
       2.589      0.07394
       2.597      0.09254
       2.612       0.1297
        2.62       0.1483
       2.627       0.1669
       2.642       0.1669
        2.65       0.1483
       2.665       0.1297
       2.672       0.1297
       2.688       0.1297
       2.695       0.1297
        2.71      0.09254
       2.718      0.07394
       2.733      0.03674
        2.74      0.01814
       2.756    -0.000465
       2.763    -0.000465
       2.778     -0.01907
       2.786     -0.01907
       2.801     -0.05627
       2.809     -0.07487
       2.831     -0.07487
       2.839     -0.07487
       2.846     -0.07487
       2.861     -0.09347
       2.869     -0.09347
       2.884     -0.09347
       2.892     -0.09347
       2.899     -0.09347
       2.914      -0.1121
       2.922      -0.1307
       2.937      -0.1121
       2.952     -0.09347
        2.96     -0.07487
       2.975     -0.01907
       2.982      0.01814
        2.99      0.05534
       2.997      0.09254
       3.013       0.1297
        3.02       0.1297
       3.035       0.1297
        3.05      0.07394
       3.066      0.03674
       3.073      0.03674
       3.088      0.03674
       3.096      0.05534
       3.111      0.09254
       3.126      0.07394
       3.134      0.05534
       3.141      0.05534
       3.156      0.03674
       3.164      0.05534
       3.179      0.07394
       3.186      0.07394
       3.202      0.07394
       3.217      0.03674
       3.224      0.01814
       3.239     -0.03767
       3.247     -0.03767
       3.262     -0.05627
        3.27     -0.07487
       3.285     -0.05627
       3.292     -0.03767
         3.3    -0.000465
       3.307      0.01814
       3.315      0.05534
       3.323      0.09254
       3.338       0.1669
       3.345       0.1669
       3.353       0.1855
       3.368       0.1669
       3.375       0.1483
       3.391       0.1111
       3.398      0.07394
       3.413      0.03674
       3.421    -0.000465
       3.436     -0.01907
       3.451     -0.05627
       3.459     -0.07487
       3.474      -0.1121
       3.481      -0.1307
       3.496      -0.1679
       3.504      -0.1679
       3.519      -0.1493
       3.534      -0.1307
       3.542      -0.1121
       3.557     -0.07487
       3.564     -0.03767
       3.572    -0.000465
       3.579      0.05534
       3.587      0.09254
       3.595       0.1111
        3.61       0.1111
       3.617       0.1111
       3.632       0.1297
       3.648       0.1297
       3.655       0.1111
        3.67      0.07394
       3.678      0.09254
       3.693       0.1297
         3.7       0.1297
       3.708       0.1297
       3.716      0.09254
       3.723      0.05534
       3.731    -0.000465
       3.738     -0.05627
       3.746     -0.07487
       3.761      -0.1121
       3.768      -0.1121
       3.784      -0.1121
       3.799      -0.1307
       3.806      -0.1307
       3.814      -0.1121
       3.829     -0.07487
       3.836     -0.03767
       3.844     -0.01907
       3.852      0.01814
       3.859      0.05534
       3.874      0.07394
       3.882      0.07394
       3.897      0.05534
       3.912      0.01814
        3.92    -0.000465
       3.935     -0.01907
       3.942    -0.000465
        3.95      0.01814
       3.965      0.05534
       3.973      0.05534
       3.988      0.09254
       4.003       0.1111
        4.01       0.1111
       4.018      0.07394
       4.025      0.05534
       4.041    -0.000465
       4.048    -0.000465
       4.063    -0.000465
       4.071    -0.000465
       4.086     -0.05627
       4.093     -0.07487
       4.109      -0.1121
       4.116      -0.1121
       4.131     -0.09347
       4.139     -0.05627
       4.146     -0.03767
       4.162     -0.01907
       4.169     -0.01907
       4.184     -0.05627
       4.192     -0.03767
       4.207     -0.01907
       4.214    -0.000465
        4.23      0.01814
       4.237      0.01814
       4.252      0.01814
       4.267    -0.000465
       4.275      0.01814
       4.282      0.05534
        4.29      0.07394
       4.305      0.07394
       4.313      0.05534
        4.32    -0.000465
       4.335     -0.03767
       4.343     -0.05627
       4.358     -0.09347
       4.366     -0.09347
       4.381     -0.09347
       4.388     -0.09347
       4.396     -0.07487
       4.411     -0.03767
       4.419     -0.01907
       4.426      0.01814
       4.434      0.05534
       4.441      0.07394
       4.456       0.1111
       4.471       0.1669
       4.479       0.1855
       4.487       0.2227
       4.502       0.2599
       4.509       0.2785
       4.524       0.2785
       4.539       0.2413
       4.547       0.2413
       4.562       0.2227
        4.57       0.2041
       4.577       0.2041
       4.585       0.1669
       4.592       0.1297
         4.6      0.07394
       4.607    -0.000465
       4.615     -0.05627
       4.623      -0.1121
        4.63      -0.1493
       4.638      -0.1679
       4.653      -0.1493
       4.668      -0.1307
       4.676      -0.1307
       4.683      -0.1307
       4.698      -0.1865
       4.706      -0.1865
       4.713      -0.1679
       4.728      -0.1307
       4.736      -0.1307
       4.744      -0.1121
       4.759      -0.1121
       4.766      -0.1121
       4.774     -0.07487
       4.789     -0.01907
       4.804    -0.000465
       4.827      0.03674
       4.834      0.03674
       4.849     -0.01907
       4.857     -0.03767
       4.872     -0.03767
        4.88     -0.03767
       4.895     -0.03767
       4.902     -0.03767
       4.917     -0.01907
       4.925      0.01814
       4.932      0.05534
       4.948       0.1111
       4.955       0.1111
       4.963       0.1111
       4.978       0.1111
       4.985       0.1111
       4.993       0.1297
       5.008      0.09254
       5.016      0.07394
       5.031      0.07394
       5.038      0.09254
       5.053       0.1297
       5.061       0.1483
       5.069       0.1669
       5.084       0.1483
       5.091       0.1297
       5.099       0.1297
       5.114      0.09254
       5.121      0.07394
       5.129      0.03674
       5.137    -0.000465
       5.144     -0.03767
       5.152     -0.07487
       5.159     -0.09347
       5.174      -0.1307
       5.182      -0.1307
       5.197     -0.09347
       5.205     -0.07487
        5.22     -0.03767
       5.227    -0.000465
       5.242      0.05534
        5.25      0.07394
       5.265       0.1111
       5.273       0.1297
       5.288       0.1669
       5.295       0.1669
        5.31       0.1669
       5.326       0.1111
       5.333      0.07394
       5.341      0.03674
       5.348     -0.01907
       5.356     -0.07487
       5.363      -0.1121
       5.371      -0.1307
       5.378      -0.1307
       5.394      -0.1307
       5.401      -0.1307
       5.409      -0.1121
       5.424     -0.07487
       5.431     -0.05627
       5.446     -0.01907
       5.454    -0.000465
       5.469     -0.01907
       5.477    -0.000465
       5.492      0.05534
       5.499      0.07394
       5.507       0.1297
       5.515       0.1669
        5.53       0.1483
       5.537      0.09254
       5.552      0.03674
        5.56    -0.000465
       5.567     -0.03767
       5.575     -0.07487
       5.583      -0.1307
        5.59      -0.1679
       5.605      -0.1679
       5.613      -0.1307
        5.62     -0.09347
       5.628     -0.05627
       5.643     -0.01907
       5.651    -0.000465
       5.666      0.01814
       5.673      0.03674
       5.688      0.07394
       5.703      0.05534
       5.711      0.03674
       5.726      0.03674
       5.734      0.03674
       5.749      0.05534
       5.764      0.09254
       5.779       0.1483
       5.787       0.1855
       5.802       0.2413
       5.809       0.2413
       5.824       0.2413
       5.832       0.2413
        5.84       0.2227
       5.847       0.1855
       5.855       0.1483
       5.862      0.09254
        5.87      0.03674
       5.877    -0.000465
       5.885     -0.01907
       5.892     -0.01907
       5.908     -0.03767
       5.915     -0.03767
        5.93     -0.07487
       5.938      -0.1121
       5.945      -0.1493
       5.953      -0.1865
       5.968      -0.2423
       5.976      -0.2423
       5.991      -0.2795
       5.998      -0.3167
       6.013      -0.3353
       6.021      -0.2981
       6.029      -0.2423
       6.036      -0.1865
       6.044      -0.1307
       6.051     -0.09347
       6.059     -0.03767
       6.066    -0.000465
       6.074      0.03674
       6.081      0.05534
       6.089      0.09254
       6.097       0.1297
       6.112       0.1483
       6.119       0.1297
       6.127       0.1297
       6.142       0.1111
       6.149       0.1111
       6.157       0.1111
       6.172      0.07394
        6.18      0.07394
       6.187      0.09254
       6.202       0.1111
        6.21       0.1111
       6.225      0.05534
       6.233      0.05534
       6.248      0.03674
       6.255      0.01814
       6.263      0.01814
       6.278     -0.01907
       6.285     -0.03767
       6.301     -0.07487
       6.308      -0.1121
       6.316      -0.1121
       6.331     -0.09347
       6.338     -0.05627
       6.354     -0.03767
       6.361     -0.01907
       6.376     -0.01907
       6.391     -0.01907
       6.399    -0.000465
       6.422     -0.01907
       6.429     -0.03767
       6.437     -0.03767
       6.452      0.01814
       6.459      0.05534
       6.467      0.09254
       6.474       0.1297
       6.482       0.1669
       6.497       0.1483
       6.505       0.1483
        6.52       0.1483
       6.527       0.1111
       6.542      0.07394
        6.55      0.03674
       6.565     -0.01907
       6.573     -0.05627
       6.588     -0.09347
       6.595     -0.09347
       6.611     -0.09347
       6.626     -0.05627
       6.641     -0.01907
       6.648     -0.01907
       6.656    -0.000465
       6.671    -0.000465
       6.679    -0.000465
       6.694      0.01814
       6.701      0.03674
       6.716      0.03674
       6.724      0.05534
       6.739      0.05534
       6.747      0.03674
       6.754      0.01814
       6.769    -0.000465
       6.777      0.01814
       6.792      0.01814
       6.799      0.01814
       6.807      0.01814
       6.822    -0.000465
        6.83    -0.000465
       6.845     -0.03767
       6.852     -0.05627
       6.868     -0.09347
       6.875     -0.09347
        6.89     -0.07487
       6.898     -0.05627
       6.905     -0.01907
       6.913      0.07394
        6.92       0.1297
       6.928       0.2041
       6.936       0.2785
       6.943       0.3343
       6.951       0.3715
       6.966       0.4459
       6.973       0.4645
       6.988       0.4459
       6.996       0.3901
       7.004       0.3343
       7.011       0.2599
       7.019       0.2227
       7.026       0.1669
       7.034       0.1297
       7.041      0.07394
       7.049     -0.03767
       7.056      -0.1121
       7.064      -0.1865
       7.072      -0.2237
       7.087      -0.2423
       7.094      -0.2423
       7.109      -0.2423
       7.117      -0.2423
       7.132      -0.2609
        7.14      -0.2423
       7.155      -0.2237
       7.162      -0.2237
       7.177      -0.2051
       7.193      -0.1679
         7.2      -0.1307
       7.208     -0.09347
       7.215     -0.05627
       7.223    -0.000465
        7.23      0.03674
       7.238      0.05534
       7.245      0.07394
       7.261       0.1483
       7.268       0.1669
       7.283       0.2227
       7.291       0.2227
       7.306       0.2227
       7.313       0.2227
       7.321       0.2227
       7.329       0.1855
       7.336       0.1297
       7.344      0.09254
       7.351      0.03674
       7.359     -0.01907
       7.366     -0.07487
       7.374      -0.1307
       7.382      -0.1679
       7.389      -0.1865
       7.404      -0.1865
       7.412      -0.1679
       7.419      -0.1307
       7.427      -0.1121
       7.434     -0.05627
       7.442     -0.01907
        7.45      0.01814
       7.465      0.01814
       7.472    -0.000465
       7.487    -0.000465
       7.495    -0.000465
       7.502      0.01814
       7.518     -0.01907
       7.525     -0.05627
        7.54     -0.07487
       7.548     -0.07487
       7.555     -0.05627
        7.57     -0.01907
       7.578    -0.000465
       7.593      0.01814
       7.601      0.01814
       7.616      0.01814
       7.623      0.03674
       7.638      0.07394
       7.646      0.05534
       7.654      0.05534
       7.661      0.01814
       7.669    -0.000465
       7.684     -0.01907
       7.691     -0.01907
       7.707     -0.01907
       7.714     -0.01907
       7.729    -0.000465
       7.737      0.01814
       7.752      0.05534
       7.759      0.07394
       7.767       0.1111
       7.775       0.1483
        7.79       0.2041
       7.797       0.2413
        7.82       0.2413
       7.827       0.2041
       7.835       0.1297
       7.843      0.07394
        7.85     -0.01907
       7.858     -0.07487
       7.865     -0.09347
        7.88      -0.1121
       7.888      -0.1307
       7.903      -0.1493
       7.911      -0.1493
       7.926      -0.1307
       7.933      -0.1121
       7.941     -0.07487
       7.948     -0.05627
       7.964     -0.03767
       7.971     -0.03767
       7.979     -0.01907
       7.986      0.01814
       7.994      0.05534
       8.009       0.1111
       8.016       0.1297
       8.032       0.1297
       8.039       0.1297
       8.054       0.1111
       8.062      0.07394
       8.077      0.01814
       8.084    -0.000465
       8.092     -0.03767
         8.1     -0.05627
       8.107     -0.09347
       8.115      -0.1121
        8.13      -0.1121
       8.137     -0.09347
       8.145     -0.07487
        8.16     -0.03767
       8.168     -0.01907
       8.183    -0.000465
        8.19     -0.01907
       8.205     -0.05627
       8.221     -0.07487
       8.228     -0.09347
       8.236     -0.07487
       8.251     -0.03767
       8.266      0.03674
       8.273      0.05534
       8.289      0.09254
       8.296      0.09254
       8.311      0.09254
       8.326      0.07394
       8.334      0.07394
       8.349      0.07394
       8.357      0.09254
       8.372       0.1297
       8.379       0.1669
       8.387       0.2041
       8.402       0.2227
       8.409       0.2041
       8.425       0.1483
       8.432       0.1111
       8.447      0.05534
       8.455      0.01814
        8.47     -0.03767
       8.478     -0.03767
       8.493     -0.05627
         8.5     -0.07487
       8.508     -0.05627
       8.515     -0.03767
        8.53    -0.000465
       8.538      0.01814
       8.553      0.03674
       8.561      0.03674
       8.576      0.03674
       8.583      0.01814
       8.591    -0.000465
       8.598     -0.03767
       8.606     -0.07487
       8.614      -0.1307
       8.621      -0.1865
       8.636      -0.2237
       8.644      -0.2051
       8.659      -0.1865
       8.666      -0.1679
       8.674      -0.1307
       8.682     -0.09347
       8.689     -0.05627
       8.697     -0.01907
       8.712      0.03674
       8.719      0.05534
       8.735      0.07394
       8.742      0.07394
        8.75      0.07394
       8.765      0.05534
       8.772      0.05534
       8.787      0.07394
       8.795      0.07394
       8.803       0.1111
       8.818       0.1669
       8.825       0.1855
        8.84       0.2227
       8.848       0.2041
       8.855       0.2041
       8.871       0.1669
       8.878       0.1483
       8.893      0.09254
       8.908      0.01814
       8.916     -0.01907
       8.931     -0.05627
       8.939     -0.03767
       8.954      0.01814
       8.961      0.05534
       8.969      0.09254
       8.976       0.1483
