     0.01181     -0.05627
     0.01937     -0.03717
     0.03449     -0.03717
     0.04205     -0.03717
     0.05716     0.001023
     0.07228     0.001023
     0.07984      0.02012
     0.09496     0.001023
      0.1025     0.001023
      0.1176     -0.05627
      0.1252     -0.07536
      0.1403     -0.09446
      0.1479     -0.07536
       0.163     -0.09446
      0.1705     -0.09446
      0.1781     -0.09446
      0.1932     -0.05627
      0.2008     -0.03717
      0.2159      0.02012
      0.2235      0.02012
      0.2386      0.02012
      0.2461      0.02012
      0.2612     0.001023
      0.2688     0.001023
      0.2915     -0.01807
       0.299     0.001023
      0.3066      0.03922
      0.3217      0.07741
      0.3293      0.07741
      0.3444      0.05831
       0.352      0.03922
      0.3671     0.001023
      0.3746     -0.01807
      0.3822     -0.01807
      0.3973     -0.03717
      0.4049     -0.03717
        0.42     -0.03717
      0.4275     -0.03717
      0.4427     -0.03717
      0.4502     -0.03717
      0.4653     -0.01807
      0.4729     0.001023
       0.488      0.02012
      0.4956      0.05831
      0.5107      0.07741
      0.5182       0.0965
      0.5334       0.1156
      0.5409       0.1156
       0.556       0.1156
      0.5636       0.1156
      0.5863       0.1156
      0.5938       0.1156
      0.6014       0.1156
      0.6165      0.07741
      0.6241      0.05831
      0.6392      0.05831
      0.6467      0.07741
      0.6619       0.1156
      0.6694       0.1347
      0.6845       0.1729
      0.6921       0.1729
      0.6996        0.192
      0.7148        0.192
      0.7223        0.192
      0.7374       0.1729
      0.7526       0.1347
      0.7601       0.1156
      0.7752      0.07741
      0.7828      0.05831
      0.7904      0.02012
      0.7979     -0.01807
      0.8055     -0.05627
       0.813     -0.07536
      0.8281      -0.1327
      0.8357      -0.1327
      0.8508      -0.1517
      0.8584      -0.1708
      0.8735      -0.1899
      0.8811      -0.1708
      0.8886      -0.1327
      0.9037      -0.1327
      0.9113      -0.1517
      0.9188      -0.1327
       0.934      -0.1327
      0.9415      -0.1327
      0.9491      -0.1136
      0.9642     -0.09446
      0.9718     -0.07536
      0.9869     -0.03717
      0.9944     -0.03717
        1.01     -0.03717
       1.025     -0.01807
       1.032     0.001023
       1.047      0.03922
       1.055      0.03922
        1.07      0.03922
       1.078      0.03922
       1.093      0.03922
         1.1      0.03922
       1.115      0.02012
       1.123      0.02012
       1.138     0.001023
       1.146     0.001023
       1.161      0.02012
       1.168      0.05831
       1.176      0.07741
       1.191       0.1156
       1.199       0.1156
       1.214       0.1156
       1.229       0.0965
       1.236       0.0965
       1.251      0.07741
       1.259      0.07741
       1.267      0.07741
       1.282      0.02012
       1.289      0.02012
       1.304     0.001023
       1.312     -0.01807
       1.327     -0.01807
       1.342     -0.03717
        1.35     -0.05627
       1.365     -0.07536
       1.372     -0.09446
       1.387     -0.07536
       1.403     -0.03717
       1.418      0.02012
       1.425      0.05831
        1.44       0.1156
       1.448       0.1538
       1.463       0.1729
       1.471        0.192
       1.493        0.192
       1.501        0.192
       1.516       0.1538
       1.524       0.1347
       1.531       0.0965
       1.546      0.05831
       1.554      0.02012
       1.561     0.001023
       1.576     -0.03717
       1.584     -0.05627
       1.599     -0.09446
       1.607     -0.09446
       1.622      -0.1136
       1.629      -0.1327
       1.644      -0.1327
       1.652      -0.1327
       1.667      -0.1136
       1.682     -0.07536
        1.69     -0.05627
       1.697     -0.01807
       1.705     0.001023
        1.72      0.03922
       1.728      0.03922
       1.735      0.05831
        1.75       0.0965
       1.758       0.0965
       1.773       0.1156
       1.788       0.1347
       1.796       0.1347
       1.803       0.1347
       1.818       0.1156
       1.826      0.07741
       1.833      0.05831
       1.849     0.001023
       1.856     -0.05627
       1.864      -0.1136
       1.871      -0.1517
       1.886      -0.1517
       1.894      -0.1517
       1.909      -0.1327
       1.917      -0.1136
       1.932     -0.05627
       1.939     -0.03717
       1.954      0.02012
       1.962      0.05831
        1.97      0.07741
       1.977       0.1156
       1.985       0.1538
           2       0.2111
       2.007       0.2111
       2.015       0.2111
       2.022       0.1729
       2.038       0.1156
       2.045      0.07741
        2.06      0.03922
       2.068     0.001023
       2.075     -0.01807
        2.09     -0.05627
       2.098     -0.07536
       2.106     -0.07536
       2.121      -0.1136
       2.128      -0.1136
       2.143      -0.1327
       2.158      -0.1708
       2.166      -0.1708
       2.181      -0.1517
       2.196     -0.09446
       2.204     -0.05627
       2.211     0.001023
       2.219      0.05831
       2.226       0.0965
       2.242       0.1347
       2.249       0.1156
       2.257      0.07741
       2.264      0.05831
       2.279      0.02012
       2.287      0.02012
       2.302     0.001023
        2.31      0.02012
       2.325      0.03922
       2.332      0.05831
        2.34      0.07741
       2.355       0.1156
       2.363       0.1347
       2.378       0.1347
       2.385       0.1347
       2.393       0.1347
       2.408       0.1156
       2.415       0.0965
       2.423       0.0965
       2.438      0.07741
       2.446      0.05831
       2.461      0.05831
       2.476      0.02012
       2.483      0.02012
       2.499      0.03922
       2.514      0.05831
       2.521      0.05831
       2.529      0.07741
       2.544      0.05831
       2.552      0.07741
       2.567      0.07741
       2.574      0.07741
       2.589      0.07741
       2.604      0.03922
       2.612     0.001023
       2.627     -0.03717
       2.635     -0.05627
        2.65     -0.05627
       2.657     -0.05627
       2.672     -0.05627
        2.68     -0.05627
       2.695     -0.05627
        2.71     -0.09446
       2.718      -0.1136
       2.733      -0.1327
       2.748      -0.1708
       2.756      -0.1708
       2.771      -0.1899
       2.778      -0.1708
       2.793      -0.1327
       2.801      -0.1136
       2.816     -0.05627
       2.824     -0.03717
       2.839     0.001023
       2.854     0.001023
       2.861     -0.01807
       2.877     0.001023
       2.884      0.03922
       2.892      0.05831
       2.907      0.05831
       2.914      0.07741
       2.929       0.1156
       2.937       0.1156
       2.945       0.1156
        2.96       0.0965
       2.967       0.0965
       2.982      0.07741
        2.99      0.07741
       2.997       0.0965
       3.013       0.1347
        3.02       0.1538
       3.035       0.1729
       3.043       0.1538
       3.058       0.1156
       3.066       0.0965
       3.073       0.0965
       3.088      0.07741
       3.096      0.05831
       3.103      0.05831
       3.118      0.03922
       3.126      0.03922
       3.141      0.03922
       3.149      0.03922
       3.164      0.03922
       3.171      0.03922
       3.186      0.02012
       3.194      0.03922
       3.202      0.05831
       3.217      0.05831
       3.224      0.03922
       3.239     0.001023
       3.247     0.001023
       3.262     -0.03717
        3.27     -0.07536
       3.285      -0.1136
       3.292      -0.1327
       3.307      -0.1899
       3.315       -0.209
        3.33      -0.2472
       3.338      -0.2472
       3.353      -0.2472
        3.36      -0.2472
       3.368      -0.2281
       3.383      -0.1899
       3.398      -0.1136
       3.406     -0.09446
       3.421     -0.05627
       3.428     -0.03717
       3.443     -0.01807
       3.451     -0.01807
       3.459     0.001023
       3.474      0.05831
       3.489       0.0965
       3.496       0.1347
       3.504       0.1729
       3.511       0.2111
       3.519       0.2493
       3.534       0.2684
       3.542       0.2684
       3.557       0.2493
       3.564       0.2302
       3.579        0.192
       3.587       0.1729
       3.602       0.1347
        3.61       0.1156
       3.625       0.1156
        3.64      0.05831
       3.655      0.02012
       3.663     0.001023
       3.678      0.02012
       3.693     0.001023
         3.7     -0.01807
       3.716     -0.05627
       3.723     -0.05627
       3.738     -0.03717
       3.746     -0.01807
       3.761      0.02012
       3.768      0.03922
       3.784      0.05831
       3.791      0.05831
       3.799      0.05831
       3.814      0.03922
       3.821      0.03922
       3.836      0.03922
       3.844      0.03922
       3.852      0.02012
       3.867     0.001023
       3.874      0.02012
       3.889      0.03922
       3.897      0.03922
       3.912      0.02012
        3.92     0.001023
       3.935     -0.01807
       3.942     -0.01807
       3.957     0.001023
       3.973     -0.01807
        3.98     -0.01807
       3.988     -0.01807
       4.003     -0.01807
        4.01     -0.01807
       4.018     0.001023
       4.033     0.001023
       4.041      0.02012
       4.056      0.02012
       4.063     0.001023
       4.071     -0.01807
       4.078     -0.05627
       4.086     -0.09446
       4.093      -0.1517
       4.101      -0.1899
       4.116      -0.2281
       4.124      -0.2281
       4.139      -0.1899
       4.154      -0.1708
       4.162      -0.1517
       4.169      -0.1327
       4.184      -0.1136
       4.192     -0.09446
       4.199     -0.07536
       4.214     -0.03717
       4.222     0.001023
        4.23      0.02012
       4.237      0.05831
       4.245       0.0965
        4.26       0.1156
       4.267       0.1538
       4.282        0.192
        4.29       0.2493
       4.305       0.2875
       4.313       0.2875
       4.328       0.2875
       4.343       0.2493
        4.35       0.2302
       4.358       0.2302
       4.373        0.192
       4.381       0.1729
       4.396       0.1347
       4.403       0.1347
       4.419      0.07741
       4.426      0.05831
       4.441      0.03922
       4.449      0.02012
       4.456      0.03922
       4.471      0.03922
       4.479      0.02012
       4.487      0.02012
       4.494     -0.01807
       4.509     -0.07536
       4.517     -0.09446
       4.524      -0.1327
       4.532      -0.1517
       4.547      -0.1899
       4.555      -0.1899
        4.57      -0.1708
       4.577      -0.1708
       4.585      -0.1517
         4.6      -0.1327
       4.607     -0.09446
       4.623     -0.05627
        4.63     0.001023
       4.638      0.02012
       4.653      0.05831
        4.66      0.05831
       4.676      0.05831
       4.683      0.05831
       4.698      0.03922
       4.706      0.03922
       4.713      0.05831
       4.728      0.05831
       4.736      0.05831
       4.744      0.05831
       4.759     0.001023
       4.766     -0.01807
       4.781     -0.05627
       4.789     -0.05627
       4.804     -0.03717
       4.812     -0.01807
       4.827      0.03922
       4.842      0.07741
       4.849       0.0965
       4.864       0.1156
       4.872       0.1347
        4.88       0.1729
       4.887        0.192
       4.895        0.192
        4.91       0.1538
       4.917       0.1156
       4.932      0.07741
        4.94      0.05831
       4.955      0.02012
       4.963      0.02012
       4.978     -0.01807
       4.985     -0.03717
       5.001     -0.03717
       5.016     -0.03717
       5.023     -0.05627
       5.038     -0.05627
       5.053     -0.07536
       5.061     -0.07536
       5.076     -0.07536
       5.084     -0.07536
       5.099     -0.07536
       5.106     -0.05627
       5.121     -0.03717
       5.137     -0.03717
       5.144     -0.03717
       5.159     -0.03717
       5.167     -0.01807
       5.174     0.001023
       5.189      0.03922
       5.197      0.05831
       5.205      0.07741
        5.22      0.05831
       5.227      0.03922
       5.235      0.03922
        5.25      0.02012
       5.258     0.001023
       5.273     0.001023
       5.288     0.001023
       5.303     0.001023
       5.318     -0.01807
       5.326     -0.01807
       5.341     -0.03717
       5.348     -0.01807
       5.363     -0.03717
       5.371     -0.03717
       5.386     -0.05627
       5.394     -0.07536
       5.401     -0.05627
       5.416     -0.01807
       5.424     0.001023
       5.439     0.001023
       5.446     0.001023
       5.454     0.001023
       5.469     -0.03717
       5.484     -0.07536
       5.499     -0.09446
       5.507     -0.09446
       5.515     -0.07536
        5.53     -0.05627
       5.537     -0.05627
       5.552     -0.01807
        5.56      0.02012
       5.567      0.05831
       5.575      0.07741
       5.583       0.0965
       5.598       0.1538
       5.605       0.1729
        5.62       0.2111
       5.635       0.2302
       5.643       0.2493
       5.651       0.2684
       5.666       0.2493
       5.673       0.2111
       5.681       0.1729
       5.688       0.1347
       5.696       0.1156
       5.711      0.05831
       5.719      0.03922
       5.734     -0.01807
       5.741     -0.03717
       5.749     -0.03717
       5.764     -0.03717
       5.772     -0.03717
       5.787     -0.05627
       5.794     -0.07536
       5.802     -0.07536
       5.817     -0.07536
       5.824     -0.05627
       5.847     0.001023
       5.862      0.02012
        5.87      0.03922
       5.877      0.07741
       5.885       0.0965
       5.892       0.0965
       5.908      0.07741
       5.915      0.07741
        5.93      0.05831
       5.938      0.03922
       5.953      0.03922
        5.96      0.03922
       5.976      0.05831
       5.991      0.07741
       5.998       0.0965
       6.013      0.07741
       6.021      0.05831
       6.036     0.001023
       6.044     -0.01807
       6.059     -0.05627
       6.066     -0.05627
       6.081     -0.07536
       6.089     -0.07536
       6.104     -0.07536
       6.112     -0.07536
       6.127     -0.07536
       6.134     -0.07536
       6.149     -0.09446
       6.157      -0.1136
       6.165      -0.1136
        6.18      -0.1136
       6.187     -0.09446
       6.202     -0.05627
        6.21     -0.03717
       6.225     0.001023
       6.233      0.02012
        6.24      0.05831
       6.255       0.0965
        6.27       0.1538
       6.285       0.1729
       6.293       0.1729
       6.308       0.1347
       6.316       0.0965
       6.331      0.05831
       6.338      0.03922
       6.346      0.03922
       6.361     0.001023
       6.369     0.001023
       6.376     0.001023
       6.391     -0.01807
       6.399     -0.03717
       6.414     -0.07536
       6.422     -0.09446
       6.437     -0.07536
       6.444     -0.05627
       6.459     -0.01807
       6.467     0.001023
       6.482      0.02012
        6.49      0.02012
       6.505      0.03922
        6.52     0.001023
       6.527     -0.01807
       6.535     -0.05627
       6.542     -0.07536
       6.558      -0.1327
       6.565      -0.1517
        6.58      -0.1899
       6.588      -0.1899
       6.603      -0.1708
       6.618      -0.1517
       6.626      -0.1136
       6.641     -0.05627
       6.648     -0.03717
       6.656     -0.01807
       6.663      0.02012
       6.671      0.07741
       6.679       0.1156
       6.686       0.1538
       6.694        0.192
       6.701       0.2302
       6.716       0.2302
       6.724       0.2111
       6.731       0.2111
       6.747       0.1729
       6.754       0.1538
       6.762       0.1729
       6.777        0.192
       6.784       0.2111
       6.799       0.2111
       6.807       0.2111
       6.815       0.2111
        6.83       0.2302
       6.837       0.2302
       6.852       0.2302
        6.86       0.2493
       6.868       0.2684
       6.883       0.3257
        6.89       0.2875
       6.898       0.2493
       6.905       0.2111
        6.92       0.1538
       6.928       0.0965
       6.936      0.05831
       6.943     -0.01807
       6.951     -0.07536
       6.958      -0.1327
       6.966      -0.1708
       6.973       -0.209
       6.981      -0.2472
       6.988      -0.2854
       6.996      -0.3236
       7.004      -0.3618
       7.011      -0.3809
       7.026      -0.4191
       7.034      -0.4382
       7.041      -0.4191
       7.056      -0.3618
       7.064      -0.3236
       7.072      -0.2854
       7.079      -0.2472
       7.087       -0.209
       7.094      -0.1708
       7.102      -0.1517
       7.117     -0.07536
       7.125     -0.05627
        7.14     -0.01807
       7.147     0.001023
       7.162      0.05831
       7.177       0.0965
       7.185       0.1156
         7.2       0.1156
       7.208       0.1156
       7.223       0.0965
        7.23       0.1156
       7.245       0.1347
       7.253       0.1347
       7.268       0.1538
       7.283       0.1729
       7.298       0.1347
       7.306       0.0965
       7.321      0.05831
       7.329      0.03922
       7.344      0.05831
       7.351      0.07741
       7.359       0.1156
       7.366       0.1347
       7.382       0.1538
       7.389       0.1729
       7.404        0.192
       7.412        0.192
       7.419        0.192
       7.434       0.1729
       7.442       0.1538
        7.45       0.1538
       7.465       0.1156
       7.472       0.0965
        7.48      0.05831
       7.487      0.02012
       7.495     -0.03717
       7.502     -0.07536
        7.51     -0.09446
       7.525      -0.1327
       7.533      -0.1517
       7.548      -0.1708
       7.555      -0.1899
        7.57      -0.1899
       7.578      -0.1708
       7.586      -0.1327
       7.593      -0.1136
       7.608     -0.09446
       7.616     -0.07536
       7.631     -0.05627
       7.638     -0.05627
       7.646     -0.03717
       7.661     -0.05627
       7.669     -0.07536
       7.684      -0.1136
       7.691      -0.1327
       7.699      -0.1136
       7.714     -0.09446
       7.722     -0.07536
       7.737     -0.05627
       7.744     -0.03717
       7.759     0.001023
       7.767      0.02012
       7.782      0.03922
        7.79      0.05831
       7.805       0.0965
       7.812       0.1347
        7.82       0.1538
       7.835       0.2111
       7.843       0.2111
        7.85       0.2111
       7.865       0.2111
       7.873       0.2111
        7.88       0.1729
       7.888       0.1347
       7.895       0.0965
       7.911      0.07741
       7.918       0.0965
       7.933       0.0965
       7.941      0.07741
       7.956      0.03922
       7.964      0.03922
       7.979     0.001023
       7.986     0.001023
       8.001     0.001023
       8.016     -0.05627
       8.024     -0.09446
       8.032      -0.1136
       8.047      -0.1517
       8.054      -0.1708
       8.062      -0.1517
       8.077      -0.1136
       8.084     -0.09446
       8.092     -0.05627
         8.1     -0.01807
       8.115      0.02012
       8.122      0.03922
       8.137      0.03922
       8.145      0.03922
       8.152      0.05831
       8.168      0.07741
       8.175      0.07741
       8.183      0.07741
       8.198      0.05831
       8.205      0.03922
       8.221      0.03922
       8.228      0.03922
       8.243      0.02012
       8.251      0.02012
       8.266     0.001023
       8.273     0.001023
       8.289     0.001023
       8.296      0.03922
       8.311      0.07741
       8.319       0.0965
       8.334      0.07741
       8.341      0.05831
       8.349      0.02012
       8.357     0.001023
       8.364     -0.03717
       8.379     -0.09446
       8.387     -0.09446
       8.402     -0.07536
       8.417     -0.03717
       8.432      0.03922
        8.44      0.05831
       8.455       0.0965
       8.462       0.1156
       8.478       0.1347
       8.493       0.1156
         8.5       0.1156
       8.515       0.0965
       8.523       0.0965
       8.538       0.0965
       8.553      0.07741
       8.561      0.05831
       8.568      0.05831
       8.583      0.02012
       8.591      0.02012
       8.606      0.03922
       8.614      0.05831
       8.621       0.0965
       8.629       0.1347
       8.644       0.1729
       8.651       0.1538
       8.659       0.1156
       8.666      0.07741
       8.674      0.05831
       8.682      0.02012
       8.689     -0.01807
       8.697     -0.05627
       8.704     -0.09446
       8.712      -0.1327
       8.719      -0.1708
       8.735      -0.2281
       8.742      -0.2472
       8.757      -0.2472
       8.765      -0.2472
        8.78       -0.209
       8.795      -0.1708
       8.803      -0.1708
       8.818      -0.1708
       8.825      -0.1517
        8.84      -0.1517
       8.848      -0.1517
       8.863      -0.1136
       8.871     -0.07536
       8.878     -0.01807
       8.893      0.02012
       8.901      0.03922
       8.908      0.07741
       8.916       0.0965
       8.931       0.1347
       8.939       0.1538
       8.961       0.2111
       8.976       0.2302
