     0.01181       0.1893
     0.01181       0.1115
     0.01937      0.07263
     0.01937    -0.005115
     0.02693     -0.06343
     0.03449      -0.1606
     0.04205      -0.2189
      0.0496      -0.2578
     0.05716      -0.2578
     0.07228      -0.2384
     0.07984      -0.2189
      0.0874      -0.1801
     0.09496      -0.1606
      0.1025      -0.1023
      0.1101     -0.02455
      0.1176       0.0532
      0.1176    -0.005115
      0.1252       0.1115
      0.1327       0.1698
      0.1403       0.2087
      0.1554       0.1893
       0.163       0.1698
      0.1781       0.1115
      0.1857       0.0532
      0.1932      0.03376
      0.1932    -0.005115
      0.2008     -0.06343
      0.2083      -0.1217
      0.2159      -0.1606
      0.2235      -0.2189
       0.231      -0.2384
      0.2461      -0.2578
      0.2537      -0.2578
      0.2688      -0.2384
      0.2764      -0.1995
      0.2839      -0.1412
      0.2915     -0.08286
       0.299      0.03376
       0.299     -0.02455
      0.3066      0.09207
      0.3142       0.1698
      0.3217        0.267
      0.3293       0.3448
      0.3368       0.4031
      0.3444       0.4031
       0.352       0.3836
      0.3595       0.3059
      0.3671       0.2087
      0.3746       0.1115
      0.3822       0.0532
      0.3822     -0.04399
      0.3897      -0.1217
      0.3973      -0.1995
      0.4049      -0.2578
      0.4124      -0.3161
      0.4275       -0.355
      0.4351      -0.3355
      0.4427      -0.2967
      0.4502      -0.2578
      0.4578      -0.2384
      0.4653      -0.1801
      0.4729      -0.1412
       0.488      0.03376
       0.488     -0.02455
      0.4956       0.1115
      0.4956      0.03376
      0.5031       0.1893
      0.5107        0.267
      0.5182       0.3253
      0.5258       0.3642
      0.5334       0.3836
      0.5409       0.3642
      0.5485       0.3059
       0.556       0.2281
      0.5636       0.1504
      0.5712      0.07263
      0.5787      0.03376
      0.5787     -0.02455
      0.5863     -0.08286
      0.5938      -0.1412
      0.6014      -0.2189
      0.6089      -0.2772
      0.6165      -0.2967
      0.6241      -0.2578
      0.6316      -0.2189
      0.6392      -0.1801
      0.6543      -0.1217
      0.6619     -0.08286
      0.6694     -0.02455
       0.677      0.07263
      0.6845       0.1504
      0.6921       0.2476
      0.6996       0.3253
      0.7072       0.4031
      0.7148       0.4419
      0.7299       0.4225
       0.745       0.3448
      0.7526       0.3059
      0.7601        0.267
      0.7677       0.2087
      0.7752       0.1309
      0.7828      0.07263
      0.7904     -0.04399
      0.7979      -0.1023
      0.8055      -0.1606
       0.813      -0.1995
      0.8206      -0.2189
      0.8357      -0.1995
      0.8433      -0.1995
      0.8508      -0.1606
      0.8659      -0.1023
      0.8735     -0.08286
      0.8886     -0.02455
      0.8962    -0.005115
      0.9037      0.03376
      0.9113       0.0532
      0.9264       0.0532
       0.934      0.03376
      0.9491      0.03376
      0.9566      0.03376
      0.9718    -0.005115
      0.9869     -0.04399
      0.9944     -0.08286
        1.01      -0.1023
       1.025      -0.1217
       1.032      -0.1217
       1.047      -0.1023
       1.055     -0.08286
       1.062     -0.04399
        1.07    -0.005115
       1.078      0.03376
       1.085       0.0532
       1.093      0.09207
         1.1       0.1309
       1.115       0.1698
       1.123       0.1698
       1.138       0.1115
       1.146      0.07263
       1.153     -0.02455
       1.161     -0.08286
       1.168      -0.1606
       1.176      -0.1801
       1.183      -0.1606
       1.191      -0.1412
       1.199      -0.1023
       1.206     -0.06343
       1.221     -0.02455
       1.229     -0.02455
       1.244     -0.04399
       1.251     -0.04399
       1.267    -0.005115
       1.274       0.0532
       1.289       0.0532
       1.297      0.03376
       1.297    -0.005115
       1.304     -0.04399
       1.312     -0.08286
       1.319      -0.1023
       1.335      -0.1023
       1.342     -0.06343
       1.357      0.03376
       1.357    -0.005115
       1.365      0.07263
       1.372       0.1309
        1.38       0.2087
       1.387        0.267
       1.403       0.2864
        1.41       0.2864
       1.418       0.2281
       1.425       0.1893
       1.433       0.1115
        1.44       0.0532
        1.44    -0.005115
       1.448     -0.02455
       1.456      -0.1023
       1.463      -0.1217
       1.471      -0.1606
       1.478      -0.1801
       1.486      -0.2189
       1.493      -0.2384
       1.501      -0.2384
       1.516      -0.1995
       1.524      -0.1801
       1.539      -0.1023
       1.546     -0.04399
       1.554       0.0532
       1.554    -0.005115
       1.561       0.1309
       1.569       0.2087
       1.576       0.2864
       1.584       0.3253
       1.599       0.3448
       1.607       0.2864
       1.614       0.2087
       1.622       0.1309
       1.629      0.07263
       1.637    -0.005115
       1.644     -0.04399
       1.652      -0.1023
        1.66      -0.1412
       1.667      -0.1801
       1.682      -0.2189
        1.69      -0.2384
       1.697      -0.2384
       1.713      -0.2384
        1.72      -0.2189
       1.728      -0.1606
       1.735      -0.1023
       1.743     -0.02455
        1.75      0.07263
       1.758       0.1504
       1.765       0.2087
       1.773        0.267
       1.788       0.2476
       1.796       0.2281
       1.803       0.1893
       1.818       0.1309
       1.826      0.07263
       1.833      0.03376
       1.833    -0.005115
       1.841     -0.04399
       1.856     -0.08286
       1.864      -0.1023
       1.879      -0.1412
       1.886      -0.1606
       1.901      -0.1217
       1.909     -0.06343
       1.917      0.01432
       1.924       0.1115
       1.932       0.2087
       1.939       0.2864
       1.947       0.3642
       1.954       0.4031
       1.962       0.4419
        1.97       0.4808
       1.985       0.4614
       1.992       0.4225
           2       0.3448
       2.007       0.2476
       2.015       0.1698
       2.022      0.09207
        2.03      0.03376
        2.03     -0.02455
       2.038      -0.1023
       2.045      -0.2189
       2.053      -0.3355
        2.06      -0.4327
        2.06      -0.5299
       2.068      -0.5494
       2.075      -0.5882
       2.083      -0.5882
        2.09      -0.5494
       2.098      -0.4522
       2.106      -0.3744
       2.113      -0.2772
       2.121      -0.1606
       2.128     -0.06343
       2.136      0.01432
       2.143      0.07263
       2.151       0.1115
       2.158       0.1309
       2.166       0.1698
       2.174       0.2281
       2.189       0.2864
       2.196        0.267
       2.204       0.2281
       2.211       0.1893
       2.219       0.1504
       2.226      0.09207
       2.234       0.0532
       2.234    -0.005115
       2.242     -0.02455
       2.249     -0.06343
       2.257     -0.08286
       2.272      -0.1217
       2.279      -0.1023
       2.287     -0.06343
       2.295     -0.02455
       2.302       0.0532
        2.31      0.09207
       2.317       0.1309
       2.325       0.1504
        2.34       0.1309
       2.347       0.1115
       2.363       0.0532
        2.37      0.01432
       2.378     -0.02455
       2.385     -0.08286
       2.393      -0.1217
         2.4      -0.1412
       2.415      -0.1023
       2.423     -0.08286
       2.438     -0.04399
       2.446     -0.02455
       2.461    -0.005115
       2.468     -0.02455
       2.476     -0.02455
       2.491      0.01432
       2.499       0.0532
       2.506      0.09207
       2.521       0.1115
       2.529      0.09207
       2.536       0.0532
       2.544      0.01432
       2.552     -0.02455
       2.559     -0.06343
       2.567      -0.1023
       2.582      -0.1023
       2.589     -0.06343
       2.597     -0.02455
       2.612      0.03376
        2.62      0.07263
       2.635       0.1115
       2.642       0.1309
       2.657       0.1504
       2.665       0.1698
        2.68       0.2281
       2.695       0.2281
       2.703       0.1893
        2.71       0.1115
       2.718      0.03376
       2.725     -0.04399
       2.733     -0.08286
        2.74      -0.1023
       2.756      -0.1023
       2.763      -0.1217
       2.778      -0.1412
       2.793      -0.1412
       2.801      -0.1217
       2.809      -0.1023
       2.816     -0.04399
       2.824    -0.005115
       2.831      0.03376
       2.839       0.0532
       2.854      0.07263
       2.861      0.07263
       2.877      0.01432
       2.884     -0.02455
       2.892     -0.08286
       2.899      -0.1412
       2.907      -0.1995
       2.914      -0.2189
       2.929      -0.1606
       2.945      -0.1412
       2.952      -0.1412
       2.967      -0.1606
       2.975      -0.1606
       2.982      -0.1412
       2.997     -0.08286
       3.005     -0.02455
       3.013       0.0532
       3.013    -0.005115
        3.02      0.09207
       3.028       0.1309
       3.035       0.1504
        3.05       0.1309
       3.058       0.1115
       3.073      0.07263
       3.088      0.03376
       3.096      0.03376
       3.111      0.03376
       3.118      0.03376
       3.134      0.03376
       3.141    -0.005115
       3.149     -0.02455
       3.164     -0.08286
       3.171      -0.1023
       3.186      -0.1217
       3.194      -0.1217
       3.209     -0.08286
       3.217     -0.06343
       3.232     -0.08286
       3.239     -0.08286
       3.247     -0.06343
       3.254     -0.02455
       3.262       0.0532
        3.27      0.09207
       3.277       0.1309
       3.292       0.2087
         3.3       0.2281
       3.315       0.2087
        3.33       0.1698
       3.338       0.1504
       3.353       0.1115
        3.36      0.09207
       3.368      0.09207
       3.383      0.07263
       3.391      0.07263
       3.406      0.03376
       3.413    -0.005115
       3.428     -0.04399
       3.436     -0.02455
       3.451      0.01432
       3.459      0.03376
       3.466      0.01432
       3.474     -0.02455
       3.481     -0.06343
       3.489     -0.08286
       3.504      -0.1023
       3.511     -0.08286
       3.527     -0.06343
       3.534     -0.04399
       3.549      0.01432
       3.564      0.07263
       3.572      0.09207
       3.587       0.1309
       3.595       0.1893
       3.602       0.2281
       3.617       0.2281
       3.625       0.1893
       3.632       0.1504
        3.64       0.1309
       3.648      0.09207
       3.655      0.07263
        3.67    -0.005115
       3.678     -0.04399
       3.685     -0.08286
       3.693      -0.1412
         3.7      -0.1801
       3.716      -0.1801
       3.723      -0.1606
       3.738      -0.1023
       3.746      -0.1217
       3.753      -0.1217
       3.768     -0.06343
       3.776      0.01432
       3.784       0.1115
       3.791       0.1893
       3.799       0.2281
       3.806       0.2281
       3.814       0.1698
       3.821       0.1309
       3.829      0.07263
       3.836      0.01432
       3.844     -0.02455
       3.852     -0.08286
       3.859      -0.1023
       3.874      -0.1412
       3.882      -0.1412
       3.897      -0.1606
       3.905      -0.1217
       3.912     -0.06343
        3.92      0.01432
       3.927      0.09207
       3.935       0.1698
       3.942       0.2087
        3.95       0.1893
       3.957       0.1309
       3.965      0.07263
       3.973       0.0532
       3.988      0.03376
       3.995       0.0532
       4.003      0.07263
       4.018       0.0532
       4.025    -0.005115
       4.033     -0.04399
       4.041      -0.1023
       4.048      -0.1412
       4.063      -0.1606
       4.071      -0.1412
       4.086     -0.08286
       4.093     -0.08286
       4.101     -0.06343
       4.116     -0.06343
       4.124     -0.06343
       4.131     -0.04399
       4.146     -0.04399
       4.154     -0.04399
       4.169     -0.04399
       4.177    -0.005115
       4.184       0.0532
       4.192      0.07263
       4.207       0.1309
       4.214       0.1504
        4.23       0.1504
       4.245       0.1504
       4.252       0.1698
       4.267       0.1698
       4.275       0.1115
       4.282      0.07263
        4.29      0.03376
       4.298     -0.02455
       4.305     -0.06343
        4.32     -0.08286
       4.328     -0.04399
       4.343    -0.005115
        4.35       0.0532
       4.366       0.0532
       4.373       0.0532
       4.388      0.03376
       4.396      0.01432
       4.411     -0.02455
       4.419     -0.04399
       4.434     -0.04399
       4.441     -0.04399
       4.449     -0.04399
       4.464     -0.06343
       4.471     -0.06343
       4.479     -0.06343
       4.487      -0.1023
       4.494      -0.1412
       4.502      -0.1995
       4.509      -0.2578
       4.524      -0.2384
       4.532      -0.1606
       4.539     -0.08286
       4.547      0.03376
       4.547     -0.02455
       4.555      0.07263
       4.562       0.1115
        4.57       0.1698
       4.577       0.2281
       4.585       0.2864
       4.592       0.3253
       4.607       0.2864
       4.615       0.2476
       4.623       0.1893
        4.63       0.1115
       4.638      0.07263
       4.645       0.0532
       4.653    -0.005115
        4.66    -0.005115
       4.676     -0.06343
       4.691      -0.1023
       4.698      -0.1217
       4.713     -0.06343
       4.721     -0.02455
       4.728      0.03376
       4.728    -0.005115
       4.736      0.07263
       4.744       0.1115
       4.751       0.1698
       4.759       0.2476
       4.766       0.2864
       4.781       0.2864
       4.789       0.2281
       4.796       0.1698
       4.804      0.09207
       4.812      0.03376
       4.819     -0.04399
       4.827      -0.1023
       4.834      -0.1606
       4.842      -0.1995
       4.849      -0.2578
       4.864      -0.2967
       4.872      -0.2967
       4.887      -0.3161
       4.895      -0.3161
       4.902      -0.2967
        4.91      -0.2772
       4.917      -0.2189
       4.925      -0.1217
       4.932     -0.04399
        4.94      0.07263
       4.948       0.1309
       4.955       0.1893
       4.963       0.2281
        4.97        0.267
       4.985       0.2476
       4.993       0.2087
       5.001       0.1504
       5.008       0.1309
       5.023      0.09207
       5.031      0.07263
       5.046      0.07263
       5.053      0.09207
       5.069      0.09207
       5.076       0.0532
       5.091    -0.005115
       5.099    -0.005115
       5.114    -0.005115
       5.129     -0.02455
       5.137     -0.02455
       5.152     -0.02455
       5.167     -0.04399
       5.174     -0.02455
       5.189      0.03376
       5.197      0.07263
       5.212      0.09207
        5.22      0.09207
       5.227       0.0532
       5.235    -0.005115
       5.242     -0.04399
        5.25     -0.08286
       5.258      -0.1217
       5.265      -0.1606
       5.273      -0.1801
       5.288      -0.1995
       5.295      -0.1995
       5.303      -0.1995
        5.31      -0.2384
       5.318      -0.2578
       5.326      -0.2384
       5.333      -0.2189
       5.341      -0.1801
       5.348      -0.1412
       5.363     -0.08286
       5.371     -0.02455
       5.378      0.01432
       5.386      0.07263
       5.394       0.1115
       5.401       0.1698
       5.409       0.2087
       5.416       0.2476
       5.431        0.267
       5.439       0.2476
       5.446       0.2476
       5.462       0.2281
       5.469       0.2476
       5.484        0.267
       5.492       0.2476
       5.499       0.2281
       5.507       0.1893
       5.515       0.1309
       5.522      0.07263
        5.53    -0.005115
       5.537     -0.02455
       5.552     -0.02455
        5.56    -0.005115
       5.575      0.03376
       5.583       0.0532
       5.598       0.0532
       5.605      0.01432
       5.613     -0.06343
        5.62      -0.1217
       5.628      -0.1801
       5.643      -0.1801
       5.651      -0.1606
       5.666      -0.1412
       5.673      -0.1412
       5.681      -0.1217
       5.688      -0.1023
       5.696     -0.04399
       5.703      0.01432
       5.711      0.07263
       5.719       0.1309
       5.726       0.1504
       5.734       0.1504
       5.741       0.1115
       5.749      0.07263
       5.756      0.01432
       5.764    -0.005115
       5.779    -0.005115
       5.787    -0.005115
       5.794     -0.02455
       5.809     -0.08286
       5.817     -0.08286
       5.824     -0.06343
        5.84     -0.04399
       5.847     -0.02455
       5.862       0.0532
        5.87      0.07263
       5.885       0.0532
       5.892    -0.005115
         5.9     -0.04399
       5.915      -0.1023
       5.923      -0.1023
        5.93     -0.08286
       5.945     -0.04399
       5.953     -0.04399
       5.968     -0.08286
       5.976     -0.08286
       5.991     -0.06343
       5.998     -0.06343
       6.006     -0.04399
       6.021    -0.005115
       6.029    -0.005115
       6.044     -0.04399
       6.051     -0.06343
       6.066     -0.04399
       6.081      0.03376
       6.081    -0.005115
       6.089       0.0532
       6.097      0.09207
       6.104       0.1309
       6.119       0.1504
       6.127       0.1504
       6.134       0.1698
       6.149       0.1504
       6.157       0.1115
       6.165      0.07263
       6.172     -0.02455
        6.18      -0.1023
       6.187      -0.1606
       6.195      -0.1995
        6.21      -0.2189
       6.217      -0.1801
       6.225      -0.1217
       6.233     -0.06343
        6.24    -0.005115
       6.248      0.07263
       6.255       0.1309
       6.263       0.1698
       6.278       0.2476
       6.285       0.2864
       6.301       0.2864
       6.308       0.2281
       6.323       0.1698
       6.331       0.1893
       6.346       0.1504
       6.354      0.07263
       6.361     -0.02455
       6.369      -0.1217
       6.376      -0.2578
       6.384      -0.3355
       6.391      -0.3744
       6.399      -0.3744
       6.406      -0.3355
       6.414      -0.2772
       6.422      -0.2189
       6.429      -0.1606
       6.437      -0.1023
       6.444     -0.04399
       6.452    -0.005115
       6.459       0.0532
       6.467       0.1115
       6.474       0.1504
       6.482       0.1893
        6.49       0.2476
       6.497       0.2476
       6.505       0.2476
        6.52       0.2087
       6.527       0.2281
       6.542       0.2087
        6.55       0.2087
       6.565       0.1309
       6.573      0.09207
        6.58      0.01432
       6.588     -0.08286
       6.595      -0.1801
       6.603      -0.2578
       6.611      -0.2967
       6.618      -0.2967
       6.626      -0.2772
       6.633      -0.2189
       6.641      -0.1801
       6.656      -0.1217
       6.663      -0.1217
       6.671      -0.1023
       6.686     -0.06343
       6.694      0.03376
       6.694     -0.02455
       6.701      0.07263
       6.709       0.1698
       6.716       0.2476
       6.724       0.3253
       6.731       0.3642
       6.739       0.3642
       6.747       0.3253
       6.754       0.2864
       6.762       0.2864
       6.777        0.267
       6.784       0.2476
       6.792       0.1893
       6.799      0.09207
       6.807       0.0532
       6.807     -0.02455
       6.815      -0.1023
       6.822      -0.1606
        6.83      -0.1801
       6.845      -0.1606
       6.852      -0.1412
       6.868      -0.1217
       6.875      -0.1217
        6.89      -0.1412
       6.898      -0.1412
       6.913      -0.1217
        6.92     -0.08286
       6.928     -0.04399
       6.943       0.0532
       6.951      0.09207
       6.958       0.1309
       6.966       0.1698
       6.981       0.1893
       6.988       0.1893
       6.996       0.1504
       7.004       0.1115
       7.011       0.0532
       7.011    -0.005115
       7.019     -0.04399
       7.026      -0.1023
       7.034      -0.1412
       7.049      -0.1606
       7.056      -0.1412
       7.072      -0.1217
       7.079      -0.1217
       7.094      -0.1217
       7.102      -0.1217
       7.117     -0.06343
       7.132     -0.04399
        7.14     -0.02455
       7.162      0.07263
        7.17       0.1309
       7.177       0.1698
       7.193       0.1698
         7.2       0.1309
       7.208      0.09207
       7.215       0.0532
       7.223    -0.005115
       7.238    -0.005115
       7.245       0.0532
       7.253      0.09207
       7.261       0.1504
       7.268       0.2087
       7.276       0.2476
       7.283       0.2281
       7.291       0.2087
       7.298       0.1698
       7.306       0.1309
       7.313      0.07263
       7.329     -0.02455
       7.336     -0.06343
       7.344      -0.1217
       7.351      -0.1412
       7.366     -0.06343
       7.374     -0.02455
       7.382      0.01432
       7.389    -0.005115
       7.397     -0.04399
       7.404      -0.1023
       7.412      -0.1412
       7.427      -0.1412
       7.434      -0.1217
        7.45     -0.06343
       7.457     -0.04399
       7.465     -0.02455
        7.48       0.0532
       7.487      0.07263
       7.502      0.09207
        7.51       0.1115
       7.525       0.1309
       7.533       0.1698
        7.54       0.2087
       7.555       0.2087
       7.563       0.1698
        7.57      0.09207
       7.578       0.0532
       7.578    -0.005115
       7.586     -0.02455
       7.601     -0.06343
       7.608     -0.06343
       7.623     -0.08286
       7.631     -0.06343
       7.638     -0.02455
       7.654       0.0532
       7.661      0.07263
       7.676      0.07263
       7.684      0.07263
       7.699      0.01432
       7.714     -0.02455
       7.722     -0.02455
       7.729    -0.005115
       7.744    -0.005115
       7.752     -0.02455
       7.759     -0.06343
       7.767      -0.1217
       7.775      -0.1801
       7.782      -0.2384
        7.79      -0.2772
       7.805      -0.2384
       7.812      -0.1606
        7.82     -0.08286
       7.827       0.0532
       7.827    -0.005115
       7.843       0.1698
       7.858       0.2087
       7.873       0.1893
        7.88       0.1504
       7.888       0.1115
       7.895       0.0532
       7.903    -0.005115
       7.911     -0.06343
       7.926      -0.1023
       7.933      -0.1023
       7.941      -0.1023
       7.964      -0.1023
       7.971      -0.1023
       7.986     -0.06343
       7.994     -0.04399
       8.001      0.03376
       8.001    -0.005115
       8.009       0.0532
       8.016      0.09207
       8.024       0.1115
       8.039      0.09207
       8.047      0.07263
       8.062       0.0532
       8.077    -0.005115
       8.084     -0.02455
         8.1     -0.02455
       8.107     -0.02455
       8.122     -0.02455
        8.13     -0.02455
       8.145     -0.06343
        8.16     -0.08286
       8.168     -0.06343
       8.175    -0.005115
       8.183       0.0532
        8.19      0.09207
       8.198       0.1309
       8.213       0.1309
       8.221       0.1309
       8.236       0.1504
       8.243       0.1504
       8.251       0.1504
       8.258       0.1115
       8.266      0.07263
       8.273       0.0532
       8.273    -0.005115
       8.281     -0.02455
       8.289     -0.08286
       8.296      -0.1412
       8.311      -0.1801
       8.319      -0.1995
       8.334      -0.1995
       8.341      -0.1995
       8.349      -0.2384
       8.364      -0.2772
       8.372      -0.2967
       8.379      -0.2578
       8.387      -0.1801
       8.394     -0.08286
       8.402      0.09207
       8.402    -0.005115
       8.409       0.1893
       8.417       0.2864
       8.425       0.3448
        8.44       0.3253
       8.447       0.2864
       8.455       0.2281
       8.462       0.1893
       8.478       0.1309
       8.485      0.07263
       8.493      0.03376
       8.493     -0.02455
         8.5     -0.06343
       8.508      -0.1412
       8.515      -0.1606
        8.53      -0.1995
       8.538      -0.2189
       8.546      -0.1995
       8.561      -0.1606
       8.568      -0.1023
       8.576     -0.04399
       8.583      0.07263
       8.583    -0.005115
       8.591       0.1504
       8.598       0.2476
       8.606       0.3059
       8.621       0.3059
       8.629        0.267
       8.636       0.2281
       8.651       0.1504
       8.659      0.09207
       8.666      0.01432
       8.674     -0.06343
       8.682      -0.1217
       8.689      -0.1801
       8.697      -0.2189
       8.704      -0.2384
       8.719      -0.2384
       8.727      -0.2189
       8.735      -0.1801
       8.742      -0.1217
        8.75     -0.06343
       8.757    -0.005115
       8.765      0.07263
       8.772       0.1115
        8.78       0.1504
       8.787       0.1893
       8.795        0.267
       8.795       0.2087
       8.803       0.3059
        8.81       0.3836
       8.818       0.4419
       8.833       0.4419
        8.84       0.4031
       8.848       0.3059
       8.855       0.2087
       8.863      0.09207
       8.871      0.03376
       8.871     -0.04399
       8.878     -0.08286
       8.878      -0.1995
       8.886      -0.2578
       8.893      -0.3355
       8.901      -0.3744
       8.923      -0.2578
       8.931      -0.1995
       8.939      -0.1217
       8.946     -0.08286
       8.961     -0.02455
       8.969     -0.02455
       8.976    -0.005115
