     0.01198     -0.07202
     0.01198      -0.1095
     0.01954      -0.1283
     0.02711      -0.1658
     0.03467      -0.2033
     0.04979      -0.2408
     0.05735      -0.2595
     0.07247      -0.2595
     0.08003      -0.2408
     0.09515       -0.222
      0.1027       -0.222
      0.1103      -0.2033
      0.1254      -0.1845
       0.133      -0.1845
      0.1405      -0.1658
      0.1556      -0.1283
      0.1632     -0.07202
      0.1708     -0.01577
      0.1783      0.04049
      0.1859      0.09674
      0.1934        0.153
       0.201       0.1905
      0.2086        0.228
      0.2237       0.2655
      0.2388       0.3218
      0.2464       0.3218
      0.2615       0.3218
      0.2691       0.3218
      0.2842       0.2655
      0.2917        0.228
      0.2993        0.153
      0.3069      0.07799
      0.3144     0.002983
       0.322     -0.07202
      0.3295       -0.147
      0.3371      -0.2033
      0.3447      -0.2595
      0.3598      -0.3158
      0.3673      -0.3158
      0.3749      -0.2783
      0.3825      -0.2595
        0.39       -0.222
      0.3976      -0.1845
      0.4051       -0.147
      0.4127      -0.1283
      0.4203     -0.07202
      0.4278     -0.01577
      0.4354      0.05924
       0.443      0.09674
      0.4581        0.153
      0.4656       0.1717
      0.4808       0.1905
      0.4883       0.1905
      0.4959       0.1717
       0.511       0.1155
      0.5186      0.09674
      0.5337      0.05924
      0.5412      0.04049
      0.5564     0.002983
      0.5715     -0.03452
       0.579     -0.03452
      0.5942     -0.07202
      0.6017     -0.09077
      0.6169     -0.05327
       0.632     0.002983
      0.6471      0.07799
      0.6547      0.07799
      0.6622      0.09674
      0.6773       0.1155
      0.6849       0.1342
         0.7       0.1717
      0.7076        0.153
      0.7151       0.1155
      0.7227      0.05924
      0.7303     0.002983
      0.7454     -0.03452
      0.7529     -0.05327
      0.7681     -0.05327
      0.7756     -0.03452
      0.7832     -0.01577
      0.7908      0.02173
      0.7983      0.05924
      0.8134       0.1155
       0.821       0.1342
      0.8361      0.07799
      0.8437      0.04049
      0.8512      0.02173
      0.8664     -0.01577
      0.8739     -0.03452
      0.8815     -0.07202
       0.889      -0.1095
      0.8966      -0.1658
      0.9042      -0.2033
      0.9117      -0.2595
      0.9193      -0.2783
      0.9344       -0.297
       0.942      -0.2783
      0.9495      -0.2408
      0.9571      -0.2033
      0.9722      -0.2033
      0.9798      -0.2408
      0.9873      -0.2783
      0.9949      -0.2783
       1.002      -0.2595
        1.01      -0.2033
       1.018      -0.1283
       1.025     -0.05327
       1.033     0.002983
        1.04      0.05924
       1.048      0.09674
       1.055        0.153
       1.063       0.1717
       1.078       0.1905
       1.086       0.1905
       1.101       0.1717
       1.108        0.153
       1.123        0.153
       1.131        0.153
       1.146       0.1342
       1.154       0.1342
       1.169       0.1342
       1.176        0.153
       1.191       0.1905
       1.199       0.2092
       1.214        0.228
       1.222       0.2092
       1.237       0.1717
       1.244       0.1905
        1.26       0.1905
       1.267       0.1717
       1.275       0.1342
       1.282       0.1155
       1.297      0.07799
       1.305      0.04049
        1.32      0.02173
       1.328     0.002983
       1.343     0.002983
        1.35     0.002983
       1.365     -0.07202
       1.373      -0.1095
       1.381      -0.1658
       1.388       -0.222
       1.403      -0.2408
       1.411       -0.222
       1.426      -0.2033
       1.433      -0.2033
       1.449      -0.2033
       1.456      -0.2033
       1.464      -0.1658
       1.471       -0.147
       1.486     -0.09077
       1.494     -0.05327
       1.501     -0.01577
       1.509      0.02173
       1.517      0.07799
       1.524       0.1342
       1.532       0.2092
       1.539       0.2468
       1.554       0.2655
       1.562       0.2655
       1.577       0.2468
       1.585       0.2468
         1.6       0.1717
       1.607       0.1342
       1.615      0.05924
       1.622      0.02173
        1.63     -0.03452
       1.638     -0.07202
       1.645     -0.07202
        1.66     -0.03452
       1.668     0.002983
       1.675      0.04049
       1.683      0.09674
        1.69       0.1155
       1.706      0.09674
       1.721      0.04049
       1.728      0.02173
       1.736     0.002983
       1.751     -0.05327
       1.759     -0.07202
       1.774      -0.1095
       1.781      -0.1095
       1.796     -0.09077
       1.804     -0.07202
       1.811     -0.03452
       1.819     -0.03452
       1.834     -0.01577
       1.842     0.002983
       1.857      0.04049
       1.864      0.05924
        1.88      0.05924
       1.887      0.04049
       1.902     -0.01577
        1.91     -0.03452
       1.925     -0.03452
       1.932     -0.03452
        1.94     -0.01577
       1.955     0.002983
        1.97      0.05924
       1.978      0.09674
       1.985        0.153
       1.993       0.1905
       2.008       0.1905
       2.016       0.1717
       2.023        0.153
       2.031       0.1155
       2.038      0.07799
       2.046      0.04049
       2.053     0.002983
       2.069     -0.03452
       2.076     -0.03452
       2.091     -0.03452
       2.099     -0.03452
       2.114     -0.01577
       2.129     0.002983
       2.137      0.02173
       2.152      0.05924
       2.159      0.07799
       2.174       0.1342
       2.182        0.153
       2.197       0.2092
       2.205        0.228
        2.22        0.228
       2.227       0.2092
       2.235       0.1717
       2.242      0.09674
        2.25      0.02173
       2.258     -0.07202
       2.265      -0.1658
       2.273      -0.2408
        2.28       -0.297
       2.295      -0.3345
       2.303      -0.3533
        2.31      -0.3345
       2.326      -0.3158
       2.333       -0.297
       2.341      -0.2595
       2.348      -0.2408
       2.356      -0.2033
       2.363       -0.147
       2.371      -0.1095
       2.379     -0.07202
       2.386     -0.03452
       2.394     0.002983
       2.401      0.05924
       2.409       0.1155
       2.416       0.1717
       2.424       0.2092
       2.431       0.2468
       2.447        0.303
       2.454        0.303
       2.469       0.2843
       2.477       0.2468
       2.484       0.1717
       2.492      0.07799
         2.5     0.002983
       2.507     -0.09077
       2.515       -0.147
       2.522      -0.1658
       2.537      -0.1845
       2.545      -0.1658
       2.552       -0.147
        2.56      -0.1095
       2.568     -0.07202
       2.575     0.002983
        2.59      0.07799
       2.598       0.1155
       2.605        0.153
       2.613       0.1717
       2.628       0.2092
       2.636        0.228
       2.651       0.2468
       2.658       0.2655
       2.673       0.2843
       2.681       0.2843
       2.696       0.2468
       2.704       0.1905
       2.711        0.153
       2.719      0.09674
       2.726      0.02173
       2.734     -0.03452
       2.741      -0.1095
       2.757       -0.147
       2.764       -0.147
       2.772      -0.1283
       2.787       -0.147
       2.794       -0.147
       2.802      -0.1283
        2.81     -0.07202
       2.817     0.002983
       2.825      0.05924
       2.832      0.09674
        2.84      0.09674
       2.855      0.05924
       2.862      0.02173
        2.87     -0.01577
       2.878     -0.05327
       2.885     -0.09077
       2.893      -0.1283
         2.9      -0.1095
       2.908     -0.09077
       2.915     -0.05327
       2.923     0.002983
        2.93      0.04049
       2.938      0.09674
       2.946       0.1342
       2.953       0.1717
       2.961        0.228
       2.968       0.2468
       2.983       0.2655
       2.991       0.2468
       2.999       0.2468
       3.006       0.2092
       3.021       0.1342
       3.029      0.07799
       3.036      0.02173
       3.044     -0.07202
       3.051       -0.147
       3.059       -0.222
       3.067      -0.2783
       3.074      -0.3345
       3.082      -0.3533
       3.097      -0.3345
       3.104       -0.297
       3.119      -0.2595
       3.135      -0.2033
       3.142      -0.1658
        3.15      -0.1095
       3.157     -0.05327
       3.165     0.002983
       3.172      0.05924
        3.18      0.09674
       3.188       0.1342
       3.195       0.1905
       3.203       0.2468
        3.21       0.2843
       3.218        0.303
       3.233       0.2655
        3.24        0.228
       3.248       0.1905
       3.256       0.1342
       3.263      0.05924
       3.271     -0.01577
       3.278      -0.1095
       3.286      -0.1845
       3.293      -0.2595
       3.301      -0.2783
       3.316       -0.297
       3.324      -0.2595
       3.331      -0.2408
       3.339      -0.1845
       3.346      -0.1283
       3.354     -0.05327
       3.361     0.002983
       3.369      0.04049
       3.377      0.07799
       3.384       0.1155
       3.392       0.1717
       3.399        0.228
       3.407       0.2843
       3.414       0.3218
       3.422       0.3593
       3.437       0.4155
       3.445       0.4343
        3.46       0.4155
       3.467       0.3593
       3.475       0.3218
       3.482       0.2843
        3.49        0.228
       3.498       0.1717
       3.505      0.09674
       3.513      0.04049
        3.52     -0.01577
       3.528     -0.05327
       3.535     -0.09077
        3.55      -0.1283
       3.558      -0.1658
       3.566      -0.1658
       3.573      -0.2033
       3.581      -0.2595
       3.588      -0.3158
       3.596      -0.3533
       3.603      -0.4095
       3.611      -0.4283
       3.626      -0.4846
       3.634      -0.4658
       3.641      -0.4283
       3.649       -0.372
       3.656      -0.3158
       3.664      -0.2408
       3.671       -0.147
       3.679     -0.03452
       3.687      0.02173
       3.694      0.09674
       3.709       0.1342
       3.717       0.1342
       3.724        0.153
       3.739       0.1905
       3.747       0.1905
       3.755       0.2092
        3.77       0.2468
       3.777       0.2655
       3.792       0.2655
         3.8       0.2468
       3.808       0.1905
       3.815       0.1155
       3.823      0.05924
        3.83     -0.01577
       3.838     -0.07202
       3.845      -0.1283
       3.853      -0.1658
        3.86      -0.2033
       3.868      -0.2408
       3.883      -0.2783
       3.891      -0.2595
       3.906       -0.222
       3.913      -0.2033
       3.921      -0.1845
       3.929       -0.147
       3.936      -0.1095
       3.944     -0.09077
       3.951     -0.05327
       3.959     0.002983
       3.966      0.04049
       3.974      0.07799
       3.989       0.1342
       3.997       0.1342
       4.012       0.1717
       4.019       0.1905
       4.027       0.2468
       4.034        0.303
       4.042        0.378
       4.049        0.453
       4.057       0.5093
       4.065       0.5655
        4.08       0.5843
       4.087       0.5468
       4.095       0.4905
       4.102       0.4155
        4.11       0.3405
       4.118       0.2468
       4.125       0.1717
       4.133      0.07799
        4.14     -0.01577
       4.148      -0.1095
       4.155      -0.1658
       4.163       -0.222
        4.17      -0.2595
       4.178      -0.2595
       4.193      -0.2783
       4.201      -0.2783
       4.216      -0.2595
       4.231       -0.222
       4.239      -0.2033
       4.246      -0.1658
       4.254      -0.1095
       4.261     -0.07202
       4.269     -0.01577
       4.276     0.002983
       4.291      0.05924
       4.299      0.09674
       4.314       0.1342
       4.322        0.153
       4.337       0.1905
       4.352       0.1717
       4.359       0.1717
       4.375       0.1342
       4.382      0.09674
       4.397      0.05924
       4.405      0.05924
        4.42      0.09674
       4.435      0.05924
       4.443      0.02173
        4.45     -0.05327
       4.458      -0.1283
       4.465      -0.1845
       4.473      -0.2408
        4.48      -0.2595
       4.496      -0.2783
       4.503      -0.2783
       4.518      -0.2783
       4.526      -0.2595
       4.541      -0.2033
       4.549       -0.147
       4.556     -0.09077
       4.564     -0.01577
       4.571      0.05924
       4.579        0.153
       4.586        0.228
       4.594        0.303
       4.601       0.3405
       4.609        0.378
       4.624       0.3593
       4.632       0.3218
       4.639       0.2655
       4.647        0.228
       4.654       0.1717
       4.662       0.1342
       4.669      0.09674
       4.677      0.04049
       4.685     -0.01577
       4.692     -0.09077
         4.7       -0.147
       4.707      -0.1845
       4.715      -0.2033
        4.73      -0.2408
       4.738       -0.222
       4.753      -0.1658
        4.76       -0.147
       4.775      -0.1283
       4.783      -0.1283
       4.798     -0.09077
       4.813     -0.03452
       4.821     -0.01577
       4.836      0.05924
       4.843      0.09674
       4.851       0.1342
       4.866       0.1905
       4.874       0.1905
       4.881       0.2092
       4.896       0.2092
       4.904       0.2092
       4.919       0.1905
       4.927       0.1717
       4.942        0.153
       4.957       0.1342
       4.964        0.153
       4.979       0.1342
       4.987       0.1155
       4.995      0.07799
       5.002      0.04049
        5.01     -0.01577
       5.017     -0.07202
       5.025      -0.1283
       5.032      -0.1658
        5.04      -0.1845
       5.048       -0.222
       5.055      -0.2408
        5.07      -0.2783
       5.078       -0.297
       5.093      -0.2783
       5.108      -0.2595
       5.116       -0.222
       5.123      -0.1845
       5.131      -0.1283
       5.138     -0.07202
       5.146     0.002983
       5.153      0.07799
       5.161        0.153
       5.168       0.2092
       5.184       0.2468
       5.191        0.228
       5.199       0.1905
       5.206       0.1342
       5.214       0.1155
       5.229      0.07799
       5.237      0.09674
       5.244       0.1342
       5.252       0.1905
       5.259       0.2468
       5.267        0.303
       5.274       0.3405
       5.282        0.378
       5.289       0.4155
       5.305       0.4343
       5.312       0.4155
        5.32       0.3593
       5.327       0.2843
       5.335       0.2092
       5.342       0.1155
       5.342      0.02173
        5.35     0.002983
       5.358     -0.07202
       5.365      -0.1658
       5.373       -0.222
        5.38      -0.2783
       5.388      -0.3345
       5.395      -0.3908
       5.403       -0.447
        5.41      -0.4658
       5.418      -0.5033
       5.426      -0.5408
       5.433      -0.5783
       5.441      -0.6158
       5.456      -0.6533
       5.463      -0.6533
       5.471      -0.6346
       5.478      -0.5783
       5.486      -0.5221
       5.494       -0.447
       5.501      -0.3533
       5.509       -0.222
       5.516      -0.1095
       5.524      0.04049
       5.531       0.1905
       5.539       0.3218
       5.547        0.453
       5.554       0.5843
       5.562        0.678
       5.569        0.753
       5.577       0.7905
       5.584       0.7905
       5.592       0.7718
       5.599       0.7343
       5.607       0.6593
       5.615       0.5843
       5.622       0.4905
        5.63       0.3968
       5.637       0.2843
       5.645       0.1905
       5.652      0.09674
        5.66      0.04049
       5.668     0.002983
       5.675     -0.05327
       5.683     -0.09077
        5.69      -0.1283
       5.698       -0.147
       5.713      -0.1845
        5.72      -0.2408
       5.728      -0.2783
       5.736       -0.297
       5.751      -0.2783
       5.758       -0.222
       5.766      -0.1658
       5.773      -0.1095
       5.781     -0.07202
       5.788     -0.03452
       5.804     -0.03452
       5.811     -0.01577
       5.819     0.002983
       5.834      0.04049
       5.841      0.07799
       5.857       0.1155
       5.864       0.1342
       5.879       0.1342
       5.887       0.1155
       5.902       0.1342
       5.917       0.1717
       5.925       0.1717
        5.94        0.153
       5.947       0.1155
       5.955      0.05924
       5.962      0.02173
        5.97     -0.03452
       5.978     -0.09077
       5.985      -0.1095
           6       -0.147
       6.008      -0.1658
       6.023      -0.1658
        6.03       -0.147
       6.046      -0.1283
       6.053     -0.09077
       6.068     -0.03452
       6.076     0.002983
       6.083      0.04049
       6.091      0.07799
       6.098       0.1342
       6.106        0.153
       6.114       0.1905
       6.121        0.228
       6.136       0.2655
       6.144       0.2843
       6.159        0.303
       6.167       0.2843
       6.174       0.2468
       6.182       0.2092
       6.189        0.153
       6.197      0.09674
       6.204      0.04049
       6.212     -0.01577
       6.219     -0.07202
       6.227      -0.1095
       6.235      -0.1658
       6.242      -0.1845
       6.257       -0.222
       6.265       -0.222
       6.272      -0.1845
        6.28      -0.1658
       6.288      -0.1283
       6.295     -0.07202
       6.303     -0.03452
        6.31     0.002983
       6.318      0.04049
       6.325      0.09674
       6.333       0.1342
       6.348        0.153
       6.356       0.1342
       6.371      0.07799
       6.378      0.04049
       6.386     0.002983
       6.401     -0.03452
       6.408     -0.05327
       6.416     -0.05327
       6.431     -0.05327
       6.439     -0.03452
       6.446     0.002983
       6.454      0.05924
       6.461      0.09674
       6.469        0.153
       6.484        0.153
       6.492       0.1342
       6.507      0.09674
       6.514      0.07799
       6.529      0.04049
       6.545      0.02173
       6.552     0.002983
       6.567     -0.03452
       6.575     -0.07202
       6.582      -0.1095
        6.59      -0.1283
       6.605      -0.1845
       6.613      -0.2033
       6.628       -0.222
       6.635      -0.2033
       6.643      -0.1658
        6.65      -0.1095
       6.658     -0.05327
       6.666      0.02173
       6.673      0.07799
       6.681       0.1342
       6.688        0.153
       6.703       0.1717
       6.711        0.153
       6.718        0.153
       6.734       0.1342
       6.741       0.1342
       6.756       0.1155
       6.764      0.07799
       6.771      0.04049
       6.779     0.002983
       6.794     -0.05327
       6.802     -0.07202
       6.817      -0.1095
       6.824      -0.1283
       6.839      -0.1283
       6.847      -0.1095
       6.862      -0.1095
        6.87      -0.1095
       6.885     -0.09077
       6.892     -0.07202
       6.907     -0.07202
       6.915     -0.07202
        6.93     -0.07202
       6.938     -0.03452
       6.945     0.002983
       6.953      0.04049
        6.96      0.05924
       6.976      0.05924
       6.983      0.04049
       6.998      0.04049
       7.006      0.04049
       7.021      0.02173
       7.028     0.002983
       7.044     0.002983
       7.051     0.002983
       7.066     0.002983
       7.074      0.02173
       7.089      0.04049
       7.097      0.05924
       7.112      0.05924
       7.119      0.05924
       7.134      0.07799
       7.149       0.1342
       7.157       0.1717
       7.172       0.2092
       7.187       0.2468
       7.195       0.2655
       7.202       0.2843
       7.217       0.2468
       7.225        0.228
       7.233        0.153
        7.24      0.07799
       7.248     0.002983
       7.255     -0.09077
       7.263       -0.147
        7.27      -0.1845
       7.286      -0.2033
       7.293      -0.2033
       7.301      -0.1845
       7.316       -0.147
       7.323      -0.1095
       7.331     -0.07202
       7.338     0.002983
       7.346      0.05924
       7.354      0.09674
       7.361       0.1342
       7.369       0.1717
       7.384       0.1905
       7.391       0.1905
       7.407       0.1717
       7.414       0.1717
       7.429        0.153
       7.437       0.1717
       7.452      0.09674
       7.459      0.05924
       7.467     0.002983
       7.475     -0.07202
       7.482      -0.1283
        7.49      -0.1658
       7.505       -0.222
       7.512       -0.222
        7.52      -0.2033
       7.535      -0.1658
       7.543       -0.147
       7.558     -0.09077
       7.565     -0.05327
       7.573     -0.01577
        7.58     0.002983
       7.596      0.02173
       7.603      0.02173
       7.618     -0.01577
       7.626     -0.05327
       7.641     -0.07202
       7.648     -0.05327
       7.656     -0.01577
       7.664     0.002983
       7.671      0.04049
       7.679      0.07799
       7.694       0.1155
       7.701       0.1155
       7.717       0.1155
       7.724       0.1342
       7.739       0.1155
       7.747       0.1155
       7.754      0.07799
       7.762      0.04049
       7.777      0.02173
       7.785      0.02173
       7.792      0.02173
         7.8     0.002983
       7.815     -0.05327
       7.822     -0.07202
        7.83      -0.1095
       7.837      -0.1283
       7.853      -0.1658
        7.86      -0.1658
       7.875      -0.1283
       7.883     -0.09077
       7.898     -0.07202
       7.906     -0.05327
       7.921     -0.05327
       7.928     -0.05327
       7.936     -0.03452
       7.951      0.02173
       7.958      0.04049
       7.974      0.07799
       7.981      0.05924
       7.989      0.05924
       8.004      0.02173
       8.011     0.002983
       8.027     -0.03452
       8.034     -0.03452
       8.049     -0.07202
       8.057     -0.09077
       8.064     -0.09077
       8.079     -0.09077
       8.087     -0.07202
       8.102     0.002983
        8.11      0.04049
       8.117       0.1155
       8.125       0.1905
       8.132       0.2468
        8.14        0.303
       8.147       0.3405
       8.155        0.378
        8.17       0.4155
       8.178       0.3968
       8.193       0.3593
         8.2       0.3405
       8.216       0.3218
       8.223       0.3218
       8.231       0.2843
       8.238       0.2468
       8.246       0.1905
       8.253       0.1155
       8.261      0.05924
       8.268     0.002983
       8.276     -0.07202
       8.284      -0.1283
       8.291      -0.1658
       8.299       -0.222
       8.306      -0.2783
       8.314      -0.3345
       8.321      -0.3908
       8.336      -0.4283
       8.344      -0.4283
       8.352      -0.4095
       8.359      -0.3908
       8.367      -0.3533
       8.374       -0.297
       8.382      -0.2408
       8.389      -0.1845
       8.397      -0.1095
       8.405     -0.03452
       8.412     0.002983
        8.42      0.05924
       8.427      0.09674
       8.435        0.153
       8.442       0.1905
        8.45       0.2468
       8.457        0.303
       8.465       0.3405
        8.48       0.3593
       8.488       0.3405
       8.495       0.2843
       8.503       0.2468
        8.51       0.1905
       8.518       0.1342
       8.526      0.07799
       8.533      0.04049
       8.541     0.002983
       8.548     -0.05327
       8.556      -0.1095
       8.563      -0.1658
       8.571      -0.2033
       8.586      -0.2408
       8.594      -0.2408
       8.601       -0.222
       8.609      -0.2033
       8.616      -0.1658
       8.624      -0.1283
       8.631     -0.09077
       8.639     -0.03452
       8.646     0.002983
       8.654      0.05924
       8.662       0.1155
       8.669        0.153
       8.677       0.2092
       8.684       0.2655
       8.692       0.3218
       8.699       0.3968
       8.707       0.4343
       8.722       0.4343
        8.73       0.4155
       8.737        0.378
       8.745        0.303
       8.752        0.228
        8.76        0.153
       8.767      0.07799
       8.775     0.002983
       8.783     -0.05327
        8.79      -0.1095
       8.798       -0.147
       8.813      -0.1845
        8.82      -0.1845
       8.836      -0.2408
       8.843      -0.2783
       8.858      -0.3158
       8.866       -0.297
       8.873      -0.2783
       8.881      -0.2408
       8.888      -0.1845
       8.896      -0.1283
       8.904     -0.03452
       8.911      0.02173
       8.919      0.09674
       8.926       0.1342
       8.934        0.153
       8.956        0.153
       8.964       0.1717
