     0.01181     -0.09719
     0.03449     -0.05627
     0.04205     -0.03581
     0.05716     0.005115
     0.06472     0.005115
     0.09496      0.04604
      0.1025       0.0665
      0.1176      0.08696
      0.1252       0.1074
      0.1403       0.1483
      0.1479       0.1688
      0.1554       0.1893
      0.1705       0.1688
      0.1781       0.1483
      0.1932       0.1279
      0.2008       0.1483
      0.2159       0.1688
      0.2235       0.1688
       0.231       0.1688
      0.2461       0.1279
      0.2537       0.1279
      0.2688      0.08696
      0.2764       0.0665
      0.2915     0.005115
       0.299     0.005115
      0.3142     0.005115
      0.3293     -0.01535
      0.3368     -0.01535
       0.352     -0.03581
      0.3595     -0.03581
      0.3746     -0.01535
      0.3822     0.005115
      0.3973     0.005115
      0.4124     0.005115
      0.4275     0.005115
      0.4351     0.005115
      0.4427     0.005115
      0.4578     0.005115
      0.4653     0.005115
      0.4804     -0.01535
       0.488     -0.01535
      0.4956     -0.01535
      0.5107     -0.05627
      0.5182     -0.05627
      0.5334     -0.05627
      0.5409     -0.05627
       0.556     -0.05627
      0.5636     -0.05627
      0.5787     -0.05627
      0.5938     -0.07673
      0.6014     -0.09719
      0.6165     -0.07673
      0.6316     -0.01535
      0.6392      0.04604
      0.6467      0.08696
      0.6543       0.1279
      0.6619       0.1893
      0.6694       0.2097
      0.6845       0.2302
      0.6996       0.2302
      0.7148       0.2302
      0.7223       0.2302
      0.7374       0.1893
       0.745       0.1483
      0.7601      0.08696
      0.7677       0.0665
      0.7828      0.04604
      0.7904      0.02558
      0.8055     0.005115
       0.813     0.005115
      0.8281     -0.01535
      0.8357     -0.01535
      0.8508     -0.03581
      0.8584     -0.03581
      0.8659     -0.03581
      0.8811     -0.05627
      0.8886     -0.05627
      0.9037     -0.05627
      0.9113     -0.05627
      0.9264     -0.03581
      0.9415     -0.03581
      0.9491     -0.03581
      0.9642     -0.03581
      0.9718     -0.03581
      0.9793     -0.03581
      0.9944     -0.05627
       1.002     -0.05627
       1.017     -0.03581
       1.032     -0.01535
        1.04     -0.01535
       1.055     -0.01535
       1.062     -0.01535
        1.07     0.005115
       1.093     0.005115
         1.1     0.005115
       1.108     0.005115
       1.123     -0.03581
        1.13     -0.03581
       1.138     -0.01535
       1.153      0.02558
       1.168      0.08696
       1.176       0.1074
       1.191      0.08696
       1.199      0.08696
       1.214       0.0665
       1.221       0.0665
       1.236      0.08696
       1.251      0.08696
       1.259       0.0665
       1.274       0.0665
       1.282       0.0665
       1.297       0.0665
       1.304       0.0665
       1.312       0.0665
       1.327      0.04604
       1.335      0.04604
       1.365      0.02558
       1.387     0.005115
       1.403     0.005115
        1.41     0.005115
       1.425     0.005115
       1.433     0.005115
       1.448     0.005115
       1.463     -0.03581
       1.471     -0.03581
       1.493     -0.05627
       1.501     -0.05627
       1.516     -0.05627
       1.531     -0.07673
       1.539     -0.09719
       1.554      -0.1176
       1.561      -0.1176
       1.576      -0.1176
       1.584      -0.1176
       1.592      -0.1176
       1.607      -0.1586
       1.614       -0.179
       1.622       -0.179
       1.637       -0.179
       1.644      -0.1586
       1.652      -0.1176
        1.66     -0.05627
       1.667     -0.01535
       1.675      0.04604
       1.682      0.08696
       1.697       0.1279
       1.705       0.1483
        1.72       0.1688
       1.728       0.1688
       1.743       0.1688
        1.75       0.1893
       1.765       0.1688
       1.773       0.1483
       1.788       0.1483
       1.796       0.1279
       1.811       0.1279
       1.818       0.1279
       1.833       0.1074
       1.841       0.1279
       1.856       0.1483
       1.864       0.1483
       1.879       0.1483
       1.894       0.1279
       1.909       0.1279
       1.917       0.1279
       1.932      0.08696
       1.939      0.08696
       1.954       0.0665
        1.97     0.005115
       1.977     0.005115
       1.992     -0.01535
           2     -0.01535
       2.015     -0.05627
       2.022     -0.09719
       2.038      -0.1586
       2.045      -0.1586
       2.053      -0.1381
       2.068     -0.09719
       2.075     -0.05627
        2.09     0.005115
       2.106      0.04604
       2.113      0.04604
       2.128      0.04604
       2.136      0.04604
       2.151      0.04604
       2.158      0.04604
       2.166       0.0665
       2.181       0.0665
       2.189      0.04604
       2.204      0.04604
       2.219      0.02558
       2.234     -0.01535
       2.242     -0.03581
       2.257     -0.05627
       2.272     -0.07673
       2.279     -0.07673
       2.295     -0.05627
       2.302     -0.03581
       2.317     -0.03581
       2.325     -0.03581
        2.34     -0.03581
       2.355     -0.03581
       2.363     -0.03581
       2.378     0.005115
       2.393      0.04604
         2.4       0.0665
       2.415      0.08696
       2.423      0.08696
       2.438      0.04604
       2.446     0.005115
       2.461      0.04604
       2.476      0.08696
       2.491       0.1074
       2.506       0.1074
       2.514      0.08696
       2.521      0.08696
       2.536      0.02558
       2.544     0.005115
       2.559     -0.01535
       2.574     -0.03581
       2.582     -0.03581
       2.597     -0.03581
       2.612     -0.05627
        2.62     -0.05627
       2.627     -0.03581
       2.642     -0.05627
        2.65     -0.05627
       2.665     -0.05627
       2.672     -0.05627
        2.68     -0.03581
       2.695     -0.01535
       2.703     0.005115
       2.718     0.005115
       2.725     0.005115
        2.74     0.005115
       2.748     0.005115
       2.763     0.005115
       2.771     0.005115
       2.786     0.005115
       2.801     -0.05627
       2.816     -0.09719
       2.824      -0.1176
       2.839     -0.09719
       2.854     -0.03581
       2.861     -0.01535
       2.877     0.005115
       2.884     0.005115
       2.899     -0.01535
       2.907     -0.01535
       2.922     -0.03581
       2.929     -0.03581
       2.945     0.005115
       2.952       0.0665
       2.967       0.1074
       2.975       0.1279
        2.99       0.1483
       2.997       0.1483
       3.005       0.1688
        3.02       0.1688
       3.028       0.1893
       3.043       0.1893
        3.05       0.1893
       3.066       0.1688
       3.073       0.1688
       3.096       0.1279
       3.103       0.1279
       3.118       0.1279
       3.126       0.1279
       3.134       0.1279
       3.149       0.1074
       3.156       0.1074
       3.171      0.08696
       3.179       0.0665
       3.194       0.0665
       3.209      0.04604
       3.217      0.04604
       3.239     0.005115
       3.247     0.005115
       3.262     0.005115
       3.277      0.02558
       3.292      0.02558
       3.307     0.005115
       3.315     0.005115
        3.33     -0.01535
       3.338     -0.01535
       3.353     -0.03581
        3.36     -0.03581
       3.375     -0.07673
       3.383     -0.07673
       3.391     -0.05627
       3.406     -0.05627
       3.413     -0.05627
       3.421     -0.05627
       3.436     -0.05627
       3.443     -0.05627
       3.459     -0.07673
       3.466     -0.07673
       3.489     -0.07673
       3.504     -0.09719
       3.511     -0.07673
       3.527     -0.07673
       3.534     -0.07673
       3.542     -0.05627
       3.557     -0.05627
       3.564     -0.05627
       3.579     -0.07673
       3.587     -0.09719
       3.595     -0.09719
        3.61      -0.1176
       3.617      -0.1381
       3.625      -0.1176
        3.64     -0.07673
       3.648     -0.05627
       3.663     -0.03581
        3.67     -0.01535
       3.693     0.005115
       3.708     0.005115
       3.723      0.02558
       3.738      0.04604
       3.746       0.0665
       3.753      0.08696
       3.768       0.1074
       3.776       0.1074
       3.791       0.1074
       3.799       0.1074
       3.814      0.08696
       3.821       0.0665
       3.836       0.0665
       3.844       0.0665
       3.859       0.0665
       3.867       0.0665
       3.889      0.04604
       3.897      0.04604
        3.92      0.04604
       3.927      0.04604
       3.935       0.0665
        3.95      0.08696
       3.957      0.08696
       3.965      0.08696
        3.98      0.04604
       3.988     0.005115
       3.995     -0.01535
        4.01     -0.05627
       4.018     -0.07673
       4.033      -0.1176
       4.041      -0.1176
       4.056     -0.07673
       4.071     -0.07673
       4.078     -0.07673
       4.093     -0.07673
       4.101     -0.07673
       4.116     -0.07673
       4.124     -0.07673
       4.131     -0.05627
       4.146     -0.05627
       4.154     -0.05627
       4.169     -0.03581
       4.177     -0.01535
       4.192     0.005115
       4.199     0.005115
       4.207      0.04604
       4.214       0.0665
        4.23      0.08696
       4.237      0.08696
       4.245       0.1074
        4.26       0.1074
       4.267       0.1074
       4.282      0.08696
        4.29       0.0665
       4.298       0.0665
       4.313      0.04604
        4.32      0.04604
       4.335      0.04604
       4.343      0.04604
        4.35       0.0665
       4.366      0.08696
       4.373       0.1074
       4.388       0.1279
       4.396       0.1279
       4.403       0.1279
       4.419       0.1074
       4.426      0.08696
       4.441      0.08696
       4.456       0.0665
       4.464      0.04604
       4.479      0.04604
       4.494      0.04604
       4.509     0.005115
       4.517     0.005115
       4.532     -0.05627
       4.539     -0.05627
       4.555     -0.05627
       4.562     -0.05627
       4.577     -0.03581
       4.592     -0.01535
         4.6     0.005115
       4.615      0.04604
       4.623       0.0665
       4.638       0.1279
       4.645       0.1483
        4.66       0.1893
       4.668       0.2097
       4.683       0.1893
       4.691       0.1893
       4.706       0.1893
       4.721       0.1483
       4.728       0.1074
       4.744       0.0665
       4.751      0.02558
       4.766     -0.01535
       4.774     -0.01535
       4.789     -0.05627
       4.796     -0.05627
       4.812     -0.03581
       4.819     -0.01535
       4.834     0.005115
       4.842     0.005115
       4.857     -0.03581
       4.864     -0.03581
       4.887     -0.05627
       4.895     -0.05627
        4.91     -0.07673
       4.917     -0.07673
       4.925     -0.05627
        4.94     -0.05627
       4.948     -0.05627
       4.963     -0.03581
       4.978     -0.03581
       4.985     -0.05627
       5.001     -0.05627
       5.008     -0.03581
       5.023     -0.03581
       5.031     -0.03581
       5.038     -0.01535
       5.053     -0.01535
       5.061     -0.01535
       5.076     -0.01535
       5.091     0.005115
       5.106      0.04604
       5.114       0.0665
       5.129       0.1074
       5.144       0.1074
       5.152       0.1074
       5.167       0.1074
       5.174       0.1074
       5.189       0.1074
       5.197       0.1074
       5.212       0.1074
       5.227      0.08696
       5.235       0.0665
        5.25      0.02558
       5.258     0.005115
       5.265     0.005115
       5.288     -0.03581
       5.295     -0.03581
       5.303     -0.03581
       5.318     -0.03581
       5.326     -0.03581
       5.341     -0.03581
       5.348     -0.01535
       5.363     -0.01535
       5.371     0.005115
       5.386     -0.01535
       5.394     -0.03581
       5.401     -0.07673
       5.409     -0.09719
       5.424      -0.1381
       5.431      -0.1381
       5.439      -0.1381
       5.454      -0.1586
       5.462      -0.1586
       5.477      -0.1176
       5.484     -0.07673
       5.492     -0.03581
       5.507     0.005115
       5.515     0.005115
        5.53      0.04604
       5.537      0.04604
       5.545       0.0665
        5.56      0.08696
       5.567      0.08696
       5.583      0.08696
        5.59       0.1074
       5.605       0.1074
       5.613      0.08696
       5.628      0.08696
       5.635      0.08696
       5.651      0.08696
       5.658      0.08696
       5.673      0.08696
       5.681      0.08696
       5.696      0.08696
       5.703       0.1074
       5.719       0.1279
       5.726       0.1279
       5.741       0.1483
       5.756       0.1279
       5.764       0.1279
       5.779       0.1279
       5.794       0.1074
       5.802       0.1074
       5.809       0.1279
       5.824       0.1279
       5.832       0.1279
       5.847       0.1279
       5.855       0.1483
        5.87       0.1279
       5.877       0.1074
       5.885       0.1074
         5.9       0.1074
       5.908       0.1074
       5.923       0.1279
        5.93      0.08696
       5.938      0.02558
       5.945     -0.01535
       5.953     -0.05627
        5.96     -0.09719
       5.976      -0.1381
       5.983      -0.1381
       5.998      -0.1586
       6.006      -0.1586
       6.013      -0.1586
       6.029       -0.179
       6.036      -0.1995
       6.051      -0.2199
       6.059      -0.2199
       6.074      -0.2199
       6.081      -0.1995
       6.089       -0.179
       6.104      -0.1381
       6.112      -0.1176
       6.119     -0.09719
       6.134     -0.05627
       6.142     -0.03581
       6.149     -0.01535
       6.165      0.04604
       6.172      0.04604
        6.18       0.0665
       6.195      0.08696
       6.202      0.08696
        6.21       0.1074
       6.225       0.1279
       6.233       0.1279
       6.248       0.1279
       6.255       0.1483
        6.27       0.1688
       6.285       0.1688
       6.301       0.1483
       6.308       0.1483
       6.316       0.1483
       6.331       0.1483
       6.338       0.1279
       6.354       0.1279
       6.361       0.1483
       6.376       0.1893
       6.384       0.2097
       6.399       0.2097
       6.406       0.1893
       6.414       0.1893
       6.429       0.1688
       6.437       0.1483
       6.452       0.1483
       6.459       0.1279
       6.467       0.1279
       6.482       0.1279
        6.49       0.1483
       6.497       0.1688
       6.512       0.1483
        6.52       0.1483
       6.535       0.1074
       6.542      0.08696
        6.55       0.0665
       6.565      0.02558
       6.573     0.005115
       6.588     -0.03581
       6.595     -0.07673
       6.611      -0.1381
       6.618       -0.179
       6.633      -0.2199
       6.641      -0.2404
       6.656      -0.2609
       6.663      -0.2813
       6.686      -0.2609
       6.701      -0.2609
       6.709      -0.2404
       6.724      -0.2404
       6.731      -0.2199
       6.747       -0.179
       6.754      -0.1586
       6.762      -0.1381
       6.777     -0.07673
       6.784     -0.05627
       6.792     -0.03581
       6.799     -0.01535
       6.807      0.02558
       6.815       0.0665
        6.83       0.1279
       6.837       0.1483
       6.852       0.1483
        6.86       0.1483
       6.868       0.1483
       6.883       0.1483
        6.89       0.1893
       6.898       0.2097
       6.913       0.2711
        6.92       0.2711
       6.936       0.2711
       6.951       0.2302
       6.958       0.2097
       6.966       0.2097
       6.981       0.1688
       6.988       0.1483
       7.004       0.1074
       7.011       0.1074
       7.026      0.08696
       7.034      0.08696
       7.049      0.04604
       7.056     0.005115
       7.072     -0.01535
       7.087     -0.01535
       7.094     -0.01535
       7.109     -0.01535
       7.117     -0.01535
       7.132     -0.01535
       7.147     -0.03581
       7.155     -0.05627
       7.162     -0.05627
       7.177     -0.07673
       7.185     -0.09719
       7.193     -0.09719
       7.208     -0.09719
       7.215     -0.09719
        7.23     -0.07673
       7.238     -0.07673
       7.253     -0.05627
       7.268     -0.03581
       7.276     -0.03581
       7.291     0.005115
       7.306     0.005115
       7.313     0.005115
       7.344      0.04604
       7.351      0.04604
       7.366      0.04604
       7.374      0.04604
       7.389      0.04604
       7.397      0.04604
       7.412       0.0665
       7.427      0.08696
       7.434      0.08696
        7.45      0.08696
       7.457      0.08696
       7.472      0.04604
       7.487      0.02558
       7.502     0.005115
       7.518     -0.03581
       7.525     -0.05627
        7.54     -0.09719
       7.548     -0.09719
       7.563      -0.1176
        7.57      -0.1176
       7.586     -0.09719
       7.601     -0.07673
       7.608     -0.05627
       7.623     -0.03581
       7.631     -0.03581
       7.646     -0.03581
       7.654     -0.01535
       7.669     -0.01535
       7.684     0.005115
       7.699     0.005115
       7.707      0.02558
       7.722      0.04604
       7.729       0.0665
       7.744      0.08696
       7.752       0.1074
       7.767       0.1074
       7.775       0.1074
        7.79      0.08696
       7.797       0.0665
       7.812     0.005115
        7.82     0.005115
       7.835      0.02558
       7.843      0.04604
        7.85       0.0665
       7.865       0.0665
       7.873       0.0665
       7.888       0.0665
       7.903     0.005115
       7.911     0.005115
       7.918     0.005115
       7.933     -0.03581
       7.941     -0.03581
       7.956     -0.05627
       7.964     -0.07673
       7.979     -0.09719
       7.986      -0.1176
       8.001      -0.1176
       8.016      -0.1381
       8.024      -0.1176
       8.039     -0.09719
       8.047     -0.09719
       8.054     -0.07673
       8.069     -0.07673
       8.077     -0.05627
       8.084     -0.03581
         8.1     -0.01535
       8.107     0.005115
       8.122       0.0665
        8.13      0.08696
       8.145       0.1279
       8.152       0.1483
       8.168       0.1483
       8.175       0.1688
        8.19       0.2097
       8.198       0.2097
       8.213       0.2097
       8.221       0.2097
       8.236       0.1893
       8.251       0.1483
       8.258       0.1279
       8.266      0.08696
       8.281      0.04604
       8.289     0.005115
       8.304     -0.03581
       8.311     -0.03581
       8.326     -0.03581
       8.334     -0.01535
       8.349     0.005115
       8.357     0.005115
       8.364     0.005115
       8.379     -0.01535
       8.387     -0.03581
       8.402     -0.03581
       8.417     -0.05627
       8.425     -0.05627
        8.44     -0.05627
       8.447     -0.03581
       8.455     -0.01535
        8.47      0.02558
       8.478      0.04604
       8.493      0.04604
       8.508      0.02558
       8.523      0.04604
        8.53      0.04604
       8.546       0.0665
       8.553      0.08696
       8.568      0.08696
       8.576      0.08696
       8.591       0.0665
       8.598     0.005115
       8.606     0.005115
       8.621      0.02558
       8.629      0.04604
       8.644       0.0665
       8.651       0.0665
       8.666      0.04604
       8.682     0.005115
       8.697     0.005115
       8.704     0.005115
       8.719     0.005115
       8.727     0.005115
       8.742     -0.01535
        8.75     -0.01535
       8.765     -0.01535
       8.772     0.005115
       8.787     0.005115
       8.795     0.005115
        8.81     0.005115
       8.818     0.005115
       8.825     0.005115
        8.84     -0.03581
       8.848     -0.05627
       8.863     -0.09719
       8.871      -0.1176
       8.886      -0.1176
       8.893      -0.1381
       8.908      -0.1381
       8.916      -0.1381
       8.923      -0.1176
       8.939     -0.09719
       8.946     -0.07673
       8.961     -0.05627
       8.969     -0.05627
       8.976     -0.03581
