     0.01186       0.2764
     0.03455       0.2379
     0.04212       0.2379
     0.05725       0.2186
     0.06481       0.1801
     0.07238       0.1415
     0.07994      0.08371
     0.08751       0.0259
     0.09507     -0.03192
      0.1026     -0.08973
      0.1102      -0.1668
      0.1178      -0.2439
      0.1253       -0.321
      0.1329      -0.3981
      0.1405      -0.4559
       0.148      -0.5137
      0.1556       -0.533
      0.1707       -0.533
      0.1783      -0.4752
      0.1859      -0.4366
      0.1934      -0.3788
       0.201      -0.3017
      0.2085      -0.2246
      0.2161      -0.1475
      0.2237     -0.07046
      0.2312     -0.03192
      0.2464       0.0259
      0.2539      0.04517
      0.2691      0.04517
      0.2766      0.04517
      0.2918      0.08371
      0.3069      0.08371
      0.3145      0.08371
      0.3296        0.103
      0.3371       0.1223
      0.3447       0.1608
      0.3523       0.1993
       0.375       0.2572
      0.3825       0.2572
      0.3901       0.2186
      0.3977       0.1801
      0.4052       0.1415
      0.4128      0.08371
      0.4204      0.04517
      0.4279     0.006625
      0.4355     -0.03192
      0.4431     -0.07046
      0.4506       -0.109
      0.4582      -0.1668
      0.4658      -0.1861
      0.4809      -0.1475
      0.4884     -0.08973
       0.496     -0.05119
      0.5036     -0.01265
      0.5111       0.0259
      0.5187      0.06444
      0.5338       0.1223
      0.5414       0.1223
       0.549       0.1415
      0.5641        0.103
      0.5717        0.103
      0.5868      0.06444
      0.5944       0.0259
      0.6095     -0.01265
      0.6171     -0.01265
      0.6246     -0.01265
      0.6397     -0.03192
      0.6473     -0.03192
      0.6624     -0.07046
      0.6776       -0.109
      0.6851      -0.1283
      0.6927      -0.1668
      0.7003      -0.2054
      0.7078      -0.2246
       0.723      -0.2439
      0.7305      -0.2246
      0.7381      -0.2054
      0.7457      -0.1668
      0.7532      -0.1283
      0.7608     -0.08973
      0.7683     -0.05119
      0.7759       0.0259
      0.7759     -0.01265
      0.7835      0.06444
       0.791       0.1223
      0.7986       0.1993
      0.8062       0.2379
      0.8213       0.2379
      0.8289       0.2379
       0.844       0.1993
      0.8516       0.1993
      0.8667       0.1801
      0.8818        0.103
      0.8894      0.06444
       0.897      0.04517
      0.9121      0.04517
      0.9196      0.06444
      0.9272      0.08371
      0.9348       0.1223
      0.9423       0.1801
      0.9499       0.2186
      0.9575       0.2764
      0.9726       0.2764
      0.9802       0.2186
      0.9877       0.1608
      0.9953      0.08371
       1.003       0.0259
        1.01     -0.03192
       1.018     -0.07046
       1.026       -0.109
       1.041      -0.1668
       1.048      -0.1668
       1.063      -0.1861
       1.071      -0.2054
       1.079      -0.2054
       1.094      -0.2632
       1.101      -0.2632
       1.116      -0.2824
       1.124      -0.2632
       1.139      -0.2824
       1.147      -0.3017
       1.162      -0.2824
       1.169      -0.2246
       1.177      -0.1668
       1.184     -0.08973
       1.192     -0.03192
         1.2       0.0259
       1.207       0.0259
       1.222       0.0259
        1.23     -0.01265
       1.245     -0.03192
       1.253     -0.03192
       1.268     -0.01265
       1.275       0.0259
       1.283      0.06444
        1.29      0.08371
       1.305       0.1415
       1.313       0.1801
       1.328       0.2186
       1.343       0.2957
       1.351       0.3342
       1.366       0.3921
       1.374       0.3921
       1.381       0.3921
       1.389       0.3535
       1.396        0.315
       1.404       0.2764
       1.411       0.2379
       1.419       0.1993
       1.426       0.1608
       1.434        0.103
       1.442      0.08371
       1.457      0.04517
       1.464      0.04517
       1.479      0.04517
       1.487      0.04517
       1.502       0.0259
        1.51     0.006625
       1.525     -0.05119
       1.532     -0.08973
        1.54      -0.1475
       1.548      -0.2246
       1.555       -0.321
       1.563      -0.3981
        1.57      -0.4944
       1.578      -0.5522
       1.585      -0.5715
         1.6      -0.5715
       1.608      -0.5715
       1.623      -0.5522
       1.631      -0.5137
       1.638      -0.4559
       1.646      -0.3981
       1.653      -0.3403
       1.661      -0.2632
       1.669      -0.1668
       1.676     -0.07046
       1.684      0.04517
       1.684     -0.01265
       1.691        0.103
       1.699       0.1608
       1.706       0.2186
       1.714       0.2764
       1.722       0.3342
       1.729       0.3728
       1.737       0.4306
       1.744       0.4499
       1.759       0.4691
       1.767       0.4691
       1.782       0.4499
        1.79       0.4499
       1.805       0.4113
       1.812       0.3535
        1.82        0.315
       1.827       0.2957
       1.843       0.2764
        1.85       0.2572
       1.858       0.2572
       1.873       0.2186
        1.88       0.1993
       1.896       0.1993
       1.903       0.1415
       1.911        0.103
       1.918     0.006625
       1.926     -0.08973
       1.933      -0.1861
       1.941      -0.2632
       1.948       -0.321
       1.956      -0.3595
       1.964      -0.4173
       1.971      -0.4366
       1.979      -0.4752
       1.986      -0.4944
       2.001      -0.4944
       2.009      -0.4752
       2.017      -0.4559
       2.024      -0.3788
       2.032       -0.321
       2.039      -0.2632
       2.047      -0.2246
       2.054      -0.2054
        2.07      -0.1861
       2.077      -0.1668
       2.085       -0.109
       2.092     -0.05119
         2.1     0.006625
       2.107      0.08371
       2.115       0.1415
       2.122       0.1993
        2.13       0.2379
       2.145       0.2572
       2.153       0.2764
       2.168       0.2764
       2.175       0.2572
       2.183       0.2572
       2.191       0.2186
       2.198       0.1801
       2.206       0.1223
       2.213      0.06444
       2.221      0.04517
       2.228     -0.01265
       2.236     -0.01265
       2.266       0.0259
       2.274      0.04517
       2.289      0.06444
       2.296      0.04517
       2.304      0.04517
       2.319     0.006625
       2.327     0.006625
       2.342     -0.01265
       2.349     -0.03192
       2.357     -0.07046
       2.365       -0.109
       2.372      -0.1283
       2.387      -0.1475
       2.395      -0.1283
       2.402     -0.08973
        2.41     -0.05119
       2.425     -0.01265
       2.433     -0.01265
        2.44     -0.03192
       2.448     -0.08973
       2.455      -0.1283
       2.463      -0.1861
        2.47      -0.2439
       2.478      -0.3017
       2.486       -0.321
       2.501       -0.321
       2.508      -0.3017
       2.516      -0.2439
       2.523      -0.1861
       2.531       -0.109
       2.539     -0.05119
       2.546     0.006625
       2.554      0.08371
       2.561       0.1415
       2.569       0.1993
       2.576       0.2379
       2.584       0.2957
       2.599       0.2957
       2.607       0.2764
       2.614       0.2186
       2.622       0.1801
       2.629       0.1415
       2.644      0.08371
       2.652      0.06444
        2.66      0.04517
       2.667     0.006625
       2.675     -0.03192
       2.682     -0.05119
       2.697     -0.07046
       2.705     -0.05119
        2.72     -0.01265
       2.728       0.0259
       2.743      0.06444
       2.758      0.08371
       2.773      0.06444
       2.781      0.06444
       2.796       0.0259
       2.811       0.0259
       2.818      0.04517
       2.826      0.06444
       2.834        0.103
       2.841       0.1415
       2.856       0.1993
       2.864       0.1993
       2.879       0.1608
       2.887        0.103
       2.894      0.06444
       2.902     -0.01265
       2.909     -0.07046
       2.917      -0.1283
       2.924      -0.1861
       2.932      -0.2246
       2.939      -0.2439
       2.947      -0.2246
       2.962      -0.1668
        2.97      -0.1283
       2.977     -0.07046
       2.985       0.0259
       2.985     -0.01265
       2.992      0.06444
           3       0.1223
       3.008       0.1608
       3.023       0.1993
        3.03       0.2186
       3.045       0.1993
       3.053       0.1801
       3.068       0.1415
       3.076       0.1223
       3.083      0.06444
       3.091     0.006625
       3.098     -0.07046
       3.106      -0.1668
       3.113      -0.2246
       3.121      -0.2824
       3.129      -0.3403
       3.144      -0.3981
       3.151      -0.3981
       3.174      -0.3788
       3.189      -0.3403
       3.204      -0.2824
       3.212      -0.2824
       3.219      -0.2632
       3.227      -0.2246
       3.235      -0.1861
       3.242      -0.1283
        3.25     -0.05119
       3.257      0.06444
       3.257     -0.01265
       3.265        0.103
       3.272       0.1801
        3.28       0.2186
       3.295       0.2764
       3.303       0.2957
       3.318       0.3342
       3.325       0.3535
       3.333       0.3921
        3.34       0.4306
       3.356       0.4306
       3.363       0.3728
       3.371       0.3342
       3.378       0.2957
       3.386       0.2764
       3.393       0.2379
       3.401       0.1993
       3.409       0.1608
       3.416        0.103
       3.424      0.04517
       3.431     -0.03192
       3.439     -0.07046
       3.446       -0.109
       3.454      -0.1475
       3.461      -0.1861
       3.469      -0.2054
       3.477      -0.2439
       3.484      -0.2632
       3.499      -0.2824
       3.507      -0.2824
       3.522      -0.2632
        3.53      -0.2439
       3.537      -0.2054
       3.545      -0.1475
       3.552     -0.08973
        3.56     -0.03192
       3.567     0.006625
       3.575      0.04517
       3.582      0.08371
       3.598       0.1223
       3.605       0.1608
       3.613       0.1801
        3.62       0.2186
       3.628       0.2572
       3.643       0.2764
       3.651       0.2764
       3.658       0.2764
       3.673       0.2186
       3.688       0.1608
       3.696       0.1415
       3.704        0.103
       3.711      0.06444
       3.719     0.006625
       3.726     -0.05119
       3.734      -0.1283
       3.741      -0.1861
       3.749      -0.2439
       3.764      -0.2824
       3.772      -0.2824
       3.787      -0.2632
       3.794      -0.2439
       3.809      -0.2054
       3.817      -0.2054
       3.825      -0.1668
       3.832      -0.1475
        3.84     -0.08973
       3.847     -0.05119
       3.862     0.006625
        3.87       0.0259
       3.885      0.06444
       3.893      0.08371
       3.908       0.1223
       3.915       0.1223
        3.93       0.1608
       3.938       0.1993
       3.946       0.2186
       3.968       0.1993
       3.976       0.1608
       3.983        0.103
       3.991      0.06444
       4.006     -0.01265
       4.014     -0.01265
       4.029     -0.03192
       4.036     -0.03192
       4.052     -0.03192
       4.067     -0.07046
       4.074       -0.109
       4.089      -0.1475
       4.097      -0.1475
       4.112      -0.1283
        4.12       -0.109
       4.135     -0.08973
       4.142     -0.07046
       4.157     -0.07046
       4.173     -0.07046
        4.18     -0.05119
       4.195     -0.01265
       4.203       0.0259
       4.218       0.0259
       4.226     0.006625
       4.233     -0.01265
       4.241     -0.05119
       4.248     -0.08973
       4.256      -0.1475
       4.263      -0.1861
       4.271      -0.2246
       4.278      -0.2439
       4.294      -0.2632
       4.301      -0.2439
       4.309      -0.2054
       4.316      -0.1668
       4.324      -0.1283
       4.331     -0.08973
       4.347     -0.05119
       4.354     -0.03192
       4.362     0.006625
       4.369      0.04517
       4.377      0.08371
       4.384       0.1415
       4.392       0.1993
         4.4       0.2379
       4.407       0.2764
       4.422       0.2957
        4.43       0.2957
       4.445       0.2764
       4.452       0.2764
        4.46       0.2764
       4.475       0.2379
       4.483       0.2186
        4.49       0.2186
       4.505       0.1608
       4.513       0.1223
       4.521      0.08371
       4.528      0.04517
       4.536       0.0259
       4.536     -0.01265
       4.543     -0.03192
       4.558     -0.08973
       4.566     -0.08973
       4.574     -0.07046
       4.589     -0.05119
       4.596     -0.03192
       4.611     -0.05119
       4.619     -0.05119
       4.634     -0.05119
       4.642     -0.03192
       4.657     -0.01265
       4.664     0.006625
       4.687     -0.01265
       4.695     -0.01265
        4.71     -0.01265
       4.717       0.0259
       4.732       0.0259
        4.74       0.0259
        4.77     -0.01265
       4.785     -0.05119
       4.793     -0.05119
       4.808     -0.01265
       4.816     -0.01265
       4.823      0.04517
       4.838      0.08371
       4.846        0.103
       4.861      0.08371
       4.869      0.04517
       4.876     -0.01265
       4.884     -0.05119
       4.891       -0.109
       4.899      -0.1475
       4.906      -0.1861
       4.914      -0.2439
       4.921      -0.3017
       4.929      -0.3403
       4.937      -0.3595
       4.952      -0.3788
       4.967      -0.3788
       4.982      -0.3595
        4.99      -0.3017
       4.997      -0.2439
       5.005      -0.1861
       5.012      -0.1283
        5.02     -0.05119
       5.027     0.006625
       5.035      0.06444
       5.043       0.1415
        5.05       0.1993
       5.058       0.2764
       5.065       0.3535
       5.073       0.4113
        5.08       0.4306
       5.088       0.4499
       5.103       0.4499
       5.111       0.4306
       5.118       0.3921
       5.126       0.3535
       5.133        0.315
       5.141       0.2764
       5.148       0.2379
       5.164       0.1801
       5.171       0.1801
       5.186       0.1415
       5.194       0.1223
       5.209      0.06444
       5.217      0.04517
       5.232       0.0259
       5.239     -0.01265
       5.247     -0.03192
       5.254     -0.07046
       5.262      -0.1283
       5.269      -0.1668
       5.277      -0.1861
       5.292      -0.1861
         5.3      -0.1475
       5.307       -0.109
       5.315     -0.03192
       5.322      0.04517
       5.338      0.08371
       5.345      0.04517
       5.368       0.0259
       5.375      0.04517
       5.391       0.0259
       5.391     -0.01265
       5.398     -0.07046
       5.406      -0.1668
       5.413      -0.2632
       5.421      -0.3403
       5.428      -0.4173
       5.436      -0.4752
       5.443       -0.533
       5.451      -0.5522
       5.466       -0.533
       5.481      -0.4752
       5.489      -0.4173
       5.496      -0.3403
       5.504      -0.2632
       5.512      -0.1861
       5.519     -0.08973
       5.527     -0.03192
       5.534      0.04517
       5.542      0.08371
       5.549       0.1223
       5.557       0.1608
       5.565       0.1993
       5.572       0.2186
       5.587       0.1993
       5.595       0.1993
       5.602       0.1993
       5.617       0.1993
       5.625       0.2186
       5.633       0.2379
       5.648       0.2186
       5.655       0.1993
        5.67       0.2186
       5.686       0.2379
       5.693       0.2379
       5.708       0.2379
       5.716       0.2572
       5.731       0.2764
       5.739       0.2957
       5.754       0.2764
       5.769       0.2572
       5.776       0.2186
       5.784       0.1608
       5.791      0.08371
       5.799       0.0259
       5.799     -0.03192
       5.807     -0.08973
       5.814      -0.1861
       5.822      -0.2439
       5.829      -0.2824
       5.837       -0.321
       5.852      -0.3595
        5.86      -0.3788
       5.875      -0.3981
       5.882      -0.3981
       5.897      -0.4366
       5.905      -0.4752
        5.92      -0.5137
       5.928       -0.533
       5.943      -0.4752
        5.95      -0.4366
       5.958      -0.3788
       5.965       -0.321
       5.973      -0.2439
       5.981      -0.1475
       5.988       0.0259
       5.988     -0.05119
       5.996      0.08371
       6.003       0.1993
       6.011        0.315
       6.018       0.3921
       6.026       0.4691
       6.034       0.5462
       6.049       0.5848
       6.056       0.5848
       6.071       0.5655
       6.079       0.5462
       6.094       0.5655
       6.109       0.5269
       6.117       0.4884
       6.132       0.4499
       6.139       0.4499
       6.155       0.3921
       6.162       0.3535
        6.17       0.2957
       6.177       0.2572
       6.185       0.1993
       6.192       0.1415
         6.2      0.06444
       6.208     0.006625
       6.215     -0.07046
       6.223      -0.1475
        6.23      -0.2054
       6.238      -0.2246
       6.253      -0.2632
        6.26      -0.2439
       6.268      -0.2246
       6.283      -0.1861
       6.291      -0.1475
       6.306      -0.1283
       6.313      -0.1475
       6.321      -0.1668
       6.329      -0.2054
       6.336      -0.2439
       6.344      -0.3017
       6.351      -0.3595
       6.359      -0.4366
       6.366      -0.4752
       6.374       -0.533
       6.382       -0.533
       6.397      -0.5137
       6.404      -0.4752
       6.412      -0.4366
       6.419      -0.3981
       6.427      -0.3403
       6.434      -0.2824
       6.442      -0.2246
        6.45      -0.1668
       6.457      -0.1283
       6.465     -0.08973
       6.472     -0.05119
        6.48     -0.01265
       6.487      0.04517
       6.495      0.08371
       6.503       0.1223
        6.51       0.1608
       6.525       0.2186
       6.533       0.2379
       6.548       0.2764
       6.556       0.2764
       6.571       0.2764
       6.578       0.2764
       6.586       0.2379
       6.593       0.1993
       6.601       0.1608
       6.608       0.1223
       6.616        0.103
       6.631      0.08371
       6.639      0.08371
       6.646      0.04517
       6.654     0.006625
       6.669     -0.03192
       6.677     -0.03192
       6.692     -0.01265
       6.699       0.0259
       6.707      0.04517
       6.714      0.08371
       6.722       0.1415
        6.73       0.1993
       6.737       0.2379
       6.745       0.2957
       6.752       0.2957
        6.76       0.3342
       6.767       0.3728
        6.79       0.3921
       6.798       0.3921
       6.813       0.2957
        6.82       0.2572
       6.828       0.1801
       6.835      0.08371
       6.843       0.0259
       6.843     -0.03192
       6.851     -0.08973
       6.858      -0.1861
       6.866      -0.3017
       6.873      -0.3981
       6.881      -0.4944
       6.888      -0.5522
       6.896      -0.5908
       6.911      -0.6293
       6.919      -0.6293
       6.934      -0.6101
       6.941      -0.5908
       6.949      -0.5522
       6.956      -0.4944
       6.956       -0.533
       6.964      -0.4752
       6.972      -0.3788
       6.979      -0.2824
       6.987      -0.1861
       6.994     -0.07046
       7.002      0.06444
       7.002     -0.01265
       7.009       0.1415
       7.017       0.2186
       7.025       0.2957
       7.032       0.3535
        7.04       0.3921
       7.055       0.4499
       7.062       0.4499
        7.07       0.4499
       7.085       0.4113
       7.093       0.3535
         7.1        0.315
       7.108       0.2572
       7.115       0.2186
       7.123       0.1801
        7.13       0.1415
       7.138       0.1223
       7.146      0.08371
       7.161       0.0259
       7.168     -0.03192
       7.176     -0.08973
       7.183      -0.1475
       7.191      -0.2054
       7.199      -0.2824
       7.206      -0.3403
       7.214      -0.3788
       7.229      -0.3788
       7.236      -0.3595
       7.251      -0.3017
       7.259      -0.2824
       7.274      -0.2632
       7.282      -0.2439
       7.289      -0.1861
       7.297       -0.109
       7.304     -0.05119
       7.312      0.04517
        7.32        0.103
       7.327       0.1608
       7.335       0.1993
        7.35       0.2572
       7.357       0.2764
       7.373       0.2764
        7.38       0.2764
       7.395       0.1993
       7.403       0.1608
        7.41        0.103
       7.418      0.06444
       7.433      0.04517
       7.441      0.04517
       7.456       0.0259
       7.471     0.006625
       7.486       0.0259
       7.494      0.04517
       7.501      0.08371
       7.509        0.103
       7.516       0.1415
       7.524       0.1608
       7.531       0.1801
       7.547       0.1415
       7.554       0.1223
       7.569        0.103
       7.584      0.04517
       7.592     0.006625
       7.599     -0.03192
       7.607     -0.07046
       7.615     -0.08973
       7.622      -0.1283
       7.637      -0.1668
       7.645      -0.2054
        7.66      -0.2246
       7.668      -0.1861
       7.675      -0.1668
       7.683      -0.1283
        7.69     -0.08973
       7.705     -0.07046
       7.713     -0.07046
       7.728     -0.08973
       7.736     -0.08973
       7.751      -0.1475
       7.758      -0.1861
       7.766      -0.2246
       7.773      -0.2824
       7.781      -0.3017
       7.796      -0.2632
       7.804      -0.2054
       7.811      -0.1475
       7.819       -0.109
       7.826     -0.05119
       7.834     -0.01265
       7.849       0.0259
       7.857      0.04517
       7.872      0.08371
       7.879        0.103
       7.887       0.1223
       7.895       0.1801
       7.902       0.2379
        7.91       0.2764
       7.917       0.3342
       7.925       0.3535
        7.94       0.3921
       7.947       0.3921
       7.955       0.3535
       7.963        0.315
        7.97       0.2764
       7.978       0.2186
       7.985       0.1801
           8       0.1415
       8.008       0.1415
       8.016        0.103
       8.023      0.06444
       8.031      0.04517
       8.046     -0.01265
       8.053     0.006625
       8.068      0.04517
       8.076      0.06444
       8.084        0.103
       8.091       0.1608
       8.099       0.1993
       8.106       0.2379
       8.121       0.2957
       8.129        0.315
       8.144        0.315
       8.152       0.2764
       8.159       0.2379
       8.167       0.1993
       8.174       0.1415
       8.182      0.06444
        8.19     -0.03192
       8.197       -0.109
       8.205      -0.2054
       8.212       -0.321
        8.22      -0.3981
       8.227      -0.4559
       8.235      -0.4944
       8.242      -0.5137
       8.258      -0.5908
       8.265      -0.6293
       8.273      -0.6871
        8.28      -0.7257
       8.288      -0.7642
       8.295      -0.7835
       8.311      -0.7642
       8.318      -0.7257
       8.326      -0.6871
       8.333      -0.6293
       8.341      -0.4944
       8.341      -0.5522
       8.348      -0.4366
       8.356      -0.3017
       8.364      -0.1475
       8.371      0.04517
       8.371     -0.05119
       8.379       0.1223
       8.386       0.2379
       8.394        0.315
       8.401       0.3921
       8.409       0.4306
       8.416       0.4884
       8.424       0.4884
       8.439       0.4884
       8.447       0.5077
       8.462       0.4884
       8.469       0.4691
       8.477       0.4306
       8.485       0.3921
       8.492       0.3342
         8.5       0.2572
       8.507       0.1993
       8.515       0.1415
       8.522      0.08371
        8.53       0.0259
       8.538     -0.03192
       8.545     -0.08973
       8.553      -0.1283
        8.56      -0.1861
       8.568      -0.2054
       8.583      -0.2054
        8.59      -0.1861
       8.598      -0.1475
       8.606      -0.1283
       8.613     -0.08973
       8.621     -0.05119
       8.636      0.04517
       8.643      0.08371
       8.651       0.1223
       8.659       0.1415
       8.666       0.1801
       8.674       0.1993
       8.689       0.2572
       8.696       0.2957
       8.712        0.315
       8.719       0.2957
       8.734       0.2379
       8.742       0.2186
       8.749       0.2186
       8.764       0.1801
       8.772       0.1608
       8.787       0.1223
       8.795      0.08371
       8.802      0.04517
        8.81       0.0259
        8.81     -0.01265
       8.817     -0.03192
       8.833     -0.07046
        8.84     -0.07046
       8.848       -0.109
       8.855      -0.1475
       8.863      -0.1861
        8.87      -0.2246
       8.878      -0.2439
       8.886      -0.2824
       8.893       -0.321
       8.908      -0.3595
       8.916      -0.3595
       8.923      -0.3403
       8.938      -0.3403
       8.946       -0.321
       8.969      -0.2824
       8.976      -0.2439
