     0.01181      0.03581
     0.01937      0.01637
     0.03449     -0.06138
      0.0496     -0.04194
     0.05716      0.01637
     0.06472      0.05524
     0.07228       0.1136
      0.0874      0.09412
     0.09496      0.07468
      0.1101      0.01637
      0.1176    -0.003069
      0.1252     -0.02251
      0.1327     -0.08082
      0.1479      -0.1391
      0.1554      -0.1586
      0.1705      -0.1586
      0.1781      -0.1391
      0.1932     -0.08082
      0.2008     -0.06138
      0.2083    -0.003069
      0.2159      0.07468
      0.2235       0.1524
       0.231       0.1913
      0.2386       0.1524
      0.2461      0.07468
      0.2537     -0.04194
      0.2612      -0.1197
      0.2688      -0.1586
      0.2764      -0.1391
      0.2839     -0.08082
      0.2915    -0.003069
       0.299      0.09412
      0.3066       0.1719
      0.3142       0.2496
      0.3217       0.3274
      0.3293       0.3662
      0.3444       0.3857
       0.352       0.3468
      0.3595       0.2496
      0.3671       0.1524
      0.3746      0.01637
      0.3822      -0.1197
      0.3897      -0.2558
      0.3973      -0.3335
      0.4049      -0.4113
      0.4124      -0.4696
        0.42      -0.5279
      0.4351      -0.4501
      0.4427      -0.3141
      0.4502       -0.178
      0.4578    -0.003069
      0.4653       0.1136
      0.4729       0.2107
      0.4804       0.2691
       0.488       0.2496
      0.4956       0.2107
      0.5031       0.1524
      0.5107       0.1136
      0.5182      0.07468
      0.5258      0.01637
      0.5334     -0.02251
      0.5485    -0.003069
       0.556      0.03581
      0.5636       0.1136
      0.5712       0.1719
      0.5787       0.2107
      0.5863       0.2691
      0.6014       0.2691
      0.6089       0.2107
      0.6165        0.133
      0.6241      0.05524
      0.6316    -0.003069
      0.6392    -0.003069
      0.6543      0.01637
      0.6619      0.01637
      0.6694     -0.02251
       0.677      -0.1003
      0.6845      -0.1974
      0.6921      -0.2946
      0.6996      -0.3335
      0.7072      -0.2946
      0.7148      -0.2363
      0.7223      -0.1586
      0.7299      -0.1003
      0.7374     -0.06138
       0.745     -0.04194
      0.7601      0.01637
      0.7677      0.05524
      0.7752      0.09412
      0.7828       0.1524
      0.7979        0.133
      0.8055        0.133
      0.8206      0.09412
      0.8281      0.05524
      0.8357      0.01637
      0.8433     -0.04194
      0.8508     -0.08082
      0.8584     -0.08082
      0.8735     -0.04194
      0.8811    -0.003069
      0.8886      0.01637
      0.8962      0.07468
      0.9037       0.1136
      0.9113       0.1524
      0.9264       0.1719
       0.934       0.1524
      0.9415       0.1524
      0.9566      0.07468
      0.9642     -0.06138
      0.9718       -0.178
      0.9793      -0.2752
      0.9869      -0.3141
      0.9944      -0.2752
       1.002      -0.1974
        1.01      -0.1197
       1.017     -0.04194
       1.025      0.05524
       1.032        0.133
        1.04       0.1913
       1.047       0.2302
       1.055       0.1913
       1.062        0.133
        1.07      0.05524
       1.078     -0.04194
       1.085      -0.1003
       1.093      -0.1586
         1.1      -0.2169
       1.108      -0.2363
       1.123      -0.2558
        1.13      -0.2363
       1.138      -0.1974
       1.146      -0.1197
       1.153     -0.02251
       1.161      0.09412
       1.168       0.1719
       1.176       0.2302
       1.183       0.2691
       1.191       0.2107
       1.199        0.133
       1.206      0.03581
       1.214     -0.02251
       1.229     -0.02251
       1.236      0.07468
       1.244       0.1524
       1.251       0.2107
       1.267       0.1913
       1.274       0.1136
       1.282      0.01637
       1.289     -0.06138
       1.297      -0.1391
       1.312       -0.178
       1.319      -0.1974
       1.327      -0.1974
       1.342      -0.1974
        1.35      -0.1391
       1.357      0.03581
       1.357     -0.04194
       1.365      0.09412
       1.372       0.2107
        1.38       0.2885
       1.387       0.3468
       1.403       0.3079
        1.41       0.2302
       1.418        0.133
       1.425      0.05524
       1.433     -0.04194
        1.44      -0.1197
       1.448      -0.1974
       1.456      -0.2169
       1.471       -0.178
       1.478      -0.1197
       1.486      -0.1003
       1.493     -0.06138
       1.501      0.01637
       1.508      0.07468
       1.516        0.133
       1.531       0.1719
       1.539        0.133
       1.546      0.09412
       1.554      0.03581
       1.561    -0.003069
       1.576     -0.02251
       1.584    -0.003069
       1.599      0.03581
       1.607    -0.003069
       1.614     -0.04194
       1.622     -0.08082
       1.629     -0.08082
       1.637     -0.04194
       1.644      0.01637
       1.652      0.07468
        1.66        0.133
       1.667       0.1524
       1.682       0.1913
        1.69       0.2107
       1.697       0.1719
       1.705       0.1136
       1.713      0.01637
        1.72      -0.1197
       1.728      -0.1974
       1.743       -0.178
        1.75     -0.08082
       1.758    -0.003069
       1.765      0.05524
       1.781       0.1136
       1.788       0.1136
       1.803      0.09412
       1.811      0.07468
       1.818      0.05524
       1.826    -0.003069
       1.833     -0.08082
       1.841       -0.178
       1.849      -0.2363
       1.856      -0.2558
       1.871      -0.1974
       1.879      -0.1197
       1.886     -0.04194
       1.894    -0.003069
       1.901      0.05524
       1.909      0.09412
       1.917       0.1524
       1.924       0.1913
       1.932       0.2302
       1.939       0.1913
       1.947       0.1524
       1.954      0.09412
       1.962      0.03581
       1.977      0.05524
       1.985      0.07468
           2        0.133
       2.007      0.09412
       2.015      0.05524
       2.022    -0.003069
       2.038     -0.04194
       2.045     -0.06138
        2.06     -0.02251
       2.075      0.01637
       2.083     -0.02251
        2.09     -0.06138
       2.098      -0.1197
       2.106      -0.1586
       2.121      -0.1586
       2.128      -0.1391
       2.136      -0.1197
       2.143     -0.08082
       2.151     -0.04194
       2.158    -0.003069
       2.166      0.01637
       2.181      0.05524
       2.189      0.07468
       2.196       0.1136
       2.204       0.1524
       2.211       0.2107
       2.219       0.2691
       2.226       0.3079
       2.234       0.2691
       2.242       0.2107
       2.249        0.133
       2.257      0.05524
       2.264     -0.04194
       2.272      -0.1197
       2.279       -0.178
       2.287      -0.1974
       2.302       -0.178
        2.31      -0.1003
       2.317    -0.003069
       2.325       0.1136
       2.332       0.2107
        2.34       0.2691
       2.347       0.2496
       2.355       0.1913
       2.363       0.1136
        2.37      0.05524
       2.378     -0.02251
       2.385     -0.06138
       2.393      -0.1197
         2.4      -0.1586
       2.415      -0.1974
       2.423      -0.2169
       2.431      -0.1974
       2.438      -0.1586
       2.446      -0.1003
       2.453     -0.02251
       2.461      0.03581
       2.468      0.07468
       2.476        0.133
       2.483        0.133
       2.499        0.133
       2.514       0.1136
       2.521        0.133
       2.536       0.1719
       2.544       0.1913
       2.559       0.2107
       2.567       0.1719
       2.574      0.09412
       2.582     -0.02251
       2.589       -0.178
       2.597      -0.3335
       2.604      -0.4113
        2.62      -0.3918
       2.627      -0.2946
       2.635      -0.1586
       2.642     -0.04194
        2.65      0.09412
       2.657       0.1719
       2.665       0.2302
       2.672       0.2885
        2.68       0.3079
       2.695       0.3079
       2.703       0.2302
        2.71       0.1524
       2.718    -0.003069
       2.725      -0.1197
       2.733      -0.1974
        2.74      -0.2363
       2.748      -0.2363
       2.763      -0.1974
       2.771      -0.1391
       2.778     -0.08082
       2.786      0.01637
       2.793      0.09412
       2.801       0.1719
       2.809       0.2107
       2.816       0.2302
       2.824       0.2302
       2.831       0.1719
       2.839        0.133
       2.846      0.09412
       2.854      0.07468
       2.869       0.1136
       2.877        0.133
       2.892      0.07468
       2.899     -0.04194
       2.907      -0.1197
       2.914      -0.1974
       2.922      -0.2363
       2.929      -0.2169
       2.937       -0.178
       2.945      -0.1391
        2.96       -0.178
       2.975      -0.1974
       2.982      -0.1586
        2.99     -0.06138
       2.997      0.01637
       3.005      0.05524
        3.02      0.03581
       3.028      0.05524
       3.035      0.07468
       3.043       0.1136
        3.05       0.1524
       3.066       0.1719
       3.073        0.133
       3.081      0.09412
       3.088      0.07468
       3.103      0.09412
       3.111       0.1136
       3.126      0.07468
       3.134      0.03581
       3.141    -0.003069
       3.156      0.01637
       3.164      0.05524
       3.179      0.05524
       3.186      0.01637
       3.202    -0.003069
       3.209    -0.003069
       3.224     -0.02251
       3.239     -0.06138
       3.247     -0.06138
       3.262    -0.003069
       3.277      0.01637
       3.285      0.01637
       3.292      0.01637
       3.307      0.05524
       3.315      0.09412
       3.323       0.1524
        3.33       0.1913
       3.338       0.1524
       3.345      0.09412
       3.353      0.03581
        3.36     -0.04194
       3.368     -0.08082
       3.383      -0.1197
       3.391      -0.1003
       3.398     -0.08082
       3.406     -0.02251
       3.413      0.03581
       3.421      0.07468
       3.428        0.133
       3.436       0.1524
       3.451        0.133
       3.459        0.133
       3.474      0.09412
       3.481      0.05524
       3.489      0.01637
       3.496     -0.06138
       3.504       -0.178
       3.511      -0.2752
       3.519      -0.3529
       3.527      -0.3918
       3.534      -0.3918
       3.542      -0.3529
       3.549      -0.2752
       3.557       -0.178
       3.564     -0.02251
       3.572        0.133
       3.579       0.2885
       3.587       0.3857
       3.595        0.444
        3.61       0.4051
       3.617       0.3274
       3.625       0.2302
       3.632      0.07468
        3.64      -0.1003
       3.648      -0.2752
       3.655      -0.3724
       3.663      -0.4113
        3.67      -0.4113
       3.678      -0.3529
       3.685      -0.2752
       3.693      -0.1586
         3.7     -0.06138
       3.708      0.07468
       3.716       0.1719
       3.723       0.2496
       3.731       0.2885
       3.738       0.2691
       3.746       0.2107
       3.753        0.133
       3.761      0.07468
       3.768     -0.02251
       3.776      -0.1003
       3.784      -0.1974
       3.791      -0.2558
       3.806      -0.2169
       3.814      -0.1197
       3.821     -0.02251
       3.829      0.09412
       3.836       0.1913
       3.844       0.2691
       3.859       0.2496
       3.867       0.1719
       3.874      0.05524
       3.882     -0.02251
       3.889     -0.06138
       3.905     -0.02251
       3.912      0.07468
        3.92        0.133
       3.927       0.1719
       3.935       0.1913
       3.942       0.1913
       3.957       0.1136
       3.965      0.07468
       3.973      0.03581
        3.98     -0.02251
       3.988     -0.08082
       3.995      -0.1197
       4.003       -0.178
        4.01      -0.2363
       4.025      -0.2752
       4.033      -0.2558
       4.041      -0.2363
       4.048       -0.178
       4.056      -0.1003
       4.063      0.01637
       4.071      0.09412
       4.086      0.07468
       4.093      0.01637
       4.101     -0.04194
       4.109     -0.06138
       4.124    -0.003069
       4.131      0.01637
       4.146      0.09412
       4.154        0.133
       4.162       0.1719
       4.177       0.2107
       4.184       0.1913
       4.192       0.1524
       4.199      0.07468
       4.207     -0.02251
       4.214      -0.1197
       4.222      -0.2169
        4.23      -0.2558
       4.237      -0.2363
       4.245      -0.1586
       4.252     -0.06138
        4.26      0.05524
       4.267       0.1719
       4.275       0.2496
       4.282       0.3079
       4.298       0.3662
       4.305       0.3468
       4.313       0.2885
        4.32       0.1524
       4.328     -0.02251
       4.335      -0.1974
       4.343      -0.4113
        4.35      -0.4307
       4.366      -0.4307
       4.381      -0.2169
       4.381      -0.2752
       4.388      -0.1391
       4.396    -0.003069
       4.403       0.1719
       4.411       0.3274
       4.419        0.444
       4.426       0.5606
       4.426       0.5023
       4.434       0.5606
       4.434       0.5023
       4.441       0.4634
       4.449       0.3274
       4.456       0.1913
       4.464      0.03581
       4.471      -0.1003
       4.479      -0.2169
       4.487      -0.2946
       4.502      -0.2946
       4.509      -0.2363
       4.517       -0.178
       4.524      -0.1003
       4.532    -0.003069
       4.539      0.07468
       4.547        0.133
       4.562       0.1524
        4.57       0.1136
       4.577      0.05524
       4.585     -0.02251
       4.592     -0.08082
         4.6      -0.1391
       4.607       -0.178
       4.615      -0.1974
        4.63       -0.178
       4.638      -0.1391
       4.645      -0.1003
       4.653     -0.04194
        4.66    -0.003069
       4.668      0.05524
       4.676      0.07468
       4.691        0.133
       4.698        0.133
       4.706      0.07468
       4.713      0.03581
       4.721    -0.003069
       4.736     -0.04194
       4.744     -0.02251
       4.751      0.01637
       4.759      0.07468
       4.774      0.07468
       4.781      0.09412
       4.789        0.133
       4.796       0.1719
       4.812        0.133
       4.819      0.09412
       4.827      0.05524
       4.834      0.01637
       4.849    -0.003069
       4.857    -0.003069
       4.872     -0.04194
        4.88     -0.06138
       4.895     -0.02251
       4.902      0.01637
       4.917      0.03581
       4.925      0.03581
       4.932      0.05524
       4.948      0.05524
       4.955      0.03581
       4.963      0.01637
       4.978     -0.04194
       4.985     -0.04194
       4.993    -0.003069
       5.001      0.03581
       5.008      0.09412
       5.016        0.133
       5.031       0.1719
       5.038       0.1913
       5.046       0.2302
       5.053       0.2691
       5.061       0.2691
       5.069       0.2107
       5.076       0.1136
       5.076    -0.003069
       5.084     -0.08082
       5.091      -0.1974
       5.099      -0.3141
       5.106      -0.3724
       5.114      -0.3724
       5.121      -0.2946
       5.129      -0.1974
       5.137     -0.08082
       5.144      0.01637
       5.152      0.09412
       5.159       0.1719
       5.167       0.2302
       5.174       0.2691
       5.182       0.2691
       5.189       0.2107
       5.197       0.1136
       5.205     -0.02251
       5.212       -0.178
        5.22      -0.2946
       5.227      -0.3724
       5.235      -0.3724
        5.25      -0.2752
       5.258       -0.178
       5.265     -0.08082
       5.273      0.01637
        5.28       0.1136
       5.288       0.2107
       5.295       0.2885
       5.303       0.3468
       5.318       0.3468
       5.326       0.3079
       5.333       0.2496
       5.341       0.1719
       5.348      0.09412
       5.348    -0.003069
       5.356     -0.06138
       5.363      -0.1586
       5.371      -0.2363
       5.378      -0.2946
       5.386      -0.3141
       5.394      -0.2752
       5.401      -0.1586
       5.409      0.03581
       5.409     -0.06138
       5.416      0.09412
       5.424       0.1719
       5.431       0.2302
       5.439       0.2107
       5.446       0.1913
       5.462       0.1524
       5.469        0.133
       5.477      0.07468
       5.484    -0.003069
       5.492      -0.1003
       5.499      -0.1586
       5.507      -0.2169
       5.515      -0.2558
        5.53      -0.2558
       5.537      -0.1974
       5.545      -0.1003
       5.552      0.05524
        5.56       0.2107
       5.567       0.3274
       5.575       0.3857
       5.583       0.3468
        5.59       0.2691
       5.598        0.133
       5.605      0.01637
       5.613      -0.1197
        5.62      -0.1974
       5.628      -0.2558
       5.651      -0.2752
       5.658      -0.2169
       5.666      -0.1391
       5.673     -0.08082
       5.681     -0.02251
       5.688      0.03581
       5.696      0.05524
       5.703        0.133
       5.711       0.2302
       5.719       0.3079
       5.734       0.2885
       5.741       0.1913
       5.749      0.09412
       5.756    -0.003069
       5.764     -0.06138
       5.772      -0.1003
       5.779     -0.08082
       5.787     -0.04194
       5.794      0.01637
       5.802      0.05524
       5.809      0.09412
       5.817        0.133
       5.824       0.1719
        5.84       0.1913
       5.847       0.1524
       5.855       0.1136
       5.862      0.07468
        5.87      0.03581
       5.885      0.03581
       5.892      0.01637
         5.9     -0.02251
       5.915     -0.08082
       5.923      -0.1197
        5.93      -0.1586
       5.938       -0.178
       5.953      -0.1586
        5.96      -0.1391
       5.968      -0.1003
       5.976     -0.08082
       5.983     -0.04194
       5.991    -0.003069
       5.998      0.07468
       6.006       0.1136
       6.013       0.1524
       6.021       0.1136
       6.029      0.03581
       6.036     -0.06138
       6.044      -0.1003
       6.059     -0.08082
       6.066     -0.02251
       6.074      0.03581
       6.081      0.09412
       6.097       0.1136
       6.104       0.1136
       6.112      0.07468
       6.119      0.01637
       6.127     -0.02251
       6.134     -0.08082
       6.142      -0.1391
       6.149      -0.2169
       6.157      -0.2752
       6.165      -0.3141
        6.18      -0.3141
       6.187      -0.2558
       6.195      -0.1974
       6.202      -0.1391
        6.21     -0.08082
       6.217    -0.003069
       6.225      0.07468
       6.233       0.1524
        6.24       0.2302
       6.248       0.2885
       6.255       0.3274
       6.263       0.3662
       6.278       0.3079
       6.285       0.2496
       6.293       0.1719
       6.301      0.07468
       6.308     -0.04194
       6.316      -0.1197
       6.323      -0.1586
       6.331      -0.1586
       6.346       -0.178
       6.354      -0.2169
       6.361      -0.2558
       6.369      -0.2752
       6.376      -0.2558
       6.384      -0.1974
       6.391      -0.1197
       6.399      0.03581
       6.399     -0.04194
       6.406      0.07468
       6.414       0.1524
       6.422       0.2107
       6.429       0.2496
       6.444       0.2496
       6.452       0.2691
       6.467       0.3079
       6.474       0.2885
       6.482       0.2691
        6.49       0.2302
       6.497       0.1913
       6.505       0.1524
       6.512       0.1136
        6.52      0.07468
       6.527     -0.04194
       6.535      -0.1391
       6.542      -0.2169
        6.55      -0.2752
       6.565      -0.2752
       6.573      -0.1974
        6.58      -0.1003
       6.588      0.01637
       6.595       0.1136
       6.603       0.1719
       6.618       0.1719
       6.626        0.133
       6.633      0.07468
       6.641     -0.02251
       6.648     -0.08082
       6.656      -0.1586
       6.663      -0.1974
       6.671      -0.2169
       6.679      -0.1974
       6.686      -0.1586
       6.694      -0.1197
       6.701     -0.06138
       6.709     -0.04194
       6.716    -0.003069
       6.724      0.01637
       6.731      0.07468
       6.739      0.07468
       6.747      0.07468
       6.762      0.03581
       6.769      0.01637
       6.784     -0.02251
       6.792     -0.04194
       6.807    -0.003069
       6.815      0.05524
       6.822      0.07468
        6.83       0.1136
       6.845       0.1524
        6.86       0.1913
       6.868        0.133
       6.875      0.09412
       6.883      0.03581
        6.89    -0.003069
       6.898     -0.04194
       6.913      -0.1003
        6.92      -0.1391
       6.928       -0.178
       6.936      -0.1586
       6.943      -0.1197
       6.951     -0.02251
       6.958      0.07468
       6.966       0.1136
       6.981       0.1524
       6.988       0.1719
       7.004       0.1913
       7.011       0.1913
       7.019       0.1913
       7.026        0.133
       7.034      0.05524
       7.041     -0.02251
       7.049      -0.1391
       7.056      -0.1974
       7.064      -0.1974
       7.072      -0.1391
       7.079      -0.1003
       7.087     -0.06138
       7.094      -0.1003
       7.102       -0.178
       7.109      -0.2363
       7.117      -0.2558
       7.125      -0.2169
       7.132      -0.1586
        7.14     -0.08082
       7.147     -0.02251
       7.155      0.03581
       7.162      0.09412
        7.17        0.133
       7.177       0.1719
       7.193       0.1913
         7.2       0.2107
       7.215       0.2302
       7.223       0.2302
        7.23       0.1719
       7.238      0.09412
       7.245      0.03581
       7.261      0.03581
       7.268      0.05524
       7.276       0.1136
       7.283       0.1524
       7.298       0.1913
       7.306       0.1524
       7.313      0.09412
       7.321      0.05524
       7.329    -0.003069
       7.336     -0.08082
       7.344      -0.1586
       7.351      -0.2558
       7.359      -0.3141
       7.374      -0.2558
       7.382      -0.1586
       7.389    -0.003069
       7.397        0.133
       7.404       0.2496
       7.412       0.3274
       7.419       0.3468
       7.427       0.3468
       7.442       0.2691
        7.45       0.2107
       7.457       0.1524
       7.465      0.07468
       7.472    -0.003069
        7.48     -0.08082
       7.487      -0.1391
       7.495      -0.1974
        7.51      -0.2169
       7.518      -0.1974
       7.525       -0.178
       7.533      -0.1197
        7.54     -0.08082
       7.548     -0.04194
       7.563     -0.08082
        7.57      -0.1197
       7.578      -0.1391
       7.593     -0.08082
       7.601     -0.02251
       7.608      0.05524
       7.616      0.09412
       7.623       0.1136
       7.631      0.07468
       7.638      0.01637
       7.646     -0.02251
       7.661      0.03581
       7.669      0.09412
       7.676        0.133
       7.691       0.1524
       7.699       0.1136
       7.714      0.05524
       7.722      0.05524
       7.737      0.05524
       7.744    -0.003069
       7.752      -0.1003
       7.759      -0.1974
       7.767      -0.2752
       7.775      -0.3141
       7.782      -0.3141
        7.79      -0.2752
       7.797      -0.1974
       7.805      -0.1197
       7.812     -0.04194
        7.82      0.03581
       7.827       0.1136
       7.835       0.1913
       7.843       0.2496
        7.85       0.3079
       7.858       0.2885
       7.865       0.2302
       7.873        0.133
        7.88      0.03581
       7.888     -0.06138
       7.895      -0.1003
       7.903      -0.1197
       7.918      -0.1003
       7.926     -0.08082
       7.933     -0.04194
       7.941    -0.003069
       7.948      0.05524
       7.964      0.09412
       7.971      0.09412
       7.986      0.09412
       7.994      0.09412
       8.001      0.05524
       8.009      0.03581
       8.016    -0.003069
       8.024     -0.04194
       8.032     -0.08082
       8.039      -0.1391
       8.047      -0.1974
       8.062       -0.178
       8.069     -0.08082
       8.077    -0.003069
       8.084      0.05524
         8.1      0.07468
       8.107      0.09412
       8.122       0.1136
        8.13      0.09412
       8.137      0.05524
       8.145      0.01637
       8.152    -0.003069
       8.168    -0.003069
       8.175      0.07468
       8.183       0.1136
        8.19       0.1524
       8.198       0.1136
       8.205      0.07468
       8.213    -0.003069
       8.221     -0.08082
       8.228      -0.1003
       8.243     -0.08082
       8.251     -0.06138
       8.258     -0.04194
       8.273     -0.02251
       8.281      0.01637
       8.296      0.03581
       8.304      0.01637
       8.311     -0.02251
       8.326    -0.003069
       8.334      0.05524
       8.341       0.1136
       8.349       0.1524
       8.364        0.133
       8.372        0.133
       8.379        0.133
       8.394      0.09412
       8.402      0.07468
       8.417      0.09412
       8.432       0.1136
        8.44      0.09412
       8.447      0.07468
       8.462      0.03581
        8.47      0.01637
       8.478     -0.02251
       8.485     -0.08082
       8.493      -0.1391
         8.5      -0.1586
       8.515       -0.178
       8.523      -0.1586
        8.53      -0.1197
       8.538     -0.06138
       8.546     -0.02251
       8.553      0.01637
       8.561      0.05524
       8.568      0.07468
       8.576      0.07468
       8.591      0.07468
       8.598      0.07468
       8.606      0.03581
       8.614     -0.04194
       8.621      -0.1391
       8.629      -0.2363
       8.636      -0.2946
       8.644      -0.2946
       8.651      -0.2363
       8.659      -0.1391
       8.666     -0.02251
       8.674      0.09412
       8.682       0.2107
       8.689       0.2885
       8.697       0.3468
       8.712       0.2691
       8.719       0.1524
       8.727      0.01637
       8.735     -0.08082
       8.742      -0.1586
        8.75      -0.1974
       8.765       -0.178
        8.78      -0.1391
       8.787     -0.06138
       8.795    -0.003069
       8.803      0.07468
        8.81       0.1524
       8.818       0.2302
       8.825       0.2496
        8.84       0.1913
       8.848      0.09412
       8.855      0.01637
       8.863     -0.06138
       8.871      -0.1197
       8.878      -0.1586
       8.886      -0.2169
       8.901      -0.2558
       8.908      -0.2363
       8.916      -0.1974
       8.923      -0.1197
       8.931     -0.04194
       8.939      0.01637
       8.946      0.05524
       8.954      0.09412
       8.961        0.133
       8.976       0.2302
