     0.01186     -0.04878
     0.03454     -0.04878
     0.04966     -0.04878
     0.05723     -0.04878
     0.07235     -0.04878
     0.08747     -0.04878
     0.09503     -0.04878
      0.1026      -0.0271
      0.1177      -0.0271
      0.1253     -0.00542
      0.1404      0.00542
       0.148       0.0271
      0.1555      0.04878
      0.1706       0.0813
      0.1782       0.0813
      0.2009      0.07046
       0.216        0.103
      0.2236        0.103
      0.2387        0.103
      0.2538       0.0813
      0.2614      0.07046
      0.2689      0.07046
      0.2841      0.04878
      0.2916      0.04878
      0.3067      0.04878
      0.3143      0.04878
      0.3294      0.04878
       0.337      0.04878
      0.3521       0.0271
      0.3597     -0.00542
      0.3748     -0.00542
      0.3899     -0.04878
      0.3975     -0.04878
      0.4126     -0.04878
      0.4202     -0.04878
      0.4353      -0.0271
      0.4504      -0.0271
       0.458     -0.00542
      0.4731      0.00542
      0.4807       0.0271
      0.4958       0.0271
      0.5033       0.0271
      0.5185       0.0271
       0.526      0.00542
      0.5411      -0.0271
      0.5487      -0.0271
      0.5638     -0.07046
      0.5714     -0.07046
      0.5865     -0.07046
      0.6016     -0.07046
      0.6168     -0.07046
      0.6243     -0.07046
      0.6394     -0.07046
       0.647     -0.04878
      0.6546     -0.00542
      0.6697      0.00542
      0.6848      0.00542
      0.6999     -0.00542
      0.7075     -0.00542
      0.7226     -0.00542
      0.7302     -0.00542
      0.7453     -0.00542
      0.7529     -0.00542
      0.7755      0.00542
      0.7982      0.00542
      0.8134       0.0271
      0.8209       0.0271
       0.836       0.0271
      0.8587     -0.00542
      0.8738     -0.00542
      0.8814     -0.00542
      0.8965     -0.00542
      0.9041     -0.00542
      0.9192     -0.00542
      0.9268     -0.00542
      0.9419       0.0271
      0.9495      0.04878
      0.9646      0.04878
      0.9721      0.04878
      0.9873      0.04878
       1.002      0.04878
       1.018       0.0271
       1.025       0.0271
        1.04      0.00542
       1.055     -0.00542
        1.07      -0.0271
       1.078      -0.0271
       1.093     -0.04878
       1.101     -0.07046
       1.116      -0.0813
       1.123      -0.0813
       1.138     -0.07046
       1.146     -0.07046
       1.161      -0.0271
       1.176      -0.0271
       1.184      -0.0271
       1.199     -0.00542
       1.214     -0.00542
       1.222     -0.00542
       1.237     -0.00542
       1.252      -0.0271
       1.259     -0.00542
       1.275     -0.00542
       1.282     -0.00542
       1.297     -0.00542
       1.305     -0.00542
        1.32     -0.00542
       1.328      0.00542
       1.343       0.0271
        1.35      0.04878
       1.365      0.07046
        1.38       0.0813
       1.388       0.0813
       1.403        0.103
       1.411        0.103
       1.418        0.103
       1.433      0.07046
       1.441      0.04878
       1.456       0.0271
       1.464       0.0271
       1.479       0.0271
       1.486       0.0271
       1.501       0.0271
       1.509       0.0271
       1.524      0.04878
       1.539      0.04878
       1.547      0.04878
       1.562       0.0271
       1.569       0.0271
       1.585       0.0271
       1.607     -0.00542
       1.622     -0.00542
       1.638     -0.00542
       1.645     -0.00542
        1.66     -0.00542
       1.668     -0.00542
       1.683     -0.00542
       1.698     -0.00542
       1.706     -0.00542
       1.713     -0.00542
       1.728      -0.0271
       1.736      -0.0271
       1.751     -0.04878
       1.759     -0.07046
       1.766     -0.07046
       1.781      -0.0813
       1.789      -0.0813
       1.804      -0.0813
       1.811     -0.07046
       1.827     -0.07046
       1.834     -0.04878
       1.849      -0.0271
       1.864      -0.0271
       1.872     -0.00542
       1.887     -0.00542
       1.895     -0.00542
        1.91     -0.00542
       1.917     -0.00542
       1.932     -0.00542
        1.94     -0.00542
       1.955      0.00542
        1.97       0.0271
       1.978      0.04878
       1.993      0.07046
           2       0.0813
       2.016       0.0813
       2.023       0.0813
       2.038       0.0813
       2.053      0.04878
       2.061       0.0271
       2.069     -0.00542
       2.076     -0.00542
       2.091      -0.0271
       2.099     -0.04878
       2.114     -0.04878
       2.129     -0.04878
       2.137     -0.04878
       2.152      -0.0271
       2.167     -0.04878
       2.174     -0.04878
       2.182      -0.0271
       2.197     -0.00542
       2.205      0.00542
       2.212      0.04878
       2.227       0.0813
       2.235       0.0813
        2.25       0.0813
       2.258        0.103
       2.273        0.103
        2.28       0.0813
       2.295      0.04878
       2.303      0.04878
       2.318      0.04878
       2.326       0.0271
       2.348     -0.00542
       2.356     -0.00542
       2.371      -0.0271
       2.379      -0.0271
       2.394      -0.0271
       2.401      -0.0271
       2.409     -0.00542
       2.431      0.00542
       2.469      0.00542
       2.484      0.00542
       2.492      0.00542
       2.515      0.00542
       2.522      0.00542
       2.537     -0.00542
       2.545     -0.00542
        2.56       0.0271
       2.568      0.04878
       2.583       0.0271
        2.59       0.0271
       2.605       0.0271
       2.613      0.04878
       2.628      0.04878
       2.636      0.04878
       2.651      0.04878
       2.658      0.04878
       2.673       0.0271
       2.689     -0.00542
       2.704      -0.0271
       2.719     -0.07046
       2.726      -0.0813
       2.734      -0.0813
       2.749       -0.103
       2.757       -0.103
       2.772      -0.1247
       2.779      -0.1247
       2.794      -0.1247
       2.802      -0.1247
       2.817      -0.1247
       2.825       -0.103
        2.84      -0.0813
       2.847     -0.07046
       2.862      -0.0271
        2.87     -0.00542
       2.885       0.0271
       2.893       0.0271
         2.9      0.04878
       2.915      0.04878
       2.923      0.04878
       2.938      0.04878
       2.953       0.0271
       2.961      0.00542
       2.976     -0.00542
       2.983     -0.00542
       2.999      -0.0271
       3.006      -0.0271
       3.021     -0.00542
       3.029     -0.00542
       3.044      0.00542
       3.051      0.00542
       3.067       0.0271
       3.074      0.04878
       3.089      0.04878
       3.097      0.04878
       3.112      0.04878
        3.12      0.04878
       3.135      0.04878
       3.142      0.04878
       3.157       0.0271
       3.165       0.0271
       3.188      0.00542
       3.195      0.00542
        3.21       0.0271
       3.218       0.0271
       3.233       0.0271
       3.241       0.0271
       3.256       0.0271
       3.263       0.0271
       3.278       0.0271
       3.309       0.0271
       3.324       0.0271
       3.331       0.0271
       3.346       0.0271
       3.369      0.00542
       3.384     -0.00542
       3.399      -0.0271
       3.414     -0.04878
       3.422     -0.04878
       3.437     -0.04878
       3.452     -0.07046
        3.46     -0.07046
       3.475     -0.04878
       3.482     -0.04878
        3.49      -0.0271
       3.505     -0.00542
       3.513     -0.00542
       3.528     -0.00542
       3.535     -0.00542
       3.551     -0.00542
       3.566      -0.0271
       3.573     -0.00542
       3.588     -0.00542
       3.596     -0.00542
       3.611     -0.00542
       3.619     -0.00542
       3.634     -0.00542
       3.641     -0.00542
       3.649     -0.00542
       3.664      -0.0271
       3.672      -0.0271
       3.679     -0.00542
       3.694     -0.00542
       3.709      0.00542
       3.724       0.0271
       3.732       0.0271
       3.747      0.04878
       3.762      0.07046
        3.77       0.0813
       3.785       0.0813
         3.8      0.07046
       3.815       0.0271
       3.823     -0.00542
        3.83     -0.00542
       3.845      -0.0271
       3.853     -0.04878
       3.861     -0.04878
       3.876     -0.07046
       3.883     -0.07046
       3.898     -0.04878
       3.913     -0.04878
       3.921     -0.04878
       3.929      -0.0271
       3.944     -0.00542
       3.951     -0.00542
       3.959       0.0271
       3.966      0.04878
       3.982      0.07046
       3.989      0.07046
       4.004      0.07046
       4.012      0.07046
       4.027      0.07046
       4.034      0.07046
        4.05      0.04878
       4.057      0.04878
       4.072       0.0271
        4.08       0.0271
       4.095       0.0271
       4.103       0.0271
       4.133     -0.00542
        4.14     -0.00542
       4.155     -0.00542
       4.171      -0.0271
       4.178      -0.0271
       4.201      -0.0271
       4.208      -0.0271
       4.216     -0.00542
       4.231     -0.00542
       4.239      0.00542
       4.254      0.04878
       4.269       0.0813
       4.284       0.1463
       4.292       0.1463
       4.307       0.1247
       4.314        0.103
       4.322        0.103
       4.337      0.07046
       4.344      0.04878
        4.36      0.00542
       4.367     -0.00542
       4.382     -0.00542
       4.397      -0.0271
       4.405     -0.04878
        4.42     -0.04878
       4.428     -0.04878
       4.435     -0.04878
        4.45      -0.0813
       4.458      -0.0813
       4.465      -0.0813
       4.481       -0.103
       4.488      -0.0813
       4.503     -0.07046
       4.511     -0.07046
       4.526     -0.04878
       4.541      -0.0271
       4.549     -0.00542
       4.556       0.0271
       4.564       0.0271
       4.571      0.04878
       4.586       0.0271
       4.594       0.0271
       4.609     -0.00542
       4.617     -0.00542
       4.624     -0.00542
       4.639      -0.0271
       4.647     -0.04878
       4.662     -0.07046
       4.677      -0.0813
       4.685      -0.0813
         4.7      -0.0813
       4.707     -0.07046
       4.723     -0.04878
        4.73      -0.0271
       4.745     -0.00542
       4.753      0.00542
       4.768       0.0271
       4.775       0.0271
       4.783      0.04878
       4.798      0.07046
       4.806      0.07046
       4.821      0.07046
       4.828      0.07046
       4.844      0.07046
       4.859      0.04878
       4.866      0.04878
       4.881      0.00542
       4.889     -0.00542
       4.904     -0.00542
       4.919      -0.0271
       4.927      -0.0271
       4.942      -0.0271
       4.957     -0.04878
       4.965      -0.0271
       4.972     -0.00542
       5.002      0.00542
        5.01       0.0271
       5.025       0.0271
       5.033       0.0271
       5.048       0.0271
       5.055       0.0271
        5.07      0.04878
       5.085      0.04878
       5.093      0.04878
       5.108      0.04878
       5.116      0.04878
       5.131      0.04878
       5.146       0.0271
       5.154       0.0271
       5.169     -0.00542
       5.176     -0.00542
       5.191      0.00542
       5.199      0.00542
       5.222     -0.00542
       5.229     -0.00542
       5.244       0.0271
       5.252      0.04878
       5.267      0.07046
       5.275      0.07046
        5.29      0.04878
       5.297       0.0271
       5.305     -0.00542
       5.312     -0.00542
        5.32     -0.04878
       5.327     -0.07046
       5.343       -0.103
        5.35       -0.103
       5.365       -0.103
       5.373      -0.0813
       5.388      -0.0813
       5.395     -0.07046
       5.411     -0.07046
       5.418     -0.07046
       5.433     -0.04878
       5.448      -0.0271
       5.456     -0.00542
       5.471     -0.00542
       5.501       0.0271
       5.516      0.04878
       5.524      0.07046
       5.539       0.0813
       5.547       0.0813
       5.562       0.0813
       5.569       0.0813
       5.592        0.103
       5.607       0.0813
       5.615       0.0813
        5.63       0.0813
       5.645       0.0813
       5.653       0.0813
        5.66        0.103
       5.675       0.1247
       5.683       0.1247
       5.698       0.1247
       5.706        0.103
       5.721        0.103
       5.736       0.0813
       5.743       0.0813
       5.758      0.04878
       5.766      0.04878
       5.781      0.04878
       5.796      0.04878
       5.804      0.04878
       5.826      0.00542
       5.834     -0.00542
       5.849     -0.00542
       5.864     -0.07046
       5.872      -0.0813
       5.887      -0.1247
       5.895      -0.1247
       5.902       -0.103
       5.917      -0.1247
       5.925      -0.1463
        5.94       -0.168
       5.955      -0.2005
       5.963      -0.2005
       5.978      -0.2005
       5.993      -0.2005
       6.008      -0.2005
       6.016      -0.2005
       6.031       -0.168
       6.038      -0.1463
       6.053      -0.1247
       6.061      -0.1247
       6.068       -0.103
       6.084      -0.0813
       6.091      -0.0813
       6.106     -0.07046
       6.121     -0.04878
       6.129     -0.00542
       6.144      0.04878
       6.152      0.07046
       6.167        0.103
       6.174       0.1247
       6.197       0.1463
       6.205       0.1247
        6.22       0.1247
       6.227       0.1247
       6.242       0.1247
        6.25       0.1247
       6.265       0.0813
       6.273      0.07046
       6.288      0.04878
       6.295       0.0271
        6.31       0.0271
       6.318       0.0271
       6.333      0.04878
       6.348      0.04878
       6.356      0.04878
       6.363      0.07046
       6.378      0.07046
       6.394      0.07046
       6.409      0.07046
       6.424      0.04878
       6.431      0.04878
       6.447      0.04878
       6.454      0.04878
       6.462      0.07046
       6.477      0.04878
       6.484      0.04878
       6.499      0.04878
       6.507      0.04878
       6.515      0.04878
        6.53       0.0271
       6.537       0.0271
       6.545      0.04878
        6.56      0.04878
       6.567      0.04878
       6.583       0.0271
        6.59       0.0271
       6.605      0.04878
       6.613      0.04878
       6.628      0.04878
       6.643       0.0271
       6.651       0.0271
       6.666       0.0271
       6.673      0.00542
       6.688     -0.00542
       6.704     -0.07046
       6.711      -0.0813
       6.726      -0.1247
       6.734      -0.1463
       6.749       -0.168
       6.757       -0.168
       6.764      -0.1463
       6.779      -0.1247
       6.787      -0.1247
       6.802       -0.103
       6.809      -0.0813
       6.825      -0.0813
       6.832      -0.0813
        6.84      -0.0813
       6.855     -0.07046
       6.862     -0.07046
        6.87     -0.04878
       6.885     -0.04878
       6.893     -0.04878
         6.9      -0.0271
       6.915     -0.00542
        6.93       0.0271
       6.946       0.0271
       6.953       0.0271
       6.968       0.0271
       6.976       0.0271
       7.006       0.0271
       7.014       0.0271
       7.029      0.04878
       7.044      0.07046
       7.051      0.07046
       7.059       0.0813
       7.074       0.0813
       7.082       0.0813
       7.089       0.0813
       7.104      0.07046
       7.112      0.07046
       7.127      0.07046
       7.135      0.07046
       7.142      0.07046
       7.157      0.04878
       7.165       0.0271
       7.188     -0.00542
       7.195     -0.00542
        7.21      -0.0271
       7.218     -0.00542
       7.233     -0.00542
        7.24     -0.00542
       7.256      0.00542
       7.263      0.00542
       7.278      0.00542
       7.286      0.00542
       7.301     -0.00542
       7.309     -0.00542
       7.324     -0.00542
       7.331     -0.00542
       7.339     -0.00542
       7.354      -0.0271
       7.361      -0.0271
       7.377     -0.04878
       7.384     -0.04878
       7.399     -0.04878
       7.407     -0.04878
       7.422     -0.04878
       7.429      -0.0271
       7.445      0.00542
       7.452       0.0271
       7.467       0.0271
       7.475       0.0271
        7.49     -0.00542
       7.498     -0.00542
       7.513      0.00542
        7.52       0.0271
       7.535       0.0271
       7.543       0.0271
       7.558       0.0271
       7.566       0.0271
       7.581      0.04878
       7.596      0.04878
       7.603      0.07046
       7.619      0.04878
       7.626      0.04878
       7.641      0.04878
       7.649      0.04878
       7.656      0.04878
       7.671      0.04878
       7.679      0.04878
       7.687      0.07046
       7.702      0.07046
       7.709      0.04878
       7.724      0.00542
       7.732     -0.00542
       7.739     -0.00542
       7.755     -0.04878
       7.762     -0.07046
       7.777     -0.07046
       7.785     -0.07046
         7.8     -0.07046
       7.808     -0.04878
       7.823     -0.04878
        7.83     -0.04878
       7.845     -0.04878
       7.853     -0.04878
       7.868     -0.04878
       7.876     -0.04878
       7.891      -0.0271
       7.906     -0.00542
       7.913     -0.00542
       7.929      0.00542
       7.936       0.0271
       7.951       0.0271
       7.959       0.0271
       7.974     -0.00542
       7.981     -0.00542
       7.989     -0.00542
       8.004     -0.00542
       8.012     -0.00542
       8.027      0.00542
       8.042     -0.00542
        8.05     -0.00542
       8.065     -0.04878
       8.072     -0.04878
       8.087     -0.07046
       8.095     -0.07046
        8.11     -0.04878
       8.125      -0.0271
       8.133      -0.0271
       8.148      -0.0271
       8.155     -0.00542
        8.17      0.00542
       8.178      0.04878
       8.193      0.07046
       8.201       0.0813
       8.216       0.0813
       8.223       0.0813
       8.231       0.0813
       8.246      0.07046
       8.254      0.07046
       8.269      0.04878
       8.276      0.04878
       8.291       0.0271
       8.299       0.0271
       8.314       0.0271
       8.322       0.0271
       8.337       0.0271
       8.344       0.0271
        8.36       0.0271
       8.375     -0.00542
        8.39     -0.00542
       8.405      0.00542
        8.42       0.0271
       8.428       0.0271
       8.443       0.0271
        8.45       0.0271
       8.458     -0.00542
       8.465      -0.0271
       8.473      -0.0271
       8.488      -0.0271
       8.496      -0.0271
       8.511      -0.0271
       8.526     -0.04878
       8.533     -0.04878
       8.549     -0.04878
       8.556     -0.04878
       8.571     -0.07046
       8.579     -0.07046
       8.594     -0.07046
       8.601     -0.04878
       8.617      -0.0271
       8.624     -0.00542
       8.632       0.0271
       8.639      0.04878
       8.654        0.103
       8.662        0.103
        8.67        0.103
       8.685       0.1247
       8.692       0.1463
       8.707       0.1463
       8.715       0.1247
        8.73      0.07046
       8.745      0.00542
       8.753     -0.00542
       8.768     -0.04878
       8.775     -0.07046
       8.791      -0.0813
       8.798       -0.103
       8.813      -0.0813
       8.828      -0.0813
       8.836      -0.0813
       8.851     -0.07046
       8.866     -0.04878
       8.874      -0.0271
       8.889      -0.0271
       8.896      -0.0271
       8.911      -0.0271
       8.919      -0.0271
       8.934      -0.0271
       8.949     -0.04878
       8.964     -0.04878
