     0.01181     -0.01535
     0.03448      0.05627
     0.04203      0.07417
     0.05714      0.09207
      0.0647      0.07417
     0.07981      0.07417
     0.09492      0.07417
      0.1025      0.07417
      0.1176      0.07417
      0.1327      0.03836
      0.1402      0.03836
      0.1554     0.002558
      0.1629     0.002558
       0.178     0.002558
      0.1856     0.002558
      0.2007     0.002558
      0.2158     -0.01535
      0.2234     -0.01535
      0.2385     0.002558
      0.2536      0.02046
      0.2611      0.03836
      0.2762      0.05627
      0.2838      0.05627
      0.2913      0.07417
      0.3065      0.03836
       0.314     0.002558
      0.3291     -0.01535
      0.3367     -0.01535
      0.3518     0.002558
      0.3669      0.02046
      0.3745      0.03836
       0.382      0.05627
      0.3971      0.05627
      0.4047      0.05627
      0.4198      0.05627
      0.4349      0.03836
        0.45      0.02046
      0.4576     0.002558
      0.4727     0.002558
      0.4802     0.002558
      0.4953      0.02046
      0.5104      0.02046
       0.518     0.002558
      0.5331     0.002558
      0.5407     0.002558
      0.5558     0.002558
      0.5633     0.002558
      0.5784     0.002558
       0.586     0.002558
      0.5936     0.002558
      0.6087     -0.01535
      0.6162     -0.03325
      0.6389     -0.06905
      0.6464     -0.05115
       0.654     -0.01535
      0.6691      0.02046
      0.6767      0.03836
      0.6842      0.05627
      0.6993      0.05627
      0.7069      0.05627
       0.722      0.05627
      0.7371      0.02046
      0.7447     0.002558
      0.7522     0.002558
      0.7673     -0.01535
      0.7749     -0.03325
        0.79     -0.03325
      0.7975     -0.03325
      0.8126     -0.01535
      0.8278     -0.01535
      0.8353     -0.01535
      0.8429     0.002558
       0.858     0.002558
      0.8655     0.002558
      0.8806     0.002558
      0.8882     0.002558
      0.9033     -0.01535
      0.9109     0.002558
       0.926     0.002558
      0.9335      0.02046
      0.9486      0.03836
      0.9562      0.03836
      0.9713      0.02046
      0.9864     -0.01535
       0.994     -0.03325
       1.009     0.002558
       1.017      0.02046
       1.032      0.07417
       1.039      0.07417
       1.054      0.09207
       1.062      0.09207
        1.07      0.09207
       1.085      0.05627
       1.092      0.03836
       1.107      0.02046
       1.115      0.02046
        1.13     0.002558
       1.138     0.002558
       1.153     0.002558
        1.16     0.002558
       1.175     0.002558
       1.183     0.002558
       1.198      0.02046
       1.206      0.02046
       1.221     0.002558
       1.236     0.002558
       1.251     0.002558
       1.258     -0.01535
       1.274     -0.05115
       1.281     -0.06905
       1.296     -0.05115
       1.311     -0.01535
       1.326      0.03836
       1.334      0.03836
       1.342      0.05627
       1.357      0.05627
       1.364      0.05627
       1.372      0.05627
       1.387      0.03836
       1.394      0.03836
       1.409      0.03836
       1.417      0.03836
       1.432      0.03836
        1.44      0.03836
       1.455      0.03836
       1.462      0.03836
       1.477     0.002558
       1.485     -0.03325
       1.493     -0.03325
       1.508     -0.03325
       1.515     -0.01535
        1.53     0.002558
       1.538      0.02046
       1.553      0.02046
       1.561      0.03836
       1.576      0.03836
       1.583      0.03836
       1.598      0.03836
       1.606      0.03836
       1.621      0.02046
       1.636     0.002558
       1.651     0.002558
       1.659     0.002558
       1.674     0.002558
       1.681     0.002558
       1.697     0.002558
       1.712     -0.01535
       1.719     -0.03325
       1.734     -0.03325
       1.749     -0.03325
       1.757     -0.03325
       1.772     0.002558
       1.787      0.02046
       1.795      0.02046
        1.81      0.05627
       1.817      0.07417
       1.833      0.07417
       1.848      0.03836
       1.855      0.02046
        1.87      0.02046
       1.878      0.03836
       1.893      0.05627
       1.901      0.05627
       1.908      0.02046
       1.916     -0.01535
       1.931     -0.03325
       1.938     -0.01535
       1.953     0.002558
       1.961     0.002558
       1.976     0.002558
       1.984     0.002558
       1.999     0.002558
       2.006     0.002558
       2.029     0.002558
       2.037     0.002558
       2.052     0.002558
       2.059     0.002558
       2.074     0.002558
       2.082     0.002558
       2.089     0.002558
       2.105     -0.01535
       2.112     -0.01535
        2.12     0.002558
       2.135     0.002558
       2.142     0.002558
       2.165      0.02046
       2.173      0.02046
       2.195      0.03836
       2.203      0.03836
       2.218      0.02046
       2.225      0.02046
       2.241     0.002558
       2.248     0.002558
       2.263     0.002558
       2.271     0.002558
       2.286     0.002558
       2.293      0.02046
       2.309      0.05627
       2.316      0.05627
       2.331      0.03836
       2.346     0.002558
       2.354     0.002558
       2.369     0.002558
       2.377      0.02046
       2.392      0.03836
       2.399      0.03836
       2.414      0.03836
       2.422      0.02046
       2.437      0.03836
       2.445      0.03836
        2.46      0.03836
       2.467      0.02046
       2.482      0.03836
       2.497      0.03836
       2.505      0.03836
        2.52      0.03836
       2.528      0.03836
       2.543      0.03836
        2.55      0.03836
       2.565     0.002558
       2.573     -0.01535
       2.588     -0.03325
       2.596     -0.05115
       2.611     -0.03325
       2.618     0.002558
       2.626      0.02046
       2.633      0.05627
       2.649      0.07417
       2.656      0.07417
       2.671      0.05627
       2.679      0.05627
       2.694      0.05627
       2.709      0.03836
       2.717      0.02046
       2.732     0.002558
       2.739     0.002558
       2.754     -0.01535
       2.762     -0.03325
       2.777     -0.03325
       2.785     -0.03325
         2.8     -0.01535
       2.815     -0.03325
       2.822     -0.05115
       2.837     -0.05115
       2.845     -0.05115
        2.86     -0.03325
       2.875     -0.03325
       2.883     -0.03325
       2.898     -0.03325
       2.905     -0.03325
       2.921     -0.01535
       2.928     -0.01535
       2.943     -0.01535
       2.951     0.002558
       2.966     0.002558
       2.973     0.002558
       2.989     0.002558
       2.996      0.02046
       3.011      0.03836
       3.019      0.03836
       3.034      0.02046
       3.049     0.002558
       3.057      0.02046
       3.072      0.05627
       3.079      0.05627
       3.087      0.07417
       3.102      0.07417
       3.109      0.07417
       3.124      0.07417
       3.132      0.07417
       3.147      0.05627
       3.155      0.03836
        3.17      0.02046
       3.177      0.02046
       3.192      0.02046
         3.2      0.02046
       3.215     0.002558
       3.223     0.002558
       3.238      0.02046
       3.253      0.03836
        3.26      0.02046
       3.268      0.02046
       3.283     -0.01535
       3.291     -0.01535
       3.306     -0.01535
       3.313     -0.01535
       3.328     -0.01535
       3.344     -0.01535
       3.351     -0.01535
       3.366     -0.03325
       3.374     -0.03325
       3.389     -0.01535
       3.396     0.002558
       3.412      0.05627
       3.419      0.05627
       3.427      0.07417
       3.442      0.05627
       3.449      0.05627
       3.464      0.03836
       3.472      0.02046
       3.487      0.02046
       3.495      0.03836
        3.51      0.05627
       3.517      0.05627
       3.532      0.05627
        3.54      0.05627
       3.555      0.03836
       3.563      0.03836
       3.578     0.002558
       3.585     0.002558
         3.6     -0.01535
       3.608     -0.03325
       3.616     -0.01535
       3.631     -0.01535
       3.638     -0.01535
       3.653     -0.01535
       3.661     0.002558
       3.676     0.002558
       3.684     0.002558
       3.699     0.002558
       3.706     -0.01535
       3.721     -0.01535
       3.736     -0.01535
       3.744     -0.01535
       3.759     -0.01535
       3.767     0.002558
       3.782     0.002558
       3.789     -0.01535
       3.804     -0.01535
        3.82     0.002558
       3.827      0.02046
       3.842      0.03836
        3.85      0.02046
       3.865     -0.03325
       3.872     -0.03325
       3.888     -0.03325
       3.895     -0.01535
        3.91     0.002558
       3.918      0.02046
       3.933      0.02046
        3.94      0.02046
       3.956     0.002558
       3.963     0.002558
       3.978     -0.01535
       3.986     -0.01535
       4.001     -0.03325
       4.008     -0.03325
       4.031     -0.05115
       4.039     -0.05115
       4.054     -0.06905
       4.061     -0.06905
       4.069     -0.05115
       4.084     -0.03325
       4.092     -0.01535
       4.107      0.03836
       4.122      0.05627
       4.129      0.05627
       4.144      0.05627
        4.16      0.05627
       4.167      0.05627
       4.182      0.05627
        4.19      0.05627
       4.205      0.03836
       4.212      0.05627
       4.228      0.05627
       4.235      0.07417
        4.25      0.05627
       4.258      0.05627
       4.273      0.05627
        4.28      0.05627
       4.296      0.05627
       4.303      0.05627
       4.318      0.03836
       4.326      0.03836
       4.341      0.03836
       4.348      0.05627
       4.356      0.07417
       4.371      0.09207
       4.379      0.09207
       4.386         0.11
       4.401       0.1279
       4.409         0.11
       4.424      0.07417
       4.432      0.05627
       4.447      0.03836
       4.454      0.03836
       4.462      0.05627
       4.477      0.07417
       4.484      0.07417
         4.5      0.07417
       4.515      0.05627
       4.522      0.03836
       4.537      0.02046
       4.545      0.02046
        4.56      0.02046
       4.575     -0.01535
       4.583     -0.03325
       4.598     -0.05115
       4.605     -0.05115
       4.613     -0.03325
       4.628     -0.01535
       4.636     -0.01535
       4.643     0.002558
       4.658      0.02046
       4.666      0.02046
       4.681     0.002558
       4.688     0.002558
       4.696      0.02046
       4.711      0.02046
       4.719      0.02046
       4.734     0.002558
       4.741     -0.01535
       4.756     -0.03325
       4.764     -0.03325
       4.779     -0.01535
       4.787     0.002558
       4.802      0.03836
       4.809      0.05627
       4.824      0.05627
       4.832      0.05627
       4.847      0.03836
       4.855      0.02046
        4.87      0.02046
       4.877      0.02046
       4.892      0.02046
       4.907     0.002558
       4.915     0.002558
        4.93     0.002558
       4.938     0.002558
       4.953     0.002558
        4.96     0.002558
       4.968     0.002558
       4.983     -0.01535
       4.991     -0.01535
       5.006     -0.01535
       5.013     0.002558
       5.028     0.002558
       5.036     0.002558
       5.051     0.002558
       5.059      0.02046
       5.074      0.03836
       5.081      0.05627
       5.096      0.09207
       5.104         0.11
       5.119      0.09207
       5.127      0.07417
       5.142      0.03836
       5.149      0.02046
       5.157      0.03836
       5.172      0.03836
       5.179      0.05627
       5.195      0.05627
       5.202      0.05627
        5.21      0.07417
       5.225      0.07417
       5.232      0.07417
        5.24      0.07417
       5.255      0.03836
       5.263      0.02046
       5.278     0.002558
       5.285     0.002558
         5.3     -0.01535
       5.308     -0.01535
       5.315     -0.01535
       5.331     -0.01535
       5.338     0.002558
       5.353      0.03836
       5.361      0.05627
       5.376      0.05627
       5.383      0.03836
       5.391     0.002558
       5.399     -0.05115
       5.406     -0.08696
       5.429      -0.1228
       5.436      -0.1407
       5.444      -0.1586
       5.451      -0.1944
       5.467      -0.2123
       5.474      -0.1944
       5.489      -0.1586
       5.497      -0.1407
       5.512      -0.1049
       5.527     -0.06905
       5.535     -0.05115
        5.55     -0.05115
       5.557     -0.05115
       5.572     -0.05115
        5.58     -0.03325
       5.587     -0.01535
       5.603     -0.01535
        5.61     -0.01535
       5.625     -0.03325
       5.633     -0.03325
       5.648     -0.03325
       5.663     -0.03325
       5.671     -0.03325
       5.686     -0.03325
       5.693     -0.03325
       5.701     -0.01535
       5.716     -0.01535
       5.723     0.002558
       5.739     0.002558
       5.746     0.002558
       5.761     -0.03325
       5.769     -0.05115
       5.784     -0.03325
       5.791     0.002558
       5.807      0.05627
       5.814      0.07417
       5.829         0.11
       5.844         0.11
       5.852       0.1279
       5.867         0.11
       5.875      0.09207
       5.882      0.09207
       5.897      0.07417
       5.905      0.05627
        5.92      0.05627
       5.935      0.05627
       5.943      0.05627
       5.958      0.07417
       5.973      0.07417
        5.98      0.07417
       5.995      0.05627
       6.003      0.03836
       6.018      0.02046
       6.026      0.02046
       6.041      0.03836
       6.048      0.03836
       6.063      0.03836
       6.071      0.03836
       6.086      0.05627
       6.101      0.05627
       6.109      0.03836
       6.124     0.002558
       6.131     0.002558
       6.147     0.002558
       6.154      0.02046
       6.169      0.07417
       6.177      0.09207
       6.192      0.09207
       6.199         0.11
       6.215      0.09207
       6.222      0.09207
       6.237      0.05627
       6.245      0.05627
        6.26      0.02046
       6.267      0.02046
       6.283     0.002558
        6.29     0.002558
       6.305     0.002558
       6.313     0.002558
       6.328     0.002558
       6.335     0.002558
       6.351     0.002558
       6.366     -0.01535
       6.373     -0.03325
       6.388     -0.03325
       6.396     -0.03325
       6.411     -0.03325
       6.426     -0.05115
       6.434     -0.06905
       6.449     -0.05115
       6.456     -0.03325
       6.471      0.03836
       6.479      0.05627
       6.494      0.07417
       6.502      0.07417
       6.517      0.03836
       6.524      0.03836
       6.539      0.03836
       6.555      0.02046
       6.562      0.02046
       6.577      0.02046
       6.585      0.02046
         6.6      0.03836
       6.607      0.03836
       6.622      0.05627
        6.63      0.05627
       6.638      0.05627
       6.653      0.03836
        6.66      0.02046
       6.675     0.002558
       6.683     0.002558
       6.698     0.002558
       6.706      0.02046
       6.713      0.03836
       6.728      0.05627
       6.736      0.05627
       6.751      0.05627
       6.766      0.02046
       6.774     0.002558
       6.781     0.002558
       6.796     -0.01535
       6.804     0.002558
       6.819     0.002558
       6.826     0.002558
       6.842     -0.01535
       6.849     0.002558
       6.864      0.03836
       6.879      0.07417
       6.887      0.09207
       6.902      0.07417
        6.91      0.05627
       6.925      0.05627
       6.932      0.05627
       6.947      0.03836
       6.955      0.02046
        6.97      0.03836
       6.978      0.03836
       6.993      0.02046
           7     0.002558
       7.023     -0.01535
        7.03     -0.01535
       7.046     -0.03325
       7.053     -0.05115
       7.061     -0.05115
       7.076     -0.05115
       7.083     -0.05115
       7.098     -0.05115
       7.106     -0.03325
       7.121     -0.01535
       7.129     -0.01535
       7.136     0.002558
       7.151     0.002558
       7.159     -0.01535
       7.166     -0.03325
       7.182     -0.06905
       7.189     -0.08696
       7.197     -0.06905
       7.219     -0.01535
       7.227     0.002558
       7.234      0.03836
        7.25      0.05627
       7.257      0.07417
       7.272      0.07417
        7.28      0.05627
       7.295      0.05627
       7.302      0.05627
        7.31      0.05627
       7.325      0.03836
       7.333      0.03836
       7.348      0.02046
       7.355      0.02046
        7.37      0.02046
       7.378      0.02046
       7.393      0.02046
       7.401      0.02046
       7.416      0.02046
       7.423     0.002558
       7.438     0.002558
       7.446     0.002558
       7.461     0.002558
       7.469     0.002558
       7.484      0.02046
       7.491      0.03836
       7.506      0.03836
       7.514      0.03836
       7.529      0.03836
       7.537      0.03836
       7.552      0.02046
       7.559      0.02046
       7.574     0.002558
       7.582     0.002558
       7.597     0.002558
       7.605      0.02046
        7.62     0.002558
       7.627     0.002558
       7.642      0.05627
       7.658      0.07417
       7.665      0.07417
        7.68      0.05627
       7.688      0.03836
       7.695      0.03836
        7.71     0.002558
       7.718     0.002558
       7.733     0.002558
       7.741     0.002558
       7.756     0.002558
       7.771     -0.01535
       7.778     -0.01535
       7.794     -0.01535
       7.801     -0.01535
       7.816     -0.01535
       7.824     -0.01535
       7.839     -0.01535
       7.846     -0.01535
       7.854     0.002558
       7.869      0.02046
       7.877      0.02046
       7.892     0.002558
       7.907     0.002558
       7.914     0.002558
        7.93     -0.01535
       7.937     -0.01535
       7.952     -0.03325
        7.96     -0.03325
       7.967     -0.01535
       7.982     -0.01535
        7.99     0.002558
       8.005     0.002558
       8.028     0.002558
       8.043     0.002558
       8.058     -0.01535
       8.066     -0.01535
       8.088     0.002558
       8.096      0.02046
       8.111      0.03836
       8.118      0.03836
       8.126      0.03836
       8.141     0.002558
       8.149     0.002558
       8.164      0.02046
       8.171      0.03836
       8.186      0.05627
       8.202      0.05627
       8.217      0.05627
       8.224      0.05627
       8.239      0.05627
       8.247      0.05627
       8.262      0.05627
        8.27      0.05627
       8.285      0.05627
       8.292      0.05627
       8.307      0.03836
       8.315      0.02046
        8.33      0.02046
       8.337     0.002558
       8.353     0.002558
        8.36     0.002558
       8.375     0.002558
       8.383     0.002558
       8.398      0.02046
       8.405      0.03836
       8.421      0.03836
       8.428      0.03836
       8.443      0.02046
       8.451     0.002558
       8.466     -0.01535
       8.473     -0.01535
       8.489     -0.01535
       8.496     -0.01535
       8.504     -0.01535
       8.519     -0.03325
       8.526     -0.01535
       8.541     0.002558
       8.549     0.002558
       8.557     0.002558
       8.564     -0.03325
       8.579     -0.06905
       8.587     -0.08696
       8.602     -0.06905
       8.617     -0.03325
       8.625     -0.01535
        8.64     0.002558
       8.647      0.02046
       8.662      0.03836
        8.67      0.03836
       8.685      0.02046
       8.693      0.02046
       8.708     0.002558
       8.715     0.002558
        8.73     0.002558
       8.738     0.002558
       8.753     0.002558
       8.761     0.002558
       8.776     0.002558
       8.783     0.002558
       8.798     0.002558
       8.806     0.002558
       8.821     -0.01535
       8.829     -0.01535
       8.844     -0.01535
       8.851     -0.01535
       8.866     -0.03325
       8.874     -0.03325
       8.889     -0.03325
       8.897     -0.03325
       8.912     -0.01535
       8.919     -0.01535
       8.934      0.02046
       8.957      0.05627
       8.965      0.05627
