     0.01186        0.439
     0.01186       0.3442
     0.01943       0.2683
     0.01943       0.1734
     0.02699       0.1165
     0.02699      0.04065
     0.03456     -0.01626
     0.03456     -0.07317
     0.04213      -0.1301
     0.04213       -0.168
      0.0497       -0.206
     0.05726      -0.2818
     0.05726      -0.3198
      0.0724      -0.3577
     0.08753      -0.3767
      0.1405      -0.2249
      0.1405      -0.2629
      0.1481      -0.1301
      0.1481       -0.187
      0.1556     -0.03523
      0.1556     -0.09214
      0.1708      0.04065
      0.1859      0.05962
      0.2162      0.04065
      0.2238      0.00271
      0.2238      -0.0542
      0.2313     -0.09214
      0.2313      -0.1491
      0.2389       -0.187
      0.2465      -0.2818
      0.2692      -0.3198
      0.2843      -0.3198
       0.307      -0.2439
      0.3221      -0.1301
      0.3221       -0.168
      0.3297     -0.07317
      0.3297      -0.1111
      0.3448      0.07859
      0.3524       0.1545
      0.3524       0.1165
        0.36       0.2493
        0.36       0.1924
      0.3675       0.3252
      0.3675       0.2873
      0.3751       0.4011
      0.3902       0.5339
      0.3902       0.4959
      0.3978       0.5528
      0.4129       0.5528
      0.4205        0.439
      0.4281       0.3821
      0.4281       0.3062
      0.4356       0.2493
      0.4356       0.1734
      0.4432      0.09756
      0.4432      0.00271
      0.4508     -0.07317
      0.4508      -0.1491
      0.4584       -0.187
      0.4659      -0.3198
      0.4811      -0.3388
      0.4962      -0.2629
      0.5113       -0.187
      0.5189      -0.1301
       0.534     -0.07317
      0.5492      -0.0542
      0.5567     -0.03523
      0.5719      0.05962
      0.6248     -0.07317
      0.6324      -0.1301
        0.64      -0.1491
      0.6475       -0.187
      0.6778       -0.168
      0.6929      -0.1111
      0.7005     -0.07317
      0.7081     -0.01626
      0.7232      0.09756
      0.7232      0.05962
      0.7308       0.1734
      0.7384       0.2493
      0.7384       0.2114
      0.7459       0.2873
      0.7535       0.4011
      0.7535       0.3631
      0.7838       0.6287
      0.7989       0.6098
      0.8216        0.477
      0.8367       0.4011
      0.8367       0.3631
      0.8443       0.3252
      0.8443       0.2493
      0.8519       0.1734
      0.8519      0.07859
      0.8594     -0.01626
      0.8594      -0.1111
       0.867       -0.206
       0.867      -0.2629
      0.8746      -0.3198
      0.8746      -0.3957
      0.8821      -0.4336
      0.8897      -0.5664
      0.9124      -0.6043
        0.92      -0.5474
        0.92      -0.5854
      0.9275      -0.4715
      0.9275      -0.5095
      0.9351      -0.3767
      0.9351      -0.4336
      0.9427      -0.3008
      0.9427      -0.3388
      0.9503      -0.2249
      0.9503      -0.2629
       0.973      -0.1301
       1.003      0.00271
       1.011      0.07859
       1.011      0.04065
       1.018       0.1734
       1.041       0.3252
       1.071       0.3631
       1.086       0.4011
       1.094       0.3631
       1.094       0.3252
       1.102       0.2683
       1.102       0.1924
       1.109       0.1355
       1.109      0.05962
       1.117     -0.03523
       1.117      -0.1301
       1.124       -0.206
       1.124      -0.2818
       1.132      -0.3388
       1.139      -0.4146
       1.155      -0.4526
        1.17      -0.4336
       1.185      -0.3008
       1.185      -0.3388
       1.192      -0.2439
       1.192      -0.2818
         1.2      -0.2249
       1.208       -0.168
       1.215      -0.1301
       1.223     -0.07317
       1.223      -0.1111
        1.23      0.00271
       1.238       0.1165
       1.238      0.05962
       1.245       0.2493
       1.245       0.1734
       1.253       0.4201
       1.253       0.3252
       1.261       0.5908
       1.261       0.4959
       1.268       0.7236
       1.268       0.6477
       1.276       0.7615
       1.306       0.6856
       1.321       0.6287
       1.321       0.5908
       1.329       0.4959
       1.336        0.458
       1.336       0.3821
       1.344       0.2683
       1.344       0.1545
       1.351      0.04065
       1.351      0.00271
       1.351     -0.09214
       1.359       -0.206
       1.359      -0.3198
       1.366      -0.4146
       1.374      -0.5474
       1.374      -0.5854
       1.389      -0.6233
       1.419      -0.6233
       1.442      -0.4526
       1.442      -0.5095
        1.45      -0.3767
       1.457      -0.2818
       1.457      -0.3198
       1.465       -0.206
       1.465      -0.2439
       1.472       -0.168
        1.48      -0.0542
        1.48     -0.09214
       1.488     -0.01626
       1.495       0.1165
       1.495      0.05962
       1.503       0.1924
        1.51       0.2114
       1.533       0.1924
       1.533       0.1545
       1.541       0.1165
       1.541      0.05962
       1.556      -0.0542
       1.556     -0.09214
       1.586       -0.187
       1.601      -0.2439
       1.616      -0.2439
       1.624       -0.206
       1.646     -0.09214
       1.654     -0.09214
       1.684      0.07859
       1.699       0.1355
       1.722       0.2683
        1.73       0.3442
       1.745       0.4201
       1.752        0.477
       1.752        0.439
        1.76       0.5339
       1.805       0.5339
       1.828        0.439
       1.828       0.3821
       1.836       0.3062
       1.836       0.1924
       1.843      0.07859
       1.843     -0.03523
       1.851      -0.1301
       1.851      -0.2249
       1.858      -0.3008
       1.858      -0.3767
       1.874      -0.4336
       1.889      -0.3767
       1.896      -0.3577
       1.919      -0.3957
       1.934      -0.3198
       1.942      -0.2629
       1.942      -0.3008
       1.957      -0.1111
       1.957       -0.168
       1.964      0.00271
       1.964      -0.0542
       1.972       0.1355
       1.972      0.05962
       1.987       0.3631
       1.987       0.3062
       1.995       0.4011
       2.002        0.477
        2.01       0.5339
       2.032        0.477
       2.055       0.3442
       2.055       0.2873
       2.063       0.2304
       2.063       0.1545
        2.07      0.09756
        2.07      0.00271
       2.078     -0.07317
       2.078       -0.168
       2.085      -0.2439
       2.085      -0.3198
       2.093      -0.3767
       2.093      -0.4526
       2.101      -0.5285
       2.123      -0.6043
       2.146      -0.6612
       2.161      -0.5285
       2.161      -0.5854
       2.169      -0.4336
       2.184       -0.187
       2.184      -0.2629
       2.191      -0.0542
       2.191      -0.1301
       2.199      0.09756
       2.199      0.00271
       2.206       0.2304
       2.206       0.1545
       2.214       0.3442
       2.214       0.2873
       2.222        0.439
       2.222       0.3821
       2.229        0.458
       2.252        0.477
        2.29       0.3821
        2.29       0.3252
       2.297       0.2873
       2.297       0.2114
       2.305       0.1545
       2.305      0.07859
       2.312      0.00271
       2.312      -0.0542
        2.32     -0.09214
       2.328       -0.168
       2.328       -0.206
       2.335      -0.2629
       2.343      -0.2818
       2.358      -0.3008
       2.388      -0.3388
       2.396      -0.3198
       2.418       -0.168
       2.418       -0.206
       2.426     -0.09214
       2.426      -0.1301
       2.434      -0.0542
       2.441       0.1545
       2.441      0.07859
       2.449       0.3062
       2.449       0.2304
       2.456       0.4201
       2.456       0.3631
       2.464       0.5339
       2.464        0.477
       2.494       0.7425
       2.509       0.7805
       2.517       0.8184
       2.524       0.8374
       2.555       0.7805
       2.555       0.7236
       2.562       0.6667
       2.562       0.5908
        2.57       0.5339
        2.57        0.458
       2.585       0.2493
       2.585       0.1734
       2.592      0.09756
       2.592      0.00271
         2.6      -0.0542
         2.6      -0.1111
       2.608       -0.168
       2.608      -0.2249
       2.615      -0.2818
       2.623      -0.3577
        2.63      -0.4336
       2.661      -0.5095
       2.683      -0.4526
       2.706      -0.4336
       2.736      -0.4526
       2.751      -0.5285
       2.789      -0.3577
       2.789      -0.3957
       2.797      -0.2629
       2.797      -0.3198
       2.804       -0.187
       2.804      -0.2249
       2.812      -0.1491
       2.819     -0.03523
       2.819     -0.07317
       2.842       0.1355
       2.857       0.2493
       2.857       0.2114
       2.865       0.3252
       2.872       0.3631
        2.88       0.4959
        2.88        0.439
       2.888       0.5718
       2.888       0.5339
       2.895       0.6477
       2.925       0.7236
       2.933       0.6477
       2.933       0.5908
       2.941       0.5528
       2.956       0.4201
       2.963       0.3631
       2.963       0.3252
       2.971       0.2873
       2.971       0.2493
       2.986      0.09756
       2.986      0.04065
       2.994     -0.01626
       2.994     -0.07317
       3.001      -0.1301
       3.001       -0.187
       3.009      -0.2249
       3.009      -0.2818
       3.016      -0.3198
       3.016      -0.3577
       3.024      -0.4146
       3.046      -0.3957
       3.069      -0.2439
       3.084       -0.187
       3.092      -0.1111
       3.092      -0.1491
       3.099     -0.03523
       3.107      0.04065
       3.107      0.00271
       3.115       0.1165
       3.115      0.07859
       3.122       0.1734
       3.122       0.1355
       3.145       0.3442
       3.145       0.3062
       3.152       0.4011
        3.19       0.3442
        3.19       0.2873
       3.198       0.2304
       3.198       0.1734
       3.205       0.1165
       3.205      0.04065
       3.213     -0.01626
       3.213     -0.07317
       3.221     -0.09214
       3.228      -0.1491
       3.243      -0.1491
       3.251      -0.1301
       3.281     -0.03523
       3.296      0.04065
       3.304      0.09756
       3.311       0.1355
       3.319       0.1924
       3.319       0.1545
       3.327       0.2114
       3.334       0.3252
       3.334       0.2873
       3.342       0.3442
       3.357       0.3442
       3.372       0.2683
       3.372       0.2304
       3.387       0.1165
       3.387      0.07859
       3.395     -0.03523
       3.402      -0.1111
       3.402       -0.206
        3.41      -0.3008
        3.41      -0.4336
       3.417      -0.5285
       3.417      -0.6233
       3.425      -0.7182
       3.425       -0.794
       3.432      -0.8509
       3.432      -0.9079
       3.455      -0.9458
       3.463      -0.9079
        3.47      -0.8509
        3.47      -0.8889
       3.478      -0.7561
       3.478       -0.813
       3.485      -0.6802
       3.485      -0.7182
       3.493      -0.5854
       3.493      -0.6423
       3.501      -0.5095
       3.501      -0.5474
       3.508      -0.4336
       3.508      -0.4715
       3.516      -0.3388
       3.516      -0.3957
       3.523       -0.206
       3.523      -0.2818
       3.531     -0.03523
       3.531      -0.1301
       3.538       0.1355
       3.538      0.05962
       3.546       0.3062
       3.546       0.2304
       3.554        0.439
       3.554       0.3631
       3.561        0.477
       3.569       0.5528
       3.584       0.5908
       3.599       0.5528
       3.607        0.477
       3.607       0.4201
       3.614       0.3631
       3.614       0.3062
       3.622       0.2493
       3.622       0.1924
       3.629       0.1355
       3.629      0.09756
       3.667      0.04065
       3.712      0.04065
        3.72      0.09756
       3.735       0.1734
        3.75       0.2873
       3.803       0.4201
       3.803       0.3821
       3.811        0.439
       3.818        0.477
       3.834       0.4201
       3.841       0.4011
       3.856       0.3252
       3.871       0.2683
       3.887       0.1924
       3.894      0.09756
       3.902      0.05962
       3.902      0.00271
       3.909     -0.03523
       3.909      -0.1111
       3.917       -0.187
       3.917      -0.2629
       3.924      -0.3198
       3.924      -0.3957
       3.932      -0.4526
       3.932      -0.5095
       3.939      -0.5474
       3.939      -0.5854
       3.947      -0.6423
       3.985      -0.6992
       3.992      -0.6612
           4      -0.6043
           4      -0.6423
       4.008      -0.5474
       4.008      -0.5854
       4.015      -0.5285
       4.023      -0.4146
       4.023      -0.4715
        4.03      -0.3008
        4.03      -0.3767
       4.038      -0.1301
       4.038      -0.2249
       4.045      0.09756
       4.045     -0.01626
       4.053       0.3062
       4.053       0.1924
       4.061        0.458
       4.061       0.3821
       4.083       0.4959
       4.083        0.458
       4.091       0.4201
       4.091       0.3631
       4.098       0.3252
       4.098       0.2873
       4.114       0.1924
       4.114       0.1545
       4.121       0.1165
       4.121      0.05962
       4.129     -0.01626
       4.151       -0.168
       4.159       -0.168
       4.174       -0.206
       4.204     -0.03523
       4.212      0.07859
       4.212      0.04065
       4.219       0.1355
       4.227       0.1545
       4.242       0.2304
        4.25       0.2683
       4.265       0.3821
       4.272       0.5339
       4.272        0.477
        4.28       0.6477
        4.28       0.5718
       4.288       0.6856
        4.31       0.7046
        4.31       0.6287
       4.318       0.5528
       4.318        0.458
       4.325       0.3821
       4.325       0.3062
       4.333       0.2304
       4.333       0.1734
       4.341       0.1355
       4.348      0.05962
       4.356      0.04065
       4.401      -0.2818
       4.409      -0.3008
       4.416      -0.3388
       4.431      -0.3577
       4.447      -0.3767
       4.454      -0.3767
       4.469      -0.2818
       4.477       -0.206
       4.477      -0.2439
       4.484      -0.1111
       4.484       -0.168
       4.492     -0.01626
       4.492     -0.07317
       4.499      0.07859
       4.507       0.1924
       4.507       0.1355
       4.515       0.2683
       4.515       0.2304
        4.53       0.3252
       4.537       0.3252
       4.552       0.2114
       4.552       0.1545
        4.56      0.09756
        4.56      0.04065
       4.568     -0.01626
       4.568     -0.07317
       4.583       -0.187
        4.59      -0.2439
       4.621      -0.3008
       4.628      -0.2629
       4.636      -0.2249
       4.651     -0.09214
       4.651      -0.1301
       4.658     -0.01626
       4.666      0.05962
       4.674       0.1165
       4.674      0.07859
       4.719      0.09756
       4.727       0.1355
       4.742       0.2683
       4.749       0.3442
       4.749       0.2873
       4.757       0.4201
       4.764       0.4959
       4.772       0.5528
       4.787       0.6856
       4.802       0.6856
       4.802       0.6287
        4.81       0.5908
        4.81        0.477
       4.817       0.3631
       4.817       0.2304
       4.825       0.1165
       4.825     -0.01626
       4.832      -0.1301
       4.832      -0.2249
        4.84      -0.3008
        4.84      -0.3957
       4.848      -0.4715
       4.848      -0.5474
       4.855      -0.6043
       4.855      -0.6612
       4.863      -0.7182
       4.863      -0.7751
        4.87       -0.832
       4.885      -0.8509
       4.916      -0.7182
       4.923      -0.6612
       4.923      -0.6992
       4.931      -0.6423
       4.938      -0.5664
       4.946      -0.4336
       4.954      -0.3577
       4.961      -0.2629
       4.961      -0.3198
       4.969       -0.168
       4.969      -0.2249
       4.984      0.07859
       4.984      0.00271
       4.991       0.1924
       4.991       0.1355
       4.999       0.3252
       4.999       0.2493
       5.007        0.458
       5.007       0.3821
       5.014       0.6287
       5.014       0.5339
       5.022       0.7805
       5.022       0.7046
       5.029       0.8943
       5.029       0.8374
       5.044       0.9322
       5.052       0.8753
       5.052       0.8374
        5.06       0.8184
        5.06       0.7805
       5.067       0.7425
        5.09       0.6098
        5.09       0.5528
       5.097        0.458
       5.105       0.4011
       5.105       0.3252
       5.112       0.2683
       5.112       0.1924
        5.12       0.1355
        5.12      0.05962
       5.135     -0.07317
       5.143     -0.07317
       5.158      -0.1111
       5.188     -0.09214
       5.211      -0.1491
       5.226       -0.187
       5.256      -0.1491
       5.264     -0.03523
       5.264      -0.1111
       5.271       0.1165
       5.271      0.04065
       5.279       0.2493
       5.279       0.1734
       5.287       0.3631
       5.287       0.3062
       5.294        0.458
       5.294       0.4201
       5.302       0.5339
       5.302       0.4959
       5.309       0.5718
       5.317       0.5718
       5.332       0.5528
       5.347        0.439
       5.347       0.3821
       5.355       0.3442
       5.355       0.2683
       5.362       0.2114
       5.362       0.1165
        5.37      0.04065
        5.37     -0.07317
       5.385      -0.3388
       5.385      -0.4146
       5.392      -0.4715
       5.392      -0.5285
         5.4      -0.5664
         5.4      -0.6043
       5.423      -0.7182
        5.43      -0.7182
       5.445      -0.7371
       5.453      -0.7371
       5.461      -0.6612
       5.461      -0.6992
       5.476      -0.5664
       5.483      -0.4336
       5.491      -0.3388
       5.491      -0.3957
       5.498      -0.2249
       5.498      -0.3008
       5.506      -0.1111
       5.506       -0.168
       5.514      0.00271
       5.514      -0.0542
       5.521       0.1545
       5.521      0.07859
       5.529       0.2873
       5.529       0.2114
       5.536       0.4201
       5.536       0.3442
       5.544       0.5718
       5.544       0.4959
       5.551       0.7425
       5.551       0.6477
       5.559       0.8753
       5.559       0.7995
       5.567       0.9133
       5.582       0.9133
       5.582       0.8564
       5.589       0.7805
       5.589       0.6856
       5.597       0.5718
       5.597        0.458
       5.604       0.3442
       5.604       0.2493
       5.612       0.1545
       5.612      0.07859
        5.62      0.00271
        5.62      -0.0542
       5.627      -0.1111
       5.627       -0.168
       5.635       -0.206
       5.635      -0.2629
       5.642      -0.3198
       5.642      -0.3577
        5.65      -0.4526
        5.68      -0.5664
       5.688      -0.5664
       5.703      -0.5095
        5.71      -0.4715
       5.718      -0.4336
       5.756      -0.3957
       5.763      -0.3388
       5.771       -0.187
       5.771      -0.2439
       5.786       0.1165
       5.786      0.04065
       5.794       0.2493
       5.794       0.1924
       5.801       0.3442
       5.801       0.3062
       5.809       0.4201
       5.809       0.3821
       5.816        0.439
       5.831        0.477
       5.839       0.4011
       5.847       0.3631
       5.847       0.3062
       5.854       0.2683
       5.869       0.1734
       5.877       0.1734
       5.892       0.1165
       5.915       0.1355
        5.93       0.1734
       5.937       0.1924
        5.96       0.1734
       5.968       0.1545
       5.998       0.1545
       6.005       0.1545
       6.021       0.2114
       6.021       0.1734
       6.028       0.2873
       6.028       0.2304
       6.036       0.3252
       6.043        0.458
       6.043       0.4201
       6.111       0.3821
       6.119       0.3442
       6.119       0.2873
       6.127       0.1924
       6.127      0.07859
       6.134      -0.0542
       6.134       -0.206
       6.142      -0.3388
       6.142      -0.4526
       6.149      -0.5474
       6.149      -0.6423
       6.157      -0.6992
       6.157      -0.7371
       6.195      -0.7182
       6.195      -0.7561
       6.202      -0.6423
       6.202      -0.6802
        6.21      -0.6043
       6.217      -0.5285
       6.232      -0.4336
       6.248      -0.3577
       6.255      -0.3008
       6.255      -0.3388
       6.263      -0.2249
       6.263      -0.2629
        6.27      -0.1491
        6.27       -0.187
       6.278      -0.1111
       6.285      0.00271
       6.285     -0.03523
       6.293      0.05962
       6.301       0.1355
       6.301      0.09756
       6.308       0.2683
       6.308       0.1924
       6.316       0.3631
       6.316       0.3062
       6.323        0.458
       6.323       0.4201
       6.361        0.458
       6.369        0.458
       6.384       0.3821
       6.384       0.3252
       6.391       0.2873
       6.391       0.2114
       6.399       0.1734
       6.399      0.09756
       6.407      0.04065
       6.407     -0.01626
       6.422     -0.09214
       6.452       -0.168
        6.46       -0.168
       6.475      -0.1111
       6.497     -0.03523
       6.505      0.04065
        6.52       0.1355
       6.535       0.2683
        6.55       0.3442
       6.565       0.3631
       6.596       0.4201
       6.603        0.439
       6.618       0.4011
       6.626       0.3442
       6.626       0.3062
       6.634       0.2493
       6.634       0.1734
       6.641       0.1165
       6.649     -0.03523
       6.649      -0.1301
       6.656       -0.187
       6.656      -0.2439
       6.664      -0.3008
       6.664      -0.3577
       6.671      -0.3957
       6.671      -0.4336
       6.679      -0.4715
       6.679      -0.5285
       6.687      -0.5854
       6.687      -0.6423
       6.694      -0.6802
       6.694      -0.7371
       6.702      -0.7751
       6.709      -0.8699
       6.732       -0.832
       6.747      -0.7182
       6.755      -0.6423
       6.762      -0.5095
       6.793      -0.2818
       6.808       -0.168
       6.815     -0.09214
       6.815      -0.1301
       6.823      0.05962
       6.823     -0.01626
        6.83       0.2304
        6.83       0.1355
       6.838       0.4011
       6.838       0.3062
       6.845       0.5718
       6.845       0.4959
       6.853       0.7425
       6.853       0.6667
       6.861       0.8943
       6.861       0.7995
       6.868        1.046
       6.868       0.9512
       6.876         1.16
       6.876        1.103
       6.883        1.274
       6.883        1.217
       6.898        1.331
       6.906        1.274
       6.914        1.236
       6.914         1.16
       6.921        1.065
       6.921       0.9512
       6.929       0.8564
       6.929       0.7236
       6.936       0.6098
       6.936        0.477
       6.944       0.3252
       6.944       0.1734
       6.951      0.04065
       6.951     -0.01626
       6.951       -0.168
       6.959      -0.3198
       6.959      -0.4715
       6.959      -0.5095
       6.967      -0.6233
       6.967      -0.7371
       6.982      -0.9648
       6.982       -1.022
       6.989        -1.06
       6.989       -1.098
       6.997       -1.154
       7.004       -1.173
        7.02       -1.192
       7.027       -1.192
       7.035       -1.136
       7.042       -1.041
       7.042       -1.079
        7.05      -0.9648
        7.05       -1.003
       7.057      -0.8889
       7.057      -0.9268
       7.065      -0.7561
       7.065       -0.832
       7.073      -0.5664
       7.073      -0.6802
        7.08      -0.3198
        7.08      -0.4526
       7.088     -0.09214
       7.088      -0.2249
       7.095       0.1355
       7.095      0.00271
       7.103       0.3252
       7.103       0.2304
        7.11       0.4959
        7.11       0.4011
       7.118       0.6856
       7.118       0.5908
       7.125       0.8374
       7.125       0.7615
       7.133       0.9512
       7.133       0.8943
       7.148        1.103
       7.171       0.9512
       7.171       0.8943
       7.186       0.6667
       7.186       0.6098
       7.194       0.5528
       7.194        0.477
       7.201        0.439
       7.201       0.4011
       7.209       0.3631
       7.209       0.3252
       7.216       0.2493
       7.224       0.1734
       7.231       0.1355
       7.231      0.09756
       7.247      0.00271
       7.254     -0.03523
       7.269     -0.01626
       7.292      0.09756
         7.3       0.1545
        7.33       0.1355
        7.33      0.07859
       7.345      -0.0542
       7.353      0.04065
       7.353     -0.01626
        7.36       0.1924
        7.36       0.1165
       7.368       0.3442
       7.368       0.2683
        7.39       0.4201
       7.398       0.3252
       7.398       0.2873
       7.405       0.1924
       7.413       0.1355
       7.421       0.1165
       7.436     -0.01626
       7.436     -0.07317
       7.443      -0.1301
       7.443      -0.2249
       7.451      -0.3008
       7.451      -0.3957
       7.458      -0.4715
       7.458      -0.5474
       7.466      -0.6043
       7.466      -0.6612
       7.481      -0.7182
       7.496      -0.7182
       7.511      -0.6423
       7.519      -0.5664
       7.527      -0.5474
       7.542      -0.3957
       7.542      -0.4336
       7.549      -0.3198
       7.557      -0.2439
       7.557      -0.3008
       7.564       -0.168
       7.572     -0.07317
       7.572      -0.1301
       7.587       0.1165
       7.587      0.04065
       7.595       0.1924
       7.595       0.1545
       7.602       0.2683
       7.602       0.2304
        7.61       0.3442
       7.625        0.439
        7.64        0.477
       7.655        0.458
       7.663        0.439
       7.678       0.3821
       7.693       0.3252
       7.701       0.2873
       7.708       0.2493
       7.708       0.2114
       7.716       0.1545
       7.716      0.09756
       7.723      0.04065
       7.723     -0.03523
       7.731     -0.09214
       7.754      -0.1491
       7.761     -0.09214
       7.761      -0.1301
       7.769      0.00271
       7.769      -0.0542
       7.807       0.1734
       7.814       0.1545
       7.829       0.2304
       7.837       0.2493
       7.852       0.2493
       7.867       0.1545
       7.867      0.09756
       7.875      0.05962
       7.875      0.00271
       7.882     -0.03523
       7.882     -0.09214
        7.89      -0.1301
        7.89       -0.187
       7.897      -0.2439
       7.897      -0.3008
       7.905      -0.3388
       7.905      -0.3957
       7.913      -0.4336
        7.92      -0.5095
        7.92      -0.5474
       7.928      -0.5474
       7.965      -0.3198
       7.965      -0.3577
       7.981      -0.2249
       7.988      -0.1111
       7.996     -0.03523
       7.996     -0.07317
       8.003      0.05962
       8.011       0.1545
       8.011      0.09756
       8.018       0.1924
       8.026       0.3062
       8.026       0.2683
       8.034       0.3252
       8.049       0.3821
       8.087       0.3631
       8.094       0.3252
       8.094       0.2873
       8.102       0.2493
       8.102       0.2114
       8.109       0.1734
       8.109       0.1355
       8.117       0.1165
       8.132      0.00271
        8.14     -0.01626
       8.162       -0.187
       8.162      -0.2249
        8.17      -0.2818
       8.193      -0.2629
       8.208      -0.2249
       8.215       -0.187
        8.23     -0.03523
        8.23     -0.07317
       8.261       0.1355
       8.268       0.1355
       8.283       0.1165
       8.291       0.1165
       8.306       0.1165
       8.389      0.04065
        8.42      0.04065
       8.442       0.1165
        8.45       0.1924
       8.457       0.2683
       8.457       0.2114
       8.465       0.3442
       8.473        0.439
       8.473       0.3821
        8.48        0.477
       8.488       0.5718
       8.503       0.5528
        8.51       0.4959
        8.51        0.439
       8.518       0.3631
       8.526       0.3252
       8.526       0.2873
       8.533       0.2493
       8.533       0.2114
       8.541       0.1734
       8.541       0.1165
       8.548      0.07859
       8.548      0.00271
       8.556      -0.0542
       8.556      -0.1491
       8.563      -0.2439
       8.563      -0.3198
       8.571      -0.4146
       8.571      -0.5095
       8.586      -0.6233
       8.586      -0.6802
       8.594      -0.6992
       8.624      -0.7182
       8.639      -0.6233
       8.639      -0.6612
       8.647      -0.5285
       8.647      -0.5854
       8.654      -0.4336
       8.662      -0.3577
       8.662      -0.3957
       8.669      -0.2439
       8.669      -0.3008
       8.677       -0.168
       8.684     -0.09214
       8.684      -0.1301
       8.707      0.04065
        8.73      0.07859
       8.745       0.1165
        8.76       0.1355
       8.768       0.1545
        8.79       0.2114
       8.798       0.2304
       8.813       0.2683
       8.821       0.3252
       8.874       0.3442
       8.904       0.2114
       8.904       0.1734
       8.911       0.1165
       8.911      0.05962
       8.919     -0.03523
       8.927      -0.1111
       8.934       -0.168
       8.942      -0.2249
       8.949      -0.2439
       8.957      -0.3008
       8.957      -0.3388
       8.964      -0.3957
