     0.01186      0.09214
     0.01186     -0.00271
     0.02699        0.168
     0.02699       0.1301
     0.04212        0.206
     0.05725       0.2439
     0.06481       0.2818
     0.07994       0.3008
     0.07994       0.2629
     0.08751       0.2249
     0.09507       0.2249
     0.09507        0.187
      0.1026        0.187
      0.1102       0.1491
      0.1102      0.07317
      0.1178     -0.02168
      0.1253      -0.1355
      0.1329      -0.1355
      0.1329      -0.2304
      0.1405      -0.2304
      0.1783      -0.2873
      0.1859      -0.2114
      0.1859      -0.2873
      0.1934      -0.1165
      0.1934      -0.2114
       0.201     -0.02168
       0.201      -0.1165
      0.2085      0.07317
      0.2085     -0.02168
      0.2161        0.168
      0.2161      0.07317
      0.2237       0.2439
      0.2237        0.168
      0.2312       0.2439
      0.2388       0.3577
      0.2464       0.3957
      0.2539       0.3957
      0.2691       0.4526
      0.2766       0.4146
      0.2842       0.3767
      0.2918       0.3767
      0.2993       0.3388
      0.3069       0.2439
      0.3296       0.1111
      0.3371       0.1111
      0.3371      0.03523
      0.3447      0.03523
      0.3447     -0.04065
      0.3598     -0.09756
      0.3674      -0.1355
      0.3825      -0.1165
      0.3977      0.09214
      0.4052      0.09214
      0.4355        0.206
      0.4431       0.2818
      0.4582       0.3957
      0.4582       0.3388
      0.4658       0.3767
      0.4733       0.3388
      0.4809       0.2629
      0.4884       0.2629
      0.4884        0.168
       0.496        0.168
       0.496      0.09214
      0.5036     -0.00271
      0.5111     -0.00271
      0.5111     -0.09756
      0.5187     -0.09756
      0.5187      -0.1924
      0.5263      -0.1924
      0.5263      -0.3062
      0.5338      -0.2873
      0.5338      -0.3821
      0.5414      -0.3821
      0.5641       -0.439
      0.5717      -0.4011
      0.5792      -0.3442
      0.5792      -0.4011
      0.5868      -0.2493
      0.5868      -0.3442
      0.5944      -0.1355
      0.5944      -0.2493
      0.6019     -0.02168
      0.6019      -0.1355
      0.6095      0.07317
      0.6095     -0.02168
      0.6171        0.168
      0.6171      0.07317
      0.6246       0.2439
      0.6246        0.168
      0.6322       0.3198
      0.6322       0.2439
      0.6397       0.3957
      0.6397       0.3198
      0.6473       0.4526
      0.6473       0.3957
      0.6549       0.4526
        0.67       0.4146
      0.6776       0.3008
      0.6851        0.187
      0.6927        0.187
      0.6927      0.07317
      0.7003      0.09214
      0.7154     -0.02168
       0.723     -0.05962
      0.7683     -0.04065
      0.7759     -0.05962
      0.7759     -0.09756
       0.791      -0.1355
      0.8213      -0.1355
      0.8289     -0.09756
       0.844     -0.05962
      0.8667     -0.05962
      0.8818      -0.1165
      0.8818      -0.1734
      0.8894      -0.2304
      0.9045      -0.2683
      0.9121      -0.1924
      0.9121      -0.2493
      0.9196      -0.1165
      0.9196      -0.1924
      0.9272     -0.02168
      0.9272      -0.1165
      0.9348       0.0542
      0.9348     -0.02168
      0.9423       0.1111
      0.9423       0.0542
      0.9575        0.187
      0.9575       0.1491
      0.9726       0.2439
      0.9726        0.206
      0.9802       0.2818
      0.9953       0.3577
       1.026       0.4146
       1.026       0.3388
       1.033       0.2629
       1.041       0.2629
       1.041        0.168
       1.048        0.168
       1.048      0.09214
       1.056      0.09214
       1.063     -0.05962
       1.071      -0.1545
       1.079      -0.1545
       1.079      -0.2493
       1.086      -0.2493
       1.086      -0.3442
       1.101      -0.3821
       1.116      -0.2683
       1.116      -0.3252
       1.124      -0.2304
       1.124      -0.2683
       1.139      -0.1734
       1.154      -0.1165
       1.169     -0.05962
       1.169     -0.09756
       1.177     -0.00271
       1.177     -0.05962
       1.184      0.09214
       1.184     -0.00271
       1.192        0.187
       1.192      0.07317
         1.2       0.3008
         1.2        0.187
       1.207       0.2818
       1.215       0.3577
       1.215       0.3198
       1.222       0.2439
        1.23       0.2439
        1.23       0.1491
       1.237        0.168
       1.245      0.09214
       1.253     -0.05962
        1.26      -0.1355
       1.268      -0.1355
       1.275      -0.1924
        1.29      -0.2114
       1.298      -0.1734
       1.305      -0.1734
       1.313      -0.2114
       1.358      -0.2873
       1.366      -0.3442
       1.381      -0.3821
       1.396      -0.2493
       1.404      -0.1734
       1.404      -0.2493
       1.411      -0.1165
       1.411      -0.1734
       1.419     -0.05962
       1.419      -0.1165
       1.426     -0.02168
       1.426     -0.05962
       1.434     -0.00271
       1.457      0.03523
       1.464       0.0542
       1.479      0.07317
       1.495       0.1111
       1.495      0.07317
       1.502        0.168
       1.502       0.1111
       1.517        0.206
       1.525       0.2629
        1.54       0.2629
       1.555       0.3388
       1.585       0.3198
       1.585       0.2629
         1.6        0.168
       1.608       0.1491
       1.631       0.1111
       1.631       0.0542
       1.638     -0.02168
       1.646     -0.00271
       1.646     -0.09756
       1.653     -0.09756
       1.653      -0.1924
       1.661      -0.1924
       1.661      -0.2873
       1.669      -0.3821
       1.676      -0.3821
       1.684      -0.5718
       1.691      -0.5718
       1.706       -0.458
       1.706      -0.5718
       1.714      -0.3062
       1.714       -0.458
       1.722      -0.1355
       1.722      -0.3062
       1.729      0.03523
       1.729      -0.1355
       1.737       0.1491
       1.737      0.03523
       1.752       0.3008
       1.752       0.2249
       1.759       0.3957
       1.759       0.3008
       1.767       0.4715
       1.767       0.3957
       1.774       0.5285
       1.774       0.4715
        1.82       0.5474
       1.835       0.4905
       1.843       0.4336
        1.85       0.4336
        1.85       0.3008
       1.858      0.09214
       1.865      0.09214
       1.865     -0.09756
       1.873     -0.09756
       1.873      -0.2873
        1.88      -0.2873
        1.88       -0.439
       1.888       -0.439
       1.888      -0.5339
       1.896      -0.5339
       1.911      -0.7046
       1.933      -0.6667
       1.933      -0.7236
       1.941      -0.5908
       1.956      -0.3631
       1.956       -0.477
       1.964      -0.2304
       1.964      -0.3631
       1.971     -0.09756
       1.971      -0.2304
       1.979      0.03523
       1.979     -0.09756
       1.986       0.1301
       1.986      0.03523
       1.994        0.206
       1.994       0.1301
       2.001       0.2629
       2.001        0.206
       2.009       0.3198
       2.009       0.2629
       2.017       0.3767
       2.017       0.3198
       2.024       0.3767
       2.039       0.3767
       2.047       0.3008
       2.054       0.3008
       2.054        0.206
       2.062        0.206
       2.062       0.1301
        2.07       0.1301
       2.085       0.0542
         2.1      0.03523
       2.138       0.0542
        2.16      0.07317
       2.183     -0.02168
       2.191     -0.05962
       2.191     -0.09756
       2.206      -0.1165
       2.259      -0.1165
       2.266     -0.07859
       2.274     -0.02168
       2.274     -0.07859
       2.312      0.07317
       2.319       0.1301
       2.319      0.09214
       2.327        0.187
       2.327       0.1301
       2.334       0.2629
       2.334        0.187
       2.342       0.2629
       2.365       0.2818
       2.372       0.2818
       2.372       0.2249
        2.38       0.2249
        2.38       0.1491
       2.387       0.1491
       2.387      0.07317
       2.395      0.07317
       2.395     -0.00271
       2.402     -0.00271
       2.402     -0.05962
        2.41     -0.05962
       2.418      -0.1165
       2.433     -0.09756
       2.448     -0.00271
       2.448     -0.04065
        2.47       0.0542
       2.501      0.07317
       2.516       0.0542
       2.516     -0.02168
       2.523      -0.1165
       2.531      -0.1165
       2.531      -0.1924
       2.539      -0.1924
       2.554      -0.3252
       2.561      -0.3252
       2.561      -0.3821
       2.569      -0.4201
       2.591      -0.3821
       2.591      -0.4201
       2.599      -0.3062
       2.599      -0.3821
       2.607      -0.2304
       2.607      -0.3062
       2.614      -0.1165
       2.614      -0.2304
       2.622     -0.02168
       2.622      -0.1165
       2.629     -0.02168
       2.637       0.1301
       2.637       0.0542
       2.644        0.206
       2.644       0.1301
       2.652        0.206
        2.66       0.3008
       2.667       0.3388
       2.667       0.3008
        2.69       0.3198
       2.697       0.2818
       2.713       0.2439
       2.713        0.187
        2.72       0.1301
       2.728       0.1301
       2.728      0.07317
       2.735      0.07317
       2.735     -0.02168
       2.743     -0.00271
       2.743      -0.1165
       2.758      -0.2114
       2.758      -0.2873
       2.765      -0.2873
       2.781      -0.2873
       2.788      -0.2304
       2.788      -0.2873
       2.796      -0.1545
       2.796      -0.2304
       2.803     -0.07859
       2.803      -0.1545
       2.811     -0.07859
       2.818      0.09214
       2.818     -0.00271
       2.826       0.1491
       2.826      0.09214
       2.834        0.206
       2.834       0.1491
       2.841       0.2439
       2.849       0.3008
       2.849       0.2439
       2.856       0.3957
       2.856       0.3008
       2.864       0.4905
       2.864       0.3767
       2.871       0.4905
       2.887       0.3767
       2.894       0.2249
       2.902       0.2249
       2.902      0.07317
       2.909      0.07317
       2.909     -0.00271
       2.917     -0.00271
       2.932     -0.04065
       2.939     -0.05962
       2.939      -0.1165
       2.955      -0.1734
       2.955      -0.2304
        2.97      -0.2683
        2.97      -0.3252
       2.977      -0.3252
       2.977      -0.3821
       2.985      -0.3821
       2.992       -0.439
           3      -0.4011
       3.008      -0.3252
       3.008      -0.4011
       3.015      -0.2114
       3.015      -0.3252
       3.023     -0.05962
       3.023      -0.2114
        3.03       0.1301
        3.03     -0.05962
       3.038       0.3008
       3.038       0.1301
       3.045       0.4146
       3.045       0.2818
       3.053       0.4146
       3.083       0.4715
       3.091       0.3957
       3.098       0.3957
       3.098       0.3008
       3.106       0.3198
       3.106        0.206
       3.113        0.206
       3.113       0.1111
       3.121       0.1111
       3.129     -0.05962
       3.136     -0.05962
       3.136      -0.1355
       3.151      -0.1924
       3.151      -0.2304
       3.174      -0.2683
       3.182      -0.3062
       3.189      -0.3631
       3.197       -0.439
       3.212       -0.477
       3.219      -0.4201
       3.227      -0.2873
       3.227      -0.4201
       3.235      -0.1355
       3.235      -0.2873
       3.242     -0.00271
       3.242      -0.1355
        3.25       0.1111
        3.25     -0.00271
       3.257        0.168
       3.257       0.1111
       3.272        0.187
       3.287       0.1301
       3.303       0.1111
       3.333      0.03523
        3.34     -0.00271
       3.378      0.03523
       3.393     -0.02168
       3.409     -0.05962
       3.416      -0.1165
       3.446     -0.02168
       3.454      0.03523
       3.454     -0.02168
       3.461       0.1111
       3.461      0.03523
       3.469        0.187
       3.469       0.1111
       3.477        0.187
       3.499       0.2629
       3.499       0.2249
       3.507        0.168
       3.514        0.168
       3.514      0.09214
       3.522      0.09214
       3.522      0.03523
       3.552       0.0542
       3.575      0.03523
       3.575     -0.02168
        3.59      -0.1355
       3.613      -0.2114
       3.628      -0.1734
       3.635      -0.1165
       3.643     -0.04065
       3.643      -0.1165
       3.651     -0.04065
       3.658      0.03523
       3.681       0.0542
       3.704      0.03523
       3.726      0.09214
       3.734      0.09214
       3.741      0.03523
       3.756     -0.05962
       3.756      -0.1545
       3.764      -0.2683
       3.772      -0.2683
       3.772      -0.3821
       3.779      -0.3821
       3.794      -0.3821
       3.802      -0.2683
       3.802      -0.3821
       3.809      -0.1545
       3.809      -0.2683
       3.817     -0.04065
       3.817      -0.1545
       3.825      0.03523
       3.825     -0.04065
       3.832      0.09214
       3.832      0.03523
       3.847       0.1111
       3.855       0.1301
       3.862        0.168
       3.893       0.3008
       3.923       0.2629
        3.93       0.2439
       3.938        0.168
       3.953       0.0542
       3.953     -0.09756
       3.961      -0.2493
       3.968      -0.2493
       3.968      -0.4011
       3.976      -0.4011
       3.976       -0.477
       3.983       -0.458
       3.991      -0.4011
       3.991       -0.477
       3.999      -0.2683
       3.999      -0.4011
       4.006      -0.1165
       4.006      -0.2683
       4.014      0.03523
       4.014      -0.1165
       4.021       0.1491
       4.021      0.03523
       4.029       0.1491
       4.036        0.206
       4.052       0.2439
       4.059       0.2818
       4.067       0.3388
       4.067       0.2818
       4.074       0.4146
       4.074       0.3388
       4.082       0.4715
       4.082       0.4146
       4.089       0.5285
       4.089       0.4715
       4.097       0.5285
       4.112       0.5664
        4.12       0.3957
       4.127        0.187
       4.135     -0.04065
       4.142     -0.04065
       4.142      -0.2683
       4.157      -0.4201
       4.157      -0.5339
       4.165      -0.5339
       4.165      -0.6098
       4.173      -0.6477
       4.188      -0.6667
       4.195      -0.5718
       4.203       -0.458
       4.203      -0.5718
        4.21      -0.3252
        4.21       -0.458
       4.218      -0.1924
       4.218      -0.3252
       4.226     -0.05962
       4.226      -0.1924
       4.233       0.1111
       4.233     -0.05962
       4.241       0.2629
       4.241       0.1111
       4.248       0.3957
       4.248       0.2629
       4.256       0.4715
       4.256       0.3957
       4.263       0.4715
       4.271       0.5474
       4.294       0.6233
       4.301       0.5664
       4.309       0.4905
       4.316       0.4905
       4.316       0.3767
       4.324       0.3767
       4.324       0.2818
       4.331       0.2818
       4.331        0.187
       4.339        0.187
       4.339       0.1111
       4.354      0.03523
       4.354     -0.04065
       4.362      -0.1734
       4.369      -0.1734
       4.369      -0.2683
       4.377      -0.2683
       4.377      -0.3252
       4.384      -0.3252
       4.392      -0.3442
       4.415      -0.3252
       4.422      -0.3252
        4.43      -0.2304
        4.43      -0.2873
       4.437      -0.1734
       4.437      -0.2304
       4.445      -0.1165
       4.445      -0.1734
       4.452     -0.07859
        4.46     -0.07859
       4.475     -0.00271
       4.483     -0.00271
       4.528     -0.02168
       4.574     -0.05962
       4.574     -0.09756
       4.581     -0.00271
       4.589       0.0542
       4.596      0.09214
       4.596       0.0542
       4.611      0.03523
       4.619      0.03523
       4.619     -0.00271
       4.634     -0.00271
       4.642      0.03523
       4.649       0.1301
       4.649      0.03523
       4.657        0.206
       4.657       0.1111
       4.664       0.2818
       4.664        0.206
       4.672       0.2818
       4.687       0.2439
       4.695       0.2439
       4.695        0.168
       4.702        0.168
       4.702      0.09214
        4.71      0.09214
        4.71      0.03523
       4.717      0.03523
       4.717     -0.02168
       4.725     -0.02168
       4.732      -0.1165
        4.74      -0.1165
        4.74      -0.1734
       4.755      -0.2304
        4.77      -0.2683
       4.778      -0.2304
       4.793      -0.1924
       4.823      -0.1734
       4.831      -0.1545
       4.838      -0.1165
       4.846     -0.04065
       4.846      -0.1165
       4.853     -0.05962
       4.861      0.09214
       4.876       0.1111
       4.914       0.1111
       4.929      0.09214
       4.937       0.1491
       4.937       0.1111
       4.967        0.187
       4.974       0.1491
       4.982        0.187
        4.99        0.187
       5.005       0.2439
       5.012        0.187
        5.02      0.07317
       5.027      0.07317
       5.027     -0.02168
       5.035     -0.09756
        5.05     -0.07859
       5.065     -0.04065
       5.073     -0.00271
        5.08      0.03523
       5.088      0.03523
       5.095     -0.00271
       5.103     -0.00271
       5.103     -0.05962
       5.111     -0.05962
       5.111      -0.1355
       5.118      -0.1355
       5.118      -0.2493
       5.126      -0.2493
       5.126      -0.3631
       5.133      -0.3631
       5.133       -0.439
       5.156      -0.3442
       5.156      -0.4201
       5.164      -0.2304
       5.164      -0.3442
       5.171      -0.1355
       5.171      -0.2304
       5.179     -0.04065
       5.179      -0.1355
       5.186     -0.04065
       5.201       0.1491
       5.209       0.2439
       5.209       0.1491
       5.217       0.3388
       5.217       0.2439
       5.224       0.4146
       5.224       0.3388
       5.232       0.4146
       5.247       0.4336
       5.247       0.3577
       5.254       0.2629
       5.262       0.2818
       5.262        0.168
       5.269        0.168
       5.269      0.09214
       5.277      0.09214
       5.315     -0.04065
       5.338      -0.1355
       5.353     -0.04065
       5.353      -0.1165
        5.36       0.0542
        5.36     -0.04065
       5.368       0.1491
       5.368       0.0542
       5.375        0.206
       5.375       0.1491
       5.383        0.187
       5.391       0.1491
       5.398      0.09214
       5.406      0.09214
       5.406       0.0542
       5.466      0.09214
       5.474       0.1301
       5.481       0.0542
       5.489     -0.02168
       5.496     -0.02168
       5.496     -0.07859
       5.504     -0.07859
       5.512      -0.1165
       5.527      -0.1734
       5.557      0.07317
       5.557     -0.00271
       5.565       0.1301
       5.565      0.07317
        5.58        0.168
       5.587        0.168
       5.595       0.1111
       5.602       0.0542
        5.61     -0.02168
       5.617     -0.02168
       5.617     -0.09756
       5.625     -0.09756
       5.633      -0.1734
       5.655      -0.2114
       5.678      -0.2114
       5.693     -0.09756
       5.693      -0.1734
       5.701     -0.02168
       5.701     -0.09756
       5.708      0.03523
       5.708     -0.02168
       5.716       0.0542
       5.731     -0.02168
       5.754     -0.00271
       5.761       0.0542
       5.769       0.1111
       5.784        0.206
       5.784        0.168
       5.791        0.206
       5.791        0.168
       5.799      0.07317
       5.807      0.07317
       5.807     -0.04065
       5.814     -0.04065
       5.814      -0.1545
       5.829      -0.2304
       5.837      -0.3442
       5.844      -0.3442
        5.86      -0.2114
        5.86      -0.3252
       5.867     -0.09756
       5.867      -0.2114
       5.875     -0.09756
       5.882      0.09214
       5.897       0.1491
       5.905       0.1301
       5.905      0.07317
       5.912      0.07317
       5.912     -0.00271
        5.92     -0.00271
        5.95      0.09214
       5.973        0.168
       5.981        0.206
       5.988        0.206
       6.011      0.09214
       6.018      0.09214
       6.018     -0.00271
       6.026     -0.09756
       6.034      -0.1924
       6.041      -0.1924
       6.041      -0.2683
       6.056      -0.3631
       6.071      -0.3631
       6.079      -0.2683
       6.086      -0.1355
       6.086      -0.2683
       6.094      0.03523
       6.094      -0.1355
       6.102        0.168
       6.102      0.03523
       6.109       0.2439
       6.109        0.168
       6.117       0.2439
       6.124       0.3388
       6.124       0.3008
       6.139       0.3388
       6.155       0.3577
        6.17       0.4146
       6.177       0.4526
       6.208       0.4715
       6.208       0.3577
       6.215       0.3577
       6.215       0.2249
       6.223       0.0542
        6.23       0.0542
        6.23      -0.1355
       6.238      -0.1355
       6.238      -0.3062
       6.245      -0.3062
       6.245      -0.4201
       6.253      -0.4201
       6.268      -0.5149
       6.276       -0.458
       6.283      -0.3442
       6.283       -0.458
       6.291      -0.2114
       6.291      -0.3442
       6.298     -0.09756
       6.298      -0.2114
       6.306     -0.00271
       6.306     -0.09756
       6.313      0.09214
       6.313     -0.00271
       6.321        0.206
       6.321      0.09214
       6.329       0.2818
       6.329        0.187
       6.336       0.3198
       6.336       0.2818
       6.351       0.2629
       6.351        0.187
       6.359      0.07317
       6.366      0.07317
       6.366     -0.00271
       6.374     -0.00271
       6.374     -0.05962
       6.397     -0.07859
       6.412     -0.07859
       6.419      -0.1165
       6.427      -0.1734
       6.434      -0.1734
       6.434      -0.2493
       6.442      -0.2493
       6.442      -0.3062
        6.45      -0.3062
       6.457      -0.3442
       6.465      -0.3821
        6.48      -0.3631
       6.487      -0.2683
       6.487      -0.3631
       6.495      -0.1545
       6.495      -0.2683
       6.503     -0.04065
       6.503      -0.1545
        6.51       0.0542
        6.51     -0.04065
       6.518       0.0542
       6.525      0.09214
       6.556        0.206
       6.563       0.2629
       6.563        0.206
       6.571       0.3198
       6.571       0.2629
       6.578       0.3957
       6.578       0.3198
       6.586       0.4715
       6.586       0.3957
       6.593       0.5285
       6.593       0.4715
       6.601       0.5285
       6.608       0.5664
       6.616       0.6043
       6.631       0.5854
       6.631       0.5285
       6.639       0.5285
       6.639       0.4336
       6.646       0.2818
       6.654       0.2818
       6.654      0.09214
       6.661     -0.07859
       6.669     -0.07859
       6.669      -0.2304
       6.677      -0.2304
       6.677      -0.3821
       6.684      -0.3821
       6.684       -0.477
       6.707      -0.4011
       6.707       -0.477
       6.714      -0.3442
       6.714      -0.4201
       6.722      -0.3442
        6.73      -0.2873
       6.737      -0.3062
       6.752      -0.3821
       6.752       -0.458
        6.76      -0.5149
       6.767      -0.5339
       6.775       -0.477
       6.782      -0.3631
       6.782       -0.477
        6.79      -0.2114
        6.79      -0.3631
       6.798     -0.04065
       6.798      -0.2114
       6.805       0.1491
       6.805     -0.04065
       6.813       0.3008
       6.813       0.1491
        6.82       0.4336
        6.82       0.3008
       6.828       0.4146
       6.835       0.5664
       6.843       0.5664
       6.851       0.6233
       6.858       0.5664
       6.866       0.4715
       6.873       0.3008
       6.881       0.1301
       6.888       0.1301
       6.888     -0.04065
       6.896     -0.02168
       6.896      -0.1355
       6.903      -0.1355
       6.903      -0.1924
       6.911      -0.1924
       6.911      -0.2304
       6.934      -0.2114
       6.934      -0.2493
       6.949      -0.1165
       6.949      -0.1734
       6.956      -0.1165
       6.964     -0.07859
       6.972     -0.04065
       6.994     -0.02168
       7.017     -0.09756
       7.047      -0.1165
       7.055      -0.1924
       7.062      -0.2304
       7.077      -0.1924
       7.077      -0.2493
       7.085     -0.09756
       7.085      -0.1924
       7.093     -0.02168
       7.093     -0.09756
         7.1      0.03523
         7.1     -0.02168
       7.108       0.0542
       7.123      0.09214
        7.13       0.1301
       7.153        0.187
       7.183       0.2249
       7.199       0.2249
       7.214       0.2818
       7.236       0.3198
       7.251       0.2629
       7.251       0.2249
       7.259       0.2249
       7.259        0.187
       7.267        0.187
       7.267       0.1301
       7.274       0.1301
       7.274       0.0542
       7.282       0.0542
       7.282     -0.04065
       7.289     -0.02168
       7.289      -0.1355
       7.297      -0.1355
       7.297      -0.2683
       7.304      -0.2683
       7.304       -0.439
       7.312       -0.439
       7.312      -0.5908
        7.32      -0.5718
        7.32      -0.6667
       7.335      -0.5339
       7.335      -0.6477
        7.35      -0.3062
        7.35      -0.4201
       7.357      -0.3252
       7.373      -0.2114
        7.38      -0.1924
        7.41      -0.1355
        7.41      -0.1924
       7.418     -0.05962
       7.418      -0.1355
       7.425      0.03523
       7.425     -0.05962
       7.433       0.1491
       7.433      0.03523
       7.441       0.2818
       7.441       0.1491
       7.448       0.4146
       7.448       0.2818
       7.456       0.5285
       7.456       0.4146
       7.463       0.6043
       7.463       0.5285
       7.471       0.6612
       7.471       0.6043
       7.478       0.7182
       7.478       0.6612
       7.501       0.6423
       7.509       0.6423
       7.509       0.5285
       7.516       0.5285
       7.516       0.3957
       7.524       0.2629
       7.531       0.2629
       7.531       0.1301
       7.539       0.1301
       7.554     -0.05962
       7.569      -0.1355
       7.577      -0.2114
       7.584      -0.2114
        7.63      -0.3252
       7.645      -0.3442
       7.652      -0.2873
        7.66      -0.1924
        7.66      -0.2873
       7.668     -0.07859
       7.668      -0.1924
       7.675     -0.09756
       7.683      0.07317
        7.69       0.1301
        7.69      0.07317
       7.698       0.1491
       7.736       0.1111
       7.736       0.0542
       7.758       0.0542
       7.766       0.1111
       7.766       0.0542
       7.773       0.1111
       7.781        0.168
       7.796       0.2249
       7.796        0.187
       7.804        0.187
       7.804      0.09214
       7.811      0.09214
       7.811     -0.00271
       7.819     -0.00271
       7.819     -0.09756
       7.826     -0.09756
       7.826      -0.1734
       7.834      -0.1734
       7.842      -0.2114
       7.849      -0.2114
       7.857      -0.1545
       7.864     -0.05962
       7.864      -0.1545
       7.872       0.0542
       7.872     -0.05962
       7.879       0.1301
       7.879      0.03523
       7.887        0.206
       7.887       0.1301
       7.895       0.2629
       7.895        0.206
       7.902       0.2629
       7.917       0.3008
       7.917       0.2439
       7.925        0.168
       7.932        0.168
       7.978     -0.02168
       7.985     -0.05962
       7.985      -0.1165
       7.993      -0.1545
       8.046      -0.1924
       8.053      -0.1355
       8.053      -0.1734
       8.061     -0.07859
       8.061      -0.1355
       8.068     -0.02168
       8.068     -0.07859
       8.076       0.0542
       8.076     -0.02168
       8.084       0.1301
       8.084       0.0542
       8.091        0.206
       8.091       0.1301
       8.099        0.206
       8.106       0.3008
       8.106       0.2629
       8.121       0.3008
       8.129       0.3198
       8.152       0.2629
       8.152        0.168
       8.159       0.0542
       8.167       0.0542
       8.167     -0.04065
       8.174     -0.04065
       8.182     -0.07859
        8.19      -0.1165
       8.197      -0.1545
       8.205      -0.1924
       8.227      -0.1734
       8.227      -0.2114
       8.235      -0.1734
       8.242      -0.1355
        8.28     -0.05962
        8.28      -0.1734
       8.288      0.07317
       8.288     -0.05962
       8.295       0.2439
       8.295      0.07317
       8.303       0.3767
       8.303       0.2439
       8.311       0.4905
       8.311       0.3767
       8.318       0.5664
       8.318       0.4905
       8.326       0.5664
       8.348       0.5664
       8.348       0.4526
       8.356       0.2439
       8.364      0.03523
       8.364     -0.00271
       8.371      0.03523
       8.371     -0.00271
       8.371      -0.2114
       8.379      -0.4011
       8.386      -0.4011
       8.386      -0.5528
       8.394      -0.5528
       8.394      -0.6667
       8.401      -0.6667
       8.401      -0.7236
       8.409      -0.7425
       8.416      -0.7046
       8.416      -0.7425
       8.424      -0.6287
       8.424      -0.7046
       8.432      -0.5528
       8.432      -0.6287
       8.439       -0.458
       8.439      -0.5528
       8.447      -0.3821
       8.447       -0.458
       8.454      -0.2873
       8.454      -0.3821
       8.462      -0.2114
       8.462      -0.2873
       8.469      -0.1545
       8.469      -0.2114
       8.477     -0.07859
       8.477      -0.1545
       8.485     -0.00271
       8.485     -0.07859
       8.492      0.09214
       8.492     -0.00271
         8.5        0.206
         8.5      0.09214
       8.507       0.3008
       8.507        0.206
       8.515       0.3008
       8.522       0.3767
        8.56       0.4336
        8.56       0.3577
       8.568       0.2818
       8.575       0.2818
       8.575        0.187
       8.583      0.07317
        8.59      0.07317
        8.59     -0.07859
       8.598     -0.07859
       8.598      -0.1924
       8.606      -0.1924
       8.613      -0.2683
       8.613      -0.3062
       8.628      -0.3062
       8.636      -0.2873
       8.643      -0.2493
       8.651      -0.2493
       8.666      -0.2304
       8.681      -0.1734
       8.681      -0.2114
       8.689      -0.1734
       8.696      -0.1355
       8.704     -0.07859
       8.712       0.1111
       8.719        0.206
       8.719       0.1111
       8.727       0.3008
       8.727        0.206
       8.734       0.3767
       8.734       0.3008
       8.757       0.4146
       8.757       0.3577
       8.764       0.2629
       8.772       0.2629
       8.772        0.187
        8.78        0.187
       8.787      0.07317
       8.795      0.07317
       8.795      0.03523
       8.802      0.03523
        8.81     -0.05962
       8.855      0.09214
        8.87      0.07317
       8.886      0.03523
       8.916     -0.02168
       8.923     -0.00271
       8.961     -0.04065
       8.969     -0.04065
       8.969      -0.1165
       8.976      -0.2114
