     0.01181       0.2097
     0.03449       0.2097
     0.04205        0.191
      0.0496       0.1535
     0.06472       0.1159
     0.07228       0.1159
     0.07984       0.1347
     0.09496       0.1347
      0.1025       0.1159
      0.1176      0.07843
      0.1252      0.05968
      0.1327      0.00341
      0.1403      -0.0341
      0.1479     -0.09037
      0.1554      -0.1091
      0.1705      -0.1466
      0.1781      -0.1654
      0.1857      -0.1654
      0.2008      -0.2217
      0.2083      -0.2592
      0.2159      -0.3154
       0.231      -0.3717
      0.2386      -0.3905
      0.2461      -0.3905
      0.2612      -0.3717
      0.2688      -0.3529
      0.2764      -0.3154
      0.2839      -0.2592
      0.2915      -0.2029
       0.299      -0.1654
      0.3142      -0.1654
      0.3217      -0.1654
      0.3293      -0.1466
      0.3444      -0.1279
       0.352      -0.1279
      0.3671      -0.1091
      0.3822      -0.1279
      0.3897      -0.1279
      0.4049      -0.1654
      0.4124      -0.1841
      0.4275      -0.1466
      0.4351     -0.07161
      0.4427      0.02217
      0.4502       0.1159
      0.4578       0.2285
      0.4653       0.3035
      0.4729       0.3785
      0.4804       0.4348
      0.4956        0.491
      0.5031        0.491
      0.5182       0.4723
      0.5258       0.4535
      0.5409       0.4535
       0.556       0.4348
      0.5636        0.416
      0.5787       0.3785
      0.5863       0.3785
      0.6014        0.341
      0.6089        0.341
      0.6165       0.3598
      0.6316       0.3785
      0.6392       0.3785
      0.6467        0.341
      0.6543       0.3035
      0.6619       0.2472
      0.6694       0.1722
       0.677      0.09719
      0.6845      0.04092
      0.6845     -0.01535
      0.6921     -0.09037
      0.6996      -0.1841
      0.7072      -0.2967
      0.7148      -0.3905
      0.7223      -0.4842
      0.7299       -0.578
      0.7374       -0.653
       0.745      -0.7093
      0.7526       -0.728
      0.7677      -0.7093
      0.7752       -0.653
      0.7828      -0.5968
      0.7904      -0.5405
      0.7979      -0.4842
      0.8055      -0.4092
       0.813      -0.3342
      0.8206      -0.2592
      0.8281      -0.1841
      0.8357      -0.1091
      0.8433      -0.0341
      0.8508      0.02217
      0.8584      0.07843
      0.8659       0.1159
      0.8735       0.1535
      0.8886        0.191
      0.8962        0.191
      0.9113        0.191
      0.9188       0.2097
       0.934       0.2285
      0.9415       0.2472
      0.9566       0.2847
      0.9642       0.3035
      0.9718       0.3223
      0.9869       0.3223
      0.9944       0.3223
        1.01       0.2847
       1.017        0.266
       1.025       0.2285
       1.032       0.2097
       1.047       0.1722
       1.062       0.1159
       1.078      0.07843
       1.085      0.05968
         1.1      0.05968
       1.108      0.07843
       1.123      0.09719
        1.13      0.07843
       1.138      0.05968
       1.146      0.02217
       1.153      -0.0341
       1.161     -0.07161
       1.168      -0.1279
       1.176      -0.1654
       1.183      -0.2217
       1.191      -0.2779
       1.199      -0.3154
       1.206      -0.3342
       1.221      -0.3529
       1.229      -0.3342
       1.236      -0.2967
       1.244      -0.2404
       1.251      -0.1841
       1.259      -0.1279
       1.267     -0.07161
       1.274     -0.01535
       1.282      0.02217
       1.289      0.05968
       1.297       0.1159
       1.304       0.1347
       1.319       0.1722
       1.327       0.1535
       1.335       0.1535
       1.342       0.1159
       1.357      0.05968
       1.365      0.02217
        1.38     -0.01535
       1.387     -0.01535
       1.395      0.00341
        1.41      0.04092
       1.418      0.05968
       1.425      0.09719
       1.433       0.1347
       1.448        0.191
       1.463       0.2285
       1.478       0.3035
       1.486       0.3223
       1.501       0.3035
       1.508        0.266
       1.516       0.2285
       1.524        0.191
       1.531       0.1535
       1.539      0.09719
       1.546      0.05968
       1.546      0.00341
       1.554     -0.01535
       1.561     -0.07161
       1.569      -0.1279
       1.584      -0.1841
       1.592      -0.2029
       1.599      -0.2029
       1.614      -0.2217
       1.622      -0.2404
       1.637      -0.2404
       1.652      -0.2779
        1.66      -0.2779
       1.675      -0.2779
       1.682      -0.2592
       1.697      -0.2029
       1.705      -0.1841
        1.72      -0.1841
       1.728      -0.1654
       1.743      -0.1279
        1.75      -0.1091
       1.758     -0.07161
       1.765      -0.0341
       1.781      0.05968
       1.788      0.09719
       1.803       0.1535
       1.811       0.1722
       1.818        0.191
       1.833       0.1722
       1.841       0.1722
       1.856       0.1347
       1.864       0.1159
       1.879      0.09719
       1.894       0.1159
       1.901       0.1347
       1.909       0.1722
       1.917       0.2097
       1.932        0.266
       1.939        0.266
       1.954       0.2472
       1.962       0.2285
        1.97       0.1722
       1.977       0.1347
       1.985      0.09719
       1.992      0.05968
           2      0.00341
       2.007      -0.0341
       2.015     -0.07161
       2.022      -0.1091
       2.038      -0.1654
       2.045      -0.1841
        2.06      -0.2217
       2.068      -0.2404
       2.083      -0.2404
        2.09      -0.2029
       2.106      -0.1466
       2.113      -0.1091
       2.121      -0.0341
       2.128      0.02217
       2.136      0.07843
       2.143       0.1159
       2.151       0.1347
       2.166       0.1347
       2.174       0.1347
       2.189       0.1159
       2.196      0.09719
       2.211      0.07843
       2.219      0.07843
       2.234       0.1159
       2.257       0.1535
       2.264       0.1535
       2.279       0.1159
       2.295      0.07843
       2.302      0.04092
       2.317      0.00341
       2.325     -0.01535
       2.332     -0.01535
       2.347     -0.05286
       2.355     -0.07161
       2.363     -0.05286
        2.37      -0.0341
       2.385      0.04092
       2.393      0.05968
       2.408      0.09719
       2.415       0.1535
       2.423        0.191
       2.438       0.2097
       2.446        0.191
       2.461       0.1722
       2.476       0.1347
       2.483       0.1347
       2.491      0.09719
       2.499      0.05968
       2.506      0.00341
       2.514      -0.0341
       2.521     -0.09037
       2.529      -0.1279
       2.544      -0.1654
       2.559      -0.1841
       2.574      -0.1654
       2.589      -0.1279
       2.597      -0.1091
        2.62     -0.07161
       2.627     -0.07161
       2.635     -0.05286
        2.65     -0.01535
       2.657      0.00341
       2.665      0.05968
       2.672      0.07843
        2.68      0.09719
       2.695       0.1535
       2.703       0.1535
       2.718       0.1722
       2.733        0.191
        2.74        0.191
       2.756        0.191
       2.771       0.1722
       2.778       0.1722
       2.793       0.1722
       2.801       0.1722
       2.809       0.1347
       2.816      0.09719
       2.824      0.05968
       2.824      0.00341
       2.831     -0.01535
       2.839     -0.07161
       2.846      -0.1091
       2.861      -0.1466
       2.869      -0.1654
       2.877      -0.1654
       2.892      -0.1841
       2.899      -0.1654
       2.914      -0.1841
       2.922      -0.1841
       2.937      -0.1466
       2.945      -0.1279
       2.952     -0.09037
        2.96     -0.07161
       2.975     -0.01535
       2.982      0.00341
       2.997     -0.01535
       3.005      -0.0341
       3.013      -0.0341
       3.028     -0.07161
       3.035     -0.05286
        3.05     -0.05286
       3.058     -0.05286
       3.073     -0.09037
       3.081      -0.1279
       3.088      -0.1279
       3.103      -0.1279
       3.111     -0.09037
       3.118     -0.07161
       3.134     -0.01535
       3.141      0.00341
       3.149      0.05968
       3.156      0.09719
       3.164       0.1159
       3.179       0.1535
       3.186        0.191
       3.202       0.2472
       3.209        0.266
       3.224       0.2472
       3.232       0.2472
       3.254       0.2097
       3.262        0.191
       3.277        0.191
       3.285        0.191
         3.3       0.1347
       3.307      0.09719
       3.315      0.05968
       3.323      0.02217
       3.338      -0.0341
       3.345      -0.0341
        3.36      -0.0341
       3.368      -0.0341
       3.383      -0.0341
       3.391      -0.0341
       3.406     -0.07161
       3.413     -0.09037
       3.428     -0.09037
       3.436     -0.09037
       3.459     -0.09037
       3.466     -0.09037
       3.481     -0.09037
       3.489     -0.07161
       3.496     -0.05286
       3.504      -0.0341
       3.511      0.04092
       3.511      0.00341
       3.519      0.07843
       3.527       0.1347
       3.534       0.1722
       3.549       0.2097
       3.557       0.2097
       3.572       0.2097
       3.579       0.1722
       3.587       0.1159
       3.595      0.05968
       3.602     -0.01535
        3.61     -0.09037
       3.617      -0.1654
       3.625      -0.2404
       3.632      -0.2967
        3.64      -0.3154
       3.655      -0.3342
       3.663      -0.3154
        3.67      -0.2779
       3.678      -0.2404
       3.685      -0.1841
       3.693      -0.1279
         3.7     -0.09037
       3.708     -0.01535
       3.716      0.04092
       3.723      0.09719
       3.731       0.1722
       3.738       0.2285
       3.746       0.2847
       3.753       0.3223
       3.768       0.3785
       3.776       0.3973
       3.791       0.3598
       3.799        0.341
       3.814       0.3035
       3.821       0.2847
       3.829       0.2847
       3.844       0.2285
       3.852        0.191
       3.859       0.1722
       3.874       0.1347
       3.882      0.09719
       3.889      0.05968
       3.897     -0.01535
       3.905     -0.05286
       3.912      -0.1091
        3.92      -0.1466
       3.935      -0.2029
       3.942      -0.2217
       3.957      -0.2404
       3.973      -0.2404
        3.98      -0.2404
       3.988      -0.2217
       4.003      -0.1841
        4.01      -0.1466
       4.018      -0.1279
       4.025     -0.09037
       4.033     -0.05286
       4.056     -0.07161
       4.063      -0.1091
       4.078      -0.1466
       4.086      -0.1654
       4.093      -0.1466
       4.109      -0.1091
       4.116     -0.09037
       4.124     -0.07161
       4.139      0.00341
       4.146      0.05968
       4.162       0.1159
       4.169       0.1347
       4.184       0.1722
       4.192        0.191
       4.199       0.2285
       4.207       0.2847
       4.222        0.341
        4.23       0.3223
       4.237       0.2847
       4.245       0.2285
       4.252       0.1722
        4.26       0.1159
       4.267      0.05968
       4.275      0.02217
       4.282     -0.01535
        4.29     -0.05286
       4.305      -0.1091
       4.313      -0.1466
        4.32      -0.1841
       4.328      -0.2404
       4.335      -0.2779
       4.343      -0.3342
        4.35      -0.3529
       4.366      -0.3154
       4.373      -0.2779
       4.381      -0.2404
       4.388      -0.2029
       4.403      -0.1279
       4.411      -0.1091
       4.426     -0.05286
       4.434      -0.0341
       4.456      0.05968
       4.464      0.09719
       4.479       0.1347
       4.487       0.1535
       4.502       0.1535
       4.509       0.1535
       4.517       0.1722
       4.532        0.191
       4.539        0.191
       4.555       0.2285
        4.57       0.2285
       4.577       0.2097
       4.585       0.1722
       4.592       0.1159
       4.607      0.05968
       4.615      0.04092
       4.623      0.00341
        4.63      0.00341
       4.638      -0.0341
       4.653     -0.07161
        4.66     -0.07161
       4.676     -0.05286
       4.683      -0.0341
       4.691     -0.01535
       4.698      0.02217
       4.706      0.05968
       4.713       0.1159
       4.721       0.1535
       4.736       0.1722
       4.744       0.1722
       4.759       0.1722
       4.774       0.1347
       4.781      0.09719
       4.789      0.05968
       4.796      0.00341
       4.804      -0.0341
       4.812      -0.1091
       4.819      -0.1466
       4.827      -0.1841
       4.834      -0.2217
       4.842      -0.2029
       4.857      -0.1466
       4.864      -0.1091
       4.872     -0.07161
        4.88      -0.0341
       4.887      0.00341
       4.895      0.04092
        4.91      0.09719
       4.925       0.1535
       4.932       0.1722
       4.948        0.191
       4.955        0.191
        4.97        0.191
       4.978        0.191
       4.993       0.1535
       5.001       0.1159
       5.008      0.07843
       5.016      0.05968
       5.023     -0.01535
       5.031     -0.05286
       5.038     -0.09037
       5.046      -0.1279
       5.053      -0.1466
       5.069      -0.1654
       5.076      -0.1279
       5.084      -0.1091
       5.091     -0.05286
       5.099     -0.01535
       5.114      0.00341
       5.121      0.00341
       5.137      0.00341
       5.144     -0.01535
       5.152     -0.01535
       5.167      -0.0341
       5.174     -0.05286
       5.182     -0.05286
       5.197     -0.05286
       5.205      -0.0341
        5.22     -0.01535
       5.227      0.00341
       5.235      0.05968
       5.242      0.07843
        5.25       0.1347
       5.258       0.1722
       5.265        0.191
        5.28       0.2285
       5.288       0.2472
       5.303       0.2285
        5.31        0.191
       5.326       0.1347
       5.333       0.1159
       5.348      0.05968
       5.356      0.04092
       5.363      0.00341
       5.371      0.00341
       5.386     -0.05286
       5.394     -0.05286
       5.401      -0.0341
       5.416     -0.01535
       5.424     -0.01535
       5.431     -0.01535
       5.446     -0.05286
       5.454     -0.05286
       5.469     -0.09037
       5.477      -0.1091
       5.484      -0.1466
       5.492      -0.1841
       5.499      -0.2217
       5.507      -0.2779
       5.522      -0.3154
        5.53      -0.3154
       5.537      -0.2779
       5.545      -0.2592
       5.552      -0.2029
        5.56      -0.1654
       5.567      -0.1279
       5.575     -0.07161
       5.583      -0.0341
        5.59     -0.01535
       5.605      0.02217
       5.613      0.05968
        5.62      0.09719
       5.628       0.1347
       5.635       0.1535
       5.651       0.1535
       5.658       0.1347
       5.673       0.1159
       5.688       0.1159
       5.696       0.1159
       5.711       0.1347
       5.719       0.1347
       5.726       0.1347
       5.734      0.09719
       5.749      0.04092
       5.756      0.00341
       5.772     -0.01535
       5.779     -0.01535
       5.787      0.00341
       5.802      0.00341
       5.809      0.02217
       5.824      0.04092
       5.832      0.04092
       5.847      0.05968
       5.855      0.07843
        5.87       0.1347
       5.877       0.1535
       5.892       0.1722
         5.9       0.1722
       5.915       0.1722
       5.923       0.1722
        5.93       0.1722
       5.945       0.1347
       5.953      0.09719
        5.96      0.05968
       5.968      0.00341
       5.976      -0.0341
       5.983     -0.09037
       5.991      -0.1466
       6.006      -0.1841
       6.013      -0.2029
       6.029      -0.2029
       6.036      -0.2029
       6.051      -0.2029
       6.059      -0.1841
       6.066      -0.1654
       6.081      -0.1279
       6.089     -0.09037
       6.097     -0.05286
       6.104      -0.0341
       6.119      0.02217
       6.127      0.05968
       6.134      0.07843
       6.142       0.1159
       6.149       0.1535
       6.157        0.191
       6.165       0.2097
        6.18       0.2285
       6.187       0.2285
       6.202       0.2097
        6.21       0.2097
       6.217       0.2097
       6.233       0.1722
        6.24       0.1535
       6.255      0.09719
       6.263      0.05968
        6.27      0.00341
       6.278      0.00341
       6.293      -0.0341
       6.301     -0.05286
       6.308     -0.05286
       6.323      -0.1091
       6.331      -0.1466
       6.338      -0.1841
       6.346      -0.2217
       6.354      -0.2404
       6.369      -0.2779
       6.376      -0.2404
       6.384      -0.2217
       6.391      -0.1841
       6.399      -0.1466
       6.406      -0.1091
       6.414     -0.05286
       6.422     -0.01535
       6.429      0.02217
       6.452      0.05968
       6.459      0.07843
       6.474       0.1159
       6.482       0.1347
       6.497       0.1347
       6.505       0.1159
       6.512       0.1159
       6.527      0.05968
       6.535      0.02217
       6.542     -0.01535
        6.55     -0.07161
       6.558      -0.1279
       6.565      -0.1654
       6.573      -0.1841
       6.588      -0.1654
       6.595      -0.1466
       6.603      -0.1091
       6.611     -0.05286
       6.618      0.02217
       6.626      0.09719
       6.633       0.1722
       6.641       0.2472
       6.648       0.3035
       6.656       0.3785
       6.663       0.4348
       6.671       0.4723
       6.679       0.5098
       6.686       0.5473
       6.701       0.5661
       6.709       0.5473
       6.724        0.491
       6.731       0.4535
       6.739        0.416
       6.747       0.3598
       6.754       0.2847
       6.762       0.2097
       6.769       0.1347
       6.777      0.02217
       6.784     -0.09037
       6.792      -0.1841
       6.799      -0.2967
       6.807      -0.3717
       6.815       -0.428
       6.822      -0.4655
        6.83       -0.503
       6.845      -0.5405
       6.852      -0.5405
       6.868      -0.5217
       6.875      -0.4842
       6.883       -0.428
        6.89      -0.3717
       6.898      -0.2779
       6.905      -0.2029
       6.913      -0.1279
        6.92     -0.09037
       6.928     -0.05286
       6.936     -0.01535
       6.943      0.00341
       6.951      0.04092
       6.958      0.05968
       6.966      0.07843
       6.981      0.07843
       6.988      0.07843
       7.004      0.09719
       7.019       0.1159
       7.026       0.1159
       7.049       0.1159
       7.064      0.09719
       7.072      0.07843
       7.079      0.00341
       7.087     -0.01535
       7.094     -0.05286
       7.102     -0.09037
       7.109      -0.1091
       7.125      -0.1091
       7.132     -0.09037
       7.147     -0.05286
       7.162      0.00341
        7.17      0.05968
       7.177      0.07843
       7.193       0.1347
         7.2       0.1535
       7.215       0.1347
       7.223       0.1347
       7.238       0.1159
       7.245      0.09719
       7.253      0.09719
       7.268      0.05968
       7.276      0.05968
       7.291      0.04092
       7.298      0.04092
       7.306      0.05968
       7.321      0.07843
       7.329      0.09719
       7.344      0.05968
       7.351      0.00341
       7.366     -0.05286
       7.374     -0.07161
       7.389     -0.07161
       7.397     -0.09037
       7.412     -0.09037
       7.419     -0.07161
       7.434     -0.01535
       7.442     -0.01535
       7.457      0.00341
       7.465      0.02217
        7.48      0.05968
       7.487      0.07843
       7.502       0.1159
        7.51       0.1347
       7.525       0.1347
       7.533       0.1347
       7.548       0.1535
       7.555        0.191
        7.57       0.2285
       7.578       0.2472
       7.593        0.266
       7.601        0.266
       7.608        0.266
       7.616       0.2285
       7.623        0.191
       7.631       0.1347
       7.638      0.07843
       7.654      0.00341
       7.661      -0.0341
       7.676      -0.1091
       7.684      -0.1841
       7.691      -0.2592
       7.699      -0.2967
       7.707      -0.3717
       7.714      -0.3905
       7.729       -0.428
       7.737       -0.428
       7.744      -0.4092
       7.759      -0.3717
       7.767      -0.3342
       7.775      -0.2779
       7.782      -0.2404
        7.79      -0.1841
       7.797      -0.1279
       7.805     -0.07161
       7.812     -0.01535
        7.82      0.02217
       7.827      0.07843
       7.835       0.1159
       7.843       0.1535
        7.85        0.191
       7.865       0.2097
       7.873       0.2097
       7.888       0.2097
       7.895       0.2097
       7.911       0.2097
       7.926       0.1722
       7.933       0.1347
       7.941      0.09719
       7.948      0.05968
       7.956      0.00341
       7.964     -0.01535
       7.979     -0.05286
       7.986     -0.05286
       8.001      0.00341
       8.016      0.05968
       8.024      0.09719
       8.032       0.1347
       8.039       0.1722
       8.047       0.2097
       8.062       0.2285
       8.069       0.2285
       8.084       0.2472
         8.1       0.2285
       8.107       0.2097
       8.115       0.1722
       8.122       0.1347
        8.13       0.1159
       8.137      0.07843
       8.145      0.05968
       8.152      0.02217
       8.168      -0.0341
       8.175     -0.05286
       8.183     -0.09037
        8.19      -0.1279
       8.198      -0.1466
       8.213      -0.1841
       8.221      -0.1654
       8.236      -0.1466
       8.243      -0.1466
       8.251      -0.1279
       8.266      -0.1091
       8.273     -0.09037
       8.281     -0.07161
       8.289      -0.0341
       8.296      0.00341
       8.304      0.04092
       8.311      0.05968
       8.326      0.07843
       8.334      0.07843
       8.349      0.09719
       8.357      0.09719
       8.372      0.09719
       8.387      0.05968
       8.394      0.02217
       8.409      -0.0341
       8.417     -0.07161
       8.432      -0.1091
        8.44      -0.1466
       8.455      -0.1279
        8.47     -0.09037
       8.478     -0.05286
       8.493      -0.0341
         8.5     -0.01535
       8.515      0.00341
       8.523      0.02217
       8.538      0.04092
       8.546      0.04092
       8.553      0.05968
       8.568      0.07843
       8.576      0.07843
       8.583      0.09719
       8.598      0.09719
       8.606      0.09719
       8.614      0.09719
       8.629       0.1159
       8.636       0.1347
       8.651       0.1722
       8.659        0.191
       8.674       0.1722
       8.682       0.1722
       8.697       0.1535
       8.704       0.1535
       8.719       0.1347
       8.727       0.1347
       8.742      0.07843
        8.75      0.05968
       8.765      0.00341
       8.772      -0.0341
        8.78     -0.07161
       8.787      -0.1091
       8.803      -0.1279
        8.81      -0.1091
       8.825     -0.09037
       8.833     -0.09037
       8.848      -0.1091
       8.855      -0.1279
       8.871      -0.1841
       8.878      -0.2029
       8.893      -0.2404
       8.901      -0.2404
       8.916      -0.2217
       8.923      -0.2029
       8.931      -0.1654
       8.939      -0.1466
       8.961     -0.07161
       8.976     -0.01535
