     0.01181     -0.09719
     0.01181      -0.1995
     0.01937      -0.3018
     0.02693      -0.4246
     0.03449      -0.4859
      0.0496      -0.4859
     0.05716       -0.445
     0.06472      -0.4041
     0.07228      -0.3632
      0.0874      -0.2813
     0.09496      -0.1995
      0.1025     -0.09719
      0.1101      0.04604
      0.1176       0.1893
      0.1252       0.3939
      0.1327        0.578
      0.1403       0.7008
      0.1479       0.7621
      0.1554       0.6803
       0.163       0.6189
       0.163       0.4757
      0.1705        0.312
      0.1781       0.1279
      0.1857     -0.03581
      0.1932      -0.1381
      0.2008      -0.2404
      0.2083      -0.3018
      0.2159      -0.3632
      0.2235      -0.4246
      0.2386      -0.4655
      0.2461       -0.445
      0.2537      -0.3836
      0.2612      -0.3018
      0.2688       -0.179
      0.2764     -0.05627
      0.2839       0.1074
      0.2839     0.005115
      0.2915       0.1893
       0.299       0.2711
      0.3066       0.3529
      0.3142       0.3939
      0.3217       0.4143
      0.3293       0.3939
      0.3368       0.3529
      0.3444       0.2711
       0.352       0.1893
      0.3595      0.08696
      0.3671     -0.03581
      0.3746      -0.1176
      0.3822      -0.1995
      0.3897      -0.2404
      0.4049      -0.2609
      0.4124      -0.2609
        0.42      -0.2404
      0.4351      -0.1995
      0.4427      -0.1176
      0.4502     -0.03581
      0.4578      0.08696
      0.4578     0.005115
      0.4653       0.1893
      0.4729       0.2916
      0.4804       0.3529
      0.4956       0.3325
      0.5031       0.2916
      0.5107       0.2506
      0.5182       0.2097
      0.5258       0.1688
      0.5334      0.08696
      0.5409      0.04604
      0.5409     -0.05627
      0.5485      -0.1586
       0.556      -0.3018
      0.5636      -0.3836
      0.5712      -0.4246
      0.5787      -0.4041
      0.5863      -0.3427
      0.5938      -0.2404
      0.6014      -0.1176
      0.6089       0.0665
      0.6089     -0.03581
      0.6165       0.1279
      0.6241       0.2506
      0.6316       0.3325
      0.6392       0.3734
      0.6467       0.4143
      0.6543       0.3939
      0.6619       0.3325
      0.6694       0.2711
       0.677       0.1893
      0.6845       0.1483
      0.6921      0.08696
      0.6996     0.005115
      0.7072     -0.07673
      0.7148       -0.179
      0.7223      -0.2609
      0.7299      -0.3223
      0.7374      -0.3427
       0.745      -0.3223
      0.7526      -0.3018
      0.7601      -0.2404
      0.7677      -0.1381
      0.7752     -0.03581
      0.7828       0.1074
      0.7904       0.1688
      0.8055       0.2302
       0.813       0.2506
      0.8206       0.2711
      0.8357       0.3325
      0.8433       0.3529
      0.8508       0.3529
      0.8584        0.312
      0.8659       0.2711
      0.8735       0.1893
      0.8811       0.1074
      0.8886      0.02558
      0.8962     -0.03581
      0.9037     -0.07673
      0.9188     -0.05627
      0.9264     -0.03581
       0.934     -0.05627
      0.9415      -0.1176
      0.9491      -0.1995
      0.9566      -0.2813
      0.9642      -0.3427
      0.9718      -0.3632
      0.9793      -0.3427
      0.9869      -0.3018
      0.9944      -0.2199
       1.002      -0.1586
        1.01     -0.07673
       1.017      0.04604
       1.017     -0.01535
       1.025      0.08696
       1.032       0.1279
        1.04       0.1688
       1.055       0.2302
       1.062       0.2302
        1.07       0.1893
       1.078       0.1279
       1.085      0.02558
       1.093     -0.07673
         1.1      -0.1586
       1.108      -0.2199
       1.123      -0.1995
        1.13      -0.1381
       1.138     -0.05627
       1.146      0.08696
       1.146     0.005115
       1.153       0.1688
       1.161       0.2711
       1.168       0.3529
       1.176       0.4143
       1.183       0.4552
       1.199       0.4552
       1.206       0.3734
       1.214       0.2916
       1.221       0.1893
       1.229       0.1074
       1.236      0.04604
       1.236     -0.05627
       1.244       -0.179
       1.251      -0.2813
       1.259      -0.3427
       1.267      -0.3427
       1.274      -0.3018
       1.282      -0.2609
       1.289      -0.2199
       1.297      -0.1586
       1.304     -0.07673
       1.312       0.0665
       1.312     -0.01535
       1.319       0.1279
       1.327       0.2302
       1.335       0.3325
       1.342       0.4143
        1.35       0.4757
       1.357       0.4348
       1.365       0.3529
       1.372       0.2302
        1.38       0.1074
        1.38     0.005115
       1.387     -0.03581
       1.395      -0.1381
       1.403      -0.1995
       1.418      -0.2404
       1.425      -0.2199
       1.433       -0.179
        1.44      -0.1176
       1.448     -0.05627
       1.456     -0.01535
       1.463       0.0665
       1.463     0.005115
       1.471       0.1074
       1.478       0.1483
       1.486       0.1893
       1.501       0.2302
       1.508       0.2097
       1.516       0.2097
       1.524       0.1483
       1.531      0.08696
       1.531     0.005115
       1.539     -0.07673
       1.546      -0.1995
       1.554      -0.3427
       1.561      -0.4246
       1.576      -0.3427
       1.584      -0.3018
       1.592      -0.2813
       1.607      -0.2199
       1.614      -0.1586
       1.622     -0.09719
       1.629     -0.03581
       1.637      0.02558
       1.644      0.08696
       1.652       0.1483
        1.66       0.1893
       1.667       0.2097
       1.682       0.1483
        1.69      0.08696
       1.697      0.04604
       1.697     0.005115
       1.705     0.005115
       1.713       0.0665
        1.72       0.1074
       1.728       0.1483
       1.735       0.1688
       1.743       0.1483
        1.75      0.08696
       1.758      0.04604
       1.758     -0.01535
       1.765     -0.09719
       1.773       -0.179
       1.781      -0.1995
       1.788      -0.1995
       1.796      -0.1586
       1.803     -0.09719
       1.811     -0.03581
       1.818     0.005115
       1.826      0.04604
       1.833       0.0665
       1.849       0.0665
       1.856      0.02558
       1.864     -0.03581
       1.871     -0.05627
       1.879     -0.05627
       1.886     -0.01535
       1.894      0.08696
       1.901       0.1688
       1.909       0.2711
       1.917       0.3325
       1.932       0.2302
       1.939       0.1074
       1.947      0.04604
       1.947     -0.01535
       1.954     -0.07673
       1.962     -0.09719
       1.977     -0.07673
       1.985     -0.05627
           2     -0.05627
       2.007     -0.01535
       2.015      0.04604
       2.022       0.1074
        2.03       0.1688
       2.038       0.2097
       2.045       0.2302
        2.06       0.2097
       2.068       0.1893
       2.083       0.1074
        2.09       0.0665
       2.098     0.005115
       2.113     -0.05627
       2.121     -0.07673
       2.136      -0.1176
       2.143     -0.09719
       2.151     -0.07673
       2.166     -0.01535
       2.174     0.005115
       2.189      0.02558
       2.211      0.04604
       2.219       0.0665
       2.226      0.08696
       2.242       0.1483
       2.249       0.1688
       2.264       0.1688
       2.272       0.1688
       2.287      0.08696
       2.295      0.02558
       2.302     -0.03581
        2.31     -0.05627
       2.325     -0.03581
       2.332     -0.03581
       2.347     -0.03581
       2.355     -0.03581
        2.37     -0.03581
       2.385     -0.03581
       2.393     -0.03581
       2.408     -0.05627
       2.415     -0.05627
       2.431     -0.05627
       2.438     -0.09719
       2.446     -0.09719
       2.461     -0.05627
       2.476     -0.01535
       2.483     -0.03581
       2.491     -0.07673
       2.499      -0.1176
       2.506      -0.1381
       2.521      -0.1176
       2.529     -0.05627
       2.536     0.005115
       2.544      0.04604
       2.559      0.04604
       2.567     0.005115
       2.582     0.005115
       2.589     0.005115
       2.604     -0.01535
       2.612     -0.03581
        2.62     0.005115
       2.627      0.04604
       2.635       0.1074
       2.642       0.1483
       2.657       0.1893
       2.665       0.1483
       2.672      0.08696
        2.68      0.04604
        2.68     -0.01535
       2.688     -0.05627
       2.695     -0.07673
        2.71     -0.05627
       2.718     -0.03581
       2.733     -0.01535
        2.74     -0.01535
       2.748     0.005115
       2.763      0.04604
       2.771       0.0665
       2.786       0.1074
       2.801       0.1074
       2.809       0.1074
       2.824       0.1074
       2.839       0.0665
       2.846      0.08696
       2.861       0.1279
       2.869       0.1279
       2.884       0.1279
       2.892       0.1483
       2.899       0.1893
       2.907       0.2302
       2.922       0.2097
       2.929       0.1279
       2.937      0.02558
       2.945     -0.07673
       2.952      -0.1176
        2.96      -0.1381
       2.975      -0.1381
       2.982      -0.1586
       2.997      -0.1995
       3.005       -0.179
       3.013     -0.09719
       3.013      -0.1381
       3.028     -0.01535
       3.035     0.005115
        3.05      0.08696
       3.058       0.1279
       3.066       0.1893
       3.073       0.2506
       3.081        0.312
       3.088        0.312
       3.096       0.2506
       3.103       0.1688
       3.111      0.08696
       3.111     0.005115
       3.118     -0.05627
       3.126       -0.179
       3.134      -0.3018
       3.141      -0.4041
       3.149       -0.445
       3.164      -0.3836
       3.171      -0.3223
       3.179      -0.2609
       3.186      -0.1586
       3.194     -0.05627
       3.202      0.04604
       3.209       0.1688
       3.217       0.2711
       3.224       0.3529
       3.232       0.4348
       3.239       0.4757
       3.254       0.4552
       3.262       0.3734
        3.27       0.2916
       3.277       0.1893
       3.285       0.1279
       3.292       0.0665
       3.292     0.005115
         3.3     -0.01535
       3.307     -0.07673
       3.315      -0.1381
       3.323       -0.179
        3.33      -0.1995
       3.345       -0.179
        3.36      -0.1176
       3.368      -0.1381
       3.383      -0.1381
       3.391     -0.05627
       3.398      0.02558
       3.406      0.08696
       3.421       0.1074
       3.428       0.1074
       3.443      0.08696
       3.451       0.1074
       3.466       0.1483
       3.474       0.1688
       3.489       0.1688
       3.496       0.1279
       3.504      0.08696
       3.504     0.005115
       3.511     -0.05627
       3.519      -0.1381
       3.527      -0.2404
       3.534      -0.2813
       3.542      -0.3018
       3.557      -0.2813
       3.564      -0.2404
       3.572       -0.179
       3.579      -0.1176
       3.587     -0.05627
       3.595      0.04604
       3.602       0.1279
        3.61       0.1893
       3.617       0.2506
       3.632       0.2916
        3.64       0.2916
       3.648       0.2711
       3.655       0.2097
       3.663       0.1279
        3.67       0.0665
       3.678     0.005115
       3.693     -0.03581
         3.7     -0.03581
       3.708     -0.01535
       3.716     -0.05627
       3.723      -0.1381
       3.731      -0.2199
       3.738      -0.2813
       3.753      -0.1995
       3.761     -0.09719
       3.768     0.005115
       3.776       0.1074
       3.784       0.1688
       3.791       0.1893
       3.806       0.1483
       3.814       0.1279
       3.821       0.1279
       3.836       0.1074
       3.844      0.08696
       3.852      0.08696
       3.867      0.04604
       3.882      0.04604
       3.897      0.04604
       3.905       0.0665
       3.912      0.08696
        3.92       0.1279
       3.927       0.1688
       3.942       0.1688
        3.95       0.1279
       3.957      0.08696
       3.965       0.0665
       3.973     0.005115
        3.98     -0.03581
       3.988     -0.09719
       3.995      -0.1586
       4.003      -0.2199
        4.01      -0.2609
       4.018      -0.2813
       4.025      -0.2609
       4.033      -0.2199
       4.041      -0.1586
       4.048     -0.09719
       4.056     -0.05627
       4.063     0.005115
       4.071       0.0665
       4.078      0.08696
       4.086       0.1279
       4.093       0.1893
       4.101       0.2506
       4.109        0.312
       4.116        0.312
       4.124       0.2302
       4.131       0.1279
       4.131     -0.01535
       4.139     -0.09719
       4.146      -0.2199
       4.154      -0.3018
       4.169      -0.3018
       4.177      -0.2609
       4.192      -0.2199
       4.199       -0.179
       4.207      -0.1176
       4.214     -0.03581
       4.222       0.1074
        4.23       0.1893
       4.237       0.2711
       4.245       0.3325
       4.252       0.3734
       4.267       0.3325
       4.275       0.2506
       4.282       0.1688
        4.29      0.04604
       4.298     -0.05627
       4.305      -0.1586
       4.313      -0.2199
       4.328      -0.2609
       4.335      -0.2199
       4.343      -0.1586
        4.35      -0.1176
       4.358     -0.05627
       4.373     0.005115
       4.381       0.0665
       4.388       0.1074
       4.396       0.1893
       4.403       0.2506
       4.411       0.2916
       4.419       0.3325
       4.434        0.312
       4.441       0.2711
       4.449       0.2097
       4.456       0.1688
       4.464       0.1074
       4.471       0.0665
       4.479     0.005115
       4.487     0.005115
       4.509     0.005115
       4.517     0.005115
       4.532     -0.03581
       4.539     -0.05627
       4.555     -0.03581
       4.562     0.005115
        4.57      0.04604
       4.577       0.0665
       4.592       0.0665
         4.6       0.0665
       4.615     0.005115
       4.623     0.005115
       4.638     0.005115
       4.645     -0.01535
       4.653     -0.01535
       4.668     -0.01535
       4.676     -0.01535
       4.691     -0.01535
       4.698     -0.01535
       4.713     -0.01535
       4.728     -0.03581
       4.736     -0.05627
       4.744     -0.07673
       4.759      -0.1176
       4.766      -0.1381
       4.781       -0.179
       4.789       -0.179
       4.804      -0.1586
       4.812      -0.1381
       4.819     -0.09719
       4.827     -0.03581
       4.834      0.02558
       4.842      0.08696
       4.849       0.1483
       4.857       0.1893
       4.864       0.2302
        4.88       0.1483
       4.887      0.08696
       4.895     -0.01535
       4.902     -0.09719
        4.91      -0.1586
       4.917      -0.2199
       4.925      -0.2609
       4.932      -0.3018
        4.94      -0.3427
       4.948      -0.3836
       4.963      -0.3223
        4.97      -0.2199
       4.978     -0.09719
       4.985      0.04604
       4.993       0.1688
       5.001       0.2506
       5.008        0.312
       5.016       0.3529
       5.031       0.3325
       5.038        0.312
       5.046       0.2711
       5.053       0.2506
       5.069       0.2097
       5.076       0.2097
       5.084       0.2097
       5.091       0.1688
       5.099      0.08696
       5.106     0.005115
       5.114     -0.05627
       5.121      -0.1176
       5.129       -0.179
       5.137      -0.2404
       5.144      -0.2404
       5.152      -0.1995
       5.159      -0.1586
       5.167      -0.1176
       5.182     -0.09719
       5.189     -0.07673
       5.197     -0.03581
       5.205     0.005115
       5.212     0.005115
        5.22      0.04604
       5.227       0.0665
       5.235      0.08696
       5.242       0.1483
        5.25       0.2097
       5.258       0.2506
       5.273       0.2916
        5.28       0.2302
       5.288       0.1688
       5.295       0.1074
       5.303       0.0665
        5.31     0.005115
       5.318     0.005115
       5.326       0.0665
       5.333       0.1279
       5.341       0.1893
       5.348       0.2302
       5.363       0.2711
       5.371        0.312
       5.378       0.3734
       5.386       0.4757
       5.394       0.5575
       5.401       0.5575
       5.409       0.4962
       5.416       0.3529
       5.424       0.2097
       5.431      0.08696
       5.431     0.005115
       5.439     -0.03581
       5.446     -0.09719
       5.454      -0.1586
       5.462      -0.2199
       5.469      -0.2813
       5.477      -0.3427
       5.484      -0.3632
       5.492      -0.3427
       5.499      -0.2813
       5.507      -0.2199
       5.515      -0.1176
       5.522      0.04604
       5.522     -0.03581
        5.53       0.1074
       5.537       0.1893
       5.545       0.2711
       5.552        0.312
        5.56        0.312
       5.567       0.2916
       5.575       0.2506
       5.583       0.1688
        5.59       0.0665
       5.598     -0.03581
       5.605      -0.1176
       5.613      -0.2199
        5.62      -0.2609
       5.628      -0.2813
       5.635      -0.2609
       5.651      -0.1995
       5.658      -0.1995
       5.673      -0.1995
       5.681      -0.1995
       5.696       -0.179
       5.711      -0.1176
       5.719     -0.09719
       5.726     -0.07673
       5.734     -0.03581
       5.741      0.02558
       5.749      0.08696
       5.756       0.1279
       5.764       0.1483
       5.779       0.1893
       5.787       0.1688
       5.802       0.1074
       5.809      0.08696
       5.817       0.1074
       5.832       0.1483
        5.84       0.1074
       5.847       0.0665
       5.847     0.005115
       5.855     -0.03581
       5.862      -0.1176
        5.87       -0.179
       5.877      -0.2404
       5.885      -0.3018
       5.892      -0.3632
         5.9      -0.3836
       5.915      -0.3223
       5.923      -0.2404
        5.93      -0.1381
       5.938     -0.03581
       5.945      0.08696
       5.953       0.1279
       5.968       0.1483
       5.976       0.1074
       5.983       0.0665
       5.991      0.04604
       5.998       0.0665
       6.006       0.1279
       6.013       0.1893
       6.021       0.2506
       6.036       0.2506
       6.044       0.2302
       6.051       0.1688
       6.059       0.1279
       6.066      0.08696
       6.074     0.005115
       6.081     -0.03581
       6.089     -0.09719
       6.097      -0.1176
       6.112     -0.09719
       6.119     -0.05627
       6.127     -0.01535
       6.134      0.08696
       6.142       0.1688
       6.149       0.2506
       6.157       0.3325
       6.172       0.3325
        6.18       0.2711
       6.187       0.1688
       6.195       0.0665
       6.202     -0.03581
        6.21     -0.07673
       6.217     -0.07673
       6.225     -0.03581
       6.233     0.005115
        6.24      0.04604
       6.248       0.0665
       6.263      0.08696
        6.27       0.1074
       6.285       0.1074
       6.293       0.1074
       6.301       0.0665
       6.308     0.005115
       6.323      0.02558
       6.331       0.0665
       6.338       0.1279
       6.346       0.1688
       6.354       0.2097
       6.369       0.2097
       6.376       0.1688
       6.384       0.1279
       6.391      0.04604
       6.399      0.02558
       6.414       0.0665
       6.429       0.1074
       6.437      0.08696
       6.444       0.0665
       6.452      0.02558
       6.459     -0.03581
       6.467     -0.07673
       6.474      -0.1176
       6.482      -0.1381
       6.497      -0.1995
       6.505      -0.1995
        6.52      -0.1586
       6.527      -0.1176
       6.542      -0.1176
        6.55      -0.1586
       6.565      -0.1995
       6.573      -0.1995
       6.588      -0.1586
       6.595      -0.1176
       6.603     -0.07673
       6.611     -0.07673
       6.618     -0.05627
       6.633     -0.07673
       6.641     -0.07673
       6.656     -0.07673
       6.663     -0.07673
       6.679     -0.09719
       6.686      -0.1176
       6.694      -0.1381
       6.709      -0.1995
       6.716       -0.179
       6.724      -0.1176
       6.731     -0.05627
       6.739     -0.01535
       6.747      0.04604
       6.754      0.04604
       6.769      0.04604
       6.777       0.0665
       6.784       0.1074
       6.792       0.1688
       6.799       0.2302
       6.807       0.2916
       6.815       0.3325
        6.83       0.2916
       6.837       0.2097
       6.845       0.1074
       6.852      0.04604
       6.852     -0.03581
        6.86      -0.1381
       6.868      -0.2609
       6.875      -0.3427
       6.883      -0.4246
        6.89      -0.4655
       6.905      -0.4041
       6.913      -0.3427
        6.92      -0.2813
       6.928      -0.1995
       6.936      -0.1381
       6.943     -0.03581
       6.951      0.08696
       6.951     0.005115
       6.958       0.1483
       6.966       0.2711
       6.973       0.3939
       6.981       0.4757
       6.988       0.4962
       6.996       0.4552
       7.004       0.3734
       7.011       0.2916
       7.019       0.1893
       7.026      0.08696
       7.026     0.005115
       7.034     -0.05627
       7.041      -0.1586
       7.049      -0.2404
       7.064      -0.2199
       7.072      -0.1381
       7.079     -0.05627
       7.087      0.08696
       7.087     0.005115
       7.094       0.1688
       7.102       0.2302
       7.109       0.2916
       7.125       0.2711
       7.132       0.2097
        7.14       0.1279
       7.147      0.02558
       7.155     -0.03581
       7.162     -0.07673
        7.17     -0.05627
       7.185     -0.03581
       7.193     -0.05627
       7.208     -0.05627
       7.215     -0.05627
       7.223     -0.03581
       7.238     0.005115
       7.245       0.0665
       7.253      0.08696
       7.268       0.1483
       7.276       0.1279
       7.283      0.08696
       7.298      0.02558
       7.306       0.0665
       7.313      0.08696
       7.321       0.1483
       7.329       0.1688
       7.344      0.08696
       7.351      0.04604
       7.359     -0.03581
       7.366     -0.07673
       7.382      -0.1176
       7.389      -0.1586
       7.404      -0.1586
       7.419      -0.1176
       7.427     -0.07673
       7.434     -0.03581
        7.45      0.04604
       7.457      0.08696
       7.465       0.1279
       7.472       0.1688
       7.487       0.2097
       7.495       0.2097
       7.502       0.2302
       7.518       0.2302
       7.525       0.2302
       7.533       0.2506
       7.548       0.2302
       7.555       0.1893
       7.563       0.1074
        7.57     0.005115
       7.578     -0.05627
       7.586     -0.09719
       7.593      -0.1176
       7.608     -0.07673
       7.623     -0.03581
       7.631     -0.01535
       7.646       0.0665
       7.661       0.1074
       7.669       0.1074
       7.676       0.1074
       7.691       0.1483
       7.699       0.1893
       7.707       0.2302
       7.714       0.2506
       7.729       0.2097
       7.737       0.1688
       7.744      0.08696
       7.752      0.04604
       7.752     -0.01535
       7.759     -0.05627
       7.767     -0.07673
       7.775      -0.1176
       7.782      -0.1381
       7.797      -0.1995
       7.805      -0.1995
        7.82       -0.179
       7.827      -0.1586
       7.843      -0.1381
        7.85      -0.1176
       7.865      -0.1176
       7.873     -0.07673
        7.88     -0.05627
       7.888     0.005115
       7.895     0.005115
       7.911     0.005115
       7.918     0.005115
       7.926      0.04604
       7.941      0.08696
       7.948       0.1074
       7.964       0.1074
       7.971       0.1074
       7.994       0.1279
       8.001      0.08696
       8.009      0.04604
       8.016     0.005115
       8.024     0.005115
       8.039     -0.03581
       8.047     -0.07673
       8.054      -0.1381
       8.062      -0.1586
       8.077      -0.1381
       8.084     -0.07673
       8.092     -0.03581
         8.1      0.02558
       8.107       0.0665
       8.115       0.1074
        8.13       0.1074
       8.137       0.1279
       8.152       0.1893
        8.16       0.2097
       8.175       0.1483
       8.183      0.08696
       8.183     0.005115
       8.198      -0.1176
       8.205      -0.2199
       8.213      -0.3018
       8.228      -0.3018
       8.236      -0.2609
       8.243       -0.179
       8.251     -0.09719
       8.258     -0.05627
       8.266     -0.01535
       8.273      0.02558
       8.289      0.08696
       8.296       0.1279
       8.304       0.1483
       8.319       0.1688
       8.326       0.1688
       8.341       0.1688
       8.357       0.1279
       8.364       0.1074
       8.372       0.0665
       8.379      0.02558
       8.387     -0.01535
       8.394     -0.07673
       8.402      -0.1176
       8.409       -0.179
       8.425      -0.1995
       8.432       -0.179
       8.447      -0.1381
       8.455     -0.07673
       8.462     -0.01535
        8.47      0.08696
       8.478       0.1483
       8.485       0.1893
         8.5       0.2097
       8.508       0.2097
       8.515       0.2097
       8.523       0.1688
       8.538       0.1074
       8.546      0.08696
       8.561       0.0665
       8.568      0.08696
       8.583      0.08696
       8.591       0.0665
       8.606       0.0665
       8.614      0.08696
       8.621       0.1279
       8.629       0.1483
       8.636       0.1893
       8.644       0.2097
       8.659       0.1893
       8.666       0.1279
       8.674       0.0665
       8.674     0.005115
       8.682     -0.03581
       8.689     -0.07673
       8.697     -0.09719
       8.712     -0.05627
       8.719     -0.03581
       8.727     -0.01535
       8.735       0.0665
       8.742      0.08696
       8.757       0.1074
       8.765       0.1074
        8.78       0.1074
       8.787       0.0665
       8.795     -0.01535
       8.803     -0.07673
        8.81      -0.1381
       8.818       -0.179
       8.825      -0.1995
        8.84      -0.2199
       8.848       -0.179
       8.855      -0.1381
       8.863     -0.03581
       8.871      0.08696
       8.871     0.005115
       8.878       0.1279
       8.886       0.1893
       8.893       0.2506
       8.908       0.2711
       8.916       0.2302
       8.923       0.1483
       8.931      0.08696
       8.939     -0.01535
       8.946     -0.05627
       8.954     -0.07673
       8.969     -0.03581
       8.976      0.04604
       8.976     -0.01535
