     0.01186     -0.04878
     0.01186      -0.1283
     0.01942      -0.2078
     0.02699       -0.327
     0.03455      -0.4065
     0.04968      -0.4065
     0.05725      -0.3668
     0.06481      -0.2475
     0.07238      -0.1283
     0.07994      0.05059
     0.07994     -0.04878
     0.08751      0.09033
     0.09507       0.2096
      0.1026       0.2891
      0.1102       0.3487
      0.1178       0.3884
      0.1329       0.4083
      0.1405       0.3686
       0.148       0.3089
      0.1556       0.2294
      0.1632       0.1698
      0.1707       0.1301
      0.1859      0.09033
      0.1934      0.05059
      0.1934    -0.009033
       0.201     -0.04878
      0.2085      -0.1481
      0.2161      -0.2674
      0.2237      -0.3469
      0.2312      -0.4264
      0.2388       -0.486
      0.2539       -0.486
      0.2615       -0.486
      0.2691      -0.4661
      0.2766      -0.4463
      0.2842      -0.3866
      0.2918      -0.2873
      0.2993      -0.2078
      0.3069      -0.1084
      0.3145      0.03071
      0.3145     -0.02891
       0.322      0.05059
      0.3296       0.1102
      0.3447       0.1698
      0.3523         0.15
      0.3598      0.09033
      0.3674      0.05059
      0.3674     -0.02891
       0.375      -0.1283
      0.3825      -0.2276
      0.3901      -0.3071
      0.3977      -0.3469
      0.4052      -0.3469
      0.4128      -0.3071
      0.4204      -0.2475
      0.4279      -0.1879
      0.4355      -0.1084
      0.4431     -0.04878
      0.4506      0.01084
      0.4582       0.1102
      0.4658       0.2096
      0.4733       0.3089
      0.4809       0.4083
      0.4884       0.4878
       0.496       0.5673
      0.5036       0.5673
      0.5111       0.5673
      0.5187       0.5276
      0.5263       0.4878
      0.5338       0.4481
      0.5414       0.4083
       0.549       0.3686
      0.5565       0.3089
      0.5641       0.2294
      0.5717       0.1102
      0.5792      0.03071
      0.5868     -0.06865
      0.5944      -0.1481
      0.6019      -0.2078
      0.6095      -0.2674
      0.6171      -0.3071
      0.6246      -0.3469
      0.6322      -0.3668
      0.6473      -0.3866
      0.6549      -0.3668
      0.6624      -0.3071
        0.67      -0.2475
      0.6776      -0.2078
      0.6851      -0.1481
      0.6927     -0.06865
      0.7003      0.07046
      0.7003    -0.009033
      0.7078         0.15
      0.7154       0.2493
       0.723       0.3089
      0.7381       0.3686
      0.7457       0.3686
      0.7532       0.3884
      0.7683       0.3089
      0.7759       0.2294
      0.7835       0.1301
       0.791      0.05059
      0.7986    -0.009033
      0.8062     -0.02891
      0.8213    -0.009033
      0.8289      0.03071
       0.844      0.07046
      0.8516      0.07046
      0.8667      0.05059
      0.8743      0.05059
      0.8818      0.01084
      0.8894     -0.02891
       0.897     -0.06865
      0.9045      -0.1283
      0.9121       -0.168
      0.9272       -0.168
      0.9348      -0.1481
      0.9499     -0.08853
      0.9575      -0.1084
      0.9726      -0.1481
      0.9802      -0.1879
      0.9953       -0.168
        1.01      -0.1481
       1.018      -0.1283
       1.026     -0.08853
       1.033     -0.06865
       1.041     -0.02891
       1.048      0.05059
       1.056      0.09033
       1.071      0.05059
       1.079    -0.009033
       1.086     -0.04878
       1.094     -0.08853
       1.101      -0.1283
       1.109      -0.2078
       1.116      -0.2873
       1.124      -0.3469
       1.139       -0.327
       1.147      -0.2475
       1.154      -0.1481
       1.162      0.05059
       1.162     -0.04878
       1.169      0.09033
       1.177       0.2096
       1.184       0.2891
       1.192       0.3686
         1.2       0.4481
       1.207       0.4878
       1.215       0.5474
       1.222       0.5474
        1.23       0.4878
       1.237       0.4282
       1.245       0.3686
       1.253       0.3288
        1.26       0.3089
       1.275       0.2891
       1.283       0.2294
        1.29       0.1301
       1.298    -0.009033
       1.305      -0.1481
       1.313      -0.2674
       1.321      -0.3866
       1.328      -0.4463
       1.336       -0.486
       1.343      -0.4661
       1.351      -0.4264
       1.358      -0.3071
       1.366      -0.1879
       1.366      -0.2674
       1.374      -0.1283
       1.381     -0.02891
       1.381     -0.08853
       1.389    -0.009033
       1.396      0.03071
       1.404      0.05059
       1.419      0.05059
       1.426      0.07046
       1.442      0.07046
       1.449      0.05059
       1.457     -0.02891
       1.464      -0.1084
       1.472       -0.168
       1.479      -0.2078
       1.495      -0.1481
       1.502     -0.06865
        1.51      0.03071
       1.517       0.1102
       1.525       0.1897
       1.532       0.2294
        1.54       0.2692
       1.555       0.2493
       1.563       0.2096
       1.578         0.15
       1.585       0.1301
       1.593       0.1301
       1.608       0.1102
       1.616       0.1102
       1.631         0.15
       1.638         0.15
       1.646       0.1301
       1.661      0.07046
       1.669      0.07046
       1.676      0.07046
       1.691      0.03071
       1.691    -0.009033
       1.699     -0.06865
       1.706      -0.1481
       1.714      -0.2078
       1.722      -0.2475
       1.729      -0.2475
       1.737      -0.2276
       1.752      -0.2078
       1.759      -0.2078
       1.774      -0.2078
       1.782      -0.2078
        1.79      -0.1879
       1.805       -0.168
       1.812      -0.1283
        1.82     -0.06865
       1.827      0.01084
       1.835      0.09033
       1.843       0.1301
        1.85         0.15
       1.865       0.1301
        1.88      0.09033
       1.888      0.05059
       1.896      0.05059
       1.911      0.01084
       1.918    -0.009033
       1.933    -0.009033
       1.948     -0.06865
       1.956      -0.1084
       1.964      -0.1879
       1.971      -0.2475
       1.979      -0.3071
       1.986      -0.3668
       1.994      -0.3866
       2.009      -0.3668
       2.017      -0.3071
       2.024      -0.2475
       2.032      -0.1879
       2.039      -0.1283
       2.047     -0.08853
       2.054     -0.04878
       2.062    -0.009033
        2.07      0.09033
       2.077       0.1698
       2.085       0.2891
       2.092       0.3884
         2.1       0.4679
       2.107       0.5077
       2.122       0.5474
        2.13       0.5276
       2.138       0.5077
       2.145       0.4679
       2.153       0.4282
        2.16       0.3686
       2.168       0.2891
       2.175       0.1897
       2.183      0.09033
       2.191      0.03071
       2.198     -0.04878
       2.213      -0.1084
       2.221      -0.1481
       2.228      -0.1879
       2.236      -0.2276
       2.251      -0.2475
       2.259      -0.2276
       2.266      -0.2078
       2.274       -0.168
       2.281      -0.1283
       2.296     -0.04878
       2.304      0.03071
       2.304    -0.009033
       2.312      0.07046
       2.319       0.1102
       2.327       0.1102
       2.334       0.1102
       2.349      0.05059
       2.357      0.01084
       2.365     -0.04878
       2.372      -0.1084
        2.38      -0.1481
       2.387      -0.1879
       2.395       -0.168
       2.402      -0.1084
        2.41     -0.04878
       2.418    -0.009033
       2.425      0.03071
       2.433      0.05059
        2.44      0.07046
       2.448       0.1102
       2.455         0.15
        2.47       0.1698
       2.478       0.1897
       2.493       0.1698
       2.501       0.1102
       2.508      0.07046
       2.516     -0.02891
       2.523     -0.06865
       2.531      -0.1084
       2.539      -0.1084
       2.554     -0.08853
       2.561     -0.06865
       2.569     -0.02891
       2.576      0.01084
       2.591      0.07046
       2.599      0.01084
       2.607     -0.02891
       2.614     -0.04878
       2.622     -0.02891
       2.629      0.01084
       2.637      0.05059
       2.652      0.07046
       2.667      0.09033
       2.675       0.1102
        2.69      0.05059
       2.697    -0.009033
       2.705     -0.02891
        2.72     -0.04878
       2.728     -0.02891
       2.743    -0.009033
        2.75    -0.009033
       2.765    -0.009033
       2.781      0.01084
       2.796      0.07046
       2.803      0.09033
       2.818       0.1301
       2.826      0.09033
       2.834      0.05059
       2.834    -0.009033
       2.841     -0.02891
       2.849      -0.1084
       2.856      -0.1481
       2.864       -0.168
       2.879       -0.168
       2.887      -0.1481
       2.894      -0.1084
       2.909     -0.06865
       2.917     -0.02891
       2.924      0.05059
       2.924    -0.009033
       2.932       0.1102
       2.939         0.15
       2.947         0.15
       2.955      0.09033
       2.962      0.05059
       2.962     -0.04878
        2.97      -0.1481
       2.977      -0.2276
       2.985      -0.2276
       2.992      -0.1879
           3      -0.1283
       3.008     -0.04878
       3.015      0.05059
       3.015    -0.009033
       3.023       0.1102
        3.03       0.1698
       3.038       0.2294
       3.053       0.2891
       3.061       0.2891
       3.068       0.2692
       3.076       0.2294
       3.083       0.1897
       3.091         0.15
       3.106       0.1301
       3.113       0.1102
       3.121      0.07046
       3.129     -0.02891
       3.136      -0.1084
       3.144      -0.2078
       3.151      -0.2873
       3.159      -0.3469
       3.166       -0.327
       3.182      -0.2873
       3.189      -0.2873
       3.204      -0.2674
       3.212      -0.2475
       3.227       -0.168
       3.235      -0.1283
       3.242     -0.08853
        3.25     -0.02891
       3.257      0.03071
       3.265      0.09033
       3.272         0.15
        3.28       0.1897
       3.295       0.2096
       3.303         0.15
        3.31      0.07046
        3.31     -0.02891
       3.318     -0.08853
       3.325      -0.1879
       3.333      -0.2674
        3.34      -0.3469
       3.348      -0.4065
       3.356      -0.4463
       3.363      -0.4463
       3.371      -0.3866
       3.378      -0.2873
       3.386      -0.1879
       3.393     -0.08853
       3.401     -0.02891
       3.416      0.05059
       3.424      0.07046
       3.431       0.1301
       3.439       0.1897
       3.446       0.2493
       3.454       0.2891
       3.461       0.3288
       3.477       0.3686
       3.484       0.3884
       3.499       0.3884
       3.507       0.3288
       3.514       0.2692
       3.522       0.1698
        3.53      0.09033
       3.537      0.03071
       3.537    -0.009033
       3.552    -0.009033
        3.56      0.05059
        3.56    -0.009033
       3.567      0.07046
       3.582       0.1102
        3.59      0.07046
       3.598      0.03071
       3.605     -0.02891
       3.613     -0.04878
       3.628     -0.02891
       3.635      0.05059
       3.643      0.09033
       3.651         0.15
       3.658       0.1698
       3.673       0.1698
       3.681       0.1301
       3.688      0.09033
       3.696      0.01084
       3.704     -0.06865
       3.711      -0.1481
       3.719      -0.2276
       3.726      -0.2873
       3.734      -0.3469
       3.741      -0.3469
       3.749       -0.327
       3.756      -0.2674
       3.764      -0.2078
       3.772      -0.1084
       3.779     -0.04878
       3.787      0.07046
       3.794         0.15
       3.802       0.2096
       3.817       0.2493
       3.825       0.2493
       3.832       0.2692
       3.847       0.2692
       3.855       0.2692
        3.87       0.2692
       3.878       0.2096
       3.885       0.1698
       3.893       0.1102
         3.9      0.05059
       3.908    -0.009033
       3.915     -0.04878
       3.923     -0.08853
        3.93      -0.1283
       3.938      -0.1879
       3.946      -0.2276
       3.961      -0.2674
       3.968      -0.2674
       3.983      -0.2674
       3.991      -0.2078
       3.999      -0.1481
       4.006     -0.04878
       4.014      0.05059
       4.014    -0.009033
       4.021       0.1102
       4.029         0.15
       4.036       0.1897
       4.052       0.1897
       4.059       0.1698
       4.067         0.15
       4.082       0.1102
       4.089       0.1102
       4.097       0.1301
       4.112       0.1102
        4.12      0.09033
       4.135      0.07046
       4.142      0.09033
        4.15       0.1102
       4.165       0.1102
       4.173       0.1301
        4.18         0.15
       4.195       0.1897
       4.203       0.1897
        4.21         0.15
       4.218       0.1301
       4.233       0.1102
       4.241       0.1102
       4.248      0.09033
       4.256      0.03071
       4.263     -0.02891
       4.271     -0.06865
       4.278      -0.1283
       4.286      -0.1879
       4.301      -0.2674
       4.309      -0.3071
       4.316      -0.3668
       4.324      -0.4065
       4.339      -0.4264
       4.347      -0.4065
       4.354      -0.3866
       4.369       -0.327
       4.377      -0.3071
       4.384      -0.2674
       4.392      -0.2078
         4.4      -0.1084
       4.407     -0.02891
       4.415      0.07046
       4.422       0.1102
        4.43         0.15
       4.445         0.15
       4.452         0.15
       4.468      0.09033
       4.475      0.07046
       4.483      0.09033
        4.49       0.1102
       4.505       0.1698
       4.513       0.1698
       4.528       0.1897
       4.536       0.2096
       4.543       0.2294
       4.558       0.1698
       4.566       0.1102
       4.574      0.05059
       4.581    -0.009033
       4.589     -0.02891
       4.604     -0.06865
       4.611     -0.06865
       4.626     -0.06865
       4.634     -0.06865
       4.649      -0.1084
       4.664     -0.08853
       4.672     -0.04878
       4.687    -0.009033
       4.695     -0.02891
       4.702      -0.1084
        4.71      -0.1879
       4.717      -0.2276
       4.732      -0.2078
        4.74       -0.168
       4.747      -0.1283
       4.755     -0.08853
       4.763     -0.04878
       4.778      0.05059
       4.785       0.1102
       4.793       0.1698
         4.8       0.2294
       4.808       0.2692
       4.816       0.3288
       4.831       0.3288
       4.838       0.3089
       4.853       0.2493
       4.861       0.2096
       4.869       0.1301
       4.876      0.03071
       4.884     -0.06865
       4.891      -0.1283
       4.899       -0.168
       4.914       -0.168
       4.921       -0.168
       4.929       -0.168
       4.944      -0.1879
       4.952       -0.168
       4.959      -0.1481
       4.967      -0.1084
       4.974     -0.06865
       4.982    -0.009033
        4.99    -0.009033
       5.005    -0.009033
       5.012     -0.04878
        5.02     -0.08853
       5.027      -0.1481
       5.035      -0.1879
       5.043      -0.2276
        5.05      -0.2475
       5.065      -0.2674
       5.073      -0.2276
        5.08      -0.2078
       5.088      -0.1481
       5.095     -0.04878
       5.103      0.05059
       5.103    -0.009033
       5.111       0.1102
       5.118       0.1698
       5.126       0.2096
       5.141       0.2692
       5.148       0.2891
       5.156       0.3686
       5.164       0.4083
       5.171       0.4481
       5.186       0.4282
       5.194       0.3884
       5.201       0.3686
       5.217       0.3089
       5.224       0.2891
       5.232       0.2493
       5.239       0.1897
       5.247       0.1102
       5.254      0.01084
       5.262     -0.08853
       5.269      -0.2078
       5.277      -0.2873
       5.285      -0.3469
         5.3      -0.3668
       5.307      -0.3668
       5.315      -0.3469
       5.322       -0.327
       5.338      -0.2674
       5.345      -0.2674
        5.36      -0.2674
       5.368      -0.2475
       5.375       -0.168
       5.383      -0.1084
       5.391     -0.04878
       5.398      0.01084
       5.406      0.05059
       5.421       0.1102
       5.428       0.1102
       5.436       0.1301
       5.451       0.1102
       5.459      0.09033
       5.466      0.09033
       5.481       0.1102
       5.489       0.1301
       5.496       0.1897
       5.504       0.2294
       5.519       0.2493
       5.527       0.2096
       5.542         0.15
       5.549       0.1698
       5.565       0.2096
       5.572       0.2096
        5.58       0.1698
       5.587      0.09033
       5.595      0.05059
       5.602    -0.009033
       5.617     -0.02891
       5.625    -0.009033
        5.64      0.01084
       5.648      0.01084
       5.663     -0.04878
        5.67     -0.08853
       5.678      -0.1481
       5.686      -0.2276
       5.693      -0.2873
       5.701      -0.3071
       5.716      -0.2873
       5.723      -0.2475
       5.731      -0.1879
       5.739      -0.1481
       5.746      -0.1084
       5.754     -0.06865
       5.761     -0.02891
       5.776     -0.04878
       5.784     -0.06865
       5.799     -0.06865
       5.807     -0.06865
       5.814      -0.1084
       5.822      -0.1481
       5.829       -0.168
       5.844      -0.1481
       5.852      -0.1283
        5.86     -0.06865
       5.867     -0.02891
       5.875      0.07046
       5.882       0.1301
        5.89       0.1897
       5.897       0.2294
       5.905       0.2891
        5.92       0.3089
       5.928       0.2692
       5.935       0.2294
       5.943       0.1698
        5.95       0.1102
       5.958      0.05059
       5.965     -0.02891
       5.973     -0.06865
       5.981      -0.1084
       5.988      -0.1283
       6.003     -0.06865
       6.011     -0.02891
       6.018      0.05059
       6.034      0.05059
       6.041      0.05059
       6.056      0.03071
       6.064      0.05059
       6.079      0.05059
       6.086      0.05059
       6.094      0.09033
       6.102       0.1102
       6.117       0.1698
       6.124       0.1698
       6.139       0.1698
       6.147         0.15
       6.155       0.1102
       6.162      0.07046
        6.17      0.01084
       6.177    -0.009033
       6.192      0.05059
         6.2      0.07046
       6.215       0.1102
       6.223      0.09033
        6.23      0.05059
       6.238     -0.02891
       6.245     -0.08853
       6.253       -0.168
        6.26      -0.2276
       6.268      -0.3071
       6.276      -0.3469
       6.283      -0.3668
       6.298       -0.327
       6.306      -0.2873
       6.313      -0.2475
       6.321      -0.1879
       6.329       -0.168
       6.344       -0.168
       6.351      -0.1481
       6.366      -0.1084
       6.374     -0.06865
       6.382     -0.02891
       6.397      0.05059
       6.404      0.07046
       6.412       0.1301
       6.419       0.1897
       6.427       0.2294
       6.442       0.2891
        6.45       0.2891
       6.465       0.2891
       6.472       0.2891
       6.487       0.3288
       6.495       0.3288
       6.503       0.2891
        6.51       0.2493
       6.518       0.1897
       6.525       0.1102
       6.533      0.05059
       6.533    -0.009033
        6.54     -0.04878
       6.548      -0.1283
       6.556      -0.2276
       6.563      -0.2873
       6.571      -0.3469
       6.578      -0.3866
       6.586      -0.3668
       6.601      -0.3071
       6.608      -0.2674
       6.616      -0.2078
       6.624      -0.1481
       6.631      -0.1084
       6.639     -0.04878
       6.646    -0.009033
       6.661    -0.009033
       6.684    -0.009033
       6.692    -0.009033
       6.707    -0.009033
       6.714    -0.009033
       6.722      0.03071
        6.73      0.05059
       6.745      0.07046
        6.76       0.1102
       6.767       0.1698
       6.775       0.2096
        6.79       0.2096
       6.798       0.2096
       6.813       0.1897
        6.82       0.1897
       6.828       0.1897
       6.843         0.15
       6.851         0.15
       6.866       0.1897
       6.873       0.1698
       6.881       0.1102
       6.888      0.05059
       6.888    -0.009033
       6.896     -0.04878
       6.903      -0.1084
       6.911       -0.168
       6.919      -0.2078
       6.926      -0.2276
       6.941      -0.2674
       6.949      -0.2475
       6.964      -0.2078
       6.972      -0.1879
       6.979       -0.168
       6.987      -0.1084
       6.994     -0.04878
       7.002      0.03071
       7.002    -0.009033
       7.009      0.03071
       7.017     -0.02891
       7.025     -0.08853
       7.032      -0.1481
       7.047      -0.1879
       7.055       -0.168
       7.062      -0.1283
       7.077     -0.06865
       7.085     -0.04878
       7.108    -0.009033
       7.115      0.01084
       7.123      0.09033
        7.13       0.1102
       7.146      0.09033
       7.153      0.05059
       7.168      0.07046
       7.176      0.09033
       7.191       0.1301
       7.199       0.1301
       7.214         0.15
       7.221         0.15
       7.236       0.1897
       7.251       0.2294
       7.267       0.2294
       7.282       0.2294
       7.297       0.1897
       7.304         0.15
        7.32      0.09033
       7.327      0.09033
       7.342         0.15
       7.357       0.1897
       7.365       0.2294
        7.38       0.2692
       7.388       0.2692
       7.403       0.2294
        7.41       0.1897
       7.418         0.15
       7.425       0.1102
       7.433      0.05059
       7.433    -0.009033
       7.441     -0.08853
       7.448      -0.2873
       7.456       -0.486
       7.463      -0.6251
       7.471      -0.7046
       7.478      -0.7245
       7.486      -0.6847
       7.494      -0.5854
       7.501      -0.4661
       7.501      -0.5456
       7.509      -0.3668
       7.516      -0.2674
       7.524       -0.168
       7.531     -0.08853
       7.539      0.03071
       7.539     -0.02891
       7.547      0.07046
       7.554         0.15
       7.562       0.2493
       7.569       0.3288
       7.577       0.3884
       7.584       0.4282
       7.592       0.4083
       7.599       0.3884
       7.607       0.3487
       7.615       0.2692
       7.622       0.1897
        7.63      0.09033
       7.637      0.03071
       7.637     -0.02891
       7.645      -0.1084
       7.652       -0.168
        7.66      -0.1879
       7.675       -0.168
       7.683      -0.1481
        7.69     -0.08853
       7.698     -0.02891
       7.705      0.01084
       7.721      0.09033
       7.728       0.1102
       7.736         0.15
       7.743       0.2096
       7.751       0.2891
       7.758       0.3487
       7.773       0.3487
       7.781       0.2493
       7.789       0.1301
       7.796    -0.009033
       7.804      -0.1481
       7.811      -0.2873
       7.819      -0.4264
       7.826       -0.486
       7.826      -0.5655
       7.834      -0.6251
       7.842      -0.6649
       7.857       -0.645
       7.864      -0.5854
       7.872      -0.5257
       7.879      -0.4264
       7.887      -0.3071
       7.895      -0.1879
       7.902     -0.08853
        7.91     -0.02891
       7.917      0.03071
       7.932      0.03071
        7.94      0.03071
       7.955      0.07046
        7.97      0.05059
       7.978      0.05059
       7.993      0.03071
       8.008      0.03071
       8.016      0.05059
       8.023      0.07046
       8.031       0.1301
       8.038       0.1897
       8.046       0.2493
       8.053       0.2891
       8.061       0.3487
       8.068       0.3884
       8.076       0.4282
       8.091       0.4282
       8.099       0.3686
       8.106       0.3288
       8.114       0.2692
       8.121       0.2096
       8.129       0.1698
       8.137       0.1102
       8.144      0.07046
       8.152      0.01084
       8.159     -0.08853
       8.167      -0.1879
       8.174      -0.2873
       8.182      -0.3668
       8.197       -0.327
       8.205      -0.2674
       8.212      -0.1879
        8.22     -0.08853
       8.227      0.03071
       8.227     -0.02891
       8.235      0.07046
       8.242       0.1102
        8.25         0.15
       8.265         0.15
       8.273       0.1301
       8.288      0.09033
       8.295      0.07046
       8.311      0.07046
       8.318      0.07046
       8.326      0.09033
       8.341      0.05059
       8.348      0.03071
       8.364      0.05059
       8.379     -0.02891
       8.386     -0.06865
       8.394     -0.08853
       8.409      -0.1283
       8.416      -0.1283
       8.424      -0.1283
       8.439       -0.168
       8.447       -0.168
       8.462      -0.1481
       8.469       -0.168
       8.477      -0.1879
       8.492      -0.2276
         8.5      -0.2276
       8.515       -0.168
       8.522      -0.1084
        8.53     -0.02891
       8.538      0.07046
       8.545       0.1301
       8.553       0.2096
        8.56       0.2493
       8.568       0.2891
       8.575       0.3288
       8.583       0.3487
       8.598       0.4083
       8.606       0.4083
       8.613       0.3884
       8.621       0.3288
       8.628       0.2294
       8.636       0.1301
       8.643      0.07046
       8.651     -0.02891
       8.659     -0.06865
       8.666     -0.08853
       8.681     -0.08853
       8.689     -0.02891
       8.696      0.05059
       8.696    -0.009033
       8.704      0.07046
       8.719      0.07046
       8.727       0.1102
       8.734       0.1301
       8.742       0.1698
       8.749       0.1897
       8.757         0.15
       8.764      0.09033
       8.772      0.05059
       8.772    -0.009033
        8.78     -0.02891
       8.787      -0.1084
       8.795      -0.1879
       8.802      -0.2674
        8.81      -0.3469
       8.817      -0.3866
       8.833      -0.3668
        8.84      -0.2873
       8.848      -0.1879
       8.855     -0.06865
       8.863      0.07046
       8.863    -0.009033
        8.87       0.1301
       8.878       0.2096
       8.886       0.2493
       8.893       0.2891
       8.901       0.3487
       8.908       0.3686
       8.916       0.4282
       8.923       0.4481
       8.938       0.4282
       8.946       0.3487
       8.954       0.2493
       8.961       0.1102
       8.969      0.03071
       8.969     -0.06865
       8.976       -0.168
