     0.01186        0.645
     0.01942       0.5683
     0.02699       0.4724
     0.03455       0.3765
     0.04212       0.2614
     0.04968        0.108
     0.04968    -0.007088
     0.05725       -0.103
     0.06481      -0.2756
     0.07238      -0.4098
     0.07238      -0.5249
     0.07994      -0.5441
     0.08751      -0.5824
     0.09507      -0.5633
      0.1026      -0.4866
      0.1102      -0.3907
      0.1178      -0.2564
      0.1253       -0.103
      0.1329      0.08881
      0.1329     -0.02627
      0.1405       0.1847
       0.148       0.2806
      0.1556       0.3573
      0.1632       0.3957
      0.1707       0.3573
      0.1783       0.2614
      0.1859       0.1272
      0.1934      0.03127
      0.1934       -0.103
       0.201      -0.2756
      0.2085       -0.429
      0.2161      -0.4866
      0.2161      -0.5633
      0.2237        -0.64
      0.2312      -0.6592
      0.2388      -0.6208
      0.2464      -0.5057
      0.2539      -0.3907
      0.2615      -0.2756
      0.2691      -0.1797
      0.2766     -0.06462
      0.2842      0.08881
      0.2842    -0.007088
      0.2918       0.2422
      0.2993       0.3765
      0.3069       0.4916
      0.3145       0.5491
       0.322       0.5107
      0.3296       0.3765
      0.3371       0.1655
      0.3371    -0.007088
      0.3447      0.03127
      0.3447      -0.1797
      0.3523      -0.4674
      0.3598      -0.6975
      0.3674      -0.8318
       0.375      -0.8509
      0.3825      -0.7551
      0.3901      -0.6208
      0.3977      -0.3715
      0.3977      -0.5249
      0.4052      -0.1605
      0.4128       0.1272
      0.4128     -0.02627
      0.4204       0.2998
      0.4279       0.4916
      0.4355       0.6066
      0.4431       0.6642
      0.4506       0.6258
      0.4582       0.5683
      0.4658        0.434
      0.4733       0.3189
      0.4809       0.1463
      0.4884      0.05045
      0.4884     -0.06462
       0.496      -0.1989
      0.5036      -0.3523
      0.5111      -0.4674
      0.5187      -0.5249
      0.5263      -0.4866
      0.5338      -0.3715
      0.5414      -0.2564
       0.549      -0.1222
      0.5565      0.05045
      0.5565     -0.04545
      0.5641        0.108
      0.5717       0.2039
      0.5792       0.2806
      0.5868       0.3573
      0.5944       0.3957
      0.6095       0.3957
      0.6171       0.2998
      0.6246       0.1847
      0.6322      0.06963
      0.6322    -0.007088
      0.6397     -0.04545
      0.6473      -0.1222
      0.6549      -0.1797
        0.67      -0.1797
      0.6776      -0.1605
      0.6851       -0.103
      0.6927     -0.04545
      0.7003      0.05045
      0.7003    -0.007088
      0.7078        0.108
      0.7154       0.1655
       0.723       0.2039
      0.7381       0.1655
      0.7457      0.08881
      0.7532      0.01209
      0.7608     -0.04545
      0.7683      -0.0838
      0.7759      -0.0838
      0.7835     -0.02627
       0.791      0.08881
      0.7986       0.1847
      0.8062       0.2806
      0.8137       0.3381
      0.8289       0.3189
      0.8364       0.2422
       0.844        0.108
      0.8516      0.05045
      0.8516     -0.04545
      0.8591      -0.1222
      0.8667      -0.1797
      0.8818      -0.1989
      0.8894      -0.1797
      0.9045      -0.1605
      0.9121      -0.1413
      0.9196      -0.0838
      0.9272      0.03127
      0.9272     -0.02627
      0.9348      0.08881
      0.9423       0.1847
      0.9499       0.3189
      0.9575        0.434
       0.965       0.5107
      0.9726       0.4724
      0.9802       0.3765
      0.9877       0.2422
      0.9953        0.108
       1.003      0.03127
        1.01     -0.02627
       1.018       -0.103
       1.026      -0.1797
       1.033      -0.2372
       1.048      -0.2181
       1.056      -0.1605
       1.063      -0.1222
       1.071     -0.06462
       1.079     -0.04545
       1.094     -0.02627
       1.101     -0.02627
       1.116     -0.04545
       1.124      -0.0838
       1.131       -0.103
       1.139     -0.06462
       1.147     -0.02627
       1.154      0.03127
       1.162     -0.04545
       1.169      -0.1222
       1.177      -0.2181
       1.184      -0.2564
       1.192      -0.2372
         1.2      -0.1797
       1.207      -0.1222
       1.215     -0.06462
       1.222      0.01209
        1.23      0.05045
       1.245      0.01209
       1.253     -0.04545
        1.26      -0.1605
       1.268      -0.2756
       1.275      -0.3523
        1.29      -0.3715
       1.298      -0.4098
       1.305      -0.4674
       1.313      -0.4866
       1.321      -0.4482
       1.328      -0.3715
       1.336      -0.2372
       1.343      0.05045
       1.343      -0.0838
       1.351       0.1463
       1.358       0.3573
       1.366       0.4916
       1.374       0.5491
       1.381        0.434
       1.389       0.2806
       1.396       0.1463
       1.404      0.03127
       1.411     -0.02627
       1.419     -0.06462
       1.426       -0.103
       1.434       -0.103
       1.442     -0.04545
       1.449      0.03127
       1.449    -0.007088
       1.457      0.05045
       1.464      0.08881
       1.472       0.1272
       1.479       0.1655
       1.487       0.1847
       1.495       0.2231
       1.502       0.2422
       1.517       0.2422
       1.525       0.2231
        1.54       0.2039
       1.548       0.1655
       1.555       0.1272
       1.563      0.06963
        1.57     -0.04545
       1.578      -0.1413
       1.585      -0.2372
       1.593      -0.3139
         1.6      -0.3523
       1.608      -0.3715
       1.616      -0.3523
       1.623      -0.3331
       1.631      -0.2756
       1.638      -0.1605
       1.646      0.03127
       1.646     -0.06462
       1.653      0.08881
       1.661       0.1847
       1.669       0.2422
       1.676       0.2614
       1.691       0.3189
       1.706       0.3381
       1.714       0.3189
       1.722       0.2614
       1.729       0.1272
       1.737      0.05045
       1.737     -0.04545
       1.744      -0.1222
       1.752      -0.2181
       1.759      -0.2181
       1.767      -0.1797
       1.774      -0.0838
       1.782      0.03127
       1.782     -0.02627
        1.79      0.05045
       1.797      0.05045
       1.812      0.05045
        1.82      0.08881
       1.827       0.1272
       1.835       0.1463
        1.85       0.1272
       1.858       0.1272
       1.865       0.1463
        1.88      0.08881
       1.888      0.03127
       1.896     -0.02627
       1.903      -0.0838
       1.911       -0.103
       1.926      -0.0838
       1.933     -0.06462
       1.941      0.03127
       1.941    -0.007088
       1.948      0.06963
       1.956       0.1463
       1.964       0.2231
       1.971       0.2614
       1.979       0.2998
       1.986       0.2998
       1.994       0.2614
       2.001       0.2231
       2.009       0.1655
       2.017      0.08881
       2.024    -0.007088
       2.032       -0.103
       2.039      -0.2181
       2.047      -0.2948
       2.054      -0.3331
       2.062      -0.3331
        2.07      -0.2756
       2.077      -0.1989
       2.085      -0.0838
       2.092      0.08881
       2.092     -0.02627
         2.1       0.2231
       2.107       0.3957
       2.115       0.5683
       2.115       0.4724
       2.122        0.645
       2.138       0.6642
       2.145       0.5875
       2.145       0.4916
       2.153       0.4148
        2.16       0.2422
       2.168        0.108
       2.168     -0.04545
       2.175      -0.1797
       2.183      -0.3715
       2.183      -0.5441
       2.191      -0.6592
       2.198      -0.8318
       2.206      -0.9468
       2.213      -0.9277
       2.221      -0.8318
       2.228      -0.6783
       2.236      -0.4674
       2.236      -0.5633
       2.244      -0.4098
       2.251      -0.2948
       2.259      -0.1989
       2.266     -0.06462
       2.274        0.108
       2.274    -0.007088
       2.281       0.2614
       2.289       0.5299
       2.289       0.4148
       2.296       0.5683
       2.304       0.5875
       2.312        0.434
       2.319       0.2422
       2.327      0.01209
       2.334      -0.1989
       2.342      -0.3139
       2.349      -0.3523
       2.357      -0.3523
       2.372      -0.2948
        2.38      -0.2756
       2.387      -0.1989
       2.395      -0.0838
       2.402      0.08881
       2.402    -0.007088
        2.41       0.2231
       2.418       0.3189
       2.425       0.3765
       2.433       0.3573
        2.44       0.2998
       2.448       0.2039
       2.455      0.08881
       2.463      0.03127
       2.463     -0.04545
        2.47       -0.103
       2.478      -0.1413
       2.486      -0.1413
       2.493      -0.0838
       2.501     -0.02627
       2.508      0.06963
       2.516       0.1272
       2.523       0.1847
       2.539       0.2231
       2.546       0.2422
       2.554       0.2614
       2.569       0.2806
       2.576       0.2231
       2.584        0.108
       2.591      0.05045
       2.591     -0.04545
       2.599      -0.1222
       2.607      -0.2181
       2.614      -0.2372
       2.622      -0.1989
       2.629      -0.0838
       2.637      0.03127
       2.644       0.1655
       2.652       0.2806
        2.66       0.3573
       2.667       0.4148
       2.682       0.4148
        2.69       0.2998
       2.697       0.1655
       2.705      0.01209
       2.713      -0.1222
        2.72      -0.2372
       2.728      -0.3715
       2.735      -0.5057
       2.743      -0.6016
        2.75        -0.64
       2.758      -0.6016
       2.765      -0.5057
       2.773      -0.3907
       2.781      -0.2372
       2.788       -0.103
       2.796      0.03127
       2.796     -0.02627
       2.803      0.05045
       2.811      0.08881
       2.826        0.108
       2.834      0.06963
       2.841      0.01209
       2.849     -0.06462
       2.856      -0.1413
       2.864      -0.2181
       2.879      -0.1605
       2.887      0.03127
       2.887     -0.06462
       2.894       0.1272
       2.902       0.2806
       2.909       0.4148
       2.917       0.5683
       2.917       0.4916
       2.924        0.645
       2.932       0.6833
       2.939       0.7025
       2.947       0.6833
       2.955       0.6066
       2.962       0.5491
       2.962       0.4148
        2.97       0.2039
       2.977      0.06963
       2.977      -0.1222
       2.985      -0.2948
       2.992      -0.4866
           3      -0.5633
           3      -0.6208
       3.008      -0.6783
       3.023      -0.6783
        3.03      -0.5824
        3.03        -0.64
       3.038      -0.4866
       3.045      -0.2948
       3.053      0.05045
       3.053       -0.103
       3.061       0.1463
       3.068       0.3381
       3.076       0.5299
       3.076       0.4532
       3.083       0.5683
       3.091       0.6258
       3.106       0.6066
       3.113       0.5683
       3.129       0.5107
       3.136       0.4724
       3.144       0.4148
       3.151       0.3381
       3.159       0.2039
       3.166      0.08881
       3.166     -0.02627
       3.174      -0.1222
       3.182      -0.2756
       3.189      -0.3715
       3.197      -0.4098
       3.204      -0.3907
       3.212      -0.3139
       3.219      -0.1797
       3.227     -0.06462
       3.235      0.06963
       3.242       0.1272
        3.25       0.1463
       3.265      0.08881
       3.272      0.05045
        3.28    -0.007088
       3.287     -0.06462
       3.295      -0.1222
       3.303      -0.1797
        3.31      -0.2181
       3.318      -0.2181
       3.325      -0.1989
       3.333      -0.1605
        3.34      -0.1222
       3.356      -0.1222
       3.363      -0.1222
       3.371      -0.0838
       3.378     -0.02627
       3.386      0.01209
       3.393      0.03127
       3.401    -0.007088
       3.409     -0.02627
       3.416     -0.04545
       3.431      -0.0838
       3.439      -0.1222
       3.446      -0.1605
       3.454      -0.1797
       3.469      -0.1989
       3.477      -0.1413
       3.484     -0.06462
       3.492      0.01209
       3.499       0.1272
       3.507       0.1847
       3.522       0.1272
        3.53      0.06963
        3.53    -0.007088
       3.537     -0.04545
       3.545       -0.103
       3.552      -0.1222
       3.567      -0.1222
       3.575       -0.103
        3.59       -0.103
       3.598       -0.103
       3.613      -0.1413
        3.62       -0.103
       3.628     -0.04545
       3.635      0.06963
       3.643        0.108
       3.658      0.08881
       3.666      0.05045
       3.673    -0.007088
       3.681      0.05045
       3.688      0.06963
       3.696       0.1272
       3.704       0.1272
       3.711       0.1272
       3.719      0.08881
       3.734      0.03127
       3.741      0.03127
       3.756      0.03127
       3.764      0.01209
       3.772     -0.02627
       3.779      -0.0838
       3.787      -0.1413
       3.794      -0.2372
       3.802      -0.3139
       3.809      -0.3907
       3.817      -0.3907
       3.825      -0.3523
       3.832      -0.2756
        3.84      -0.1605
       3.847     -0.04545
       3.855      0.05045
       3.855    -0.007088
       3.862      0.08881
       3.878       0.1272
       3.885        0.108
         3.9       0.1463
       3.908       0.2231
       3.915       0.3189
       3.923       0.3765
       3.938       0.3189
       3.946       0.2231
       3.953        0.108
       3.961      0.03127
       3.961     -0.04545
       3.968      -0.1413
       3.976      -0.2564
       3.983      -0.3523
       3.991      -0.4098
       3.999      -0.4098
       4.006      -0.3523
       4.014      -0.2564
       4.021      -0.1605
       4.029     -0.06462
       4.036      0.03127
       4.044        0.108
       4.052       0.1847
       4.059       0.2422
       4.067       0.2806
       4.074       0.2231
       4.082       0.1463
       4.089      0.06963
       4.097      0.01209
       4.104    -0.007088
        4.12    -0.007088
       4.127     -0.02627
       4.135     -0.06462
       4.142      -0.1222
        4.15      -0.1797
       4.165      -0.1605
       4.173      -0.1413
       4.188      -0.0838
       4.195     -0.02627
       4.203      0.05045
        4.21      0.08881
       4.218       0.1272
       4.226       0.1655
       4.241       0.1655
       4.248       0.1463
       4.256        0.108
       4.263      0.06963
       4.271    -0.007088
       4.278     -0.04545
       4.294     -0.06462
       4.301     -0.06462
       4.309     -0.06462
       4.316       -0.103
       4.324      -0.1413
       4.331      -0.1797
       4.339      -0.1989
       4.347      -0.1797
       4.354      -0.1222
       4.362     -0.04545
       4.369      0.06963
       4.377       0.1272
       4.384       0.1847
       4.392       0.2231
         4.4       0.2039
       4.407       0.1655
       4.415       0.1272
        4.43      0.06963
       4.437      0.05045
       4.445      0.01209
        4.46     -0.02627
       4.468     -0.02627
       4.475    -0.007088
       4.483     -0.04545
        4.49      -0.0838
       4.498      -0.1413
       4.505      -0.1797
       4.513      -0.1797
       4.521      -0.1222
       4.528     -0.06462
       4.536     -0.02627
       4.551     -0.02627
       4.558     -0.04545
       4.574      -0.0838
       4.581     -0.06462
       4.589     -0.02627
       4.596      0.03127
       4.604      0.06963
       4.611        0.108
       4.619       0.1272
       4.626       0.1655
       4.634       0.2039
       4.649       0.2614
       4.657       0.2422
       4.664       0.2231
       4.672       0.1847
       4.679        0.108
       4.687      0.01209
       4.695     -0.06462
       4.702      -0.1413
        4.71      -0.1989
       4.717      -0.1797
       4.725      -0.1413
       4.732      -0.0838
        4.74     -0.02627
       4.747      0.03127
       4.755      0.03127
        4.77    -0.007088
       4.778     -0.02627
       4.793    -0.007088
         4.8      0.01209
       4.816      0.06963
       4.823      0.08881
       4.838       0.1272
       4.846       0.1272
       4.853       0.1463
       4.861       0.1847
       4.869       0.2422
       4.876       0.2998
       4.884       0.3189
       4.891       0.2422
       4.899       0.1272
       4.906      0.05045
       4.906     -0.04545
       4.914       -0.103
       4.921      -0.1605
       4.937      -0.1797
       4.944      -0.1605
       4.959       -0.103
       4.967     -0.04545
       4.974      0.06963
       4.974    -0.007088
       4.982       0.1463
        4.99       0.2231
       4.997       0.2614
       5.012       0.2806
        5.02       0.2614
       5.035       0.2231
       5.043       0.2231
       5.058       0.2039
       5.065       0.1272
       5.073      0.03127
        5.08      -0.0838
       5.088      -0.1605
       5.095      -0.2372
       5.103      -0.2756
       5.111      -0.2564
       5.126      -0.2181
       5.133      -0.1989
       5.148      -0.2181
       5.164      -0.2564
       5.171      -0.2564
       5.179      -0.2181
       5.186      -0.1222
       5.194      0.03127
       5.194     -0.04545
       5.201      0.06963
       5.209       0.1272
       5.217       0.2039
       5.224       0.2806
       5.232       0.3381
       5.239       0.3765
       5.247       0.3573
       5.254       0.2998
       5.262       0.2039
       5.269      0.08881
       5.277      0.03127
       5.277     -0.02627
       5.285      -0.0838
       5.292      -0.1413
       5.307      -0.1797
       5.315      -0.1797
        5.33      -0.1797
       5.338      -0.1413
       5.345       -0.103
       5.353     -0.04545
        5.36    -0.007088
       5.368      0.03127
       5.375      0.01209
       5.391     -0.02627
       5.398    -0.007088
       5.406      0.05045
       5.413      0.08881
       5.428      0.05045
       5.436     -0.02627
       5.443      -0.0838
       5.451      -0.1222
       5.466      -0.1222
       5.474      -0.0838
       5.481     -0.04545
       5.489      0.01209
       5.496      0.08881
       5.504       0.1463
       5.519       0.1655
       5.527       0.1463
       5.534       0.1655
       5.549       0.1272
       5.557      0.06963
       5.565      0.03127
       5.565    -0.007088
        5.58     -0.04545
       5.587     -0.02627
        5.61     -0.02627
       5.617     -0.06462
       5.625       -0.103
       5.633      -0.1413
       5.648       -0.103
       5.655      0.03127
       5.655     -0.02627
       5.663      0.05045
        5.67      0.08881
       5.678      0.05045
       5.678    -0.007088
       5.686     -0.04545
       5.693      -0.1222
       5.701      -0.1605
       5.716      -0.1413
       5.723       -0.103
       5.731     -0.04545
       5.739    -0.007088
       5.746    -0.007088
       5.761      0.03127
       5.769      0.03127
       5.784      0.03127
       5.791      0.01209
       5.799      0.03127
       5.814       0.1272
       5.822       0.2231
       5.829       0.2998
       5.837       0.3765
       5.844       0.4148
        5.86       0.4148
       5.867       0.3765
       5.875       0.3381
       5.882       0.2806
        5.89       0.2231
       5.897       0.1655
       5.905        0.108
       5.912      0.05045
       5.912    -0.007088
        5.92     -0.04545
       5.928      -0.1413
       5.935      -0.2564
       5.943      -0.3523
        5.95       -0.429
       5.958      -0.4674
       5.973       -0.429
       5.981      -0.3523
       5.988      -0.2756
       5.996      -0.1605
       6.003     -0.06462
       6.011     -0.02627
       6.018      0.05045
       6.026      0.06963
       6.034        0.108
       6.041       0.1463
       6.056       0.1272
       6.064        0.108
       6.079      0.06963
       6.086      0.05045
       6.094     -0.02627
       6.102     -0.06462
       6.109      -0.1413
       6.117      -0.2372
       6.124      -0.3139
       6.132      -0.3715
       6.139      -0.4098
       6.147      -0.3907
       6.155      -0.3139
       6.162      -0.2372
        6.17      -0.1605
       6.177      -0.0838
       6.185     -0.04545
         6.2     -0.04545
       6.208     -0.06462
       6.215     -0.06462
        6.23     -0.04545
       6.238     -0.02627
       6.245      0.03127
       6.253       0.1272
        6.26       0.2231
       6.268       0.3381
       6.276       0.4148
       6.283       0.4532
       6.298       0.4724
       6.306       0.3765
       6.313       0.2422
       6.321        0.108
       6.321     -0.02627
       6.329       -0.103
       6.336      -0.2948
       6.344       -0.429
       6.351      -0.4866
       6.351      -0.5249
       6.366      -0.4482
       6.374      -0.3907
       6.382      -0.2948
       6.389      -0.1989
       6.397     -0.06462
       6.404      0.06963
       6.412       0.2039
       6.419       0.3381
       6.427        0.434
       6.434       0.5107
       6.442       0.5491
       6.457       0.5875
       6.465       0.5875
       6.472       0.5491
        6.48       0.5107
       6.487        0.434
       6.495       0.3765
       6.503       0.3189
       6.518       0.2614
       6.525       0.1655
       6.533      0.08881
       6.533     -0.02627
        6.54      -0.1222
       6.548      -0.2756
       6.556      -0.3523
       6.563      -0.2756
       6.571      -0.1797
       6.578     -0.06462
       6.586      0.01209
       6.593      0.06963
       6.601       0.1655
       6.608       0.2231
       6.616       0.2998
       6.624       0.3381
       6.631       0.3189
       6.639       0.2231
       6.646        0.108
       6.646     -0.02627
       6.654      -0.1222
       6.661      -0.2564
       6.669      -0.3523
       6.684      -0.2948
       6.692      -0.2564
       6.699      -0.2372
       6.707      -0.2948
       6.714      -0.3715
       6.722       -0.429
        6.73      -0.4674
       6.737       -0.429
       6.745      -0.3331
       6.752      -0.2181
        6.76      -0.0838
       6.767      0.01209
       6.775        0.108
       6.782       0.1463
       6.798       0.1655
       6.805       0.1272
       6.813      0.06963
       6.813    -0.007088
        6.82      -0.0838
       6.828      -0.1989
       6.835      -0.3139
       6.843      -0.3907
       6.851      -0.4098
       6.866      -0.3907
       6.873      -0.3523
       6.881      -0.2948
       6.888      -0.2564
       6.896      -0.2181
       6.903      -0.1797
       6.911       -0.103
       6.919      0.01209
       6.926        0.108
       6.934       0.2039
       6.941       0.2806
       6.949       0.3381
       6.956       0.3765
       6.964        0.434
       6.972       0.4724
       6.979       0.4916
       6.987       0.4916
       6.994        0.434
       7.002       0.3573
       7.009       0.2422
       7.017        0.108
       7.025      0.03127
       7.025      -0.0838
       7.032      -0.1989
        7.04      -0.2948
       7.047      -0.3331
       7.055      -0.3139
       7.062      -0.2564
        7.07      -0.1989
       7.077       -0.103
       7.085      0.03127
       7.085     -0.02627
       7.093      0.08881
         7.1       0.1655
       7.108       0.2422
       7.115       0.2806
       7.123       0.3189
        7.13       0.3573
       7.138       0.4148
       7.146       0.4724
       7.153       0.5491
       7.168       0.5491
       7.168       0.4916
       7.176       0.4532
       7.183       0.3573
       7.191       0.2422
       7.199       0.1272
       7.206      0.03127
       7.214      -0.0838
       7.221      -0.1989
       7.229      -0.2756
       7.236      -0.3139
       7.244      -0.3331
       7.259      -0.2756
       7.267      -0.2181
       7.274      -0.1222
       7.282     -0.04545
       7.289      0.06963
       7.297       0.1655
       7.304       0.2422
       7.312       0.2998
       7.327       0.2998
       7.335       0.2614
       7.342       0.2039
        7.35       0.1272
       7.357      0.06963
       7.357    -0.007088
       7.365     -0.04545
       7.373      -0.1222
        7.38      -0.1797
       7.388      -0.2181
       7.395      -0.2372
        7.41      -0.1989
       7.425      -0.1413
       7.433      -0.1222
       7.448       -0.103
       7.456       -0.103
       7.463       -0.103
       7.471      -0.1413
       7.486      -0.1797
       7.494      -0.1605
       7.509      -0.1413
       7.516      -0.1797
       7.524      -0.2372
       7.531      -0.3139
       7.539      -0.4098
       7.547      -0.4674
       7.554      -0.4866
       7.562      -0.4674
       7.569       -0.429
       7.577      -0.3523
       7.584      -0.2564
       7.592      -0.1222
       7.599      0.01209
       7.607       0.1463
       7.615       0.2422
       7.622       0.3189
       7.637       0.3573
       7.645       0.3765
       7.652       0.3957
       7.668       0.4148
       7.675       0.4532
       7.683       0.5107
        7.69       0.5875
       7.698       0.6066
       7.705       0.5683
       7.705       0.4916
       7.713       0.3957
       7.721       0.2422
       7.728        0.108
       7.736      0.03127
       7.736    -0.007088
       7.751     -0.02627
       7.758    -0.007088
       7.773    -0.007088
       7.781      0.03127
       7.796      0.06963
       7.811     -0.06462
       7.819      -0.1605
       7.826      -0.2756
       7.834      -0.3331
       7.842      -0.3715
       7.849      -0.3523
       7.857      -0.3139
       7.864      -0.3331
       7.872      -0.3907
       7.879      -0.4482
       7.887      -0.5249
       7.895      -0.4866
       7.895      -0.5249
       7.902       -0.429
        7.91      -0.3331
       7.917      -0.1989
       7.925      0.03127
       7.925     -0.06462
       7.932        0.108
        7.94       0.2422
       7.947       0.3765
       7.955       0.4532
       7.963       0.5107
        7.97       0.5299
       7.985       0.5299
       7.993       0.4724
           8       0.3957
       8.008       0.2231
       8.016      0.05045
       8.023      -0.1222
       8.031      -0.2372
       8.038      -0.2756
       8.053      -0.2948
       8.061      -0.2948
       8.068      -0.2756
       8.076      -0.2564
       8.084      -0.1989
       8.091      -0.1413
       8.099     -0.06462
       8.106    -0.007088
       8.121    -0.007088
       8.129     -0.02627
       8.137     -0.06462
       8.144       -0.103
       8.152      -0.1797
       8.159      -0.2564
       8.167      -0.3139
       8.174      -0.3715
       8.182      -0.3907
        8.19      -0.3523
       8.197      -0.3139
       8.205      -0.2756
       8.212      -0.2181
        8.22      -0.1605
       8.227      -0.0838
       8.235      0.03127
       8.235     -0.02627
       8.242      0.06963
        8.25       0.1272
        8.25      0.08881
       8.258       0.1463
       8.273       0.1847
        8.28       0.1655
       8.288       0.1655
       8.303       0.1655
       8.311       0.1272
       8.318      0.06963
       8.318    -0.007088
       8.326     -0.06462
       8.333      -0.1797
       8.341      -0.2372
       8.356      -0.1413
       8.364     -0.06462
       8.371      0.08881
       8.379       0.2039
       8.386       0.3381
       8.394        0.434
       8.401       0.5299
       8.409       0.5683
       8.424       0.5875
       8.432       0.5491
       8.439       0.4916
       8.447       0.4532
       8.454       0.3957
       8.462       0.3573
       8.469       0.3189
       8.477       0.2614
       8.485       0.2039
       8.492       0.1655
         8.5       0.1272
       8.507      0.06963
       8.507    -0.007088
       8.515     -0.04545
       8.522      -0.1413
        8.53      -0.1797
       8.545      -0.1222
       8.553      0.03127
       8.553     -0.04545
        8.56      0.08881
       8.568       0.2039
       8.575       0.3189
       8.583       0.3957
       8.598       0.3573
       8.606       0.2806
       8.613       0.1847
       8.621        0.108
       8.628      0.05045
       8.636      0.01209
       8.643    -0.007088
       8.651     -0.04545
       8.659     -0.06462
       8.674       -0.103
       8.681      -0.0838
       8.689       -0.103
       8.696      -0.1605
       8.704      -0.2372
       8.712      -0.2948
       8.727      -0.2564
       8.734      -0.1989
       8.742      -0.1605
       8.749      -0.1222
       8.757       -0.103
       8.764     -0.06462
       8.772     -0.02627
       8.787     -0.02627
       8.795     -0.06462
        8.81      -0.0838
       8.817       -0.103
       8.825      -0.1413
       8.833      -0.1989
        8.84      -0.2756
       8.848      -0.3331
       8.855      -0.3715
        8.87      -0.4098
       8.878      -0.3907
       8.886      -0.3715
       8.893      -0.2948
       8.901      -0.1989
       8.908      -0.1222
       8.916      0.03127
       8.916     -0.02627
       8.923      0.08881
       8.931       0.1655
       8.938       0.2039
       8.954       0.2231
       8.961       0.2039
       8.976       0.1463
