     0.01186     -0.04878
     0.01942     -0.02927
     0.03455    -0.009756
     0.04212    -0.009756
     0.05725     0.009756
     0.06481     0.009756
     0.07994      0.02927
     0.08751      0.02927
      0.1026     0.009756
      0.1102    -0.009756
      0.1178    -0.009756
      0.1405     -0.02927
       0.148     -0.02927
      0.1556    -0.009756
      0.1707     0.009756
      0.1783      0.02927
      0.1934      0.02927
       0.201      0.02927
      0.2161      0.02927
      0.2237      0.02927
      0.2388     0.009756
      0.2539     -0.02927
      0.2615     -0.02927
      0.2691    -0.009756
      0.2842    -0.009756
      0.2918    -0.009756
      0.3069     -0.04878
       0.322      -0.0878
      0.3296      -0.0878
      0.3447      -0.0878
      0.3523     -0.06829
      0.3674     -0.02927
      0.3825    -0.009756
      0.3901    -0.009756
      0.3977     0.009756
      0.4128      0.02927
      0.4204      0.02927
      0.4279      0.04878
      0.4431      0.06829
      0.4506      0.06829
      0.4658      0.06829
      0.4733      0.06829
      0.4809      0.06829
       0.496      0.04878
      0.5036      0.04878
      0.5111      0.06829
      0.5338      0.02927
      0.5414    -0.009756
      0.5565     -0.02927
      0.5717     -0.02927
      0.5792    -0.009756
      0.5944     0.009756
      0.6019      0.02927
      0.6171      0.02927
      0.6246      0.02927
      0.6397      0.02927
      0.6473     0.009756
      0.6624     0.009756
        0.67     0.009756
      0.6851     0.009756
      0.7003    -0.009756
      0.7078     -0.02927
       0.723     -0.02927
      0.7381     0.009756
      0.7532      0.02927
      0.7608      0.02927
      0.7759      0.02927
      0.7835      0.02927
      0.7986     0.009756
      0.8137     -0.02927
      0.8213     -0.02927
      0.8364    -0.009756
      0.8516     -0.02927
      0.8591    -0.009756
      0.8743     0.009756
      0.8818      0.02927
       0.897      0.02927
      0.9045      0.02927
      0.9121      0.02927
      0.9348     -0.02927
      0.9423     -0.04878
      0.9575      -0.0878
       0.965      -0.0878
      0.9802     -0.06829
      0.9953     -0.02927
       1.003    -0.009756
       1.018      0.02927
       1.026      0.04878
       1.041      0.04878
       1.048      0.02927
       1.056     0.009756
       1.071     -0.04878
       1.094     -0.04878
       1.101     -0.02927
       1.116    -0.009756
       1.124     0.009756
       1.147      0.02927
       1.154      0.02927
       1.162     0.009756
       1.177     -0.04878
       1.192      -0.0878
         1.2      -0.0878
       1.207     -0.06829
       1.215     -0.02927
       1.222     0.009756
       1.237      0.02927
       1.245      0.02927
        1.26      0.06829
       1.275       0.0878
       1.283       0.1073
       1.298       0.0878
       1.305      0.06829
       1.313      0.06829
       1.328      0.02927
       1.336      0.02927
       1.351      0.02927
       1.366     0.009756
       1.374     0.009756
       1.389     0.009756
       1.396     0.009756
       1.411      0.04878
       1.419      0.06829
       1.434      0.04878
       1.442      0.02927
       1.457    -0.009756
       1.464    -0.009756
       1.479    -0.009756
       1.487    -0.009756
       1.502    -0.009756
        1.51    -0.009756
       1.525     0.009756
       1.532      0.02927
       1.548      0.02927
       1.555      0.02927
       1.563     0.009756
       1.578     -0.04878
       1.585     -0.04878
         1.6     -0.04878
       1.608     -0.02927
       1.623     -0.02927
       1.631    -0.009756
       1.646    -0.009756
       1.653    -0.009756
       1.669    -0.009756
       1.684     -0.04878
       1.691     -0.04878
       1.706     -0.06829
       1.714     -0.04878
       1.737     -0.04878
       1.744     -0.04878
       1.759     -0.04878
       1.767     -0.04878
       1.782     -0.04878
        1.79     -0.04878
       1.797     -0.02927
       1.812     -0.04878
        1.82     -0.04878
       1.835     -0.04878
       1.843     -0.02927
       1.858    -0.009756
       1.865     0.009756
        1.88      0.02927
       1.888      0.02927
       1.903      0.02927
       1.911      0.02927
       1.933     0.009756
       1.941     0.009756
       1.956      0.02927
       1.971      0.02927
       1.979      0.02927
       1.994      0.02927
       2.001      0.02927
       2.017     0.009756
       2.024      0.02927
       2.039      0.02927
       2.047      0.02927
       2.062     0.009756
        2.07      0.02927
       2.085      0.02927
       2.092      0.02927
       2.107      0.02927
       2.115      0.02927
        2.13    -0.009756
       2.138     -0.02927
       2.153     -0.02927
        2.16    -0.009756
       2.175     0.009756
       2.183      0.02927
       2.198      0.04878
       2.206      0.04878
       2.221      0.04878
       2.236     0.009756
       2.244    -0.009756
       2.259     -0.02927
       2.266     -0.04878
       2.281     -0.02927
       2.296    -0.009756
       2.304     0.009756
       2.319      0.02927
       2.327      0.02927
       2.342      0.02927
       2.349      0.02927
       2.365      0.02927
       2.372     0.009756
        2.38    -0.009756
       2.387     -0.04878
       2.402     -0.06829
        2.41     -0.04878
       2.425     0.009756
       2.433      0.02927
       2.448      0.06829
       2.463      0.06829
        2.47      0.06829
       2.486      0.06829
       2.493      0.06829
       2.508      0.02927
       2.516    -0.009756
       2.523     -0.04878
       2.539     -0.06829
       2.546     -0.04878
       2.561     -0.02927
       2.569    -0.009756
       2.584      0.02927
       2.591      0.04878
       2.607      0.06829
       2.614      0.06829
       2.622      0.06829
       2.637      0.02927
       2.644     0.009756
        2.66     -0.04878
       2.667     -0.02927
       2.682      0.02927
        2.69      0.04878
       2.705      0.04878
       2.713      0.06829
       2.735       0.0878
       2.743       0.0878
       2.758      0.06829
       2.765      0.04878
       2.773      0.04878
       2.788     0.009756
       2.796    -0.009756
       2.811    -0.009756
       2.818     0.009756
       2.834      0.02927
       2.841      0.02927
       2.849      0.04878
       2.864      0.02927
       2.871      0.02927
       2.887     0.009756
       2.902     -0.02927
       2.909     -0.06829
       2.924      -0.1073
       2.932      -0.1073
       2.939      -0.0878
       2.947     -0.04878
       2.955    -0.009756
       2.962      0.04878
        2.97      0.04878
       2.977      0.06829
       2.992      0.04878
           3      0.02927
       3.015      0.04878
       3.023      0.04878
       3.038      0.04878
       3.045      0.02927
       3.061     0.009756
       3.076     0.009756
       3.083     0.009756
       3.098     0.009756
       3.113    -0.009756
       3.121    -0.009756
       3.136     0.009756
       3.144      0.02927
       3.159     0.009756
       3.166     0.009756
       3.182    -0.009756
       3.197     -0.02927
       3.204    -0.009756
       3.219    -0.009756
       3.227     -0.02927
       3.235     -0.02927
        3.25     -0.04878
       3.257     -0.04878
       3.272     -0.02927
        3.28     -0.02927
       3.295    -0.009756
       3.303    -0.009756
       3.318    -0.009756
       3.325    -0.009756
       3.333    -0.009756
       3.348     -0.04878
       3.356     -0.06829
       3.371     -0.04878
       3.386     -0.04878
       3.393     -0.04878
       3.409     -0.02927
       3.424     -0.02927
       3.431     -0.02927
       3.439     -0.02927
       3.454     -0.02927
       3.461     -0.02927
       3.469    -0.009756
       3.484    -0.009756
       3.492    -0.009756
       3.507    -0.009756
       3.522    -0.009756
        3.53     0.009756
       3.537      0.04878
       3.552       0.0878
        3.56       0.0878
       3.575      0.04878
       3.582      0.02927
        3.59    -0.009756
       3.598     -0.04878
       3.613      -0.0878
        3.62      -0.1073
       3.635      -0.1073
       3.643      -0.0878
       3.651     -0.04878
       3.666     0.009756
       3.673      0.02927
       3.688      0.02927
       3.696      0.02927
       3.711      0.04878
       3.734      0.04878
       3.741      0.02927
       3.756     0.009756
       3.764     0.009756
       3.779     0.009756
       3.787      0.02927
       3.802     0.009756
       3.809     0.009756
       3.817     0.009756
       3.832    -0.009756
        3.84    -0.009756
       3.855     -0.02927
       3.862    -0.009756
       3.878    -0.009756
       3.885    -0.009756
       3.893     0.009756
       3.908      0.02927
       3.915      0.02927
       3.938     0.009756
       3.946     0.009756
       3.961     0.009756
       3.968     0.009756
       3.983      0.02927
       3.991      0.02927
       4.006     0.009756
       4.014     0.009756
       4.029      0.02927
       4.036      0.04878
       4.052      0.04878
       4.059      0.02927
       4.067      0.02927
       4.082    -0.009756
       4.089     -0.02927
       4.097     -0.02927
       4.112     -0.04878
        4.12     -0.06829
       4.135     -0.04878
        4.15     -0.02927
       4.157    -0.009756
       4.173     0.009756
        4.18     0.009756
       4.195     0.009756
       4.203     0.009756
       4.218     -0.02927
       4.226     -0.06829
       4.241      -0.0878
       4.248     -0.06829
       4.263     -0.02927
       4.271    -0.009756
       4.278     0.009756
       4.294      0.02927
       4.301      0.04878
       4.316      0.06829
       4.324      0.04878
       4.339      0.04878
       4.347      0.04878
       4.354      0.04878
       4.369      0.02927
       4.377      0.02927
       4.392    -0.009756
         4.4    -0.009756
       4.415    -0.009756
       4.422     0.009756
       4.437     0.009756
       4.445     0.009756
        4.46    -0.009756
       4.468    -0.009756
       4.483    -0.009756
        4.49    -0.009756
       4.498     0.009756
       4.513      0.02927
       4.521      0.02927
       4.536     0.009756
       4.543    -0.009756
       4.558    -0.009756
       4.566    -0.009756
       4.581    -0.009756
       4.589     -0.02927
       4.604     -0.02927
       4.611     -0.02927
       4.626    -0.009756
       4.634    -0.009756
       4.649    -0.009756
       4.657    -0.009756
       4.672     0.009756
       4.679     0.009756
       4.695     0.009756
        4.71     -0.02927
       4.717     -0.02927
       4.732     -0.02927
        4.74     -0.02927
       4.755    -0.009756
        4.77      0.04878
       4.778      0.06829
       4.793      0.06829
         4.8      0.06829
       4.816      0.02927
       4.823     0.009756
       4.831    -0.009756
       4.838     -0.04878
       4.853      -0.0878
       4.861     -0.06829
       4.876     -0.02927
       4.884     -0.02927
       4.899     0.009756
       4.914      0.02927
       4.921      0.04878
       4.937      0.04878
       4.944      0.04878
       4.959      0.04878
       4.967      0.04878
       4.974      0.02927
       4.982    -0.009756
       4.997     -0.04878
       5.005     -0.04878
       5.012     -0.02927
       5.027      0.04878
       5.035      0.06829
        5.05       0.0878
       5.058       0.0878
       5.073      0.06829
        5.08      0.06829
       5.095      0.04878
       5.103      0.02927
       5.118    -0.009756
       5.126     -0.02927
       5.141     -0.02927
       5.148    -0.009756
       5.164      0.02927
       5.171      0.02927
       5.186      0.04878
       5.194      0.04878
       5.201      0.04878
       5.217     0.009756
       5.224    -0.009756
       5.239     -0.02927
       5.247    -0.009756
       5.262     -0.02927
       5.269     -0.02927
       5.285     -0.04878
       5.292     -0.02927
       5.307    -0.009756
       5.315     0.009756
        5.33      0.02927
       5.345    -0.009756
       5.353     -0.02927
        5.36     -0.06829
       5.375      -0.1268
       5.383      -0.1073
       5.398     -0.06829
       5.406     -0.04878
       5.421     -0.02927
       5.428    -0.009756
       5.443      0.02927
       5.451      0.02927
       5.459      0.04878
       5.474      0.04878
       5.481      0.04878
       5.496     0.009756
       5.504    -0.009756
       5.519     -0.04878
       5.534     -0.04878
       5.549     -0.02927
       5.557    -0.009756
       5.565      0.02927
       5.572      0.04878
       5.587      0.06829
       5.595      0.06829
        5.61      0.04878
       5.617      0.04878
       5.633      0.04878
        5.64      0.02927
       5.648      0.02927
       5.663    -0.009756
        5.67     -0.02927
       5.686     -0.02927
       5.693    -0.009756
       5.708      0.02927
       5.716      0.04878
       5.731      0.04878
       5.746      0.02927
       5.754     0.009756
       5.769    -0.009756
       5.776     0.009756
       5.791     0.009756
       5.799     0.009756
       5.814     0.009756
       5.822     0.009756
       5.829      0.02927
       5.844      0.04878
       5.852      0.04878
        5.86      0.06829
       5.875      0.06829
       5.882      0.04878
        5.89      0.04878
       5.905    -0.009756
       5.912    -0.009756
       5.928     -0.02927
       5.935    -0.009756
        5.95     0.009756
       5.958      0.02927
       5.973     0.009756
       5.981    -0.009756
       5.988    -0.009756
       6.003     -0.04878
       6.011     -0.06829
       6.026     -0.06829
       6.041      -0.0878
       6.049      -0.0878
       6.064     -0.04878
       6.079    -0.009756
       6.086    -0.009756
       6.102     0.009756
       6.109      0.02927
       6.132      0.02927
       6.139      0.02927
       6.155     0.009756
       6.162     0.009756
       6.177    -0.009756
       6.192     -0.02927
         6.2     -0.02927
       6.215     -0.04878
       6.223     -0.02927
       6.238    -0.009756
       6.245    -0.009756
        6.26    -0.009756
       6.268    -0.009756
       6.283    -0.009756
       6.291    -0.009756
       6.306     0.009756
       6.313     0.009756
       6.329     0.009756
       6.336    -0.009756
       6.351    -0.009756
       6.359    -0.009756
       6.374    -0.009756
       6.382    -0.009756
       6.389    -0.009756
       6.404     -0.02927
       6.412     -0.02927
       6.419    -0.009756
       6.434    -0.009756
       6.442    -0.009756
       6.457    -0.009756
       6.465     0.009756
        6.48      0.02927
       6.487      0.02927
       6.503     0.009756
        6.51     0.009756
       6.525      0.02927
       6.533      0.04878
       6.548      0.04878
       6.556      0.04878
       6.571      0.02927
       6.578     0.009756
       6.593      0.02927
       6.601      0.04878
       6.616      0.06829
       6.624      0.06829
       6.631       0.0878
       6.646       0.0878
       6.654      0.06829
       6.669      0.04878
       6.684     0.009756
       6.699     0.009756
       6.714     0.009756
        6.73     0.009756
       6.745     0.009756
       6.752     0.009756
       6.767     0.009756
       6.775      0.02927
       6.782      0.04878
       6.798      0.04878
       6.805      0.04878
        6.82     0.009756
       6.828    -0.009756
       6.843     -0.04878
       6.851     -0.04878
       6.866     -0.06829
       6.873     -0.04878
       6.888     -0.02927
       6.896     -0.02927
       6.911     0.009756
       6.934      0.02927
       6.941      0.02927
       6.956      0.02927
       6.972    -0.009756
       6.979    -0.009756
       6.994     -0.02927
       7.002     -0.02927
       7.017     -0.02927
       7.025     -0.02927
        7.04    -0.009756
       7.047    -0.009756
       7.062     0.009756
       7.077    -0.009756
       7.085     -0.02927
       7.093    -0.009756
       7.108    -0.009756
       7.115    -0.009756
        7.13    -0.009756
       7.138    -0.009756
       7.153     -0.02927
       7.161    -0.009756
       7.176    -0.009756
       7.183    -0.009756
       7.199    -0.009756
       7.206     0.009756
       7.214      0.02927
       7.229      0.02927
       7.236      0.02927
       7.251     0.009756
       7.259     0.009756
       7.274     -0.02927
       7.282     -0.04878
       7.297     -0.04878
       7.304     -0.02927
        7.32     0.009756
       7.327      0.02927
       7.335      0.04878
        7.35      0.06829
       7.357      0.06829
       7.373      0.04878
        7.38      0.04878
       7.388      0.04878
       7.403      0.02927
        7.41      0.02927
       7.425    -0.009756
       7.433     -0.02927
       7.448     -0.02927
       7.456    -0.009756
       7.471     0.009756
       7.478     0.009756
       7.494     0.009756
       7.501    -0.009756
       7.516    -0.009756
       7.524     0.009756
       7.539      0.02927
       7.554    -0.009756
       7.562     -0.02927
       7.577     -0.06829
       7.584     -0.06829
       7.599     -0.02927
       7.607     0.009756
       7.622      0.02927
        7.63      0.04878
       7.645      0.02927
       7.652     0.009756
       7.668    -0.009756
       7.675     0.009756
        7.69     0.009756
       7.698    -0.009756
       7.705    -0.009756
       7.721     -0.04878
       7.728     -0.04878
       7.736     -0.02927
       7.751    -0.009756
       7.758    -0.009756
       7.773    -0.009756
       7.781    -0.009756
       7.796     0.009756
       7.804     0.009756
       7.819     0.009756
       7.826    -0.009756
       7.834    -0.009756
       7.849     -0.02927
       7.857    -0.009756
       7.872     0.009756
       7.887     0.009756
       7.895     0.009756
        7.91     0.009756
       7.917     0.009756
       7.932     0.009756
        7.94     0.009756
       7.955    -0.009756
       7.963    -0.009756
       7.978     0.009756
       7.993      0.02927
           8      0.02927
       8.016      0.02927
       8.023    -0.009756
       8.031     -0.02927
       8.046     -0.04878
       8.053     -0.02927
       8.068     0.009756
       8.076      0.02927
       8.091      0.04878
       8.099      0.04878
       8.106      0.06829
       8.121      0.06829
       8.129      0.06829
       8.137      0.06829
       8.152      0.02927
       8.159     0.009756
       8.174    -0.009756
       8.182     0.009756
        8.19      0.02927
       8.205      0.04878
       8.212      0.06829
       8.227      0.04878
       8.235      0.02927
        8.25     0.009756
       8.258    -0.009756
       8.265    -0.009756
        8.28     -0.04878
       8.288      -0.0878
       8.303      -0.1268
       8.311      -0.1268
       8.318      -0.1073
       8.333     -0.06829
       8.341     -0.04878
       8.356    -0.009756
       8.364     0.009756
       8.379      0.02927
       8.386      0.02927
       8.401      0.02927
       8.409      0.02927
       8.424      0.02927
       8.432     0.009756
       8.447    -0.009756
       8.462     -0.02927
       8.469     -0.02927
       8.485    -0.009756
       8.492    -0.009756
       8.507    -0.009756
       8.515    -0.009756
        8.53    -0.009756
       8.538    -0.009756
       8.553      0.02927
       8.568      0.02927
       8.575      0.02927
        8.59     0.009756
       8.598     0.009756
       8.606     0.009756
       8.621    -0.009756
       8.628     -0.04878
       8.643     -0.06829
       8.651     -0.04878
       8.666    -0.009756
       8.674    -0.009756
       8.689     0.009756
       8.696     0.009756
       8.712      0.04878
       8.734      0.04878
       8.742      0.02927
       8.757    -0.009756
       8.764     -0.02927
        8.78     -0.04878
       8.787     -0.02927
       8.802    -0.009756
        8.81     0.009756
       8.825      0.04878
       8.833      0.06829
        8.84       0.0878
       8.855      0.06829
       8.863      0.04878
       8.878      0.02927
       8.893     0.009756
       8.901    -0.009756
       8.916     0.009756
       8.923     0.009756
       8.931      0.02927
       8.946      0.02927
       8.954      0.04878
       8.969      0.04878
       8.976      0.04878
