     0.01186       0.1789
     0.03455       0.1203
     0.04212       0.1203
     0.05725       0.1593
     0.06481       0.1593
     0.07238       0.1789
     0.08751       0.1984
     0.09507       0.2179
      0.1102       0.2764
      0.1178       0.2959
      0.1329       0.2959
      0.1405       0.2569
       0.148       0.1984
      0.1556       0.1398
      0.1632       0.0813
      0.1707      0.02276
      0.1783     -0.05528
      0.1859     -0.09431
      0.1934      -0.1333
       0.201      -0.1724
      0.2085      -0.2114
      0.2161      -0.2504
      0.2312      -0.3089
      0.2388      -0.3089
      0.2464      -0.3089
      0.2615      -0.3285
      0.2691      -0.3089
      0.2766      -0.2894
      0.2918      -0.2114
      0.3069      -0.2114
      0.3145      -0.2114
      0.3371      -0.1919
      0.3447      -0.1724
      0.3523      -0.1138
      0.3523      -0.1528
      0.3598     -0.09431
      0.3674     -0.05528
       0.375     -0.01626
      0.3825      0.02276
      0.3901      0.06179
      0.4052       0.1008
      0.4204       0.1593
      0.4279       0.1789
      0.4431       0.1789
      0.4506       0.1984
      0.4658       0.1984
      0.4733       0.1398
      0.4809       0.1008
      0.4884      0.04228
       0.496     0.003252
      0.5111     -0.01626
      0.5263     0.003252
      0.5414      0.02276
       0.549      0.04228
      0.5641       0.0813
      0.5717       0.1008
      0.5868       0.1203
      0.5944       0.1203
      0.6019       0.1203
      0.6171       0.0813
      0.6246      0.06179
      0.6397      0.04228
      0.6473      0.02276
      0.6624      0.02276
        0.67     -0.01626
      0.6851     -0.01626
      0.7003      0.04228
      0.7078      0.06179
       0.723      0.04228
      0.7305     -0.01626
      0.7381     -0.05528
      0.7457      -0.1138
      0.7532      -0.1724
      0.7608      -0.2309
      0.7683      -0.3089
      0.7759      -0.3675
      0.7835      -0.4065
      0.7986      -0.4065
      0.8062       -0.387
      0.8213      -0.3285
      0.8289      -0.3089
       0.844      -0.2894
      0.8516      -0.2699
      0.8591      -0.2309
      0.8667      -0.1724
      0.8743      -0.0748
      0.8818      0.04228
      0.8818     -0.01626
      0.8894       0.1203
       0.897       0.1789
      0.9045       0.2374
      0.9196       0.2764
      0.9272       0.2764
      0.9423       0.2764
      0.9499       0.2764
      0.9575       0.2959
      0.9726       0.3154
      0.9802       0.2764
      0.9877       0.2374
      0.9953       0.1984
        1.01       0.1789
       1.018       0.1593
       1.033       0.1203
       1.041       0.1398
       1.056       0.1789
       1.071       0.1984
       1.079       0.1789
       1.086       0.1398
       1.094       0.1008
       1.101      0.06179
       1.116     -0.01626
       1.124     -0.01626
       1.139     -0.05528
       1.147      -0.0748
       1.162      -0.0748
       1.169      -0.0748
       1.177      -0.0748
       1.184      -0.1138
       1.192      -0.1724
         1.2      -0.2504
       1.207      -0.3089
       1.215      -0.3675
       1.222       -0.426
        1.23       -0.465
       1.237       -0.465
       1.253       -0.426
        1.26      -0.3675
       1.268      -0.3089
       1.275      -0.2504
       1.283      -0.1724
        1.29      -0.1138
       1.298     -0.05528
       1.305     -0.01626
       1.321     -0.01626
       1.328     -0.01626
       1.336     -0.01626
       1.351     -0.05528
       1.358     -0.09431
       1.374      -0.1333
       1.381     -0.09431
       1.389     -0.03577
       1.396      0.06179
       1.396     -0.01626
       1.404       0.1203
       1.411       0.1593
       1.419       0.1789
       1.426       0.1984
       1.442       0.1789
       1.449       0.1398
       1.457       0.1008
       1.464      0.04228
       1.472     -0.03577
       1.479      -0.0748
       1.487      -0.1138
       1.495      -0.1333
        1.51      -0.1138
       1.517      -0.1138
       1.532      -0.1333
        1.54     -0.09431
       1.548      0.02276
       1.548     -0.03577
       1.555       0.0813
       1.563       0.1984
        1.57       0.2764
       1.578        0.335
       1.585       0.3935
         1.6        0.413
       1.608        0.413
       1.616        0.413
       1.631       0.3545
       1.638       0.3154
       1.646       0.2374
       1.653       0.1593
       1.661       0.1203
       1.676       0.1008
       1.684       0.1008
       1.699       0.1398
       1.714       0.1398
       1.722       0.1203
       1.729       0.0813
       1.737     0.003252
       1.744     -0.09431
       1.752      -0.2114
       1.759      -0.3285
       1.767      -0.4455
       1.774      -0.5041
       1.782      -0.5236
       1.797      -0.5236
       1.805      -0.5041
        1.82      -0.5041
       1.827      -0.5041
       1.835      -0.4846
       1.843       -0.426
        1.85      -0.3285
       1.858      -0.2114
       1.865      -0.0748
       1.873       0.0813
       1.873     -0.01626
        1.88       0.1789
       1.888       0.2764
       1.896       0.3545
       1.903       0.4325
       1.911       0.4715
       1.926       0.5106
       1.933       0.5106
       1.941       0.5301
       1.956       0.5496
       1.964       0.5301
       1.971       0.4911
       1.979        0.452
       1.986        0.413
       1.994       0.3545
       2.001       0.3154
       2.009       0.2764
       2.017       0.1984
       2.024       0.1398
       2.032       0.0813
       2.039      0.04228
       2.047     0.003252
       2.054      0.04228
        2.07       0.0813
       2.077       0.1008
       2.092       0.1008
         2.1       0.0813
       2.107      0.06179
       2.115     0.003252
       2.122      -0.0748
        2.13      -0.1724
       2.138      -0.2114
       2.145      -0.2504
       2.153      -0.2699
        2.16      -0.3089
       2.175       -0.348
       2.183      -0.3675
       2.198      -0.3675
       2.213      -0.4065
       2.221      -0.4065
       2.236       -0.387
       2.244       -0.348
       2.251      -0.3089
       2.259      -0.2504
       2.266      -0.2114
       2.274      -0.1724
       2.281      -0.1138
       2.289     -0.03577
       2.296      0.06179
       2.296     -0.01626
       2.304       0.1398
       2.312       0.2374
       2.319        0.335
       2.327       0.4325
       2.334       0.5106
       2.342       0.5691
       2.357       0.5886
       2.365       0.5496
       2.372       0.5106
        2.38       0.4911
       2.395       0.4715
       2.402        0.413
        2.41       0.2959
       2.418       0.1203
       2.418     -0.01626
       2.425      0.02276
       2.425      -0.1138
       2.433      -0.2894
        2.44      -0.4846
       2.448      -0.6211
       2.455      -0.7382
       2.463      -0.8163
        2.47      -0.8748
       2.478      -0.9333
       2.486      -0.9724
       2.493      -0.9919
       2.508      -0.9724
       2.516      -0.9138
       2.523      -0.8358
       2.531      -0.7577
       2.539      -0.6797
       2.546      -0.5821
       2.554      -0.4846
       2.561       -0.387
       2.569      -0.2894
       2.576      -0.1919
       2.584      -0.1138
       2.591     -0.05528
       2.599      0.02276
       2.599     -0.01626
       2.607      0.04228
       2.614       0.1008
       2.622       0.1398
       2.629       0.1789
       2.637       0.2179
       2.644       0.2959
       2.652       0.3545
        2.66        0.413
       2.667       0.4715
       2.675       0.5106
        2.69       0.4715
       2.697       0.4325
       2.705        0.374
       2.713        0.335
       2.728       0.2959
       2.735       0.2764
       2.743       0.2764
        2.75       0.2374
       2.758       0.1984
       2.765       0.1398
       2.773       0.1203
       2.788       0.1593
       2.796       0.2179
       2.803       0.2764
       2.811       0.3154
       2.818        0.335
       2.834       0.3545
       2.841        0.374
       2.856        0.413
       2.864        0.413
       2.871       0.4325
       2.887       0.4715
       2.894       0.4715
       2.902       0.4715
       2.917       0.3935
       2.924        0.335
       2.932       0.2569
       2.939       0.1593
       2.947      0.06179
       2.947     -0.01626
       2.955      -0.0748
       2.962      -0.1724
        2.97      -0.2309
       2.985      -0.2309
       2.992      -0.1724
           3      -0.1333
       3.008     -0.09431
       3.023     -0.03577
        3.03     0.003252
       3.038      0.04228
       3.045       0.1008
       3.061      0.06179
       3.068     0.003252
       3.076      -0.1138
       3.083      -0.2114
       3.091      -0.3285
       3.098       -0.426
       3.106      -0.5041
       3.113      -0.5431
       3.129      -0.5431
       3.136      -0.5041
       3.144       -0.465
       3.151       -0.426
       3.159      -0.3675
       3.166      -0.3285
       3.182      -0.2699
       3.189      -0.2114
       3.197      -0.1528
       3.204      -0.1138
       3.219      -0.0748
       3.227     -0.03577
       3.235      0.06179
       3.242       0.1398
        3.25       0.2179
       3.257       0.2959
       3.265        0.374
       3.272        0.413
        3.28       0.4715
       3.287       0.4715
       3.303        0.452
        3.31       0.3935
       3.318       0.2959
       3.325       0.1984
       3.333       0.1398
        3.34       0.0813
       3.348      0.04228
       3.356     -0.05528
       3.363      -0.1528
       3.371      -0.2309
       3.378      -0.3089
       3.386      -0.3675
       3.393       -0.387
       3.409       -0.348
       3.416      -0.3089
       3.424      -0.2699
       3.439      -0.3285
       3.446      -0.3675
       3.454      -0.4065
       3.461      -0.4455
       3.469       -0.465
       3.484      -0.4455
       3.492       -0.426
       3.499       -0.348
       3.507      -0.2699
       3.514      -0.1724
       3.522     -0.09431
        3.53     -0.03577
       3.537      0.02276
       3.552      0.04228
        3.56      0.04228
       3.567       0.0813
       3.575       0.1008
       3.582       0.1398
        3.59       0.1789
       3.605       0.1789
       3.613       0.1593
        3.62       0.1203
       3.628       0.1008
       3.643      0.04228
       3.651      0.02276
       3.666      0.02276
       3.673      0.04228
       3.681       0.0813
       3.688       0.1398
       3.696       0.2179
       3.704       0.2959
       3.711        0.374
       3.719        0.452
       3.726       0.4911
       3.734       0.5106
       3.749       0.5106
       3.756       0.4715
       3.764        0.413
       3.772        0.335
       3.779       0.2179
       3.787       0.1203
       3.794      0.04228
       3.802     -0.01626
       3.809     -0.05528
       3.825     -0.09431
       3.832     -0.09431
       3.847     -0.09431
       3.855      -0.0748
       3.862     -0.03577
        3.87      0.04228
       3.878       0.0813
       3.885       0.1203
         3.9       0.1203
       3.908       0.1008
       3.923      0.06179
        3.93       0.0813
       3.938       0.1203
       3.946       0.1203
       3.953       0.1203
       3.961       0.0813
       3.968      0.04228
       3.968     -0.01626
       3.976     -0.05528
       3.983      -0.1333
       3.991      -0.2309
       3.999      -0.3285
       4.006      -0.4455
       4.014      -0.5431
       4.021      -0.6016
       4.029      -0.6602
       4.044      -0.6602
       4.052      -0.6407
       4.059      -0.6016
       4.067      -0.5626
       4.082      -0.5041
       4.089       -0.465
       4.097      -0.4065
       4.104      -0.3089
       4.112      -0.2309
        4.12      -0.1138
       4.127      0.02276
       4.135       0.1203
       4.142       0.2374
        4.15       0.3154
       4.157        0.374
       4.165        0.413
        4.18        0.413
       4.188       0.4325
       4.203        0.413
        4.21        0.374
       4.218       0.3154
       4.226       0.2959
       4.241       0.2569
       4.248       0.1984
       4.256       0.1398
       4.263      0.06179
       4.263     -0.01626
       4.271     -0.05528
       4.278      -0.1333
       4.286      -0.2114
       4.294      -0.2699
       4.301      -0.2894
       4.316      -0.2894
       4.324      -0.2894
       4.339      -0.3089
       4.347      -0.2894
       4.354      -0.2309
       4.362      -0.1724
       4.369      -0.0748
       4.377      0.06179
       4.377     -0.01626
       4.384       0.1203
       4.392       0.1984
         4.4       0.2764
       4.407       0.3545
       4.415       0.3935
        4.43        0.452
       4.437        0.452
       4.452        0.374
        4.46        0.335
       4.468       0.2764
       4.475       0.2179
       4.483       0.1398
        4.49      0.06179
       4.498      0.02276
       4.498     -0.03577
       4.505      -0.0748
       4.513      -0.1333
       4.521      -0.1724
       4.528      -0.1528
       4.536      -0.1333
       4.543      -0.0748
       4.551     -0.03577
       4.558      0.04228
       4.558     -0.01626
       4.566      0.06179
       4.581       0.1008
       4.589       0.1203
       4.604       0.1593
       4.611       0.1593
       4.626       0.2179
       4.642       0.2764
       4.649       0.2959
       4.657        0.335
       4.664       0.3545
       4.679       0.3545
       4.687        0.335
       4.695       0.2764
       4.702       0.1984
        4.71       0.1203
       4.717     0.003252
       4.725      -0.1138
       4.732      -0.2114
        4.74      -0.2894
       4.747      -0.3675
       4.755      -0.4455
       4.763      -0.5236
        4.77      -0.6016
       4.778      -0.6992
       4.785      -0.7772
       4.793      -0.7967
         4.8      -0.7577
       4.808      -0.6797
       4.816      -0.5431
       4.823      -0.4455
       4.831       -0.348
       4.838      -0.2699
       4.846      -0.1724
       4.853      0.02276
       4.853      -0.0748
       4.861       0.0813
       4.869       0.1984
       4.876       0.3154
       4.884        0.374
       4.891       0.4325
       4.899       0.4911
       4.906       0.5301
       4.914       0.5301
       4.929       0.5106
       4.944        0.452
       4.959        0.413
       4.967        0.413
       4.982       0.3935
        4.99       0.3545
       4.997       0.3154
       5.005       0.2569
       5.012       0.2179
        5.02       0.1789
       5.027       0.1398
       5.043       0.1008
        5.05       0.0813
       5.058      0.04228
       5.065      0.02276
       5.073     -0.01626
        5.08     -0.03577
       5.095      -0.0748
       5.103     -0.09431
       5.111      -0.1333
       5.118      -0.1919
       5.126      -0.2504
       5.133      -0.3089
       5.148      -0.4065
       5.156      -0.4455
       5.164      -0.5041
       5.171      -0.5626
       5.179      -0.6211
       5.186      -0.6407
       5.201      -0.6992
       5.209      -0.7382
       5.224      -0.7577
       5.232      -0.7382
       5.239      -0.6992
       5.247      -0.6407
       5.254      -0.5821
       5.262      -0.4846
       5.269       -0.387
       5.277      -0.2894
       5.285      -0.1919
       5.292      -0.1138
         5.3     -0.03577
       5.307     0.003252
       5.315      0.06179
       5.322       0.1203
        5.33       0.1984
       5.338       0.2764
       5.345        0.335
       5.353       0.3935
        5.36       0.4325
       5.375       0.4911
       5.383       0.5106
       5.391       0.5301
       5.398       0.5691
       5.406       0.6081
       5.421       0.6081
       5.428       0.5886
       5.443       0.5496
       5.451       0.5301
       5.459       0.5106
       5.466       0.4715
       5.474       0.3935
       5.481       0.3154
       5.489       0.2374
       5.496       0.1789
       5.504       0.1593
       5.519       0.1398
       5.527       0.1203
       5.534       0.0813
       5.542      0.04228
       5.542     -0.01626
       5.549     -0.05528
       5.557      -0.1333
       5.565      -0.2504
       5.572       -0.348
        5.58       -0.465
       5.587      -0.5821
       5.595      -0.6797
       5.602      -0.7382
       5.617      -0.7967
       5.625      -0.8163
        5.64      -0.7967
       5.648      -0.7382
       5.655      -0.6602
       5.663      -0.5626
        5.67       -0.465
       5.678       -0.348
       5.686      -0.2309
       5.693     -0.09431
       5.701      0.06179
       5.701     -0.03577
       5.708       0.1398
       5.716       0.1984
       5.723       0.2179
       5.739       0.2569
       5.754       0.2959
       5.761       0.3154
       5.769       0.3154
       5.784       0.2764
       5.791       0.2569
       5.799       0.2764
       5.807       0.2959
       5.822       0.3545
       5.829        0.374
       5.844       0.3935
        5.86        0.413
       5.867        0.413
       5.882       0.3935
        5.89        0.374
       5.897       0.3154
       5.905       0.1984
       5.912       0.0813
       5.912     -0.01626
        5.92     -0.05528
       5.928      -0.1333
       5.935      -0.1919
        5.95      -0.2309
       5.958      -0.2309
       5.973      -0.2114
       5.981      -0.2114
       5.988      -0.2309
       6.003      -0.2894
       6.011      -0.3089
       6.018      -0.2894
       6.034      -0.2504
       6.041      -0.2309
       6.049      -0.1919
       6.056      -0.1528
       6.064      -0.1138
       6.071     -0.09431
       6.079      -0.0748
       6.086     -0.03577
       6.094      0.04228
       6.102      0.06179
       6.117       0.1203
       6.124       0.1398
       6.139       0.1593
       6.155       0.1984
       6.162       0.2374
        6.17       0.2569
       6.177       0.2959
       6.185       0.3545
       6.192        0.413
         6.2       0.4715
       6.208       0.5301
       6.215       0.5886
       6.223       0.6081
        6.23       0.5691
       6.238       0.5106
       6.245       0.4325
       6.253       0.3545
        6.26       0.2764
       6.268       0.1789
       6.276       0.0813
       6.276     -0.01626
       6.283      -0.0748
       6.291      -0.1919
       6.298      -0.3285
       6.306      -0.4455
       6.313      -0.5431
       6.321      -0.6407
       6.329      -0.7187
       6.336      -0.7577
       6.344      -0.7772
       6.359      -0.7967
       6.366      -0.8358
       6.374      -0.8163
       6.382      -0.7772
       6.389      -0.6797
       6.389      -0.7382
       6.397      -0.6407
       6.404      -0.5236
       6.404      -0.5821
       6.412      -0.4846
       6.419      -0.4065
       6.427       -0.348
       6.434      -0.2699
       6.442      -0.1919
        6.45      -0.1138
       6.457     -0.05528
       6.465      0.04228
       6.465     -0.01626
       6.472       0.1008
        6.48       0.1593
       6.487       0.2374
       6.495       0.3154
       6.503        0.374
        6.51        0.413
       6.525        0.452
       6.533        0.452
        6.54       0.4715
       6.556       0.4911
       6.563       0.4715
       6.578        0.452
       6.593       0.3935
       6.601       0.3545
       6.608       0.2764
       6.616       0.1789
       6.624       0.1008
       6.631      0.04228
       6.639     -0.01626
       6.646     -0.03577
       6.661     -0.03577
       6.669     -0.01626
       6.677      0.02276
       6.684      0.04228
       6.699      0.02276
       6.707      0.02276
       6.714     -0.01626
       6.722     -0.05528
       6.737      -0.1138
       6.745      -0.1138
        6.76      -0.1138
       6.767      -0.1138
       6.775     -0.09431
        6.79     -0.05528
       6.798     -0.03577
       6.828     -0.03577
       6.835      -0.0748
       6.843      -0.1333
       6.851      -0.1919
       6.866      -0.2309
       6.873      -0.2309
       6.881      -0.2114
       6.888      -0.1919
       6.896      -0.1333
       6.903      0.02276
       6.903     -0.05528
       6.911       0.1008
       6.919       0.2179
       6.926       0.3545
       6.934       0.5106
       6.941       0.6276
       6.949       0.7057
       6.956       0.6862
       6.964       0.5886
       6.972       0.4325
       6.979       0.2764
       6.987       0.1008
       6.994      0.02276
       6.994      -0.0748
       7.002      -0.1724
       7.009      -0.2699
       7.017       -0.348
       7.025      -0.4065
       7.032      -0.4846
        7.04      -0.5236
       7.055      -0.5431
       7.062      -0.5431
        7.07      -0.5236
       7.085      -0.5236
       7.093      -0.5236
       7.108      -0.4846
       7.115      -0.4455
       7.123      -0.4065
        7.13       -0.348
       7.138      -0.2894
       7.153      -0.1724
       7.161     -0.09431
       7.168      0.06179
       7.168     -0.01626
       7.176       0.1593
       7.183       0.2569
       7.191        0.335
       7.199       0.3935
       7.206        0.452
       7.221       0.4911
       7.236       0.5301
       7.244       0.4911
       7.251       0.4325
       7.259       0.3545
       7.267       0.2374
       7.274       0.1008
       7.274     -0.01626
       7.282      0.02276
       7.282     -0.09431
       7.289      -0.2309
       7.297       -0.348
       7.304      -0.4455
       7.312      -0.4846
       7.327      -0.4846
       7.335       -0.465
        7.35      -0.4065
       7.357       -0.387
       7.365      -0.3089
       7.373      -0.2309
        7.38      -0.1138
       7.388     0.003252
       7.395       0.1398
       7.403       0.2569
        7.41        0.374
       7.418       0.4715
       7.425       0.5301
       7.433       0.5691
       7.448       0.5496
       7.456       0.5496
       7.471       0.5886
       7.478       0.6081
       7.494       0.6081
       7.501       0.6081
       7.509       0.6081
       7.516       0.5691
       7.524       0.5106
       7.531        0.452
       7.539        0.374
       7.547       0.3154
       7.554       0.2569
       7.562       0.1984
       7.569       0.1593
       7.577       0.0813
       7.584     0.003252
       7.592      -0.0748
       7.599      -0.1333
       7.607      -0.1724
       7.622      -0.1528
        7.63     -0.09431
       7.637     -0.03577
       7.645     -0.01626
        7.66     -0.03577
       7.668     -0.09431
       7.675      -0.1724
       7.683      -0.2699
        7.69      -0.3675
       7.698       -0.426
       7.705       -0.465
       7.721      -0.4846
       7.728       -0.465
       7.736      -0.4455
       7.751      -0.4065
       7.758      -0.3675
       7.766      -0.3089
       7.773      -0.2504
       7.781      -0.2114
       7.789      -0.1528
       7.796      -0.1528
       7.811      -0.1919
       7.819      -0.2114
       7.834      -0.1724
       7.842      -0.1333
       7.849     -0.09431
       7.857     -0.05528
       7.864     -0.03577
       7.879     -0.03577
       7.887     -0.03577
       7.902     -0.03577
        7.91     -0.01626
       7.925      0.04228
       7.932       0.0813
        7.94       0.1398
       7.947       0.1984
       7.955       0.2764
       7.963       0.3154
        7.97       0.3545
       7.978       0.3545
       7.985       0.2959
       7.993       0.2179
           8       0.1398
       8.008      0.06179
       8.016     0.003252
       8.023      -0.0748
       8.031      -0.1333
       8.038      -0.2309
       8.046      -0.3285
       8.053       -0.387
       8.061      -0.4065
       8.068      -0.3675
       8.076      -0.3089
       8.084      -0.2504
       8.091      -0.1724
       8.099      -0.1138
       8.106     -0.05528
       8.114     0.003252
       8.121      0.06179
       8.129       0.1398
       8.137       0.2374
       8.144       0.2959
       8.152       0.3935
       8.159        0.452
       8.167        0.452
       8.174       0.3935
       8.182       0.2764
        8.19       0.1593
       8.197      0.06179
       8.197     -0.01626
       8.205     -0.05528
       8.212      -0.1138
        8.22      -0.1724
       8.227      -0.2114
       8.235      -0.2309
        8.25      -0.2114
       8.258      -0.1724
       8.265      -0.1528
       8.273     -0.09431
        8.28     -0.05528
       8.295     -0.03577
       8.303     -0.03577
       8.318     -0.03577
       8.326     -0.01626
       8.333      0.02276
       8.333     -0.01626
       8.341      0.06179
       8.348       0.1203
       8.356       0.1789
       8.364       0.2374
       8.379       0.2569
       8.386       0.2569
       8.394       0.2179
       8.401       0.1398
       8.409      0.06179
       8.416      0.02276
       8.416     -0.03577
       8.424     -0.09431
       8.432      -0.1919
       8.439      -0.2894
       8.447       -0.348
       8.454       -0.387
       8.469       -0.387
       8.477      -0.3675
       8.492      -0.3089
         8.5      -0.2309
       8.507      -0.1528
       8.515      -0.0748
       8.522     0.003252
        8.53       0.0813
       8.538       0.1203
       8.545       0.1789
       8.553       0.2179
       8.568       0.2569
       8.575       0.2764
        8.59       0.2959
       8.598       0.2959
       8.606       0.2959
       8.621       0.2569
       8.628       0.2569
       8.636       0.2959
       8.643       0.3154
       8.651        0.374
       8.659        0.413
       8.666       0.4325
       8.681        0.413
       8.689       0.3935
       8.696       0.3935
       8.712       0.3935
       8.719        0.413
       8.734       0.4325
       8.742        0.452
       8.757        0.452
       8.764        0.413
       8.772        0.335
        8.78       0.2569
       8.787       0.1593
       8.795       0.0813
       8.802     -0.05528
        8.81      -0.1724
       8.817      -0.3089
       8.825       -0.465
       8.833      -0.6211
        8.84      -0.7577
       8.848      -0.8553
       8.855      -0.9138
       8.863      -0.9528
        8.87      -0.9528
       8.878      -0.9333
       8.886      -0.8943
       8.893      -0.8358
       8.901      -0.7382
       8.908      -0.6407
       8.916      -0.5431
       8.923      -0.4455
       8.931      -0.3675
       8.938      -0.3089
       8.946      -0.2309
       8.954      -0.1333
       8.961     -0.05528
       8.969      0.04228
       8.969     -0.01626
       8.976       0.0813
