     0.01181      -0.2302
     0.01937      -0.2302
     0.04205      -0.2302
      0.0496      -0.2097
     0.05716      -0.1893
     0.06472      -0.1483
     0.07228      -0.1074
      0.0874      -0.0665
     0.09496      -0.0665
      0.1101     -0.08696
      0.1176     -0.08696
      0.1327      -0.1074
      0.1479      -0.1483
      0.1554      -0.1483
       0.163      -0.1279
      0.1781      -0.1279
      0.1857      -0.1279
      0.2008      -0.1483
      0.2083      -0.1483
      0.2235      -0.1483
       0.231      -0.1688
      0.2386      -0.1688
      0.2537      -0.1893
      0.2612      -0.2097
      0.2764      -0.2097
      0.2839      -0.2097
       0.299      -0.1893
      0.3066      -0.1483
      0.3142      -0.1074
      0.3217      -0.0665
      0.3293     -0.04604
      0.3368    -0.005115
      0.3444      0.01535
      0.3595      0.05627
      0.3671      0.07673
      0.3822      0.09719
      0.3897       0.1176
      0.4049        0.179
        0.42       0.2199
      0.4275       0.2199
      0.4351       0.2609
      0.4502       0.3018
      0.4578       0.3018
      0.4653       0.3223
      0.4804       0.3223
       0.488       0.3018
      0.5031       0.2404
      0.5107       0.1995
      0.5182       0.1586
      0.5334       0.1176
      0.5409      0.09719
      0.5636      0.09719
      0.5787      0.09719
      0.5863       0.1176
      0.6014       0.1176
      0.6089      0.09719
      0.6241      0.01535
      0.6316     -0.02558
      0.6467      -0.0665
      0.6543     -0.08696
      0.6694     -0.08696
       0.677     -0.08696
      0.6921     -0.08696
      0.7072     -0.08696
      0.7148     -0.08696
      0.7299      -0.0665
      0.7374     -0.04604
       0.745    -0.005115
      0.7526      0.01535
      0.7601      0.07673
      0.7752      0.09719
      0.7828      0.07673
      0.7979      0.05627
      0.8055      0.05627
       0.813      0.07673
      0.8281      0.09719
      0.8357      0.09719
      0.8508      0.03581
      0.8584    -0.005115
      0.8735     -0.04604
      0.8811      -0.0665
      0.8886     -0.04604
      0.9037     -0.04604
      0.9113     -0.02558
      0.9188    -0.005115
       0.934      0.05627
      0.9415      0.07673
      0.9642       0.1176
      0.9718       0.1176
      0.9869       0.1176
       1.002       0.1176
        1.01       0.1176
       1.025       0.1176
        1.04      0.05627
       1.047      0.01535
       1.062     -0.02558
        1.07     -0.02558
       1.085    -0.005115
         1.1      0.01535
       1.108      0.03581
       1.123      0.07673
       1.138      0.05627
       1.146      0.03581
       1.161      0.01535
       1.168      0.01535
       1.183      0.03581
       1.191      0.05627
       1.199      0.07673
       1.214      0.09719
       1.221      0.09719
       1.236       0.1176
       1.251       0.1176
       1.259       0.1176
       1.274      0.07673
       1.282      0.03581
       1.297    -0.005115
       1.304     -0.02558
       1.312      -0.0665
       1.319      -0.1074
       1.327      -0.1483
       1.342      -0.1893
       1.357      -0.1688
       1.372      -0.1483
        1.38      -0.1279
       1.387      -0.1074
       1.403      -0.0665
        1.41     -0.04604
       1.418     -0.02558
       1.433     -0.04604
        1.44     -0.04604
       1.456     -0.04604
       1.463     -0.04604
       1.471     -0.04604
       1.486      -0.0665
       1.493      -0.0665
       1.508     -0.02558
       1.516    -0.005115
       1.524      0.07673
       1.524      0.01535
       1.531      0.09719
       1.539       0.1381
       1.546        0.179
       1.561       0.2199
       1.569       0.2199
       1.576       0.2199
       1.584        0.179
       1.592       0.1381
       1.607      0.07673
       1.614      0.05627
       1.622      0.01535
       1.629      0.01535
       1.644      0.01535
       1.652      0.05627
       1.667      0.05627
       1.675      0.05627
        1.69      0.05627
       1.697      0.05627
       1.713      0.09719
       1.728       0.1176
       1.735       0.1381
       1.758       0.1586
       1.765       0.1586
       1.781       0.1586
       1.788       0.1586
       1.803       0.1586
       1.811       0.1381
       1.818       0.1586
       1.833        0.179
       1.841        0.179
       1.849       0.1995
       1.864       0.1995
       1.871       0.1995
       1.879       0.1586
       1.886       0.1176
       1.894      0.07673
       1.909      0.01535
       1.917     -0.02558
       1.924     -0.08696
       1.932      -0.1279
       1.939      -0.1688
       1.947      -0.2302
       1.954      -0.2711
       1.962      -0.2711
       1.977      -0.2711
       1.985      -0.2506
           2      -0.2302
       2.007      -0.2302
       2.015      -0.1893
        2.03      -0.1483
       2.045     -0.08696
       2.053     -0.08696
       2.068     -0.08696
       2.075     -0.08696
       2.083      -0.0665
       2.098     -0.02558
       2.106      0.01535
       2.113      0.05627
       2.121      0.09719
       2.136       0.1381
       2.143       0.1381
       2.158       0.1176
       2.166      0.07673
       2.181      0.05627
       2.189      0.07673
       2.196      0.09719
       2.204       0.1381
       2.211        0.179
       2.226       0.1995
       2.234       0.1995
       2.249        0.179
       2.257        0.179
       2.272       0.1995
       2.287       0.1995
       2.295        0.179
       2.302        0.179
       2.317       0.1381
       2.325      0.09719
        2.34      0.07673
       2.363      0.09719
        2.37       0.1176
       2.378       0.1586
       2.385       0.1995
         2.4       0.2609
       2.408       0.2609
       2.415       0.2609
       2.423       0.2199
       2.431        0.179
       2.438       0.1176
       2.446      0.05627
       2.453    -0.005115
       2.461     -0.04604
       2.468     -0.08696
       2.476      -0.1279
       2.483      -0.1688
       2.491      -0.2097
       2.499      -0.2506
       2.514      -0.2916
       2.521       -0.312
       2.536      -0.2916
       2.544      -0.2711
       2.552      -0.2302
       2.559      -0.1688
       2.567      -0.1279
       2.574      -0.1074
       2.589      -0.1074
       2.597      -0.1279
       2.604      -0.1074
        2.62      -0.1074
       2.627      -0.1074
       2.642      -0.1074
        2.65      -0.1074
       2.665      -0.1279
       2.672      -0.1483
       2.688      -0.1483
       2.695      -0.1279
       2.703     -0.08696
        2.71     -0.02558
       2.718      0.01535
       2.725      0.07673
       2.733       0.1381
        2.74        0.179
       2.748       0.2199
       2.756       0.2609
       2.771       0.2813
       2.778       0.2813
       2.786       0.2813
       2.801       0.2404
       2.809       0.2404
       2.824       0.2199
       2.831       0.1995
       2.839       0.1995
       2.854       0.1586
       2.861       0.1381
       2.877      0.09719
       2.884      0.07673
       2.899      0.09719
       2.907       0.1176
       2.922       0.1586
       2.929       0.1586
       2.945       0.1586
       2.952       0.1381
        2.96       0.1381
       2.975       0.1176
       2.982       0.1176
       2.997      0.07673
       3.005      0.05627
       3.013      0.01535
        3.02    -0.005115
       3.028     -0.04604
       3.035     -0.08696
        3.05      -0.1483
       3.058      -0.1688
       3.066      -0.1483
       3.081      -0.1074
       3.088     -0.04604
       3.096    -0.005115
       3.111      0.05627
       3.118      0.05627
       3.134      0.05627
       3.141      0.03581
       3.156    -0.005115
       3.164     -0.02558
       3.179     -0.04604
       3.186     -0.04604
       3.202     -0.04604
       3.209     -0.02558
       3.224    -0.005115
       3.232      0.01535
       3.247      0.05627
       3.254      0.07673
        3.27      0.09719
       3.277      0.09719
       3.292       0.1176
       3.307       0.1176
       3.315      0.09719
       3.323      0.09719
       3.338      0.03581
       3.345    -0.005115
       3.353     -0.04604
        3.36     -0.08696
       3.368      -0.1279
       3.375      -0.1688
       3.383      -0.2097
       3.398      -0.2506
       3.406      -0.2302
       3.421      -0.1893
       3.428      -0.1483
       3.443     -0.08696
       3.451      -0.0665
       3.459     -0.02558
       3.466      0.01535
       3.474      0.03581
       3.489      0.09719
       3.496       0.1381
       3.511        0.179
       3.519        0.179
       3.527        0.179
       3.542       0.1381
       3.549       0.1381
       3.564       0.1381
       3.579       0.1381
       3.587       0.1176
       3.602      0.09719
        3.61      0.07673
       3.625      0.07673
       3.632      0.09719
       3.648      0.09719
       3.655      0.07673
       3.663      0.07673
       3.678      0.05627
       3.685      0.05627
       3.693      0.01535
         3.7      0.01535
       3.716    -0.005115
       3.723    -0.005115
       3.738    -0.005115
       3.746    -0.005115
       3.761     -0.02558
       3.776     -0.08696
       3.791      -0.1279
       3.799      -0.1279
       3.814      -0.1483
       3.821      -0.1483
       3.836      -0.1074
       3.844      -0.0665
       3.852     -0.02558
       3.867      0.01535
       3.874      0.01535
       3.882      0.05627
       3.889      0.09719
       3.905       0.1381
       3.912       0.1381
        3.92       0.1586
       3.935        0.179
       3.942        0.179
       3.957        0.179
       3.965        0.179
        3.98        0.179
       3.995       0.1586
       4.003       0.1381
       4.018      0.09719
       4.025      0.07673
       4.033      0.07673
       4.048      0.05627
       4.063      0.03581
       4.078      0.01535
       4.086      0.01535
       4.101      0.01535
       4.109      0.01535
       4.116      0.01535
       4.131     -0.02558
       4.139     -0.04604
       4.154     -0.08696
       4.162      -0.1279
       4.169      -0.1483
       4.184      -0.1893
       4.192      -0.1688
       4.199      -0.1483
       4.207      -0.1279
       4.214     -0.08696
       4.222     -0.04604
        4.23    -0.005115
       4.237      0.01535
       4.245      0.07673
       4.252      0.09719
        4.26       0.1381
       4.267        0.179
       4.282        0.179
        4.29       0.1586
       4.305      0.09719
       4.313      0.07673
       4.328      0.01535
       4.335    -0.005115
       4.343    -0.005115
       4.358     -0.02558
       4.366     -0.02558
       4.381      0.01535
       4.396      0.07673
       4.403      0.09719
       4.411       0.1586
       4.419       0.2199
       4.426       0.2813
       4.434       0.3223
       4.441       0.3836
       4.456       0.3836
       4.464       0.3836
       4.471       0.3427
       4.479       0.3223
       4.494       0.2813
       4.502       0.2404
       4.509       0.1995
       4.517       0.1586
       4.524      0.09719
       4.532      0.05627
       4.539     -0.02558
       4.547     -0.08696
       4.555      -0.1279
       4.562      -0.1893
        4.57      -0.2302
       4.585      -0.2916
       4.592       -0.312
       4.607      -0.2916
       4.623      -0.2711
        4.63      -0.2711
       4.645      -0.2711
       4.653      -0.2711
        4.66      -0.2711
       4.676      -0.2916
       4.683       -0.312
       4.698      -0.2916
       4.713      -0.2506
       4.721      -0.1893
       4.728      -0.1483
       4.736     -0.08696
       4.744     -0.02558
       4.751      0.01535
       4.759      0.09719
       4.766       0.1586
       4.774       0.2199
       4.781       0.2813
       4.789       0.3223
       4.804       0.3427
       4.812       0.3223
       4.819       0.2609
       4.834       0.1995
       4.842        0.179
       4.857       0.1381
       4.864       0.1381
        4.88       0.1176
       4.887       0.1176
       4.902      0.09719
        4.91      0.09719
       4.925      0.05627
       4.932      0.03581
        4.94      0.01535
       4.955    -0.005115
       4.963    -0.005115
       4.978    -0.005115
       4.985      0.01535
       5.001      0.03581
       5.008      0.05627
       5.023      0.07673
       5.038      0.05627
       5.046      0.03581
       5.061    -0.005115
       5.069     -0.02558
       5.084     -0.04604
       5.099     -0.04604
       5.106     -0.04604
       5.114    -0.005115
       5.129      0.07673
       5.137      0.09719
       5.152       0.1381
       5.159       0.1381
       5.167      0.09719
       5.182    -0.005115
       5.189     -0.04604
       5.197      -0.1074
       5.205      -0.1483
        5.22      -0.1893
       5.227      -0.1688
       5.235      -0.1483
        5.25      -0.1074
       5.258      -0.1074
       5.273      -0.0665
        5.28     -0.04604
       5.295    -0.005115
       5.303      0.01535
        5.31      0.05627
       5.318      0.09719
       5.333      0.09719
       5.341      0.09719
       5.356      0.09719
       5.363       0.1176
       5.378       0.1176
       5.386       0.1176
       5.394       0.1381
       5.409       0.1381
       5.416       0.1381
       5.431       0.1586
       5.439        0.179
       5.454        0.179
       5.462       0.1995
       5.477       0.1995
       5.484       0.2199
       5.499       0.2609
       5.507       0.2813
       5.522       0.3018
        5.53       0.3018
       5.552       0.2404
        5.56       0.1995
       5.567       0.1176
       5.575      0.03581
       5.583     -0.04604
        5.59      -0.1074
       5.598      -0.1893
       5.605      -0.2302
       5.613      -0.2506
       5.628       -0.312
       5.635       -0.312
       5.651       -0.312
       5.658      -0.2916
       5.673      -0.2302
       5.681      -0.2097
       5.696      -0.1688
       5.703      -0.1483
       5.719      -0.1074
       5.734     -0.02558
       5.741    -0.005115
       5.749      0.03581
       5.756      0.07673
       5.764       0.1176
       5.772       0.1586
       5.779       0.1995
       5.787       0.1995
       5.802       0.1995
       5.809       0.2199
       5.824       0.1995
       5.832        0.179
       5.847       0.1381
       5.855       0.1381
        5.87       0.1176
       5.877       0.1176
       5.892       0.1176
         5.9       0.1176
       5.908       0.1381
       5.923       0.1586
        5.93       0.1586
       5.953        0.179
       5.968       0.1586
       5.976       0.1381
       5.983       0.1381
       5.998       0.1176
       6.006       0.1176
       6.021      0.07673
       6.029      0.01535
       6.036     -0.02558
       6.044     -0.08696
       6.051      -0.1279
       6.066      -0.1893
       6.074      -0.2097
       6.089      -0.2302
       6.097      -0.2302
       6.112      -0.1893
       6.119      -0.1688
       6.134      -0.1483
       6.142      -0.1279
       6.157     -0.08696
       6.165      -0.0665
        6.18      -0.0665
       6.187     -0.08696
       6.202      -0.1279
        6.21      -0.1279
       6.217      -0.1074
       6.233     -0.08696
        6.24      -0.0665
       6.255     -0.02558
       6.263     -0.02558
        6.27    -0.005115
       6.285      0.01535
       6.293      0.07673
       6.301      0.09719
       6.308       0.1586
       6.316       0.2199
       6.331       0.2813
       6.338       0.2609
       6.354       0.1995
       6.361       0.1586
       6.369       0.1176
       6.384      0.05627
       6.391      0.01535
       6.406     -0.02558
       6.414     -0.04604
       6.422     -0.02558
       6.437      0.01535
       6.444      0.03581
       6.459      0.05627
       6.467      0.07673
       6.482      0.09719
        6.49       0.1176
       6.505       0.1586
        6.52        0.179
       6.527       0.1995
       6.542        0.179
        6.55       0.1586
       6.565      0.09719
       6.573      0.07673
       6.588      0.03581
       6.595      0.01535
       6.611      0.01535
       6.626      0.01535
       6.633      0.01535
       6.648      0.01535
       6.656      0.01535
       6.671     -0.02558
       6.679     -0.08696
       6.686      -0.1279
       6.694      -0.1688
       6.701      -0.2097
       6.709      -0.2302
       6.724      -0.2711
       6.731      -0.2916
       6.754      -0.2711
       6.762      -0.2506
       6.769      -0.2302
       6.777      -0.1893
       6.784      -0.1483
       6.792      -0.1074
       6.799     -0.04604
       6.807     -0.02558
       6.822      0.05627
        6.83      0.07673
       6.845      0.07673
       6.852      0.07673
       6.868      0.05627
       6.875      0.05627
        6.89      0.07673
       6.898      0.09719
       6.913       0.1381
        6.92        0.179
       6.928       0.1995
       6.936       0.2404
       6.951       0.3018
       6.966       0.3632
       6.973       0.3632
       6.988       0.4041
       6.996       0.4041
       7.004       0.4246
       7.019       0.4041
       7.026       0.3836
       7.034       0.3427
       7.041       0.3223
       7.056       0.2813
       7.064       0.2609
       7.079       0.2199
       7.087       0.2199
       7.102        0.179
       7.109        0.179
       7.125       0.1176
       7.132      0.07673
        7.14      0.03581
       7.147    -0.005115
       7.155     -0.04604
       7.162     -0.08696
        7.17      -0.1279
       7.177      -0.1688
       7.185      -0.2097
       7.193      -0.2711
         7.2      -0.3325
       7.208      -0.3734
       7.215      -0.3939
        7.23      -0.3734
       7.238      -0.3734
       7.245      -0.3325
       7.261      -0.2711
       7.268      -0.2302
       7.276      -0.1688
       7.283      -0.1279
       7.291     -0.08696
       7.298     -0.02558
       7.306    -0.005115
       7.321      0.01535
       7.329      0.01535
       7.351      0.01535
       7.359      0.01535
       7.366      0.01535
       7.382     -0.02558
       7.389     -0.02558
       7.404     -0.02558
       7.412    -0.005115
       7.427      0.01535
       7.434      0.01535
        7.45      0.01535
       7.465      0.03581
       7.472      0.05627
       7.487      0.05627
       7.495      0.01535
        7.51    -0.005115
       7.518    -0.005115
       7.533    -0.005115
       7.548      0.01535
       7.563      0.03581
        7.57      0.07673
       7.586       0.1381
       7.593       0.1381
       7.601       0.1586
       7.616       0.1995
       7.623       0.2199
       7.638       0.2813
       7.646       0.2813
       7.661       0.2609
       7.669       0.2404
       7.676       0.1995
       7.684       0.1586
       7.691       0.1176
       7.707      0.07673
       7.714      0.05627
       7.722      0.01535
       7.729      0.01535
       7.752    -0.005115
       7.759    -0.005115
       7.775     -0.02558
       7.782     -0.02558
       7.797      0.01535
       7.812      0.01535
        7.82      0.01535
       7.827      0.01535
       7.835     -0.02558
        7.85      -0.0665
       7.858     -0.08696
       7.873      -0.1279
        7.88      -0.1483
       7.888      -0.1483
       7.903      -0.1893
       7.911      -0.1893
       7.918      -0.1688
       7.926      -0.1483
       7.933      -0.1074
       7.941      -0.0665
       7.948     -0.02558
       7.964      0.03581
       7.971      0.05627
       7.986      0.05627
       8.009      0.01535
       8.016      0.01535
       8.024     -0.02558
       8.032     -0.04604
       8.039     -0.08696
       8.054      -0.1279
       8.062      -0.1483
       8.077      -0.1688
       8.084      -0.1279
       8.092      -0.1074
         8.1      -0.0665
       8.107     -0.02558
       8.122      0.03581
        8.13      0.05627
       8.152      0.09719
        8.16      0.09719
       8.175      0.09719
       8.183      0.09719
        8.19       0.1176
       8.205       0.1381
       8.228       0.1176
       8.236       0.1176
       8.251      0.05627
       8.258      0.05627
       8.281      0.05627
       8.289      0.07673
       8.304       0.1176
       8.311       0.1381
       8.326        0.179
       8.334       0.1586
       8.349       0.1381
       8.357       0.1176
       8.372      0.09719
       8.379      0.09719
       8.387       0.1176
       8.402       0.1176
       8.409       0.1176
       8.417       0.1176
       8.432      0.05627
        8.44      0.03581
       8.455    -0.005115
       8.462    -0.005115
       8.478     -0.04604
       8.485     -0.04604
         8.5     -0.04604
       8.508     -0.02558
       8.523    -0.005115
        8.53      0.01535
       8.546      0.05627
       8.553      0.05627
       8.568      0.05627
       8.576      0.03581
       8.591      0.01535
       8.598      0.01535
       8.614      0.03581
       8.621      0.05627
       8.636      0.05627
       8.644      0.05627
       8.651      0.07673
       8.666      0.07673
       8.674      0.07673
       8.689      0.07673
       8.697      0.07673
       8.704       0.1176
       8.719       0.1381
       8.727       0.1381
       8.735      0.09719
       8.742      0.03581
        8.75    -0.005115
       8.757     -0.04604
       8.765     -0.04604
        8.78    -0.005115
       8.787      0.01535
       8.803      0.03581
        8.81      0.03581
       8.825      0.05627
       8.833      0.05627
        8.84      0.07673
       8.855      0.07673
       8.863      0.07673
       8.878       0.1176
       8.886       0.1176
       8.893       0.1176
       8.901      0.07673
       8.908      0.01535
       8.916     -0.02558
       8.923     -0.08696
       8.931      -0.1074
       8.946      -0.1688
       8.954      -0.1893
       8.969      -0.1893
       8.976      -0.1483
