     0.01186     -0.07046
     0.01942     -0.07046
     0.03455      -0.1092
     0.04212      -0.1479
     0.05725      -0.1479
     0.06481     -0.07046
     0.07238      0.02633
     0.07238     -0.03175
     0.07994      0.06504
     0.08751       0.1038
     0.09507       0.1425
      0.1102       0.1812
      0.1178       0.2199
      0.1253       0.2393
      0.1329        0.278
      0.1405       0.3167
      0.1556       0.3554
      0.1632       0.3554
      0.1707       0.3554
      0.1859       0.2973
      0.1934       0.2393
       0.201       0.1618
      0.2085       0.1038
      0.2161       0.0844
      0.2312      0.04568
      0.2388      -0.0511
      0.2464      -0.1285
      0.2539       -0.264
      0.2615      -0.3802
      0.2691       -0.477
      0.2766      -0.5544
      0.2842      -0.5931
      0.2918      -0.5738
      0.2993      -0.4963
      0.3069      -0.3995
      0.3145      -0.2834
       0.322      -0.1866
      0.3296      -0.1092
      0.3371     -0.03175
      0.3447      0.04568
      0.3447     -0.01239
      0.3523       0.1038
      0.3598       0.1618
      0.3674       0.2005
       0.375       0.2586
      0.3825        0.278
      0.3977       0.3167
      0.4052        0.336
      0.4204       0.3554
      0.4279       0.3554
      0.4355       0.3167
      0.4431        0.278
      0.4506       0.2393
      0.4582       0.1812
      0.4658       0.1425
      0.4733       0.0844
      0.4809      0.04568
      0.4884     -0.03175
       0.496      -0.1285
      0.5036      -0.2253
      0.5111      -0.3027
      0.5187      -0.3415
      0.5263      -0.3221
      0.5338       -0.264
      0.5414      -0.1866
       0.549      -0.1092
      0.5565      -0.0511
      0.5641      0.02633
      0.5641     -0.01239
      0.5717      0.06504
      0.5792       0.1425
      0.5868       0.2199
      0.5944        0.278
      0.6019       0.3167
      0.6095       0.3748
      0.6171       0.4135
      0.6246       0.4522
      0.6397       0.4715
      0.6473       0.4135
      0.6549       0.3167
      0.6624       0.1812
        0.67       0.0844
        0.67     -0.03175
      0.6776     -0.07046
      0.6776      -0.1866
      0.6851      -0.3027
      0.6927      -0.4383
      0.7003      -0.5931
      0.7078      -0.7093
      0.7154       -0.806
       0.723      -0.8448
      0.7305       -0.806
      0.7381      -0.7286
      0.7457      -0.6318
      0.7532      -0.5157
      0.7608      -0.3608
      0.7683       -0.206
      0.7759      0.02633
      0.7759     -0.07046
      0.7835       0.1038
       0.791       0.2199
      0.7986       0.3748
      0.8062       0.4909
      0.8137        0.607
      0.8213       0.6651
      0.8289       0.7232
      0.8364       0.7232
       0.844       0.7038
      0.8516       0.6651
      0.8591       0.6264
      0.8667       0.5683
      0.8743       0.4715
      0.8818        0.336
      0.8894       0.1618
       0.897      0.04568
       0.897     -0.08982
      0.9045       -0.264
      0.9121      -0.4383
      0.9196      -0.5738
      0.9272      -0.6512
      0.9348      -0.7093
      0.9499      -0.6899
      0.9575      -0.6318
       0.965      -0.5738
      0.9726      -0.5157
      0.9802      -0.4189
      0.9877      -0.3221
      0.9953      -0.2253
       1.003      -0.1285
        1.01      -0.0511
       1.018      0.02633
       1.018     -0.01239
       1.026      0.04568
       1.033       0.1038
       1.041       0.1812
       1.048        0.278
       1.056       0.3941
       1.063       0.5103
       1.071        0.607
       1.079       0.6651
       1.086       0.6845
       1.094       0.6458
       1.101       0.5877
       1.109       0.4715
       1.116       0.3748
       1.124       0.2393
       1.131       0.1038
       1.131     -0.03175
       1.139      -0.1092
       1.147      -0.2834
       1.154      -0.4189
       1.162       -0.535
       1.169      -0.5738
       1.184       -0.535
       1.192       -0.477
         1.2      -0.4189
       1.207      -0.3221
       1.215      -0.2447
       1.222      -0.1479
        1.23     -0.07046
       1.237     -0.01239
       1.245      0.04568
       1.253      0.06504
        1.26       0.1038
       1.268       0.1618
       1.275       0.2199
       1.283       0.2586
        1.29       0.3167
       1.298       0.3554
       1.305       0.3941
       1.313       0.4135
       1.328       0.4328
       1.336       0.4328
       1.343       0.4328
       1.358       0.4135
       1.366       0.4328
       1.381       0.4522
       1.389       0.4135
       1.396       0.3167
       1.404       0.1618
       1.411      0.06504
       1.411      -0.1092
       1.419      -0.3221
       1.426       -0.535
       1.434      -0.6899
       1.442      -0.7673
       1.449      -0.7867
       1.464      -0.7286
       1.472      -0.6318
       1.479       -0.535
       1.487      -0.4383
       1.495      -0.3221
       1.502      -0.2253
        1.51      -0.1479
       1.517     -0.08982
       1.525      -0.0511
        1.54     -0.01239
       1.548      0.02633
       1.563      0.06504
        1.57      0.06504
       1.578       0.0844
       1.593       0.1425
         1.6       0.1618
       1.616       0.1812
       1.623       0.1812
       1.631       0.1618
       1.638       0.1231
       1.646       0.0844
       1.653      0.04568
       1.653     -0.01239
       1.661      -0.0511
       1.669      -0.1092
       1.676      -0.1672
       1.684      -0.2253
       1.691      -0.2447
       1.706      -0.2447
       1.714      -0.1866
       1.722     -0.08982
       1.729      0.02633
       1.729     -0.03175
       1.737       0.0844
       1.744       0.1425
       1.752       0.2005
       1.767       0.2199
       1.774       0.2199
        1.79       0.1812
       1.797       0.1812
       1.812       0.2199
        1.82       0.2199
       1.835       0.2005
       1.843       0.2005
       1.858       0.2199
       1.865       0.2393
        1.88       0.2586
       1.888       0.2005
       1.896       0.1425
       1.903      0.06504
       1.903     -0.01239
       1.911     -0.07046
       1.918       -0.206
       1.926      -0.3221
       1.933      -0.4189
       1.941       -0.477
       1.956      -0.4576
       1.964      -0.3802
       1.971      -0.2834
       1.979      -0.1866
       1.986      -0.1092
       1.994     -0.03175
       2.001      0.04568
       2.009       0.0844
       2.017       0.1231
       2.024       0.1425
       2.039       0.1231
       2.047       0.1231
       2.054       0.1425
        2.07       0.1812
       2.077       0.1812
       2.085       0.2005
         2.1       0.2393
       2.107       0.2393
       2.115       0.2005
       2.122       0.1425
        2.13      0.06504
       2.138      0.02633
       2.138      -0.0511
       2.145      -0.1285
       2.153       -0.206
        2.16      -0.2834
       2.168      -0.3415
       2.175      -0.3995
       2.191      -0.3995
       2.198      -0.3608
       2.206      -0.3221
       2.213      -0.2834
       2.228      -0.2253
       2.236       -0.206
       2.244      -0.1672
       2.251      -0.1285
       2.266      -0.1092
       2.274     -0.08982
       2.281      -0.0511
       2.289      0.02633
       2.296       0.1038
       2.304       0.1812
       2.312       0.2586
       2.319       0.2973
       2.327       0.3554
       2.334       0.3941
       2.342       0.4328
       2.349       0.4909
       2.357       0.5103
       2.372       0.5103
        2.38       0.4715
       2.387       0.3941
       2.395       0.3167
       2.402       0.2199
        2.41       0.1038
       2.418      0.02633
       2.418      -0.0511
       2.425      -0.1479
       2.433      -0.2253
        2.44       -0.264
       2.448      -0.2447
       2.455      -0.1672
       2.463     -0.08982
        2.47     -0.03175
       2.486     -0.01239
       2.493     -0.03175
       2.501     -0.07046
       2.508      -0.1092
       2.516      -0.1672
       2.523       -0.206
       2.531      -0.2834
       2.539      -0.3608
       2.546      -0.4189
       2.554      -0.4576
       2.561      -0.4576
       2.576      -0.4189
       2.584      -0.3802
       2.591      -0.3415
       2.599      -0.3027
       2.607      -0.2447
       2.614       -0.206
       2.622      -0.1672
       2.629      -0.1285
       2.637     -0.08982
       2.644      -0.0511
       2.652      0.02633
       2.652     -0.01239
        2.66      0.04568
       2.667       0.1038
       2.675       0.1425
       2.682       0.1812
        2.69       0.2393
       2.697       0.2973
       2.705       0.3554
       2.713       0.4135
        2.72       0.4522
       2.728       0.4328
       2.735       0.3748
       2.743       0.2973
        2.75       0.2199
       2.758       0.1425
       2.765      0.06504
       2.773     0.006969
       2.781     -0.07046
       2.788      -0.1285
       2.796      -0.1866
       2.803      -0.2253
       2.818       -0.264
       2.826       -0.264
       2.841      -0.2447
       2.849       -0.206
       2.856      -0.1479
       2.864     -0.08982
       2.871     -0.03175
       2.879      0.04568
       2.887       0.1231
       2.894       0.1812
       2.902       0.2393
       2.909        0.278
       2.917       0.3167
       2.932        0.336
       2.939       0.3167
       2.962       0.2586
        2.97       0.2586
       2.985       0.2586
           3       0.2199
       3.008       0.2005
       3.015       0.1618
       3.023       0.1038
        3.03      0.04568
        3.03     -0.01239
       3.038     -0.03175
       3.045     -0.08982
       3.053      -0.1285
       3.061      -0.1866
       3.068      -0.2253
       3.076      -0.2834
       3.083      -0.3415
       3.091      -0.3995
       3.098      -0.4189
       3.113      -0.4383
       3.121      -0.3995
       3.129      -0.3415
       3.136      -0.2834
       3.144      -0.1866
       3.151      -0.1092
       3.159      0.04568
       3.159     -0.03175
       3.166       0.0844
       3.174       0.1618
       3.182       0.2005
       3.189       0.2393
       3.197       0.2586
       3.212        0.278
       3.219        0.278
       3.235       0.2199
       3.242       0.1812
        3.25       0.1618
       3.265       0.1618
       3.272       0.2005
       3.287       0.2199
       3.295       0.2005
       3.303       0.1618
        3.31       0.0844
       3.318     -0.07046
       3.325      -0.1672
       3.333      -0.2834
        3.34      -0.3802
       3.348      -0.4383
       3.356      -0.4963
       3.371      -0.4576
       3.378      -0.3802
       3.386      -0.3027
       3.393      -0.1866
       3.401      -0.1092
       3.409     -0.03175
       3.416      0.02633
       3.431      0.02633
       3.439      0.02633
       3.446     -0.01239
       3.461     -0.03175
       3.469     -0.01239
       3.477      0.04568
       3.484       0.0844
       3.492       0.1425
       3.499       0.2005
       3.507       0.2393
       3.514       0.2973
        3.53       0.3554
       3.537       0.3748
       3.552       0.3554
        3.56       0.3167
       3.567       0.2586
       3.575       0.1812
       3.582       0.1231
        3.59      0.06504
       3.598     -0.01239
       3.605     -0.03175
        3.62     -0.07046
       3.628      -0.1092
       3.635      -0.1479
       3.643       -0.206
       3.651       -0.264
       3.658      -0.3027
       3.666      -0.3027
       3.673      -0.2834
       3.681      -0.2253
       3.688      -0.1479
       3.696     -0.08982
       3.704     -0.03175
       3.711      0.04568
       3.711     -0.01239
       3.719       0.0844
       3.726       0.1231
       3.734       0.1618
       3.749       0.1812
       3.756       0.1812
       3.772       0.1618
       3.779       0.1425
       3.794       0.1231
       3.802       0.0844
       3.809      0.04568
       3.817     -0.03175
       3.825      -0.1092
       3.832      -0.1672
        3.84      -0.2253
       3.847       -0.264
       3.855      -0.3027
        3.87      -0.3415
       3.878      -0.3221
       3.885      -0.2834
       3.893      -0.2253
         3.9      -0.1479
       3.908     -0.07046
       3.915     -0.03175
       3.923     0.006969
        3.93      0.04568
       3.938       0.0844
       3.946       0.1425
       3.953       0.2005
       3.961       0.2393
       3.976        0.278
       3.983        0.278
       3.999        0.278
       4.006        0.278
       4.014        0.278
       4.029       0.2005
       4.036       0.1038
       4.044     0.006969
       4.052     -0.08982
       4.059      -0.1866
       4.067      -0.2447
       4.074      -0.3027
       4.082      -0.3415
       4.097      -0.3608
       4.104      -0.3608
       4.112      -0.3415
        4.12      -0.2834
       4.127      -0.1866
       4.135     -0.08982
       4.142     -0.03175
        4.15      0.02633
       4.157      0.04568
       4.165      0.06504
        4.18       0.1038
       4.188       0.1425
       4.195       0.2005
       4.203       0.2393
        4.21        0.278
       4.226        0.278
       4.233       0.2393
       4.241       0.1812
       4.248       0.0844
       4.256     0.006969
       4.263      -0.0511
       4.271     -0.08982
       4.278      -0.1285
       4.294      -0.1672
       4.301      -0.1866
       4.316      -0.1672
       4.331      -0.1479
       4.339      -0.1285
       4.347     -0.08982
       4.354     -0.03175
       4.362      0.04568
       4.369       0.0844
       4.384       0.1231
       4.392       0.0844
         4.4      0.02633
       4.407     -0.03175
       4.415     -0.07046
       4.422     -0.08982
       4.437      -0.1092
       4.445      -0.1285
       4.452      -0.1285
       4.468      -0.1092
       4.475     -0.08982
       4.483     -0.03175
        4.49      0.02633
       4.498       0.1038
       4.505       0.1812
       4.513        0.278
       4.521       0.3748
       4.528       0.4522
       4.536       0.5103
       4.543       0.5103
       4.551       0.4715
       4.558       0.4328
       4.566       0.3554
       4.574       0.2973
       4.581       0.2586
       4.589       0.2005
       4.596       0.1425
       4.604       0.0844
       4.611      0.04568
       4.619     0.006969
       4.626     -0.07046
       4.634      -0.1866
       4.642      -0.3221
       4.649      -0.4189
       4.657      -0.4963
       4.672      -0.4189
       4.679      -0.3415
       4.687      -0.2253
       4.695      -0.1285
       4.702     -0.07046
        4.71     -0.03175
       4.725      0.02633
       4.732      0.06504
       4.747      0.04568
       4.755      0.02633
        4.77      0.02633
       4.778      0.06504
       4.785       0.1231
       4.793       0.1812
         4.8       0.2199
       4.808        0.278
       4.823       0.2393
       4.831       0.1812
       4.838       0.1038
       4.846      0.04568
       4.846      -0.0511
       4.853      -0.1285
       4.861      -0.2253
       4.869      -0.2834
       4.876      -0.3415
       4.884      -0.3608
       4.891      -0.3415
       4.899      -0.3027
       4.906      -0.2447
       4.914      -0.1866
       4.921      -0.1285
       4.929     -0.07046
       4.937     -0.03175
       4.944      0.04568
       4.959       0.1038
       4.967       0.1812
       4.974       0.2199
       4.982       0.2586
       4.997        0.278
       5.005       0.2586
       5.012       0.2586
       5.027       0.2005
       5.035       0.1425
       5.043       0.0844
        5.05     0.006969
       5.058      -0.1092
       5.065       -0.206
       5.073      -0.3415
        5.08      -0.4383
       5.088       -0.477
       5.095      -0.5157
       5.111      -0.4963
       5.126       -0.477
       5.133      -0.4189
       5.141      -0.3608
       5.148      -0.2447
       5.156     -0.08982
       5.164       0.1038
       5.164     -0.01239
       5.171       0.2393
       5.179       0.3748
       5.186       0.4909
       5.194       0.5877
       5.201       0.6458
       5.217       0.6651
       5.224       0.6264
       5.232       0.5877
       5.239       0.5683
       5.254       0.5103
       5.262       0.4522
       5.269       0.3554
       5.277       0.1812
       5.285      0.06504
       5.285      -0.1092
       5.292      -0.3027
         5.3      -0.4963
       5.307      -0.6512
       5.315      -0.7286
       5.322       -0.748
       5.338      -0.7286
       5.345      -0.7093
       5.353      -0.6899
        5.36      -0.6318
       5.368      -0.5544
       5.375       -0.477
       5.383      -0.3802
       5.391      -0.2447
       5.398      -0.1285
       5.406     0.006969
       5.413       0.1231
       5.421       0.2199
       5.428       0.2973
       5.436       0.3748
       5.443       0.4522
       5.451       0.5103
       5.459        0.549
       5.466       0.5877
       5.474       0.6264
       5.481       0.6845
       5.489       0.7425
       5.496       0.7813
       5.504       0.7425
       5.512       0.6651
       5.519        0.549
       5.527       0.3748
       5.534       0.2199
       5.542       0.0844
       5.542     -0.03175
       5.549      -0.1092
       5.557      -0.3221
       5.565      -0.4963
       5.572      -0.6705
        5.58       -0.806
       5.587      -0.9028
       5.595      -0.9609
       5.602      -0.9609
        5.61      -0.9028
       5.617       -0.806
       5.625      -0.6899
       5.633       -0.535
        5.64      -0.3608
       5.648      -0.1672
       5.655       0.0844
       5.655     -0.03175
       5.663       0.2199
        5.67       0.3554
       5.678       0.4909
       5.686       0.5877
       5.693       0.6651
       5.701       0.7232
       5.708       0.7619
       5.723       0.7813
       5.731       0.7232
       5.739       0.6458
       5.746       0.5103
       5.754       0.3167
       5.761       0.1425
       5.769      0.04568
       5.769     -0.08982
       5.776      -0.2253
       5.784      -0.3415
       5.791      -0.4189
       5.799       -0.477
       5.814      -0.4576
       5.822      -0.4189
       5.829      -0.3802
       5.837      -0.3608
       5.844      -0.3221
       5.852       -0.264
        5.86       -0.206
       5.867      -0.1285
       5.875      -0.0511
       5.882      0.04568
       5.882     -0.01239
        5.89       0.1038
       5.897       0.1618
       5.905       0.2199
       5.912        0.278
        5.92        0.336
       5.928       0.3748
       5.943       0.4135
       5.958       0.4135
       5.973       0.4522
       5.988       0.4715
       6.003        0.336
       6.011       0.2199
       6.018       0.1038
       6.018     -0.03175
       6.026      -0.1285
       6.034      -0.3415
       6.041      -0.5157
       6.049      -0.6899
       6.056      -0.8254
       6.064      -0.9415
       6.071      -0.9996
       6.086      -0.9609
       6.094      -0.9028
       6.102       -0.806
       6.109      -0.7286
       6.117      -0.5931
       6.124      -0.4383
       6.132      -0.2834
       6.139      -0.1285
       6.147       0.0844
       6.147     -0.03175
       6.155       0.1812
       6.162       0.3167
        6.17       0.4328
       6.177        0.549
       6.185       0.6651
       6.192       0.7425
         6.2       0.7813
       6.208       0.7619
       6.215       0.6845
       6.223        0.607
        6.23       0.5103
       6.238       0.4328
       6.245       0.3554
       6.253       0.2973
        6.26       0.2393
       6.268       0.2005
       6.276       0.1425
       6.283      0.06504
       6.291      0.02633
       6.291     -0.03175
       6.298      -0.1092
       6.306       -0.206
       6.313      -0.3221
       6.321      -0.4189
       6.329      -0.5157
       6.336      -0.5931
       6.344      -0.6125
       6.351      -0.5544
       6.359       -0.477
       6.366      -0.3802
       6.374       -0.264
       6.382      -0.1479
       6.389      0.04568
       6.389      -0.0511
       6.397       0.0844
       6.404       0.1812
       6.412       0.2586
       6.419       0.3167
       6.427       0.3554
       6.442       0.3167
        6.45        0.278
       6.457       0.2005
       6.465       0.1425
       6.472       0.0844
        6.48      0.04568
       6.487     0.006969
       6.503     -0.01239
        6.51     -0.01239
       6.518      0.04568
       6.533       0.0844
        6.54      0.06504
       6.556     -0.01239
       6.563      -0.0511
       6.571      -0.1285
       6.578       -0.206
       6.586      -0.3027
       6.593      -0.3608
       6.601      -0.3802
       6.608      -0.3608
       6.616      -0.2834
       6.624      -0.1672
       6.631     -0.07046
       6.639      0.06504
       6.646       0.1425
       6.654       0.2199
       6.661       0.2973
       6.669        0.336
       6.684        0.336
       6.692       0.2973
       6.699       0.2586
       6.707       0.2005
       6.714       0.1425
       6.722      0.06504
        6.73      0.02633
        6.73     -0.03175
       6.737     -0.07046
       6.745      -0.1092
       6.752      -0.1092
       6.767      -0.1092
       6.775      -0.1285
        6.79      -0.1866
       6.798       -0.206
       6.813      -0.2447
        6.82      -0.2447
       6.835       -0.206
       6.843      -0.1672
       6.851      -0.1092
       6.858      -0.0511
       6.866      0.02633
       6.866     -0.01239
       6.873      0.06504
       6.881       0.1231
       6.888       0.1618
       6.903       0.2005
       6.911       0.1812
       6.919       0.1812
       6.934       0.1425
       6.941       0.1038
       6.949      0.04568
       6.949     -0.01239
       6.964     -0.07046
       6.972      -0.1285
       6.979      -0.1092
       6.994      -0.0511
       7.002     -0.03175
       7.017      -0.0511
       7.025      -0.0511
        7.04     -0.01239
       7.047      0.02633
       7.055      0.04568
        7.07       0.1038
       7.077       0.1231
       7.093       0.1038
         7.1       0.0844
       7.115      0.04568
       7.123     -0.01239
        7.13     -0.01239
       7.146     -0.03175
       7.153     -0.07046
       7.168      -0.1479
       7.176      -0.1866
       7.183      -0.2253
       7.191       -0.264
       7.199      -0.3027
       7.214      -0.3027
       7.221      -0.2447
       7.229      -0.1866
       7.236     -0.08982
       7.244      0.02633
       7.244     -0.03175
       7.251       0.0844
       7.259       0.1618
       7.267       0.2393
       7.274       0.3167
       7.282       0.3941
       7.289       0.4522
       7.297       0.5103
       7.304       0.5683
       7.312       0.6458
        7.32       0.6845
       7.335       0.6651
       7.342        0.607
        7.35       0.5296
       7.357       0.4522
       7.365       0.3748
       7.373        0.278
        7.38       0.1618
       7.388      0.06504
       7.388     -0.03175
       7.395      -0.1092
       7.403      -0.2253
        7.41      -0.3415
       7.418      -0.4383
       7.425      -0.4963
       7.441      -0.4963
       7.448      -0.4383
       7.456      -0.3802
       7.463      -0.3027
       7.471       -0.206
       7.478      -0.1092
       7.486     -0.03175
       7.494      0.04568
       7.501       0.1038
       7.509       0.1618
       7.516       0.2199
       7.524        0.278
       7.531       0.2973
       7.539       0.2586
       7.547       0.1812
       7.554       0.0844
       7.562      0.02633
       7.562     -0.03175
       7.569      -0.1092
       7.577      -0.1479
       7.584      -0.1672
       7.599      -0.1285
       7.615      -0.1285
       7.622      -0.1672
        7.63      -0.2253
       7.637      -0.3027
       7.645      -0.3802
       7.652      -0.4576
        7.66      -0.4963
       7.668      -0.5157
       7.683      -0.4576
        7.69      -0.3995
       7.698      -0.3027
       7.705      -0.1866
       7.713     -0.08982
       7.721     0.006969
       7.728       0.0844
       7.736       0.1618
       7.743       0.2199
       7.751       0.2586
       7.766       0.2973
       7.773       0.2973
       7.789       0.2973
       7.804       0.2586
       7.811       0.2199
       7.819       0.1812
       7.826       0.1038
       7.834      0.04568
       7.842     -0.01239
       7.857      0.02633
       7.864      0.04568
       7.879     0.006969
       7.887     -0.03175
       7.895     -0.07046
       7.902     -0.08982
       7.917     -0.03175
       7.925     -0.01239
       7.932      0.02633
        7.94      0.02633
       7.947     0.006969
       7.963     0.006969
        7.97      0.02633
       7.985      0.06504
           8     -0.01239
       8.008     -0.01239
       8.023      -0.0511
       8.031      -0.0511
       8.038     -0.03175
       8.053     -0.01239
       8.061     -0.01239
       8.076      -0.0511
       8.084      -0.0511
       8.099      -0.0511
       8.106     -0.03175
       8.121      0.04568
       8.129      0.06504
       8.144       0.0844
       8.152       0.0844
       8.159       0.1038
       8.174       0.1231
       8.182       0.0844
        8.19      0.04568
       8.197     -0.01239
       8.212     -0.03175
        8.22      0.04568
       8.227       0.1038
       8.235       0.1618
       8.242       0.1812
        8.25       0.2005
       8.265       0.1618
       8.273       0.1425
        8.28       0.1038
       8.288      0.04568
       8.295     -0.03175
       8.303     -0.08982
       8.311      -0.1479
       8.318      -0.1866
       8.326       -0.206
       8.341      -0.2447
       8.348      -0.2447
       8.364      -0.2253
       8.371       -0.206
       8.379      -0.1672
       8.386      -0.1285
       8.394     -0.08982
       8.401      -0.0511
       8.416      -0.0511
       8.424     -0.08982
       8.439      -0.1285
       8.447      -0.1479
       8.462      -0.1672
       8.469      -0.1672
       8.485      -0.1866
       8.492      -0.1866
         8.5      -0.1479
       8.515      -0.1092
       8.522     -0.07046
        8.53     -0.03175
       8.538      0.04568
       8.538     -0.01239
       8.545       0.0844
       8.553       0.1618
        8.56       0.2199
       8.568        0.278
       8.575       0.3167
        8.59       0.2973
       8.598        0.278
       8.613       0.2586
       8.621       0.2586
       8.628        0.278
       8.643       0.3167
       8.651        0.336
       8.666       0.3554
       8.674       0.3748
       8.689       0.3941
       8.696       0.3748
       8.704       0.3554
       8.712       0.3167
       8.719       0.2586
       8.727       0.2005
       8.734       0.1618
       8.742       0.1231
       8.749      0.06504
       8.757      -0.0511
       8.764      -0.1672
       8.772      -0.3415
        8.78       -0.477
       8.787      -0.6125
       8.795      -0.6899
       8.802      -0.7286
       8.817       -0.748
       8.825      -0.7286
        8.84      -0.6705
       8.848      -0.6318
       8.855      -0.5738
       8.863      -0.5157
        8.87      -0.4383
       8.878      -0.3415
       8.886      -0.2447
       8.893      -0.1479
       8.901      -0.0511
       8.908     0.006969
       8.916       0.1038
       8.923       0.1812
       8.931       0.2586
       8.938       0.3167
       8.946       0.3748
       8.969       0.4522
       8.976       0.4715
