     0.01186     -0.04878
     0.01942     -0.02907
     0.03455      0.03006
     0.04212      0.04977
     0.05725      0.04977
     0.06481      0.03006
     0.07994      0.01035
     0.09507     -0.02907
      0.1026     -0.04878
      0.1102     -0.04878
      0.1253      -0.0882
      0.1329      -0.1079
       0.148      -0.0882
      0.1556     -0.06849
      0.1707      -0.0882
      0.1783      -0.0882
      0.1859     -0.04878
      0.1934      0.03006
      0.1934    -0.009362
       0.201      0.04977
      0.2085       0.1089
      0.2161       0.1483
      0.2237       0.1877
      0.2312       0.2469
      0.2464       0.2469
      0.2539       0.2271
      0.2615       0.2271
      0.2766        0.168
      0.2918       0.1089
      0.2993      0.06948
      0.3145    -0.009362
       0.322    -0.009362
      0.3371     -0.02907
      0.3447    -0.009362
      0.3523      0.04977
      0.3598      0.06948
       0.375     -0.02907
      0.3825     -0.06849
      0.3901      -0.1079
      0.4128       -0.167
      0.4204      -0.1867
      0.4279      -0.1473
      0.4431      -0.0882
      0.4506     -0.04878
      0.4582    -0.009362
      0.4658      0.03006
      0.4733      0.04977
      0.4809      0.08918
       0.496       0.1286
      0.5036       0.1483
      0.5187       0.1286
      0.5263      0.08918
      0.5338      0.01035
      0.5414     -0.06849
       0.549       -0.167
      0.5565      -0.2262
      0.5717      -0.2656
      0.5792      -0.2459
      0.5944      -0.1867
      0.6019      -0.1276
      0.6095      -0.0882
      0.6171     -0.04878
      0.6322    -0.009362
      0.6397      0.01035
      0.6473      0.06948
      0.6549       0.1286
      0.6624        0.168
      0.6776       0.2271
      0.6851       0.2271
      0.7003        0.168
      0.7078       0.1286
      0.7154       0.1089
      0.7305      0.08918
      0.7381       0.1089
      0.7532      0.06948
      0.7608      0.03006
      0.7759      0.03006
       0.791      0.06948
      0.7986      0.06948
      0.8062      0.03006
      0.8137     -0.02907
      0.8289      -0.0882
      0.8364      -0.1079
      0.8516      -0.1079
      0.8591      -0.1276
      0.8667      -0.1079
      0.8818     -0.02907
      0.8894    -0.009362
       0.897      0.03006
      0.9045      0.04977
      0.9196      0.04977
      0.9272      0.06948
      0.9348      0.08918
      0.9499       0.1286
      0.9575       0.1089
       0.965      0.06948
      0.9726      0.03006
      0.9802     -0.02907
      0.9877     -0.06849
       1.003      -0.1079
        1.01      -0.1276
       1.018      -0.1276
       1.033       -0.167
       1.041      -0.1473
       1.056      -0.1276
       1.063      -0.1276
       1.079      -0.1276
       1.086     -0.04878
       1.094      0.06948
       1.094    -0.009362
       1.101       0.1089
       1.109       0.1483
       1.116       0.1483
       1.131      0.06948
       1.147    -0.009362
       1.154     -0.02907
       1.162    -0.009362
       1.177      0.01035
       1.184      0.03006
         1.2      0.03006
       1.215    -0.009362
        1.23    -0.009362
       1.237    -0.009362
       1.253      0.03006
        1.26      0.03006
       1.275    -0.009362
       1.283    -0.009362
       1.298    -0.009362
       1.305      0.04977
       1.313      0.08918
       1.321       0.1286
       1.336        0.168
       1.343        0.168
       1.358        0.168
       1.366       0.1286
       1.374      0.06948
       1.389      0.01035
       1.396    -0.009362
       1.404     -0.04878
       1.411      -0.1079
       1.419       -0.167
       1.426      -0.2262
       1.434      -0.2459
       1.449      -0.2459
       1.457      -0.2262
       1.464       -0.167
       1.472      -0.1079
       1.479     -0.04878
       1.487    -0.009362
       1.495      0.03006
        1.51      0.03006
       1.517      0.03006
       1.532      0.04977
       1.548      0.06948
       1.555      0.06948
        1.57      0.06948
       1.578      0.06948
       1.585       0.1089
         1.6       0.1286
       1.616       0.1483
       1.631       0.1483
       1.646       0.1089
       1.653       0.1089
       1.669       0.1089
       1.676      0.06948
       1.691     -0.02907
       1.699      -0.1079
       1.706       -0.167
       1.714      -0.2262
       1.722      -0.2853
       1.729      -0.3444
       1.737      -0.3838
       1.744      -0.4233
       1.759      -0.4233
       1.767      -0.3838
       1.774      -0.3247
       1.782      -0.2459
        1.79      -0.1473
       1.797     -0.04878
       1.805      0.06948
       1.812        0.168
        1.82       0.2469
       1.827       0.2863
       1.835       0.3257
       1.843       0.3848
        1.85       0.4242
       1.858       0.4637
       1.873       0.4045
        1.88       0.3454
       1.888       0.2863
       1.896       0.2469
       1.903       0.2074
       1.911        0.168
       1.918       0.1286
       1.926      0.06948
       1.933      0.03006
       1.933     -0.02907
       1.941     -0.06849
       1.948      -0.1473
       1.956       -0.167
       1.964       -0.167
       1.971      -0.1079
       1.979     -0.04878
       1.986    -0.009362
       2.001     -0.06849
       2.017      -0.1276
       2.024      -0.1079
       2.039      -0.1276
       2.047      -0.1473
       2.054      -0.1867
       2.062      -0.2065
       2.077      -0.1867
       2.085       -0.167
       2.092      -0.1079
         2.1     -0.06849
       2.107     -0.04878
       2.122     -0.02907
        2.13    -0.009362
       2.138      0.03006
       2.145      0.06948
        2.16      0.06948
       2.168      0.04977
       2.175      0.01035
       2.183    -0.009362
       2.198     -0.04878
       2.206      -0.0882
       2.221      -0.1079
       2.236      -0.0882
       2.244     -0.02907
       2.251      0.06948
       2.259       0.1483
       2.266       0.2271
       2.274        0.306
       2.281       0.3454
       2.289       0.3454
       2.304       0.3257
       2.312        0.306
       2.319       0.2666
       2.327       0.2074
       2.334       0.1286
       2.342      0.06948
       2.349     -0.04878
       2.357      -0.1276
       2.365      -0.1867
       2.372      -0.2262
        2.38      -0.2459
       2.387      -0.2459
       2.402      -0.2853
        2.41       -0.305
       2.418       -0.305
       2.433      -0.2656
        2.44      -0.2065
       2.448      -0.1079
       2.455      0.03006
       2.455     -0.04878
       2.463      0.06948
        2.47       0.1286
       2.478       0.1877
       2.486       0.2074
       2.501       0.2074
       2.508       0.1877
       2.516       0.1286
       2.523      0.08918
       2.531      0.04977
       2.539     -0.02907
       2.546     -0.06849
       2.554      -0.0882
       2.569      -0.1276
       2.576      -0.1079
       2.591      -0.0882
       2.599     -0.06849
       2.614     -0.02907
       2.622      0.03006
       2.622    -0.009362
       2.629      0.04977
       2.637      0.08918
       2.644       0.1089
       2.652      0.06948
        2.66    -0.009362
       2.667     -0.02907
       2.675     -0.06849
       2.682     -0.06849
       2.697     -0.04878
       2.705     -0.02907
        2.72      0.03006
       2.728      0.04977
       2.735      0.06948
        2.75      0.08918
       2.758       0.1286
       2.773        0.168
       2.781       0.1877
       2.796       0.2271
       2.803       0.2271
       2.818       0.2271
       2.826       0.2074
       2.834        0.168
       2.841       0.1286
       2.849      0.06948
       2.856      0.01035
       2.864     -0.04878
       2.871      -0.0882
       2.879       -0.167
       2.887      -0.2262
       2.894      -0.2656
       2.902      -0.2656
       2.909      -0.2262
       2.917      -0.1473
       2.924     -0.06849
       2.932      0.04977
       2.932    -0.009362
       2.939       0.1089
       2.947       0.1483
       2.955       0.1877
        2.97       0.1483
       2.977       0.1089
       2.985      0.04977
       2.985    -0.009362
       2.992     -0.04878
           3      -0.1079
       3.008      -0.1473
       3.023       -0.167
        3.03      -0.1473
       3.045      -0.1473
       3.053       -0.167
       3.061      -0.2065
       3.068      -0.2459
       3.076      -0.2656
       3.091      -0.2262
       3.098      -0.1079
       3.106      0.03006
       3.113       0.1877
       3.121       0.3257
       3.129       0.3848
       3.136       0.3651
       3.144       0.3257
       3.151       0.2666
       3.159       0.1877
       3.166       0.1286
       3.174      0.06948
       3.182      0.03006
       3.189      0.03006
       3.197      0.04977
       3.212      0.08918
       3.219      0.08918
       3.227      0.08918
       3.242      0.04977
        3.25      0.03006
       3.265      0.04977
        3.28      0.06948
       3.287      0.04977
       3.287    -0.009362
       3.295     -0.02907
        3.31      0.08918
       3.318        0.168
       3.325       0.2469
        3.34       0.2271
       3.348       0.1877
       3.356       0.1483
       3.363       0.1089
       3.371      0.06948
       3.378      0.01035
       3.386     -0.02907
       3.393     -0.06849
       3.401      -0.0882
       3.416      -0.1276
       3.424      -0.1276
       3.431      -0.0882
       3.446     -0.04878
       3.461     -0.02907
       3.469     -0.06849
       3.484      -0.1276
       3.492      -0.1473
       3.499      -0.1473
       3.514      -0.1473
       3.522      -0.1276
       3.537     -0.06849
       3.552     -0.04878
        3.56     -0.04878
       3.575     -0.04878
       3.582     -0.04878
        3.59    -0.009362
       3.613      0.03006
        3.62      0.04977
       3.635      0.03006
       3.643    -0.009362
       3.651    -0.009362
       3.666     -0.02907
       3.673     -0.04878
       3.681      -0.0882
       3.688      -0.1276
       3.704       -0.167
       3.711       -0.167
       3.719       -0.167
       3.734      -0.1867
       3.741      -0.1867
       3.749      -0.1473
       3.756      -0.0882
       3.764      0.01035
       3.772       0.1089
       3.779       0.1877
       3.787       0.2271
       3.794       0.2271
       3.802       0.2271
       3.817       0.2074
       3.825       0.2074
       3.832        0.168
        3.84      0.08918
       3.847      0.04977
       3.847     -0.02907
       3.855     -0.06849
       3.862      -0.1079
        3.87      -0.1079
       3.885     -0.04878
       3.893     -0.02907
       3.908    -0.009362
       3.915    -0.009362
       3.923      0.03006
        3.93      0.06948
       3.938       0.1286
       3.946       0.2074
       3.953       0.2469
       3.968       0.2469
       3.976       0.2074
       3.983       0.1483
       3.991      0.08918
       3.999      0.04977
       3.999    -0.009362
       4.014     -0.06849
       4.021      -0.1079
       4.029      -0.1276
       4.044       -0.167
       4.052       -0.167
       4.059       -0.167
       4.074       -0.167
       4.082      -0.1276
       4.089     -0.04878
       4.097      0.06948
       4.097    -0.009362
       4.104        0.168
       4.112       0.2666
        4.12       0.3257
       4.127       0.2863
       4.135       0.2271
       4.142       0.1286
        4.15      0.06948
        4.15    -0.009362
       4.157     -0.02907
       4.165      -0.0882
       4.173      -0.1079
       4.188      -0.1276
       4.195      -0.1079
        4.21      -0.1276
       4.218      -0.1473
       4.233      -0.1867
       4.241      -0.2262
       4.256      -0.2065
       4.263      -0.1867
       4.271      -0.1276
       4.278     -0.04878
       4.286      0.06948
       4.286    -0.009362
       4.294       0.1286
       4.301        0.168
       4.309       0.2074
       4.324       0.1877
       4.331       0.1877
       4.339       0.1483
       4.347       0.1089
       4.354      0.06948
       4.362      0.04977
       4.377    -0.009362
       4.384    -0.009362
       4.392    -0.009362
       4.407     -0.06849
       4.415      -0.0882
        4.43      -0.1276
       4.437       -0.167
       4.445       -0.167
        4.46      -0.1867
       4.468       -0.167
       4.475      -0.1079
       4.483      0.04977
       4.483     -0.04878
        4.49      0.08918
       4.498        0.168
       4.505       0.2074
       4.513        0.168
       4.521       0.1286
       4.528      0.08918
       4.536      0.04977
       4.543      0.01035
       4.558     -0.02907
       4.566     -0.04878
       4.581      -0.1079
       4.589      -0.1473
       4.604       -0.167
       4.611      -0.1276
       4.626      -0.1079
       4.634     -0.06849
       4.642     -0.04878
       4.649      0.01035
       4.657      0.06948
       4.664        0.168
       4.672       0.2666
       4.679       0.3454
       4.687       0.4045
       4.695       0.4045
       4.702       0.3454
        4.71       0.2469
       4.717       0.1286
       4.725      0.04977
       4.747      0.03006
       4.755    -0.009362
       4.763     -0.02907
        4.77      -0.1079
       4.778       -0.167
       4.785      -0.2262
         4.8      -0.2656
       4.808      -0.2656
       4.816      -0.2262
       4.823       -0.167
       4.831      -0.0882
       4.838      0.04977
       4.838     -0.02907
       4.846      0.08918
       4.853        0.168
       4.861       0.2469
       4.869        0.306
       4.876        0.306
       4.884        0.306
       4.891       0.2666
       4.899       0.2271
       4.906       0.1877
       4.914       0.1483
       4.921       0.1089
       4.929      0.04977
       4.937    -0.009362
       4.944     -0.06849
       4.952      -0.1079
       4.959       -0.167
       4.974      -0.2262
       4.982      -0.2459
        4.99      -0.2262
       5.005      -0.1867
       5.012      -0.1473
        5.02      -0.0882
       5.027     -0.02907
       5.035      0.01035
        5.05      0.03006
       5.058      0.03006
       5.073     -0.02907
        5.08     -0.02907
       5.095     -0.06849
       5.103      -0.0882
       5.118      -0.1079
       5.126      -0.1079
       5.141      -0.0882
       5.148     -0.06849
       5.156     -0.04878
       5.171     -0.06849
       5.179     -0.04878
       5.186     -0.02907
       5.194      0.03006
       5.201      0.08918
       5.209       0.1483
       5.217       0.1877
       5.224       0.2074
       5.232       0.1877
       5.247       0.1089
       5.254      0.08918
       5.262      0.04977
       5.269      0.03006
       5.285      0.03006
       5.292      0.03006
       5.307      0.01035
       5.315    -0.009362
        5.33    -0.009362
       5.338      0.03006
       5.345      0.04977
       5.353      0.08918
        5.36       0.1089
       5.368       0.1483
       5.375       0.1877
       5.383       0.2271
       5.398       0.2863
       5.406       0.2469
       5.413        0.168
       5.421      0.06948
       5.421    -0.009362
       5.428     -0.06849
       5.436      -0.1473
       5.443      -0.2065
       5.459      -0.2262
       5.466      -0.1867
       5.481      -0.1473
       5.496      -0.0882
       5.504     -0.06849
       5.512     -0.04878
       5.527      0.03006
       5.534      0.04977
       5.549      0.04977
       5.557      0.06948
       5.565       0.1089
       5.572       0.1483
       5.587      0.08918
       5.595      0.04977
       5.595    -0.009362
       5.602     -0.02907
        5.61     -0.06849
       5.617      -0.0882
       5.633      -0.0882
        5.64      -0.0882
       5.648     -0.06849
       5.663     -0.04878
        5.67     -0.02907
       5.686      0.01035
       5.693      0.04977
       5.701       0.1089
       5.708       0.1483
       5.716       0.1877
       5.731       0.1877
       5.739        0.168
       5.746       0.1877
       5.754       0.2074
       5.761       0.2666
       5.769        0.306
       5.776       0.3454
       5.784       0.3257
       5.791       0.2666
       5.799       0.1483
       5.807      0.04977
       5.814      -0.0882
       5.822      -0.2065
       5.829       -0.305
       5.837      -0.3838
       5.844      -0.4233
       5.852      -0.4233
        5.86      -0.3641
       5.867       -0.305
       5.875      -0.2656
        5.89      -0.2656
       5.897      -0.2853
       5.912      -0.2459
        5.92      -0.2262
       5.928       -0.167
       5.935      -0.1276
        5.95     -0.06849
       5.958      0.03006
       5.958     -0.02907
       5.965      0.08918
       5.973        0.168
       5.981       0.2469
       5.988       0.2863
       5.996       0.2863
       6.011       0.2271
       6.018       0.1877
       6.026       0.1483
       6.034       0.1089
       6.041      0.06948
       6.056    -0.009362
       6.064    -0.009362
       6.079     -0.02907
       6.086     -0.04878
       6.102      -0.1079
       6.109      -0.1473
       6.117      -0.1867
       6.132      -0.2459
       6.139      -0.2459
       6.155      -0.2262
       6.162      -0.1867
        6.17      -0.1276
       6.177     -0.04878
       6.185      0.06948
       6.185    -0.009362
       6.192       0.1483
         6.2       0.2074
       6.208       0.2469
       6.215       0.2666
        6.23       0.2074
       6.238       0.1483
       6.245       0.1089
       6.245      0.04977
       6.253      0.04977
        6.26    -0.009362
       6.268    -0.009362
       6.276      0.03006
       6.291      0.08918
       6.306       0.1286
       6.313       0.1286
       6.321      0.08918
       6.329      0.04977
       6.336      0.01035
       6.344     -0.02907
       6.351     -0.04878
       6.366     -0.04878
       6.374      0.03006
       6.374    -0.009362
       6.382      0.08918
       6.389        0.168
       6.397       0.2863
       6.404       0.3454
       6.412       0.3848
       6.419       0.3848
       6.427       0.3454
       6.434       0.2863
       6.442       0.2271
        6.45       0.1877
       6.457       0.1483
       6.465       0.1089
       6.472      0.06948
       6.487    -0.009362
       6.495     -0.02907
       6.503      -0.0882
        6.51      -0.1276
       6.525      -0.1867
       6.533      -0.2065
        6.54      -0.2065
       6.556      -0.2065
       6.563       -0.167
       6.571      -0.1079
       6.578     -0.02907
       6.586      0.06948
       6.593       0.1089
       6.601       0.1483
       6.608        0.168
       6.616       0.1286
       6.624      0.06948
       6.624    -0.009362
       6.631     -0.04878
       6.639       -0.167
       6.646      -0.2459
       6.654      -0.3444
       6.661      -0.4035
       6.669       -0.443
       6.684       -0.443
       6.692      -0.4233
       6.699      -0.3838
       6.707       -0.305
       6.714      -0.2065
       6.722      -0.1276
        6.73      -0.0882
       6.745     -0.06849
       6.752     -0.06849
       6.767     -0.02907
       6.775      0.06948
       6.782       0.1483
        6.79       0.2469
       6.798       0.3454
       6.805       0.4242
       6.813       0.4834
       6.828       0.5031
       6.835        0.444
       6.843       0.3651
       6.851       0.2863
       6.858       0.2074
       6.866       0.1483
       6.873      0.08918
       6.881      0.04977
       6.888      0.01035
       6.896    -0.009362
       6.903     -0.04878
       6.911      -0.0882
       6.919      -0.1276
       6.926      -0.2065
       6.934      -0.2853
       6.941      -0.3247
       6.956      -0.2853
       6.964      -0.2065
       6.972      -0.1276
       6.979     -0.04878
       6.987      0.04977
       7.009      0.06948
       7.017      0.04977
       7.032      0.01035
       7.047      0.01035
       7.062      0.03006
        7.07      0.04977
       7.085      0.01035
       7.093    -0.009362
       7.108     -0.06849
       7.115      -0.0882
        7.13      -0.0882
       7.138     -0.04878
       7.146      0.01035
       7.153      0.08918
       7.161       0.1286
       7.176       0.1483
       7.183       0.1286
       7.191       0.1286
       7.206       0.1483
       7.214        0.168
       7.229       0.1483
       7.236       0.1089
       7.244      0.04977
       7.251    -0.009362
       7.259     -0.04878
       7.267      -0.0882
       7.274      -0.1079
       7.289      -0.1473
       7.297      -0.1276
       7.304      -0.1079
       7.312     -0.02907
        7.32      0.04977
        7.32    -0.009362
       7.327      0.08918
       7.342       0.1089
        7.35       0.1089
       7.365       0.1286
        7.38       0.1483
       7.388       0.1483
       7.395        0.168
        7.41       0.1089
       7.418      0.06948
       7.433      0.03006
       7.441      0.01035
       7.463      0.03006
       7.471      0.03006
       7.486    -0.009362
       7.494     -0.04878
       7.501      -0.1079
       7.509       -0.167
       7.516      -0.2262
       7.524      -0.2656
       7.539      -0.2853
       7.547      -0.2656
       7.554      -0.2262
       7.562      -0.1867
       7.577      -0.1867
       7.584      -0.1867
       7.599      -0.1473
       7.607      -0.1276
       7.622      -0.1079
        7.63      -0.0882
       7.637     -0.04878
       7.645      0.01035
       7.652       0.1286
        7.66       0.2271
       7.668       0.3257
       7.675       0.3651
       7.683       0.3651
        7.69       0.3257
       7.698       0.2666
       7.705       0.2271
       7.713       0.1877
       7.721       0.1483
       7.736       0.1089
       7.743      0.08918
       7.751      0.08918
       7.766      0.04977
       7.773      0.04977
       7.789    -0.009362
       7.796     -0.04878
       7.804      -0.0882
       7.811      -0.1079
       7.826      -0.1473
       7.834      -0.1276
       7.842     -0.06849
       7.849      0.01035
       7.857      0.04977
       7.872      0.06948
       7.879      0.04977
       7.887     -0.02907
       7.895     -0.06849
       7.902      -0.1079
        7.91       -0.167
       7.917      -0.2065
       7.925      -0.2459
       7.932       -0.305
        7.94      -0.3247
       7.955      -0.3641
       7.963      -0.3641
        7.97      -0.3444
       7.978       -0.305
       7.985      -0.2459
       7.993       -0.167
           8     -0.06849
       8.008      0.08918
       8.008    -0.009362
       8.016       0.2271
       8.023       0.3848
       8.031       0.4834
       8.046       0.4834
       8.053        0.444
       8.061       0.3848
       8.068       0.3257
       8.076       0.2666
       8.084       0.2074
       8.091       0.1483
       8.099       0.1286
       8.114      0.08918
       8.121      0.04977
       8.129      0.01035
       8.137     -0.02907
       8.144      -0.0882
       8.152      -0.1276
       8.159       -0.167
       8.167      -0.2065
       8.182       -0.167
        8.19      -0.1079
       8.197     -0.04878
       8.205      0.03006
       8.212       0.1089
        8.22       0.1483
       8.227       0.1483
       8.235      0.08918
       8.242      0.04977
        8.25    -0.009362
       8.265     -0.06849
       8.273      -0.0882
       8.288      -0.1276
       8.295      -0.1276
       8.303      -0.1079
       8.318     -0.06849
       8.326     -0.06849
       8.341     -0.06849
       8.348     -0.06849
       8.364     -0.02907
       8.371      0.03006
       8.379       0.1286
       8.386       0.2469
       8.394       0.3454
       8.401       0.4242
       8.409       0.4242
       8.416       0.4045
       8.424       0.3454
       8.432       0.2863
       8.439       0.2074
       8.447       0.1286
       8.454      0.01035
       8.462      -0.1079
       8.469      -0.2065
       8.477      -0.2656
       8.485      -0.3444
       8.492      -0.3838
         8.5      -0.4035
       8.515       -0.443
       8.522       -0.443
       8.538       -0.443
       8.545      -0.4035
       8.553      -0.3838
        8.56      -0.3247
       8.568      -0.2459
       8.575      -0.1079
       8.583      0.03006
        8.59        0.168
       8.598       0.2666
       8.606       0.3454
       8.621       0.3848
       8.628       0.3848
       8.643       0.3454
       8.659       0.2863
       8.666       0.2271
       8.674        0.168
       8.681      0.08918
       8.689      0.01035
       8.696     -0.06849
       8.704      -0.1276
       8.712      -0.1473
       8.727       -0.167
       8.734      -0.1276
       8.742     -0.04878
       8.749      0.06948
       8.749    -0.009362
       8.757       0.1483
       8.764       0.2469
       8.772        0.306
       8.787       0.3257
       8.795       0.2863
       8.802       0.2469
        8.81       0.1877
       8.817       0.1286
       8.825      0.06948
       8.833     -0.02907
        8.84      -0.0882
       8.848       -0.167
       8.855      -0.2262
       8.863      -0.2656
        8.87      -0.2853
       8.886      -0.2656
       8.893      -0.2065
       8.901      -0.1473
       8.908      -0.1079
       8.923     -0.04878
       8.931      0.03006
       8.931    -0.009362
       8.938      0.06948
       8.946       0.1483
       8.954       0.2074
       8.969       0.2271
       8.976        0.168
