     0.01181      0.01535
     0.01181     -0.04297
     0.01938      0.07366
     0.02694       0.1708
     0.03451        0.268
     0.04207       0.3652
     0.04964       0.4235
      0.0572        0.443
     0.06477       0.4041
     0.07233       0.3458
      0.0799       0.2875
     0.08746       0.2486
      0.1026       0.2097
      0.1102       0.1903
      0.1253        0.132
      0.1329      0.09309
      0.1404      0.03478
       0.148     -0.02353
      0.1555     -0.08184
      0.1631      -0.1207
      0.1782      -0.1596
      0.1858      -0.1596
      0.1934      -0.1402
      0.2009      -0.1207
      0.2085     -0.08184
      0.2161     -0.02353
      0.2312    -0.004092
      0.2388     -0.04297
      0.2463     -0.08184
      0.2539      -0.1207
       0.269      -0.1402
      0.2766      -0.1207
      0.2917      -0.0624
      0.3068      -0.0624
       0.322      -0.0624
      0.3371     -0.04297
      0.3447    -0.004092
      0.3522      0.07366
      0.3598        0.132
      0.3674       0.1708
      0.3749       0.1708
      0.3825        0.132
      0.3901      0.09309
      0.4052      0.03478
      0.4128    -0.004092
      0.4279     -0.02353
      0.4355    -0.004092
       0.443      0.03478
      0.4506      0.03478
      0.4657      0.03478
      0.4808      0.01535
      0.4884      0.05422
       0.496      0.09309
      0.5035        0.132
      0.5111       0.1903
      0.5187       0.1903
      0.5262       0.1708
      0.5338        0.132
      0.5414      0.09309
      0.5489      0.05422
      0.5565      0.03478
      0.5716      0.01535
      0.5792      0.03478
      0.5868      0.07366
      0.6019      0.09309
      0.6094       0.1125
      0.6246      0.05422
      0.6321      0.01535
      0.6397     -0.04297
      0.6473      -0.1207
      0.6548      -0.1985
      0.6624      -0.2957
        0.67      -0.3345
      0.6775      -0.3345
      0.6851      -0.3151
      0.6927      -0.2762
      0.7002      -0.2373
      0.7078      -0.2179
      0.7154       -0.179
      0.7229      -0.1207
      0.7305      -0.0624
      0.7381      0.03478
      0.7456        0.132
      0.7532       0.2486
      0.7607       0.3458
      0.7683       0.4235
      0.7759       0.4624
      0.7834       0.4818
      0.7986        0.443
      0.8061       0.4235
      0.8137       0.4235
      0.8288       0.3458
      0.8364       0.2292
       0.844      0.03478
      0.8515      -0.1985
      0.8591      -0.3928
      0.8667        -0.49
      0.8667      -0.5483
      0.8818      -0.5289
      0.8894      -0.4706
      0.9045      -0.4123
      0.9121      -0.3734
      0.9196       -0.354
      0.9272      -0.3151
      0.9347      -0.2568
      0.9423      -0.1985
      0.9499      -0.1402
      0.9574      -0.0624
       0.965      0.03478
      0.9726        0.132
      0.9801       0.2097
      0.9877        0.268
      0.9953       0.2486
       1.003       0.2097
        1.01       0.1514
       1.018      0.09309
       1.026      0.05422
       1.033      0.03478
       1.041      0.07366
       1.048       0.1125
       1.056       0.1708
       1.071       0.1903
       1.078       0.1514
       1.086       0.1125
       1.094      0.05422
       1.101    -0.004092
       1.109      -0.0624
       1.116      -0.1207
       1.131      -0.1596
       1.139      -0.1596
       1.147      -0.1402
       1.162     -0.08184
       1.169     -0.02353
       1.177      0.05422
       1.184      0.09309
       1.192       0.1125
         1.2       0.1125
       1.215      0.07366
       1.222      0.03478
       1.237      0.03478
       1.245      0.09309
       1.252       0.1514
        1.26       0.1125
       1.268      0.03478
       1.275     -0.08184
       1.283       -0.179
        1.29      -0.2373
       1.298      -0.2762
       1.305      -0.2762
       1.321      -0.2762
       1.328      -0.2373
       1.336      -0.1596
       1.343      -0.0624
       1.351      0.03478
       1.358       0.1125
       1.366       0.1514
       1.374       0.1903
       1.389       0.2292
       1.396       0.2486
       1.404       0.2875
       1.411       0.3263
       1.419       0.3847
       1.426       0.4235
       1.434       0.4041
       1.442       0.3458
       1.449       0.2486
       1.457       0.1514
       1.464      0.05422
       1.472     -0.04297
       1.479      -0.1402
       1.487      -0.1985
       1.495      -0.2373
        1.51      -0.2179
       1.517       -0.179
       1.525      -0.1207
       1.532      -0.0624
       1.548     -0.02353
       1.555     -0.04297
        1.57     -0.04297
       1.578      0.01535
       1.585      0.09309
       1.593       0.2097
         1.6       0.2875
       1.608       0.3458
       1.616       0.3652
       1.623       0.3263
       1.631       0.2486
       1.638       0.1514
       1.646      0.07366
       1.653      0.01535
       1.661    -0.004092
       1.676     -0.02353
       1.684     -0.04297
       1.699     -0.08184
       1.706     -0.08184
       1.722     -0.04297
       1.729     -0.02353
       1.744     -0.02353
       1.752     -0.02353
       1.767     -0.02353
       1.782      -0.0624
        1.79     -0.08184
       1.805      -0.1207
       1.812      -0.1402
       1.827      -0.1013
       1.835     -0.04297
       1.843      0.05422
        1.85       0.1514
       1.858       0.2097
       1.865        0.268
       1.873       0.2875
        1.88       0.2486
       1.888       0.1903
       1.896       0.1125
       1.903      0.01535
       1.911     -0.02353
       1.918     -0.02353
       1.926      0.03478
       1.933       0.1125
       1.941       0.1708
       1.956       0.1125
       1.964    -0.004092
       1.971      -0.1207
       1.979      -0.2179
       1.986      -0.2762
       1.994       -0.354
       2.001      -0.4317
       2.009        -0.49
       2.009      -0.5678
       2.017      -0.6261
       2.024       -0.665
       2.032      -0.6455
       2.039      -0.5678
       2.047      -0.4123
       2.047      -0.5289
       2.054      -0.2568
       2.062      -0.1013
        2.07       0.1125
        2.07    -0.004092
       2.077        0.268
       2.085       0.3847
       2.092        0.443
       2.107       0.4624
       2.115       0.4624
       2.122       0.4624
        2.13       0.4235
       2.138       0.3458
       2.145        0.268
       2.153       0.1514
        2.16      0.03478
       2.168      -0.0624
       2.175      -0.1596
       2.183      -0.2373
       2.191      -0.2957
       2.198       -0.354
       2.213      -0.3928
       2.221      -0.4123
       2.228      -0.3734
       2.236      -0.3151
       2.243      -0.2179
       2.251     -0.08184
       2.259      0.07366
       2.266       0.2097
       2.274       0.3069
       2.281       0.3847
       2.289       0.4235
       2.304       0.4235
       2.312        0.443
       2.327       0.4235
       2.334       0.3263
       2.342       0.2097
       2.349      0.05422
       2.357     -0.08184
       2.365      -0.2179
       2.372      -0.3151
        2.38      -0.4123
       2.387        -0.49
       2.402      -0.4512
        2.41       -0.354
       2.417      -0.2373
       2.425      -0.1207
       2.433     -0.02353
        2.44      0.07366
       2.448        0.132
       2.455       0.1708
       2.463       0.2292
        2.47        0.268
       2.486       0.3263
       2.493       0.3458
       2.501       0.4041
       2.508        0.443
       2.516       0.4818
       2.523       0.4235
       2.531       0.3069
       2.539       0.1708
       2.546      0.05422
       2.554     -0.02353
       2.561      -0.0624
       2.569      -0.1207
       2.576      -0.1596
       2.584      -0.2373
       2.591      -0.2957
       2.599       -0.354
       2.614      -0.3151
       2.622      -0.2568
       2.629      -0.1596
       2.637      -0.0624
       2.644      0.03478
       2.652       0.1125
        2.66       0.1903
       2.667       0.2292
       2.675       0.2875
        2.69       0.2292
       2.697       0.1708
       2.705      0.05422
       2.713      -0.0624
        2.72      -0.1596
       2.728      -0.2373
       2.735      -0.2762
        2.75      -0.2762
       2.758      -0.2179
       2.765       -0.179
       2.773      -0.1207
       2.788      -0.1013
       2.796     -0.08184
       2.803      -0.0624
       2.811    -0.004092
       2.818      0.07366
       2.826       0.1708
       2.834       0.2486
       2.841       0.3263
       2.849       0.3652
       2.856       0.4041
       2.871       0.4041
       2.879       0.3652
       2.887       0.3069
       2.894       0.2292
       2.902        0.132
       2.909      0.01535
       2.917      -0.1013
       2.924      -0.2179
       2.932      -0.2957
       2.939       -0.354
       2.947      -0.4123
       2.955      -0.4512
       2.962      -0.4706
        2.97      -0.4512
       2.977      -0.4123
       2.985       -0.354
       2.992      -0.2568
           3       -0.179
       3.008     -0.08184
       3.015      0.01535
       3.023        0.132
        3.03       0.2097
       3.038        0.268
       3.053       0.3069
       3.061       0.2875
       3.076       0.2486
       3.083       0.2292
       3.098       0.1708
       3.106        0.132
       3.113      0.07366
       3.121      0.01535
       3.129      -0.0624
       3.136      -0.1596
       3.144      -0.2373
       3.151      -0.2957
       3.159      -0.3345
       3.174      -0.2762
       3.182       -0.179
       3.189      0.03478
       3.189      -0.0624
       3.197      0.09309
       3.204       0.1708
       3.212       0.2486
       3.219       0.2486
       3.227       0.2486
       3.242       0.2097
        3.25       0.1903
       3.265       0.1903
        3.28       0.1708
       3.287       0.1708
       3.295        0.132
       3.303      0.01535
        3.31      -0.1402
       3.318      -0.2957
       3.325      -0.3928
        3.34      -0.3345
       3.348      -0.1985
       3.356      -0.0624
       3.363      0.05422
       3.371        0.132
       3.378       0.1514
       3.386       0.1708
       3.401       0.1708
       3.409       0.1514
       3.424       0.1514
       3.431       0.1514
       3.439        0.132
       3.446      0.09309
       3.454      0.05422
       3.461      0.03478
       3.477    -0.004092
       3.484      -0.0624
       3.492      -0.1207
       3.499       -0.179
       3.507      -0.2373
       3.522      -0.2762
        3.53      -0.2568
       3.537      -0.1985
       3.545     -0.08184
       3.552      0.07366
        3.56       0.2097
       3.567       0.2875
       3.583       0.2486
        3.59       0.1903
       3.598        0.132
       3.613       0.1514
        3.62       0.1708
       3.628       0.2097
       3.635       0.2486
       3.651       0.2486
       3.658       0.1903
       3.666       0.1125
       3.673      -0.0624
       3.681      -0.2373
       3.688      -0.4123
       3.696      -0.5678
       3.704      -0.6261
       3.719      -0.5678
       3.726      -0.4512
       3.726      -0.5289
       3.734       -0.354
       3.741      -0.2179
       3.749     -0.08184
       3.757      0.03478
       3.764        0.132
       3.772       0.2097
       3.779        0.268
       3.787       0.3069
       3.794       0.3069
       3.809       0.2486
       3.825       0.2097
       3.832       0.1903
        3.84       0.1708
       3.847        0.132
       3.855      0.05422
       3.862      -0.0624
        3.87      -0.1985
       3.878      -0.3345
       3.885      -0.4512
       3.885      -0.5289
       3.893      -0.5483
       3.908      -0.4706
       3.908      -0.5483
       3.915      -0.3928
       3.923      -0.2373
        3.93      0.03478
        3.93     -0.08184
       3.938       0.1125
       3.946       0.2486
       3.953       0.3458
       3.961       0.4624
       3.968       0.5596
       3.968       0.5013
       3.976       0.5985
       3.983       0.6373
       3.991       0.6373
       3.999        0.579
       4.006       0.5402
       4.006       0.4624
       4.014       0.3652
       4.021       0.2486
       4.029       0.1514
       4.036      0.09309
       4.044      0.03478
       4.052     -0.02353
       4.059     -0.08184
       4.067      -0.1596
       4.074      -0.2373
       4.082      -0.3151
       4.089      -0.3734
       4.097      -0.3928
       4.104      -0.3734
       4.112      -0.3151
        4.12      -0.2762
       4.135      -0.2762
       4.142      -0.2568
        4.15       -0.179
       4.157      0.03478
       4.157      -0.0624
       4.165      0.09309
       4.173       0.1903
        4.18       0.2486
       4.188       0.3069
       4.203       0.3458
        4.21       0.3458
       4.218       0.3069
       4.226        0.268
       4.233       0.2292
       4.248       0.1903
       4.256       0.1708
       4.263        0.132
       4.278      0.09309
       4.286      0.07366
       4.301      0.03478
       4.309     -0.02353
       4.316     -0.08184
       4.324      -0.1596
       4.331      -0.2373
       4.339      -0.2957
       4.354      -0.2568
       4.362      -0.1985
       4.369      -0.1596
       4.377      -0.1596
       4.384      -0.1985
       4.392      -0.2373
         4.4      -0.2957
       4.407      -0.3345
       4.422       -0.354
        4.43      -0.3151
       4.437      -0.2568
       4.445      -0.1596
       4.452     -0.08184
        4.46      0.01535
       4.468       0.1125
       4.475       0.1708
       4.483       0.1903
        4.49       0.1514
       4.498       0.1125
       4.505      0.05422
       4.513      0.05422
       4.521       0.1125
       4.528       0.1708
       4.536       0.2292
       4.551       0.2292
       4.558       0.1903
       4.574       0.1514
       4.581        0.132
       4.596      0.09309
       4.604      0.07366
       4.611      0.01535
       4.619     -0.02353
       4.626     -0.04297
       4.642    -0.004092
       4.649      0.01535
       4.657      0.05422
       4.664       0.1125
       4.679       0.1708
       4.687        0.132
       4.695      0.07366
       4.702      0.01535
        4.71     -0.04297
       4.717     -0.08184
       4.732      -0.1207
        4.74      -0.1402
       4.755      -0.1402
       4.763      -0.1013
        4.77     -0.04297
       4.778      0.03478
       4.785      0.09309
       4.793       0.1514
         4.8       0.1708
       4.808       0.1903
       4.816       0.2292
       4.823        0.268
       4.831       0.3263
       4.838       0.3458
       4.853       0.3458
       4.861       0.2875
       4.869       0.2486
       4.876       0.1903
       4.891       0.1514
       4.899       0.1514
       4.906       0.1125
       4.914      0.03478
       4.922     -0.08184
       4.929      -0.2179
       4.937       -0.354
       4.944      -0.4512
       4.952      -0.5289
       4.959      -0.5483
       4.974      -0.5483
       4.982        -0.49
        4.99      -0.3928
       4.997      -0.2957
       5.005      -0.1985
       5.012      -0.1207
        5.02     -0.04297
       5.027      0.01535
       5.035      0.07366
       5.043       0.1514
        5.05       0.2097
       5.058       0.2486
       5.065       0.2875
        5.08       0.3069
       5.088       0.3263
       5.103       0.3458
       5.111       0.3069
       5.118        0.268
       5.126       0.2097
       5.133        0.132
       5.141      0.03478
       5.148     -0.08184
       5.156      -0.2179
       5.164      -0.3345
       5.171      -0.4317
       5.179      -0.4706
       5.186      -0.4706
       5.194      -0.4123
       5.201      -0.3345
       5.209      -0.2568
       5.217      -0.1402
       5.224    -0.004092
       5.232        0.132
       5.239       0.2486
       5.247       0.3069
       5.254       0.2875
       5.262       0.2486
        5.27       0.1708
       5.277       0.1125
       5.285      0.05422
       5.292      0.01535
         5.3    -0.004092
       5.315      0.01535
       5.322      0.05422
        5.33      0.09309
       5.338        0.132
       5.345       0.1903
       5.353       0.2292
        5.36       0.2292
       5.368       0.1708
       5.375      0.09309
       5.383    -0.004092
       5.391     -0.08184
       5.406     -0.02353
       5.413      0.03478
       5.421      0.07366
       5.436      0.09309
       5.444      0.07366
       5.451      0.01535
       5.459      -0.0624
       5.466      -0.1402
       5.474      -0.2179
       5.489      -0.1985
       5.496      -0.1596
       5.504      -0.0624
       5.512      0.03478
       5.519       0.1125
       5.527       0.1514
       5.534       0.1903
       5.542       0.2097
       5.557       0.1514
       5.565      0.09309
       5.572      0.01535
        5.58     -0.08184
       5.587      -0.1596
       5.595      -0.2179
       5.602      -0.2373
       5.618      -0.1985
       5.625       -0.179
       5.633      -0.1596
       5.648      -0.1402
       5.655      -0.1207
       5.663      -0.1013
        5.67      -0.0624
       5.678     -0.02353
       5.686      0.03478
       5.693       0.1125
       5.701       0.1708
       5.708       0.2097
       5.716       0.2486
       5.731       0.2292
       5.739       0.2097
       5.746       0.1514
       5.754      0.09309
       5.761      0.03478
       5.769      -0.0624
       5.776      -0.1402
       5.784      -0.2373
       5.791      -0.3151
       5.799      -0.3734
       5.807      -0.4123
       5.814      -0.4317
       5.822      -0.3734
       5.829      -0.2568
       5.837      -0.1402
       5.844     -0.02353
       5.852      0.07366
        5.86       0.1514
       5.867       0.2097
       5.875       0.2486
       5.882       0.3263
        5.89       0.3652
       5.897       0.4041
       5.913       0.3847
        5.92       0.3069
       5.928       0.2292
       5.935       0.1514
       5.943      0.07366
        5.95      0.01535
       5.958     -0.04297
       5.965      -0.0624
       5.981      -0.1013
       5.988      -0.1207
       6.003      -0.1402
       6.011      -0.1207
       6.026     -0.08184
       6.034      -0.0624
       6.041     -0.04297
       6.049    -0.004092
       6.056      0.05422
       6.064      0.09309
       6.071        0.132
       6.079       0.1708
       6.087       0.2097
       6.094       0.2486
       6.102        0.268
       6.117       0.2292
       6.124       0.1708
       6.132       0.1125
       6.139      0.03478
       6.147     -0.02353
       6.155     -0.08184
       6.162      -0.1596
        6.17      -0.2179
       6.177      -0.3151
       6.185      -0.4123
       6.192      -0.4706
         6.2      -0.4706
       6.208      -0.4317
       6.215      -0.3345
       6.223      -0.2373
        6.23      -0.1207
       6.238     -0.02353
       6.245      0.07366
       6.253        0.132
       6.268       0.1903
       6.276       0.2486
       6.283       0.3263
       6.291       0.4235
       6.298       0.4818
       6.313        0.443
       6.321       0.3652
       6.329       0.2292
       6.336      0.09309
       6.344     -0.08184
       6.351      -0.2373
       6.359      -0.3345
       6.366      -0.4123
       6.382      -0.4123
       6.389      -0.3734
       6.397      -0.3345
       6.404      -0.2373
       6.412      -0.1207
       6.419      0.01535
       6.427        0.132
       6.435       0.2097
       6.442        0.268
       6.457       0.2292
       6.465       0.1903
       6.472        0.132
       6.487      0.09309
       6.495      0.07366
       6.503      0.09309
       6.518      0.07366
       6.525      0.05422
       6.533    -0.004092
        6.54     -0.04297
       6.548      -0.1013
       6.556      -0.1596
       6.571       -0.179
       6.578      -0.1596
       6.586      -0.1013
       6.593     -0.04297
       6.601      0.01535
       6.609      0.07366
       6.616        0.132
       6.624       0.1903
       6.631       0.2486
       6.639       0.2875
       6.646       0.3069
       6.654        0.268
       6.661       0.1903
       6.669        0.132
       6.677      0.05422
       6.684    -0.004092
       6.692     -0.08184
       6.699      -0.1985
       6.707      -0.2568
       6.714      -0.2568
        6.73       -0.179
       6.737     -0.08184
       6.737      -0.1596
       6.745    -0.004092
       6.752      0.07366
        6.76        0.132
       6.775       0.1514
       6.783       0.1514
       6.798       0.1708
       6.805       0.2097
       6.813       0.2486
       6.828       0.2097
       6.835       0.1514
       6.843      0.09309
       6.851      0.03478
       6.858    -0.004092
       6.866     -0.02353
       6.873     -0.08184
       6.881       -0.179
       6.888      -0.2957
       6.896      -0.3734
       6.911       -0.354
       6.919      -0.2957
       6.926      -0.2373
       6.934      -0.1596
       6.941      -0.1013
       6.949     -0.02353
       6.957      0.03478
       6.964        0.132
       6.972       0.2292
       6.979       0.2875
       6.987       0.3458
       6.994       0.3458
       7.009       0.3069
       7.017        0.268
       7.025       0.2292
       7.032       0.1708
        7.04        0.132
       7.047      0.09309
       7.055      0.05422
       7.062     -0.02353
        7.07      -0.1013
       7.078       -0.179
       7.085      -0.2568
       7.093      -0.2957
         7.1      -0.2957
       7.115      -0.3151
       7.131      -0.3151
       7.138      -0.2568
       7.146       -0.179
       7.153      -0.1207
       7.161     -0.08184
       7.168      -0.0624
       7.176     -0.02353
       7.183      0.03478
       7.191       0.1125
       7.199       0.2097
       7.206       0.3069
       7.214       0.4041
       7.221       0.4818
       7.236       0.5013
       7.244       0.4624
       7.252       0.3847
       7.259       0.2875
       7.267       0.1708
       7.274      0.05422
       7.282      -0.0624
       7.289      -0.1402
       7.297      -0.1402
       7.312      -0.1207
        7.32      -0.1207
       7.335      -0.1402
       7.342      -0.1596
       7.357      -0.2179
       7.365      -0.2568
       7.373      -0.2762
       7.388      -0.3151
       7.395      -0.2957
       7.403      -0.2568
        7.41       -0.179
       7.418      -0.1013
       7.426     -0.02353
       7.433      0.05422
       7.441       0.1125
       7.448       0.1708
       7.456       0.2292
       7.471       0.1903
       7.479        0.132
       7.486      0.07366
       7.501      0.03478
       7.509    -0.004092
       7.524     -0.04297
       7.531     -0.02353
       7.539    -0.004092
       7.547      0.03478
       7.554      0.05422
       7.569      0.07366
       7.577      0.07366
       7.592      0.03478
         7.6      0.01535
       7.615    -0.004092
       7.622    -0.004092
        7.63      0.01535
       7.645      0.03478
       7.652      0.03478
        7.66      0.03478
       7.675     -0.04297
       7.683     -0.08184
        7.69      -0.1402
       7.698      -0.1402
       7.705      -0.1402
       7.713     -0.08184
       7.721    -0.004092
       7.728      0.07366
       7.736       0.1514
       7.743       0.2292
       7.751        0.268
       7.758       0.3263
       7.766       0.3458
       7.781       0.3069
       7.789        0.268
       7.796       0.1903
       7.804        0.132
       7.811      0.07366
       7.819      0.01535
       7.826     -0.04297
       7.842      -0.1013
       7.849      -0.1402
       7.864      -0.1596
       7.872      -0.1402
       7.879      -0.1013
       7.887      -0.0624
       7.902      -0.0624
        7.91      -0.1207
       7.917       -0.179
       7.925      -0.2373
        7.94      -0.2568
       7.948      -0.2568
       7.955      -0.2373
        7.97      -0.2179
       7.978       -0.179
       7.985      -0.1207
       7.993     -0.04297
           8      0.05422
       8.008       0.1125
       8.016       0.1514
       8.031       0.1125
       8.046      0.09309
       8.053       0.1125
       8.061       0.1708
       8.069       0.2292
       8.076        0.268
       8.091       0.2875
       8.099        0.268
       8.106       0.2097
       8.114       0.1514
       8.122      0.05422
       8.129      -0.0624
       8.137      -0.1596
       8.144      -0.2373
       8.152      -0.2957
       8.159      -0.3345
       8.174       -0.354
       8.182      -0.2957
        8.19      -0.1985
       8.197      -0.1402
       8.205      -0.0624
       8.212     -0.02353
        8.22     -0.02353
       8.235      0.01535
       8.243      0.05422
        8.25       0.1125
       8.258       0.1708
       8.265       0.2097
        8.28        0.268
       8.288        0.268
       8.296       0.2292
       8.303       0.1903
       8.311        0.132
       8.318      0.07366
       8.326      0.01535
       8.333     -0.04297
       8.341      -0.1207
       8.348      -0.1402
       8.364      -0.1013
       8.371     -0.08184
       8.379     -0.04297
       8.386    -0.004092
       8.394      0.03478
       8.401      0.05422
       8.409      0.07366
       8.424       0.1514
       8.432       0.1708
       8.447       0.1903
       8.454       0.1903
       8.462        0.132
        8.47      0.09309
       8.477      0.05422
       8.492      0.03478
         8.5      0.03478
       8.515      0.01535
       8.522      0.01535
       8.538      0.03478
       8.553    -0.004092
        8.56     -0.02353
       8.575     -0.04297
       8.583      -0.0624
       8.591     -0.04297
       8.606    -0.004092
       8.613      0.03478
       8.628    -0.004092
       8.636      -0.0624
       8.644      -0.1402
       8.651      -0.1985
       8.659      -0.2373
       8.666      -0.2762
       8.674      -0.2568
       8.689      -0.2373
       8.696       -0.179
       8.704      -0.0624
       8.712      0.07366
       8.719       0.2097
       8.727       0.3263
       8.734       0.4041
       8.742       0.4041
       8.749       0.3458
       8.757        0.268
       8.765       0.1708
       8.772      0.07366
        8.78     -0.02353
       8.787     -0.04297
       8.795     -0.02353
       8.802      0.01535
        8.81      0.07366
       8.818       0.1125
       8.825       0.1125
       8.833      0.09309
        8.84      0.03478
       8.848     -0.04297
       8.855      -0.1207
       8.863       -0.179
        8.87      -0.2179
       8.878      -0.2373
       8.886      -0.2179
       8.901       -0.179
       8.908      -0.1596
       8.923      -0.1207
       8.931     -0.08184
       8.939      -0.0624
       8.946    -0.004092
       8.961       0.1125
       8.969       0.1708
       8.976       0.2097
