     0.01181      -0.3223
     0.02692      -0.2843
     0.04203      -0.2273
     0.04959      -0.1893
     0.05714      -0.1513
      0.0647      -0.1133
     0.07225     -0.07526
     0.07981     -0.03727
     0.08736    0.0007307
      0.1025    0.0007307
        0.11      0.01973
      0.1176      0.05773
      0.1327      0.09573
      0.1402       0.1337
      0.1478       0.1527
      0.1554       0.1907
      0.1629       0.2287
       0.178       0.2477
      0.1856       0.2477
      0.2007       0.2287
      0.2082       0.1717
      0.2158       0.1337
      0.2234      0.07673
      0.2309    0.0007307
      0.2385     -0.05627
       0.246      -0.1323
      0.2536      -0.1893
      0.2611      -0.2463
      0.2762      -0.2843
      0.2838      -0.2653
      0.2913      -0.2083
      0.2989      -0.1703
      0.3065      -0.1323
      0.3216      -0.1133
      0.3291      -0.1133
      0.3442      -0.1133
      0.3518      -0.1133
      0.3593     -0.09426
      0.3669     -0.05627
      0.3745    0.0007307
       0.382      0.09573
      0.3896       0.1717
      0.3971       0.2477
      0.4047       0.2857
      0.4122       0.3047
      0.4273       0.3047
      0.4424       0.2667
        0.45       0.2477
      0.4576       0.1907
      0.4651       0.1527
      0.4727       0.1147
      0.4802      0.05773
      0.4878      0.01973
      0.5029     -0.01827
      0.5104     -0.01827
      0.5256     -0.01827
      0.5331     -0.01827
      0.5407    0.0007307
      0.5558     -0.01827
      0.5633     -0.05627
      0.5709     -0.09426
      0.5784      -0.1133
      0.6011      -0.1513
      0.6087      -0.1323
      0.6238     -0.09426
      0.6313     -0.09426
      0.6464     -0.09426
      0.6615      -0.1133
      0.6691      -0.1133
      0.6767     -0.07526
      0.6842     -0.03727
      0.6918      0.01973
      0.6993      0.07673
      0.7069       0.1337
      0.7144       0.1717
      0.7295       0.1907
      0.7371       0.1717
      0.7522       0.1147
      0.7598      0.07673
      0.7749      0.03873
      0.7824      0.01973
      0.7975      0.01973
      0.8051      0.03873
      0.8202      0.03873
      0.8278      0.05773
      0.8429      0.05773
      0.8504      0.03873
       0.858      0.03873
      0.8731      0.01973
      0.8806      0.03873
      0.8958      0.07673
      0.9033      0.09573
      0.9184      0.07673
       0.926      0.05773
      0.9411      0.01973
      0.9486    0.0007307
      0.9637     -0.05627
      0.9713     -0.07526
      0.9789     -0.07526
       1.002     -0.09426
       1.009     -0.07526
       1.024     -0.07526
       1.032     -0.05627
       1.047     -0.05627
       1.054     -0.03727
        1.07     -0.01827
       1.077    0.0007307
       1.092    0.0007307
         1.1     -0.01827
       1.107    0.0007307
       1.122      0.03873
        1.13      0.05773
       1.145      0.05773
       1.153      0.03873
       1.168    0.0007307
       1.175    0.0007307
       1.183      0.01973
       1.198      0.03873
       1.206      0.01973
       1.221    0.0007307
       1.228    0.0007307
       1.236    0.0007307
       1.251    0.0007307
       1.258      0.01973
       1.274      0.01973
       1.289      0.03873
       1.296      0.05773
       1.304       0.1147
       1.311       0.1337
       1.326      0.09573
       1.334      0.07673
       1.342      0.09573
       1.357       0.1337
       1.364       0.1527
       1.372       0.1717
       1.394       0.2287
       1.402       0.2097
       1.409       0.1907
       1.425       0.1337
        1.44      0.07673
       1.447      0.05773
       1.455    0.0007307
       1.462     -0.03727
        1.47     -0.07526
       1.477      -0.1133
       1.485      -0.1323
         1.5      -0.1323
       1.508     -0.09426
       1.515     -0.05627
       1.523     -0.01827
       1.538     -0.01827
       1.545     -0.01827
       1.561     -0.01827
       1.568     -0.01827
       1.576     -0.01827
       1.598     -0.07526
       1.606     -0.09426
       1.621      -0.1323
       1.629      -0.1513
       1.644      -0.1893
       1.651      -0.1703
       1.659      -0.1323
       1.666     -0.07526
       1.674     -0.03727
       1.681      0.01973
       1.689      0.03873
       1.697      0.05773
       1.712       0.1147
       1.719       0.1147
       1.727       0.1147
       1.742      0.07673
       1.749      0.07673
       1.765      0.03873
       1.772      0.01973
        1.78     -0.01827
       1.795     -0.05627
        1.81     -0.05627
       1.817     -0.05627
       1.833     -0.05627
        1.84     -0.03727
       1.855     -0.01827
       1.863    0.0007307
       1.878      0.01973
       1.885      0.05773
       1.893      0.07673
       1.908      0.09573
       1.916      0.09573
       1.931      0.07673
       1.938      0.05773
       1.946      0.07673
       1.961      0.09573
       1.969      0.09573
       1.984       0.1147
       1.999      0.09573
       2.006      0.09573
       2.021      0.07673
       2.029      0.07673
       2.044      0.09573
       2.059      0.09573
       2.067      0.09573
       2.082      0.07673
       2.089      0.05773
       2.105      0.01973
       2.112     -0.01827
       2.127     -0.07526
       2.135     -0.07526
        2.15     -0.09426
       2.157     -0.09426
       2.173     -0.09426
        2.18     -0.09426
       2.188     -0.09426
       2.203      -0.1513
        2.21      -0.1703
       2.225      -0.2083
       2.233      -0.1893
       2.241      -0.1513
       2.248      -0.1323
       2.263     -0.09426
       2.271     -0.09426
       2.278     -0.07526
       2.293     -0.03727
       2.301     -0.01827
       2.309      0.01973
       2.316      0.07673
       2.324       0.1147
       2.331       0.1337
       2.346       0.1907
       2.354       0.1907
       2.369       0.1717
       2.377       0.1337
       2.384      0.07673
       2.392      0.01973
       2.399     -0.01827
       2.414     -0.05627
       2.422     -0.05627
       2.437     -0.01827
       2.445      0.01973
        2.46      0.05773
       2.467      0.07673
       2.482       0.1147
       2.497       0.1527
       2.505       0.1717
        2.52       0.1717
       2.528       0.1717
       2.543       0.1337
        2.55       0.1147
       2.558      0.07673
       2.565      0.03873
       2.581     -0.01827
       2.588     -0.03727
       2.596     -0.05627
       2.603      -0.1133
       2.611      -0.1513
       2.618      -0.1893
       2.633      -0.2083
       2.641      -0.2083
       2.649      -0.1703
       2.664      -0.1323
       2.679     -0.09426
       2.686      -0.1133
       2.701      -0.1513
       2.709      -0.1513
       2.717      -0.1323
       2.724     -0.09426
       2.732     -0.03727
       2.739      0.05773
       2.747       0.1527
       2.754       0.2287
       2.762       0.2857
       2.769       0.3047
       2.777       0.3047
       2.785       0.2667
       2.792       0.2287
         2.8       0.1907
       2.807       0.1717
       2.822       0.1337
        2.83       0.1527
       2.845       0.1337
       2.853       0.1147
        2.86       0.1147
       2.875      0.05773
       2.883      0.03873
       2.898    0.0007307
       2.905    0.0007307
       2.921     -0.01827
       2.928     -0.03727
       2.936     -0.03727
       2.951     -0.07526
       2.958     -0.09426
       2.973      -0.1323
       2.981      -0.1133
       2.996     -0.09426
       3.004     -0.07526
       3.019     -0.01827
       3.034      0.03873
       3.041      0.05773
       3.057       0.1337
       3.064       0.1527
       3.079       0.1907
       3.087       0.1717
       3.094       0.1337
       3.109      0.09573
       3.117      0.05773
       3.132    0.0007307
        3.14     -0.05627
       3.147     -0.09426
       3.155      -0.1513
        3.17      -0.1893
       3.177      -0.1893
       3.192      -0.1513
         3.2      -0.1133
       3.208     -0.07526
       3.223     -0.05627
        3.23     -0.07526
       3.245     -0.09426
        3.26     -0.05627
       3.268     -0.03727
       3.283      0.03873
       3.291      0.07673
       3.306      0.05773
       3.313      0.03873
       3.328      0.01973
       3.336      0.03873
       3.344      0.07673
       3.351       0.1337
       3.366       0.1717
       3.374       0.1527
       3.389       0.1147
       3.396      0.09573
       3.412      0.09573
       3.419      0.09573
       3.434      0.09573
       3.449      0.03873
       3.457      0.01973
       3.472     -0.01827
        3.48     -0.03727
       3.495     -0.03727
       3.502     -0.03727
       3.517    0.0007307
       3.532     -0.03727
        3.54     -0.07526
       3.548      -0.1133
       3.555      -0.1323
       3.563      -0.1323
       3.578     -0.09426
       3.585     -0.05627
       3.593    0.0007307
         3.6      0.05773
       3.608      0.07673
       3.623      0.09573
       3.631      0.07673
       3.646      0.01973
       3.653    0.0007307
       3.668      0.01973
       3.684      0.03873
       3.691      0.03873
       3.706      0.03873
       3.714      0.01973
       3.721      0.01973
       3.736    0.0007307
       3.744      0.01973
       3.752      0.03873
       3.767      0.07673
       3.774      0.09573
       3.789       0.1337
       3.797       0.1527
       3.812      0.09573
        3.82      0.05773
       3.827      0.01973
       3.835     -0.03727
       3.842     -0.09426
        3.85      -0.1323
       3.857      -0.1703
       3.865      -0.1703
        3.88      -0.1513
       3.888      -0.1133
       3.895     -0.05627
       3.903    0.0007307
        3.91      0.07673
       3.918       0.1337
       3.925       0.1907
        3.94       0.2287
       3.948       0.2477
       3.963       0.2287
       3.971       0.2287
       3.986       0.2097
       3.993       0.2097
       4.008       0.1717
       4.016       0.1337
       4.024       0.1147
       4.031      0.07673
       4.039      0.03873
       4.046     -0.01827
       4.054     -0.09426
       4.061      -0.1513
       4.069      -0.1703
       4.084      -0.1893
       4.092      -0.1893
       4.107      -0.2083
       4.114      -0.2273
       4.129      -0.2653
       4.137      -0.2843
       4.144      -0.2653
        4.16      -0.2083
       4.167      -0.1703
       4.175      -0.1323
       4.182      -0.1323
        4.19     -0.09426
       4.197     -0.05627
       4.205     -0.01827
       4.212      0.05773
        4.22      0.09573
       4.228       0.1337
       4.243       0.1337
        4.25       0.1337
       4.265       0.1527
       4.273       0.1717
       4.288       0.1717
       4.296       0.1717
       4.303       0.1337
       4.318      0.09573
       4.326      0.07673
       4.341      0.09573
       4.348      0.09573
       4.356      0.09573
       4.371      0.05773
       4.379      0.03873
       4.394      0.01973
       4.401      0.01973
       4.416    0.0007307
       4.424     -0.01827
       4.439     -0.05627
       4.447     -0.07526
       4.454     -0.05627
       4.469     -0.01827
       4.477    0.0007307
       4.492      0.03873
         4.5      0.05773
       4.507      0.09573
       4.515       0.1147
       4.522       0.1337
       4.537      0.09573
       4.545      0.05773
        4.56      0.03873
       4.568      0.03873
       4.575      0.05773
        4.59      0.05773
       4.598      0.03873
       4.613      0.01973
        4.62      0.01973
       4.628      0.01973
       4.643     -0.01827
       4.651     -0.03727
       4.658     -0.07526
       4.666      -0.1133
       4.681      -0.1703
       4.688      -0.2083
       4.696      -0.2463
       4.704      -0.2843
       4.711      -0.3223
       4.719      -0.3033
       4.726      -0.2843
       4.741      -0.2083
       4.749      -0.1513
       4.756     -0.09426
       4.764     -0.01827
       4.772      0.03873
       4.779      0.07673
       4.787       0.1337
       4.794       0.1717
       4.802       0.2097
       4.809       0.2097
       4.824       0.2097
       4.839       0.1527
       4.847       0.1147
       4.855      0.07673
       4.862      0.03873
        4.87    0.0007307
       4.877     -0.03727
       4.885     -0.07526
       4.892     -0.09426
       4.907      -0.1323
       4.915      -0.1323
        4.93     -0.07526
       4.938     -0.05627
       4.945    0.0007307
       4.953      0.03873
        4.96      0.09573
       4.968       0.1337
       4.975       0.1717
       4.983       0.2097
       4.991       0.2477
       5.006       0.2477
       5.013       0.2097
       5.028       0.1717
       5.036       0.1527
       5.051      0.09573
       5.059      0.05773
       5.066      0.01973
       5.081    0.0007307
       5.089    0.0007307
       5.104    0.0007307
       5.111    0.0007307
       5.127      0.03873
       5.142      0.01973
       5.149     -0.01827
       5.157     -0.05627
       5.164     -0.07526
       5.179      -0.1133
       5.187      -0.1323
        5.21      -0.1513
       5.217      -0.1323
        5.24      -0.1323
       5.247      -0.1703
       5.255      -0.1893
        5.27      -0.1703
       5.278      -0.1323
       5.285     -0.07526
       5.293     -0.03727
         5.3      0.01973
       5.308      0.05773
       5.315       0.1147
       5.323       0.1717
       5.331       0.2287
       5.338       0.2857
       5.346       0.3617
       5.353       0.3997
       5.368       0.3617
       5.376       0.3047
       5.383       0.2287
       5.391       0.1337
       5.399      0.03873
       5.406     -0.03727
       5.414     -0.09426
       5.421      -0.1133
       5.436      -0.1513
       5.444      -0.1323
       5.459     -0.09426
       5.467     -0.07526
       5.474     -0.03727
       5.482     -0.01827
       5.489      0.01973
       5.497      0.05773
       5.512      0.07673
       5.519      0.07673
       5.527      0.07673
       5.535      0.03873
       5.542    0.0007307
       5.557     -0.05627
       5.565     -0.09426
       5.572      -0.1323
        5.58      -0.1703
       5.587      -0.1703
       5.595      -0.1513
       5.603      -0.1133
        5.61     -0.05627
       5.618    0.0007307
       5.625      0.07673
       5.633       0.1337
        5.64       0.1907
       5.648       0.2287
       5.655       0.2857
       5.663       0.3237
       5.678       0.3617
       5.686       0.3427
       5.701       0.2857
       5.708       0.2477
       5.716       0.2097
       5.723       0.1527
       5.731      0.09573
       5.739      0.01973
       5.746     -0.03727
       5.754      -0.1133
       5.761      -0.1703
       5.769      -0.2273
       5.776      -0.2653
       5.784      -0.2843
       5.791      -0.2463
       5.799      -0.2083
       5.807      -0.1703
       5.814      -0.1323
       5.822     -0.07526
       5.829     -0.03727
       5.844    0.0007307
       5.852    0.0007307
       5.859      0.01973
       5.875    0.0007307
       5.882    0.0007307
       5.897     -0.01827
       5.905     -0.03727
       5.912     -0.07526
       5.927      -0.1133
       5.935      -0.1133
        5.95      -0.1133
       5.965     -0.09426
       5.973     -0.07526
        5.98     -0.01827
       5.988      0.01973
       6.003      0.03873
       6.011      0.03873
       6.026      0.01973
       6.033      0.01973
       6.048      0.03873
       6.056      0.03873
       6.071    0.0007307
       6.079     -0.01827
       6.094      0.01973
       6.101      0.03873
       6.109      0.03873
       6.124     -0.01827
       6.131     -0.05627
       6.139     -0.09426
       6.147      -0.1133
       6.162     -0.09426
       6.169     -0.03727
       6.177      0.01973
       6.184      0.05773
       6.192       0.1147
       6.199       0.1907
       6.207       0.2477
       6.215       0.2857
       6.222       0.3047
        6.23       0.3237
       6.245       0.2857
       6.252       0.2667
        6.26       0.2477
       6.275       0.1907
        6.29       0.1527
       6.298       0.1337
       6.305      0.09573
       6.313      0.05773
        6.32     -0.01827
       6.328     -0.07526
       6.343      -0.1133
       6.351      -0.1133
       6.366     -0.09426
       6.373     -0.07526
       6.388     -0.03727
       6.396     -0.01827
       6.411    0.0007307
       6.419     -0.01827
       6.434     -0.05627
       6.441     -0.09426
       6.456      -0.1323
       6.464      -0.1703
       6.479      -0.1513
       6.494      -0.1133
       6.502     -0.07526
       6.509     -0.01827
       6.517      0.05773
       6.524       0.1337
       6.532       0.2097
       6.539       0.2667
       6.547       0.3047
       6.562       0.3237
        6.57       0.2857
       6.577       0.2477
       6.585       0.1907
       6.592       0.1337
         6.6      0.09573
       6.607      0.05773
       6.615      0.01973
        6.63    0.0007307
       6.638    0.0007307
       6.653    0.0007307
        6.66     -0.05627
       6.668     -0.09426
       6.675      -0.1323
       6.683      -0.1703
        6.69      -0.1893
       6.698      -0.2273
       6.713      -0.2653
       6.721      -0.2653
       6.736      -0.2273
       6.743      -0.2083
       6.751      -0.1513
       6.758      -0.1133
       6.774     -0.05627
       6.781     -0.03727
       6.789    0.0007307
       6.796      0.03873
       6.804      0.07673
       6.811       0.1147
       6.819       0.1527
       6.826       0.1717
       6.842       0.1717
       6.849       0.1717
       6.857       0.1717
       6.872       0.1527
       6.879       0.1527
       6.887       0.1717
       6.902       0.1717
        6.91       0.1527
       6.917       0.1147
       6.925      0.07673
       6.932      0.05773
        6.94      0.01973
       6.955     -0.05627
       6.962      -0.1133
        6.97      -0.1703
       6.978      -0.2463
       6.985      -0.2843
           7      -0.3033
       7.008      -0.2843
       7.015      -0.2273
       7.023      -0.1703
        7.03     -0.09426
       7.038     -0.05627
       7.046     -0.01827
       7.053      0.01973
       7.061      0.05773
       7.068      0.09573
       7.076       0.1337
       7.083       0.1907
       7.098       0.2097
       7.106       0.1717
       7.114       0.1337
       7.121      0.09573
       7.129      0.05773
       7.136      0.07673
       7.151      0.07673
       7.159      0.05773
       7.166      0.01973
       7.174    0.0007307
       7.189    0.0007307
       7.197    0.0007307
       7.212      0.03873
       7.219      0.05773
       7.234      0.09573
        7.25      0.09573
       7.257      0.07673
       7.265      0.03873
       7.272    0.0007307
        7.28     -0.01827
       7.295     -0.05627
       7.302     -0.07526
       7.318      -0.1133
       7.325      -0.1133
        7.34      -0.1133
       7.348      -0.1133
       7.363     -0.09426
       7.378     -0.05627
       7.386     -0.03727
       7.393     -0.01827
       7.408    0.0007307
       7.416      0.01973
       7.431      0.03873
       7.438      0.03873
       7.454     -0.01827
       7.469     -0.05627
       7.476     -0.05627
       7.484     -0.01827
       7.491    0.0007307
       7.499      0.03873
       7.506      0.09573
       7.514       0.1337
       7.522       0.1907
       7.529       0.2287
       7.537       0.2477
       7.552       0.2287
       7.559       0.2097
       7.567       0.1717
       7.574       0.1337
       7.582      0.07673
        7.59      0.03873
       7.597      0.01973
       7.605     -0.01827
       7.612     -0.05627
        7.62     -0.09426
       7.627      -0.1133
       7.642      -0.1513
        7.65      -0.1323
       7.658      -0.1133
       7.673     -0.09426
        7.68     -0.09426
       7.695     -0.07526
       7.703     -0.05627
       7.718      0.01973
       7.726      0.03873
       7.741      0.05773
       7.748      0.07673
       7.763      0.07673
       7.771      0.05773
       7.786      0.05773
       7.794      0.07673
       7.809       0.1527
       7.816       0.1527
       7.831       0.1527
       7.839       0.1147
       7.846      0.07673
       7.854      0.03873
       7.869    0.0007307
       7.877      0.03873
       7.892      0.07673
       7.899      0.09573
       7.914      0.05773
       7.922      0.03873
       7.937      0.03873
       7.952      0.07673
        7.96       0.1147
       7.975       0.1337
       7.982       0.1147
        7.99      0.07673
       7.998      0.05773
       8.005      0.01973
       8.013     -0.01827
        8.02     -0.05627
       8.028     -0.09426
       8.043      -0.1323
        8.05      -0.1323
       8.058      -0.1133
       8.073     -0.09426
       8.081     -0.07526
       8.096     -0.05627
       8.103     -0.03727
       8.118    0.0007307
       8.134     -0.01827
       8.141     -0.03727
       8.149     -0.07526
       8.164      -0.1133
       8.171     -0.09426
       8.186     -0.03727
       8.194    0.0007307
       8.209    0.0007307
       8.217     -0.01827
       8.232     -0.01827
       8.247     -0.03727
       8.254     -0.05627
       8.262     -0.05627
       8.277     -0.01827
       8.285    0.0007307
       8.292      0.05773
         8.3       0.1147
       8.307       0.1527
       8.315       0.1907
        8.33       0.1907
       8.337       0.1527
       8.345      0.09573
       8.353      0.03873
        8.36     -0.03727
       8.368     -0.09426
       8.375      -0.1323
        8.39      -0.1133
       8.405     -0.07526
       8.413     -0.03727
       8.421    0.0007307
       8.436      0.03873
       8.443      0.05773
       8.451      0.07673
       8.466      0.09573
       8.473       0.1147
       8.489       0.1337
       8.496       0.1527
       8.511       0.1147
       8.519      0.09573
       8.526      0.05773
       8.534      0.03873
       8.541     -0.01827
       8.549     -0.05627
       8.557      -0.1133
       8.564      -0.1703
       8.572      -0.2083
       8.579      -0.1893
       8.587      -0.1513
       8.594     -0.09426
       8.602     -0.03727
       8.609      0.01973
       8.617      0.05773
       8.625      0.09573
       8.632       0.1527
        8.64       0.1717
       8.655       0.1907
       8.662       0.1717
        8.67       0.1527
       8.677       0.1147
       8.685      0.07673
       8.693      0.03873
         8.7     -0.01827
       8.708     -0.05627
       8.715     -0.09426
       8.723      -0.1323
       8.738      -0.1893
       8.745      -0.2083
       8.753      -0.1893
       8.768      -0.1323
       8.776     -0.09426
       8.783     -0.05627
       8.791    0.0007307
       8.798      0.03873
       8.813       0.1147
       8.821       0.1337
       8.836       0.1337
       8.844       0.1147
       8.859       0.1147
       8.874      0.07673
       8.881      0.09573
       8.897       0.1337
       8.904       0.1337
       8.912       0.1337
       8.927      0.09573
       8.934      0.09573
       8.949      0.07673
       8.965      0.07673
