     0.01181      0.01535
     0.02693    -0.005115
     0.04205     -0.02558
      0.0496     -0.02558
     0.05716     -0.02558
     0.07228     -0.02558
     0.07984     -0.02558
     0.09496    -0.005115
      0.1025      0.01535
      0.1101      0.05627
      0.1176      0.09719
      0.1403       0.1381
      0.1479       0.1381
      0.1554       0.1381
      0.1705      0.07673
      0.1857      0.03581
      0.1932      0.03581
      0.2083      0.01535
      0.2159      0.01535
       0.231    -0.005115
      0.2461     -0.02558
      0.2537     -0.04604
      0.2688      -0.0665
      0.2764     -0.08696
      0.2915      -0.1279
       0.299      -0.1483
      0.3142      -0.1893
      0.3217      -0.1688
      0.3293      -0.1279
      0.3368      -0.1074
      0.3444      -0.0665
      0.3595      -0.0665
      0.3671      -0.1074
      0.3822      -0.1483
      0.3897      -0.1483
      0.4049      -0.1279
      0.4124      -0.1279
      0.4275      -0.1074
      0.4427     -0.04604
      0.4502     -0.02558
      0.4653      0.01535
      0.4729      0.01535
       0.488      0.03581
      0.5031      0.05627
      0.5107      0.05627
      0.5182      0.05627
      0.5334      0.01535
      0.5409    -0.005115
       0.556    -0.005115
      0.5636      0.03581
      0.5787      0.05627
      0.5863      0.07673
      0.6014      0.03581
      0.6089      0.01535
      0.6241    -0.005115
      0.6316    -0.005115
      0.6467    -0.005115
      0.6543    -0.005115
      0.6694      0.01535
      0.6845      0.05627
      0.6921      0.05627
      0.7072      0.07673
      0.7148      0.09719
      0.7223       0.1176
      0.7374      0.09719
       0.745      0.09719
      0.7526       0.1176
      0.7677       0.1176
      0.7752       0.1176
      0.7904       0.1176
      0.7979       0.1176
       0.813       0.1176
      0.8206       0.1176
      0.8357      0.09719
      0.8433      0.07673
      0.8584      0.03581
      0.8659      0.01535
      0.8811      0.03581
      0.8886      0.05627
      0.9037      0.05627
      0.9113      0.05627
      0.9264      0.07673
      0.9415      0.07673
      0.9491      0.07673
      0.9642      0.03581
      0.9718      0.01535
      0.9869     -0.02558
      0.9944     -0.04604
        1.01      -0.0665
       1.025     -0.08696
       1.032      -0.1074
       1.047      -0.1483
       1.055      -0.1688
        1.07      -0.1893
       1.085      -0.1893
       1.093      -0.1688
         1.1      -0.1074
       1.108      -0.0665
       1.115    -0.005115
       1.138      0.03581
       1.146      0.03581
       1.161    -0.005115
       1.168     -0.02558
       1.183    -0.005115
       1.191    -0.005115
       1.206      0.01535
       1.214    -0.005115
       1.229    -0.005115
       1.236    -0.005115
       1.251     -0.02558
       1.267     -0.04604
       1.274     -0.02558
       1.289      0.01535
       1.297      0.03581
       1.312      0.09719
       1.319       0.1176
       1.335       0.1586
       1.342       0.1586
        1.35       0.1586
       1.365       0.1381
       1.372       0.1381
        1.38       0.1381
       1.395      0.09719
       1.403      0.09719
       1.418      0.07673
       1.425      0.05627
       1.433      0.07673
       1.448      0.05627
       1.456      0.03581
       1.471     -0.02558
       1.478     -0.04604
       1.486     -0.04604
       1.501     -0.08696
       1.508      -0.1074
       1.524     -0.08696
       1.531     -0.08696
       1.539     -0.08696
       1.554     -0.08696
       1.561     -0.08696
       1.576      -0.1074
       1.584      -0.1279
       1.592      -0.1074
       1.607      -0.0665
       1.614     -0.04604
       1.629    -0.005115
       1.637      0.03581
       1.652      0.09719
        1.66       0.1176
       1.667       0.1381
       1.682        0.179
        1.69        0.179
       1.697       0.1586
       1.713       0.1176
        1.72      0.09719
       1.735      0.07673
        1.75      0.01535
       1.758      0.01535
       1.773      0.03581
       1.781      0.05627
       1.796       0.1381
       1.803       0.1586
       1.818        0.179
       1.826       0.1586
       1.833       0.1176
       1.849      0.05627
       1.856      0.01535
       1.871     -0.02558
       1.879     -0.04604
       1.894     -0.02558
       1.901      0.01535
       1.917      0.03581
       1.924      0.03581
       1.939      0.01535
       1.947    -0.005115
       1.962    -0.005115
       1.977    -0.005115
       1.985     -0.02558
       1.992     -0.04604
       2.007     -0.08696
       2.015      -0.1074
        2.03      -0.1279
       2.038      -0.1483
       2.053      -0.1893
        2.06      -0.1688
       2.075      -0.1483
       2.083      -0.1483
       2.098      -0.2097
       2.106      -0.2506
       2.113      -0.2916
       2.128      -0.3325
       2.136      -0.2916
       2.143      -0.2711
       2.151      -0.2302
       2.158      -0.1893
       2.166      -0.1483
       2.174     -0.08696
       2.181     -0.02558
       2.189      0.03581
       2.196      0.07673
       2.204       0.1176
       2.211       0.1381
       2.226      0.09719
       2.234      0.09719
       2.249       0.1176
       2.257       0.1381
       2.272       0.1586
       2.279       0.1586
       2.295        0.179
        2.31        0.179
       2.317       0.1586
        2.34       0.1381
       2.347       0.1176
       2.355       0.1176
        2.37      0.09719
       2.378      0.09719
       2.393      0.09719
         2.4      0.09719
       2.415      0.09719
       2.423      0.07673
       2.438      0.03581
       2.453    -0.005115
       2.461     -0.02558
       2.476     -0.04604
       2.483     -0.04604
       2.499      0.01535
       2.506      0.05627
       2.514      0.09719
       2.529       0.1586
       2.536       0.1381
       2.544      0.09719
       2.552      0.05627
       2.559      0.03581
       2.574      0.01535
       2.582      0.01535
       2.597     -0.04604
       2.612     -0.08696
        2.62      -0.0665
       2.635     -0.04604
       2.642     -0.04604
       2.657     -0.04604
       2.665     -0.04604
        2.68     -0.04604
       2.688     -0.04604
       2.695     -0.02558
        2.71    -0.005115
       2.718      0.01535
       2.733      0.01535
        2.74      0.01535
       2.756    -0.005115
       2.771      -0.0665
       2.778      -0.0665
       2.793     -0.08696
       2.801     -0.08696
       2.816      -0.0665
       2.831     -0.04604
       2.839     -0.02558
       2.854      0.03581
       2.861      0.03581
       2.877      0.01535
       2.884      0.01535
       2.899      0.03581
       2.907      0.03581
       2.914      0.05627
       2.929      0.05627
       2.937      0.03581
       2.945      0.01535
        2.96     -0.02558
       2.967     -0.02558
       2.982     -0.02558
        2.99     -0.02558
       3.005      -0.0665
       3.013      -0.0665
       3.028     -0.08696
       3.035     -0.08696
       3.043      -0.0665
       3.058    -0.005115
       3.066      0.01535
       3.081      0.05627
       3.088      0.05627
       3.096      0.07673
       3.111      0.09719
       3.118      0.09719
       3.134      0.09719
       3.149      0.05627
       3.156      0.03581
       3.171    -0.005115
       3.179    -0.005115
       3.194    -0.005115
       3.202      0.01535
       3.217      0.03581
       3.224      0.03581
       3.232      0.05627
       3.247      0.09719
       3.254       0.1176
        3.27       0.1176
       3.277       0.1176
       3.285       0.1176
         3.3      0.09719
       3.307      0.09719
       3.323      0.05627
       3.338      0.03581
       3.353      0.05627
        3.36      0.07673
       3.375      0.09719
       3.383      0.09719
       3.391      0.09719
       3.406      0.07673
       3.413      0.07673
       3.428      0.07673
       3.436      0.09719
       3.451      0.07673
       3.459      0.05627
       3.466      0.05627
       3.481      0.01535
       3.489    -0.005115
       3.504     -0.04604
       3.511      -0.0665
       3.527      -0.1074
       3.534      -0.1279
       3.542      -0.1279
       3.557      -0.1279
       3.564      -0.1279
       3.579      -0.1483
       3.587      -0.1279
       3.602      -0.1279
        3.61      -0.1074
       3.625     -0.08696
       3.632      -0.0665
       3.648     -0.02558
       3.655    -0.005115
        3.67     -0.02558
       3.685      -0.0665
       3.693      -0.0665
       3.708      -0.0665
       3.716     -0.04604
       3.738     -0.02558
       3.746    -0.005115
       3.761      0.01535
       3.768      0.03581
       3.784      0.05627
       3.791      0.05627
       3.799      0.05627
       3.814      0.03581
       3.821      0.01535
       3.836     -0.02558
       3.844     -0.04604
       3.859     -0.04604
       3.867     -0.02558
       3.882    -0.005115
       3.897      0.01535
       3.905      0.03581
       3.912      0.05627
       3.927      0.05627
       3.935      0.07673
        3.95      0.09719
       3.957      0.09719
       3.973       0.1381
        3.98       0.1586
       3.995       0.1586
       4.003       0.1381
       4.018      0.09719
       4.033      0.05627
       4.041      0.03581
       4.048      0.03581
       4.063      0.05627
       4.071      0.05627
       4.086      0.07673
       4.101      0.07673
       4.109      0.05627
       4.116      0.05627
       4.131    -0.005115
       4.139     -0.02558
       4.154     -0.04604
       4.162     -0.04604
       4.169    -0.005115
       4.184      0.03581
       4.192      0.03581
       4.199      0.05627
       4.214       0.1176
       4.222       0.1176
        4.23       0.1176
       4.237      0.07673
       4.245      0.01535
       4.252     -0.02558
        4.26      -0.0665
       4.275      -0.1074
       4.282      -0.1074
       4.298     -0.08696
       4.305      -0.0665
        4.32      -0.0665
       4.335     -0.04604
        4.35     -0.04604
       4.358      -0.0665
       4.373     -0.08696
       4.388     -0.08696
       4.396     -0.04604
       4.411    -0.005115
       4.419    -0.005115
       4.434    -0.005115
       4.449    -0.005115
       4.456    -0.005115
       4.464    -0.005115
       4.479     -0.04604
       4.487     -0.04604
       4.502     -0.02558
       4.509     -0.02558
       4.517     -0.02558
       4.524      -0.0665
       4.532     -0.08696
       4.547      -0.1279
       4.555      -0.1074
        4.57      -0.0665
       4.577     -0.02558
       4.592      0.03581
         4.6      0.03581
       4.607      0.05627
       4.623       0.1176
        4.63       0.1381
       4.645       0.1381
       4.653       0.1176
       4.668      0.05627
       4.676      0.03581
       4.683      0.01535
       4.698     -0.02558
       4.706     -0.04604
       4.721     -0.02558
       4.736      0.01535
       4.744      0.03581
       4.751      0.05627
       4.766       0.1176
       4.774      0.09719
       4.781      0.09719
       4.796      0.07673
       4.804      0.07673
       4.819      0.07673
       4.827      0.07673
       4.842      0.07673
       4.857      0.07673
       4.864      0.07673
        4.88      0.07673
       4.887      0.05627
       4.895      0.05627
        4.91    -0.005115
       4.917    -0.005115
       4.932      0.01535
        4.94      0.05627
       4.948      0.09719
       4.963      0.07673
        4.97      0.07673
       4.985      0.05627
       4.993      0.05627
       5.008      0.01535
       5.016     -0.02558
       5.031     -0.08696
       5.038      -0.1074
       5.053      -0.1279
       5.061      -0.1074
       5.076     -0.08696
       5.084      -0.1074
       5.099      -0.1483
       5.106      -0.1279
       5.114     -0.08696
       5.121     -0.04604
       5.129     -0.04604
       5.144     -0.02558
       5.159    -0.005115
       5.167      0.01535
       5.182      0.05627
       5.189      0.07673
       5.205       0.1176
       5.212       0.1176
        5.22       0.1176
       5.235      0.05627
       5.242    -0.005115
        5.25      -0.0665
       5.258      -0.1074
       5.265      -0.1483
       5.273      -0.1893
        5.28      -0.1893
       5.295      -0.1688
       5.303      -0.1688
       5.318      -0.1279
       5.333     -0.08696
       5.341      -0.0665
       5.348     -0.02558
       5.356      0.01535
       5.371      0.07673
       5.378      0.07673
       5.394      0.07673
       5.401      0.07673
       5.416      0.03581
       5.424      0.05627
       5.439      0.09719
       5.446       0.1381
       5.454        0.179
       5.462        0.179
       5.469       0.1995
       5.484        0.179
       5.492       0.1586
       5.507      0.09719
       5.515      0.09719
        5.53      0.07673
       5.537      0.03581
       5.552    -0.005115
        5.56    -0.005115
       5.575      0.01535
        5.59      0.01535
       5.598      0.01535
       5.613      0.03581
       5.628      0.03581
       5.635      0.05627
       5.651      0.09719
       5.658      0.09719
       5.673      0.07673
       5.681      0.07673
       5.696      0.07673
       5.703      0.07673
       5.719      0.07673
       5.734      0.09719
       5.749      0.05627
       5.756      0.03581
       5.772    -0.005115
       5.779     -0.02558
       5.794    -0.005115
       5.809    -0.005115
       5.817    -0.005115
       5.824      0.01535
        5.84      0.05627
       5.855      0.09719
       5.862      0.07673
       5.877      0.03581
       5.885      0.01535
         5.9      0.01535
       5.908      0.01535
       5.923     -0.04604
        5.93      -0.0665
       5.945     -0.08696
       5.953      -0.0665
       5.968      -0.0665
       5.976      -0.0665
       5.991      -0.1074
       5.998      -0.1279
       6.013      -0.1279
       6.021      -0.1279
       6.029      -0.1074
       6.044     -0.08696
       6.051      -0.0665
       6.066      0.01535
       6.074      0.03581
       6.081      0.05627
       6.097      0.05627
       6.104      0.03581
       6.119      0.01535
       6.127      0.01535
       6.134      0.03581
       6.149      0.01535
       6.157      0.01535
       6.172     -0.02558
        6.18     -0.04604
       6.187     -0.02558
       6.202     -0.02558
        6.21    -0.005115
       6.225    -0.005115
       6.233     -0.02558
       6.248     -0.04604
       6.263      -0.0665
        6.27      -0.0665
       6.285     -0.08696
       6.293     -0.08696
       6.308      -0.0665
       6.331     -0.04604
       6.338     -0.02558
       6.354    -0.005115
       6.361    -0.005115
       6.376    -0.005115
       6.384    -0.005115
       6.391    -0.005115
       6.406     -0.02558
       6.414     -0.04604
       6.422     -0.02558
       6.437    -0.005115
       6.444      0.01535
       6.459      0.03581
       6.467      0.03581
       6.474      0.07673
        6.49      0.09719
       6.497      0.07673
       6.512      0.01535
        6.52      0.01535
       6.535      0.01535
       6.542      0.03581
        6.55      0.05627
       6.565      0.05627
       6.573      0.07673
       6.588      0.07673
       6.595      0.07673
       6.611      0.09719
       6.618      0.09719
       6.633      0.09719
       6.641      0.09719
       6.648       0.1176
       6.663       0.1176
       6.671       0.1176
       6.679       0.1176
       6.694      0.09719
       6.701      0.09719
       6.716      0.09719
       6.724      0.07673
       6.731      0.07673
       6.747      0.03581
       6.754    -0.005115
       6.762    -0.005115
       6.777    -0.005115
       6.784      0.01535
       6.799      0.01535
       6.807      0.01535
       6.822    -0.005115
        6.83     -0.02558
       6.837     -0.04604
       6.852      -0.1279
        6.86      -0.1483
       6.883      -0.1893
        6.89      -0.1893
       6.913      -0.1688
       6.928      -0.1893
       6.943      -0.2302
       6.951      -0.2097
       6.958      -0.1688
       6.966      -0.1483
       6.973      -0.1074
       6.981      -0.0665
       6.996    -0.005115
       7.004    -0.005115
       7.019    -0.005115
       7.034      0.03581
       7.041      0.05627
       7.056      0.07673
       7.064      0.07673
       7.079      0.03581
       7.087      0.01535
       7.102     -0.02558
       7.109     -0.02558
       7.117    -0.005115
       7.132    -0.005115
        7.14    -0.005115
       7.155      0.01535
        7.17      0.05627
       7.185      0.09719
       7.193      0.09719
       7.208      0.05627
       7.215      0.05627
       7.223      0.07673
       7.238      0.07673
       7.245      0.07673
       7.261      0.05627
       7.268      0.05627
       7.276      0.07673
       7.291      0.07673
       7.298      0.07673
       7.313      0.03581
       7.329      0.03581
       7.344      0.01535
       7.351      0.01535
       7.366    -0.005115
       7.374    -0.005115
       7.382      0.03581
       7.397      0.07673
       7.404      0.09719
       7.419      0.07673
       7.427      0.07673
       7.442      0.07673
        7.45      0.07673
       7.465      0.07673
        7.48      0.03581
       7.487      0.03581
       7.502      0.01535
        7.51      0.01535
       7.525      0.01535
       7.533      0.03581
       7.548      0.05627
       7.555      0.07673
       7.563      0.09719
       7.578      0.09719
       7.586      0.09719
       7.601      0.07673
       7.608      0.07673
       7.623      0.07673
       7.638      0.05627
       7.646      0.03581
       7.654      0.03581
       7.669     -0.02558
       7.676     -0.02558
       7.691    -0.005115
       7.699      0.01535
       7.714      0.03581
       7.722      0.01535
       7.729      0.01535
       7.744    -0.005115
       7.752     -0.02558
       7.759     -0.02558
       7.775      -0.0665
       7.782     -0.08696
       7.797      -0.1483
       7.805      -0.1483
       7.812      -0.1483
       7.827      -0.1688
       7.835      -0.1688
        7.85      -0.1893
       7.858      -0.1893
       7.873      -0.1483
        7.88      -0.1279
       7.895     -0.08696
       7.911     -0.04604
       7.926     -0.02558
       7.941     -0.02558
       7.948    -0.005115
       7.964      0.03581
       7.971      0.05627
       7.986      0.07673
       7.994      0.05627
       8.009      0.03581
       8.016      0.03581
       8.024      0.05627
       8.039      0.03581
       8.047      0.03581
       8.062    -0.005115
       8.069    -0.005115
       8.084     -0.04604
       8.092     -0.02558
       8.107      0.01535
       8.115      0.03581
        8.13      0.05627
       8.137      0.07673
       8.152       0.1176
        8.16       0.1586
       8.175        0.179
       8.183        0.179
       8.198        0.179
       8.205       0.1995
       8.213       0.2199
       8.228       0.2609
       8.236       0.2609
       8.251       0.2609
       8.258       0.2404
       8.266       0.2404
       8.281       0.1995
       8.289       0.1586
       8.296       0.1176
       8.304      0.07673
       8.311      0.05627
       8.326      0.03581
       8.334    -0.005115
       8.349     -0.04604
       8.357     -0.04604
       8.372      -0.0665
       8.379     -0.08696
       8.394     -0.08696
       8.402      -0.0665
       8.417     -0.04604
       8.425     -0.04604
       8.432     -0.04604
       8.447     -0.08696
       8.455      -0.1074
        8.47      -0.1483
       8.478      -0.1688
       8.493      -0.1688
         8.5      -0.1688
       8.508      -0.1483
       8.523      -0.1483
        8.53      -0.1074
       8.546     -0.08696
       8.553      -0.1074
       8.561      -0.1483
       8.568      -0.1893
       8.576      -0.2097
       8.591      -0.2506
       8.598      -0.2302
       8.614      -0.1893
       8.621      -0.1688
       8.636      -0.1074
       8.644      -0.1074
       8.659      -0.1074
       8.666     -0.08696
       8.682      -0.0665
       8.689     -0.04604
       8.704     -0.02558
       8.712     -0.02558
       8.727     -0.02558
       8.735     -0.02558
        8.75    -0.005115
       8.757      0.03581
       8.772      0.03581
        8.78      0.03581
       8.795      0.01535
       8.803      0.01535
        8.81      0.01535
       8.825    -0.005115
       8.833    -0.005115
       8.848      0.03581
       8.855      0.05627
       8.863      0.07673
       8.878      0.09719
       8.886       0.1176
       8.893       0.1586
       8.901        0.179
       8.916       0.2404
       8.931       0.2199
       8.939        0.179
       8.946       0.1381
       8.954      0.09719
       8.961      0.07673
       8.976      0.07673
