     0.01181     -0.05627
     0.01938     -0.01801
     0.03451      0.02024
     0.04207     -0.01801
     0.04964     -0.05627
      0.0572     -0.05627
     0.06477     -0.03714
      0.0799      0.02024
     0.08746      0.03936
      0.1026      0.05849
      0.1102      0.09674
      0.1253        0.135
      0.1329       0.1541
       0.148       0.1159
      0.1555      0.09674
      0.1707      0.05849
      0.1782      0.03936
      0.1858      0.02024
      0.2009     -0.03714
      0.2161     -0.07539
      0.2236     -0.09452
      0.2312     -0.07539
      0.2463     -0.03714
      0.2539     -0.01801
       0.269     -0.01801
      0.2766     -0.01801
      0.2842     -0.03714
      0.2993     -0.09452
      0.3144      -0.1519
       0.322      -0.1901
      0.3371      -0.2475
      0.3447      -0.2475
      0.3522      -0.2284
      0.3674      -0.1901
      0.3825      -0.1136
      0.3901     -0.07539
      0.3976     -0.03714
      0.4052     0.001112
      0.4128      0.05849
      0.4203      0.09674
      0.4279       0.1541
      0.4355       0.1924
       0.443       0.2497
      0.4506        0.288
      0.4581       0.3454
      0.4733       0.3645
      0.4808       0.3645
      0.4884       0.3645
      0.5035       0.3071
      0.5111       0.2689
      0.5262       0.2306
      0.5338       0.2115
      0.5489       0.1541
      0.5565       0.1159
      0.5641      0.07762
      0.5716      0.03936
      0.5792     -0.01801
      0.5868     -0.05627
      0.5943     -0.09452
      0.6019      -0.1136
       0.617      -0.1519
      0.6246       -0.171
      0.6473      -0.2093
      0.6548      -0.2093
      0.6624      -0.2093
      0.6775      -0.2093
      0.6851      -0.2093
      0.6927      -0.1901
      0.7078      -0.1519
      0.7154      -0.1136
      0.7229     -0.09452
      0.7305     -0.05627
      0.7381     -0.01801
      0.7456      0.02024
      0.7532      0.07762
      0.7607       0.1159
      0.7683       0.1732
      0.7759       0.2115
      0.7834       0.2497
      0.7986       0.2497
      0.8061       0.2497
      0.8213       0.2115
      0.8288       0.1924
       0.844        0.135
      0.8591      0.09674
      0.8667      0.07762
      0.8742      0.03936
      0.8818     0.001112
      0.8894     -0.03714
      0.8969     -0.05627
      0.9121     -0.07539
      0.9196     -0.05627
      0.9347     -0.07539
      0.9423     -0.07539
      0.9574     -0.09452
       0.965      -0.1136
      0.9801      -0.1136
      0.9877      -0.1136
       1.003      -0.1328
        1.01      -0.1328
       1.018      -0.1136
       1.026     -0.09452
       1.041     -0.09452
       1.048      -0.1519
       1.063      -0.1519
       1.071      -0.1328
       1.086      -0.1519
       1.094      -0.1519
       1.109       -0.171
       1.116       -0.171
       1.131       -0.171
       1.139      -0.1519
       1.147      -0.1328
       1.154     -0.09452
       1.162     -0.05627
       1.169     -0.01801
       1.177      0.02024
       1.192      0.09674
         1.2        0.135
       1.207       0.1732
       1.215       0.2115
       1.222       0.2497
        1.23       0.2689
       1.245       0.3263
       1.252       0.3645
        1.26       0.4028
       1.275       0.4219
       1.283       0.3836
        1.29       0.3454
       1.298        0.288
       1.305       0.2497
       1.321       0.2115
       1.328       0.1924
       1.343       0.1541
       1.351        0.135
       1.366      0.09674
       1.374      0.09674
       1.389      0.05849
       1.396      0.03936
       1.411      0.03936
       1.419      0.03936
       1.426     0.001112
       1.434     -0.03714
       1.442      -0.1136
       1.449      -0.1901
       1.457      -0.2093
       1.464      -0.1901
       1.479      -0.1519
       1.487      -0.1328
       1.502      -0.1519
        1.51      -0.1519
       1.525       -0.171
        1.54      -0.1901
       1.548      -0.1901
       1.563      -0.2093
        1.57      -0.1901
       1.585      -0.1519
       1.593      -0.1136
         1.6     -0.07539
       1.616     -0.03714
       1.623     -0.01801
       1.631     0.001112
       1.646      0.05849
       1.653      0.07762
       1.661       0.1159
       1.676       0.1732
       1.684       0.1924
       1.699       0.2306
       1.706       0.2115
       1.722       0.2115
       1.729       0.2115
       1.744       0.1924
       1.752       0.1732
       1.759       0.1541
       1.774       0.1159
       1.782      0.09674
       1.797      0.05849
       1.805      0.03936
        1.82      0.03936
       1.827      0.03936
       1.843      0.02024
       1.858      0.02024
       1.865      0.02024
        1.88      0.02024
       1.888      0.02024
       1.903     -0.01801
       1.911     -0.03714
       1.926     -0.07539
       1.941      -0.1136
       1.948      -0.1328
       1.956      -0.1328
       1.971      -0.1519
       1.979      -0.1519
       1.994      -0.1328
       2.001      -0.1136
       2.017     -0.07539
       2.024     -0.03714
       2.039     -0.01801
       2.047     -0.03714
       2.062     -0.01801
        2.07      0.03936
       2.077      0.07762
       2.092      0.09674
         2.1      0.09674
       2.107       0.1159
       2.122      0.07762
        2.13      0.05849
       2.145      0.02024
       2.153      0.02024
       2.168     0.001112
       2.175     0.001112
       2.191     -0.05627
       2.198     -0.07539
       2.213      -0.1136
       2.221      -0.1136
       2.243      -0.1136
       2.251     -0.09452
       2.266     -0.07539
       2.274     -0.07539
       2.289     -0.03714
       2.296     -0.01801
       2.312     0.001112
       2.319      0.02024
       2.327      0.05849
       2.334      0.07762
       2.342       0.1159
       2.349       0.1541
       2.357       0.1924
       2.365       0.2115
        2.38       0.2689
       2.387        0.288
       2.402        0.288
        2.41       0.2689
       2.417       0.2689
       2.425       0.2306
        2.44       0.1924
       2.448       0.1541
       2.455        0.135
        2.47      0.07762
       2.478      0.05849
       2.486      0.02024
       2.501     -0.01801
       2.508     -0.01801
       2.523     -0.03714
       2.531     -0.05627
       2.546     -0.05627
       2.554     -0.05627
       2.561     -0.05627
       2.576     -0.07539
       2.584     -0.09452
       2.599     -0.09452
       2.607     -0.09452
       2.622     -0.09452
       2.629     -0.09452
       2.644     -0.09452
       2.652     -0.09452
       2.667     -0.09452
       2.682      -0.1328
        2.69      -0.1328
       2.705       -0.171
       2.713       -0.171
       2.728       -0.171
       2.735      -0.1519
        2.75      -0.1328
       2.758      -0.1136
       2.773     -0.09452
       2.781     -0.07539
       2.788     -0.03714
       2.796      0.02024
       2.803      0.07762
       2.811        0.135
       2.818       0.2115
       2.826        0.288
       2.834       0.3454
       2.841       0.3645
       2.849       0.4028
       2.856       0.4028
       2.864       0.3836
       2.871       0.3454
       2.879        0.288
       2.887       0.2306
       2.894       0.1924
       2.902       0.1541
       2.917       0.1159
       2.924      0.09674
       2.939      0.09674
       2.947      0.09674
       2.962      0.05849
        2.97      0.03936
       2.977      0.03936
       2.992     0.001112
           3     0.001112
       3.015     0.001112
       3.023      0.03936
       3.038      0.02024
       3.045     -0.07539
       3.053      -0.1136
       3.061      -0.1328
       3.076      -0.1328
       3.091       -0.171
       3.098      -0.1901
       3.106      -0.1901
       3.121      -0.2093
       3.129      -0.2284
       3.144      -0.2284
       3.159      -0.2475
       3.166      -0.2284
       3.182      -0.2093
       3.189       -0.171
       3.197      -0.1328
       3.204     -0.05627
       3.212     -0.01801
       3.219      0.05849
       3.227       0.1159
       3.235       0.1541
       3.242       0.1732
       3.257       0.1732
       3.265       0.1159
       3.272      0.07762
        3.28      0.03936
       3.295     0.001112
       3.303      0.02024
        3.31      0.05849
       3.318      0.07762
       3.325       0.1159
       3.333        0.135
       3.348       0.1541
       3.356       0.1541
       3.371        0.135
       3.378       0.1159
       3.393      0.09674
       3.401      0.07762
       3.416      0.07762
       3.431      0.03936
       3.439      0.02024
       3.446     0.001112
       3.461     -0.05627
       3.477      -0.1136
       3.484      -0.1328
       3.499      -0.1328
       3.507      -0.1328
       3.522     -0.09452
        3.53     -0.07539
       3.545     -0.01801
        3.56      0.02024
       3.567      0.07762
       3.575       0.1159
       3.583       0.1732
        3.59       0.2115
       3.598       0.2497
       3.613        0.288
        3.62       0.2689
       3.628       0.2306
       3.635       0.1924
       3.643       0.1732
       3.658        0.135
       3.666       0.1159
       3.681      0.07762
       3.688      0.05849
       3.704      0.02024
       3.711     0.001112
       3.719     0.001112
       3.734     -0.03714
       3.741     -0.03714
       3.749     -0.03714
       3.764     -0.05627
       3.772     -0.07539
       3.787     -0.09452
       3.794     -0.09452
       3.809      -0.1136
       3.817      -0.1136
       3.832      -0.1519
        3.84       -0.171
       3.855      -0.2093
       3.862      -0.2093
       3.878      -0.1901
       3.885      -0.1901
         3.9      -0.1519
       3.908      -0.1328
       3.915     -0.09452
       3.923     -0.03714
        3.93     0.001112
       3.938      0.05849
       3.946      0.09674
       3.953        0.135
       3.961       0.1924
       3.968       0.2306
       3.976       0.2689
       3.983       0.3071
       3.999       0.3071
       4.006        0.288
       4.021       0.2306
       4.029       0.2115
       4.036       0.1541
       4.044      0.07762
       4.052      0.02024
       4.059     0.001112
       4.067      0.02024
       4.082     -0.01801
       4.089     -0.03714
       4.097     -0.03714
       4.112     -0.05627
        4.12     -0.03714
       4.135     -0.03714
       4.142     -0.03714
        4.15     -0.03714
       4.165     -0.05627
       4.173     -0.07539
       4.188     -0.09452
       4.195     -0.09452
        4.21     -0.09452
       4.218     -0.09452
       4.241      -0.1136
       4.248      -0.1136
       4.263     -0.09452
       4.271     -0.09452
       4.286     -0.09452
       4.294     -0.07539
       4.309     -0.03714
       4.324      0.02024
       4.331      0.05849
       4.347        0.135
       4.354       0.1541
       4.369       0.1924
       4.377       0.1924
       4.392       0.1732
         4.4       0.1732
       4.415       0.1541
       4.422       0.1541
        4.43       0.1541
       4.445        0.135
       4.452        0.135
        4.46        0.135
       4.475      0.09674
       4.483      0.07762
       4.498      0.03936
       4.505      0.03936
       4.521     0.001112
       4.528     -0.01801
       4.536     -0.01801
       4.551     -0.01801
       4.558     -0.01801
       4.574     -0.01801
       4.581     -0.01801
       4.589     0.001112
       4.604     0.001112
       4.611     0.001112
       4.619     0.001112
       4.634     -0.03714
       4.642     -0.05627
       4.649     -0.05627
       4.664     -0.05627
       4.672     -0.01801
       4.687      0.03936
       4.695      0.05849
        4.71       0.1159
       4.717        0.135
       4.732        0.135
        4.74        0.135
       4.755       0.1159
        4.77      0.05849
       4.778      0.02024
       4.793     -0.03714
         4.8     -0.03714
       4.816     -0.05627
       4.823     -0.05627
       4.838     -0.09452
       4.846      -0.1136
       4.853     -0.09452
       4.869     -0.07539
       4.876     -0.07539
       4.891     -0.07539
       4.899     -0.07539
       4.906     -0.05627
       4.922     -0.07539
       4.929     -0.07539
       4.944     -0.09452
       4.952      -0.1136
       4.967     -0.09452
       4.982     -0.07539
        4.99     -0.05627
       5.005     -0.03714
       5.012     0.001112
        5.02      0.05849
       5.027      0.09674
       5.035      0.09674
       5.043      0.05849
       5.058      0.05849
       5.065      0.09674
        5.08       0.1159
       5.088        0.135
       5.096       0.1541
       5.111       0.1541
       5.118       0.1541
       5.133        0.135
       5.141        0.135
       5.156      0.09674
       5.164      0.07762
       5.179      0.03936
       5.186      0.02024
       5.201      0.02024
       5.209     0.001112
       5.224     0.001112
       5.239     -0.03714
       5.247     -0.05627
       5.254     -0.05627
        5.27     -0.09452
       5.277     -0.09452
       5.285     -0.09452
         5.3      -0.1136
       5.307      -0.1136
       5.322      -0.1136
       5.338      -0.1328
       5.345      -0.1328
       5.353      -0.1328
       5.368       -0.171
       5.375       -0.171
       5.383       -0.171
       5.398      -0.1519
       5.406      -0.1519
       5.421      -0.1136
       5.444     -0.07539
       5.451     -0.07539
       5.466     -0.07539
       5.474     -0.07539
       5.481     -0.05627
       5.496     -0.01801
       5.504     0.001112
       5.512      0.03936
       5.519      0.05849
       5.534       0.1159
       5.542       0.1541
       5.549       0.2115
       5.557       0.2497
       5.572        0.288
        5.58        0.288
       5.595       0.3071
       5.602       0.3454
       5.618       0.3645
       5.625       0.3836
        5.64       0.3645
       5.648       0.3454
       5.655       0.3263
       5.663        0.288
        5.67       0.2497
       5.678       0.2115
       5.686       0.1732
       5.693       0.1541
       5.708      0.09674
       5.716      0.07762
       5.731      0.02024
       5.746     -0.03714
       5.754     -0.05627
       5.769      -0.1136
       5.776      -0.1136
       5.791      -0.1328
       5.799      -0.1328
       5.814      -0.1519
       5.822       -0.171
       5.829       -0.171
       5.844      -0.2093
       5.852      -0.2093
       5.867      -0.2284
       5.875      -0.2475
        5.89      -0.2475
       5.905      -0.2093
       5.913       -0.171
       5.928      -0.1328
       5.935      -0.1136
       5.943     -0.09452
       5.958     -0.05627
       5.965     -0.03714
       5.973     0.001112
       5.981      0.02024
       5.988      0.07762
       5.996       0.1159
       6.003       0.1541
       6.011       0.2115
       6.018       0.2689
       6.026       0.3071
       6.041       0.2689
       6.056       0.3071
       6.064       0.3645
       6.071       0.3836
       6.079       0.3836
       6.094       0.3263
       6.102        0.288
       6.109       0.2497
       6.117       0.2115
       6.124       0.1732
       6.132        0.135
       6.139      0.09674
       6.147      0.05849
       6.155     0.001112
       6.162     -0.03714
        6.17     -0.07539
       6.177      -0.1136
       6.185      -0.1519
         6.2      -0.1901
       6.208      -0.2093
       6.223      -0.2284
        6.23      -0.2475
       6.245      -0.2475
       6.253      -0.2475
       6.268      -0.2475
       6.276      -0.2475
       6.291      -0.2284
       6.298      -0.2284
       6.306      -0.2093
       6.321      -0.2093
       6.329      -0.2093
       6.336      -0.1901
       6.351      -0.1519
       6.359      -0.1136
       6.366     -0.05627
       6.374     0.001112
       6.382      0.05849
       6.389      0.09674
       6.397       0.1541
       6.404       0.1924
       6.412       0.2306
       6.419        0.288
       6.427       0.3071
       6.442       0.3071
        6.45       0.3071
       6.465        0.288
       6.472       0.2689
       6.487       0.2306
       6.495       0.2306
        6.51       0.2306
       6.518       0.2306
       6.533       0.2115
        6.54       0.1924
       6.556        0.135
       6.563      0.09674
       6.571      0.05849
       6.578      0.02024
       6.593     -0.03714
       6.601     -0.05627
       6.609     -0.09452
       6.616      -0.1136
       6.639       -0.171
       6.646       -0.171
       6.661       -0.171
       6.669      -0.1519
       6.684      -0.1519
       6.692      -0.1328
       6.707      -0.1136
       6.714      -0.1136
       6.722     -0.09452
       6.737     -0.07539
       6.745     -0.05627
        6.76     -0.03714
       6.767     -0.03714
       6.783     -0.01801
        6.79     -0.01801
       6.798     0.001112
       6.813      0.03936
        6.82      0.05849
       6.835      0.07762
       6.843       0.1159
       6.851        0.135
       6.866       0.1732
       6.873       0.1732
       6.888       0.1159
       6.904      0.07762
       6.911      0.03936
       6.926     0.001112
       6.934     -0.01801
       6.949     -0.07539
       6.957     -0.09452
       6.972      -0.1328
       6.979      -0.1328
       6.994      -0.1328
       7.002      -0.1328
       7.017      -0.1136
       7.025     -0.09452
        7.04      -0.1519
       7.055      -0.1519
       7.062      -0.1136
       7.078     -0.05627
       7.085     -0.05627
       7.093     -0.03714
       7.108     -0.01801
       7.115     0.001112
       7.123      0.03936
       7.131      0.07762
       7.138       0.1159
       7.146       0.1541
       7.153       0.2115
       7.161       0.2689
       7.168       0.3071
       7.176       0.3454
       7.191       0.3836
       7.199       0.3836
       7.206       0.3454
       7.214       0.3454
       7.236       0.2689
       7.252       0.1924
       7.259       0.1732
       7.267        0.135
       7.274       0.1159
       7.282      0.07762
       7.289      0.05849
       7.305     0.001112
       7.312     -0.01801
       7.327     -0.03714
       7.342     -0.05627
        7.35     -0.05627
       7.357     -0.05627
       7.373     -0.09452
        7.38      -0.1136
       7.395      -0.1519
       7.403      -0.1519
       7.418       -0.171
       7.426      -0.1519
       7.441      -0.1328
       7.448      -0.1328
       7.463      -0.1136
       7.479      -0.1136
       7.486      -0.1136
       7.501     -0.09452
       7.516     -0.09452
       7.524     -0.09452
       7.531     -0.07539
       7.547     -0.05627
       7.554     -0.01801
       7.569      0.02024
       7.577      0.05849
       7.584       0.1159
       7.592       0.1541
         7.6       0.1732
       7.607       0.1924
       7.622       0.1541
        7.63       0.1159
       7.637      0.07762
       7.652     0.001112
        7.66     -0.01801
       7.668     -0.05627
       7.675     -0.07539
        7.69     -0.09452
       7.698     -0.09452
       7.705     -0.07539
       7.721     -0.05627
       7.728     -0.03714
       7.736     -0.01801
       7.751     0.001112
       7.758     0.001112
       7.774     0.001112
       7.781     0.001112
       7.796     0.001112
       7.804     0.001112
       7.819      0.02024
       7.826      0.02024
       7.842     0.001112
       7.849      0.02024
       7.864      0.03936
       7.879     0.001112
       7.887     -0.01801
       7.902     -0.01801
        7.91     -0.01801
       7.925     -0.01801
       7.932     -0.01801
        7.94     -0.01801
       7.955     -0.03714
       7.963     -0.03714
       7.978     -0.03714
       7.985     -0.03714
           8     -0.05627
       8.008     -0.03714
       8.016     0.001112
       8.023      0.03936
       8.031      0.03936
       8.038      0.02024
       8.053      0.05849
       8.061       0.1159
       8.069       0.1732
       8.076       0.2115
       8.091       0.2306
       8.099       0.2497
       8.114       0.2497
       8.122       0.2689
       8.137       0.2689
       8.152       0.2115
       8.159       0.1924
       8.174       0.1541
       8.182        0.135
       8.197      0.09674
       8.205      0.05849
        8.22     0.001112
       8.227     -0.01801
       8.243     -0.03714
       8.258     -0.05627
       8.265     -0.07539
       8.273     -0.07539
       8.288     -0.09452
       8.296      -0.1136
       8.311      -0.1519
       8.318      -0.1519
       8.333      -0.1519
       8.341      -0.1519
       8.356      -0.1519
       8.364      -0.1519
       8.379      -0.1519
       8.386      -0.1328
       8.401      -0.1136
       8.409      -0.1136
       8.417     -0.09452
       8.439     -0.07539
       8.447     -0.07539
       8.454     -0.05627
        8.47     0.001112
       8.477      0.03936
       8.485      0.07762
       8.492       0.1159
         8.5       0.1541
       8.507       0.2115
       8.515       0.2497
       8.522        0.288
       8.538       0.3263
       8.545       0.3263
       8.553       0.3263
        8.56       0.2689
       8.568       0.2306
       8.575       0.1732
       8.583        0.135
       8.598      0.09674
       8.606      0.09674
       8.621      0.09674
       8.636      0.05849
       8.644      0.05849
       8.651      0.05849
       8.666      0.02024
       8.674     -0.01801
       8.689     -0.07539
       8.696     -0.09452
       8.712      -0.1328
       8.719       -0.171
       8.734      -0.2093
       8.742      -0.2284
       8.757      -0.2284
       8.765      -0.2093
        8.78      -0.1901
       8.787      -0.1901
       8.802       -0.171
       8.818       -0.171
       8.825       -0.171
       8.833       -0.171
       8.848      -0.1901
       8.855       -0.171
        8.87      -0.1519
       8.878      -0.1519
       8.893      -0.1328
       8.901      -0.1136
       8.908     -0.07539
       8.916     -0.05627
       8.923     -0.01801
       8.931      0.02024
       8.939      0.05849
       8.946      0.09674
       8.954       0.1541
       8.961       0.2306
       8.969       0.3263
       8.976       0.3836
