     0.01198      0.01662
     0.01955     -0.02155
     0.02711       -0.117
     0.03468      -0.1742
     0.04224      -0.2315
     0.04981      -0.2315
     0.05737      -0.2124
     0.06494      -0.1551
      0.0725     -0.07879
     0.08007    -0.002462
     0.08763       0.0357
     0.09519      0.07387
      0.1028        0.112
      0.1103       0.1502
      0.1255       0.1884
       0.133       0.1884
      0.1406       0.2074
      0.1557       0.1693
      0.1633       0.1311
      0.1708      0.05479
      0.1784     -0.02155
       0.186     -0.09788
      0.1935      -0.1742
      0.2087      -0.1551
      0.2162       -0.117
      0.2314     -0.07879
      0.2389     -0.05971
      0.2465     -0.04063
      0.2616      0.01662
      0.2692       0.0357
      0.2843       0.0357
      0.2919       0.0357
      0.2994      0.05479
      0.3146      0.09295
      0.3221        0.112
      0.3373      0.09295
      0.3448      0.05479
      0.3524     -0.02155
        0.36     -0.09788
      0.3675      -0.1551
      0.3751      -0.1933
      0.3826      -0.1933
      0.3902      -0.1551
      0.3978       -0.117
      0.4053     -0.07879
      0.4129     -0.04063
      0.4205    -0.002462
       0.428       0.0357
      0.4356      0.09295
      0.4432       0.1311
      0.4583       0.1311
      0.4659      0.07387
      0.4734      0.01662
       0.481     -0.04063
      0.4961     -0.04063
      0.5037     -0.02155
      0.5112    -0.002462
      0.5264       0.0357
      0.5339    -0.002462
      0.5415     -0.05971
      0.5491       -0.117
      0.5642     -0.07879
      0.5718    -0.002462
      0.5793      0.07387
      0.5869       0.1502
      0.5945       0.2074
       0.602       0.2456
      0.6096       0.2456
      0.6172       0.2074
      0.6247       0.1502
      0.6323      0.09295
      0.6398       0.0357
      0.6474    -0.002462
       0.655     -0.05971
      0.6625     -0.09788
      0.6777     -0.09788
      0.6852     -0.05971
      0.6928    -0.002462
      0.7079      0.01662
      0.7155    -0.002462
      0.7306    -0.002462
      0.7457      0.01662
      0.7533      0.01662
      0.7609      0.01662
       0.776     -0.02155
      0.7836     -0.02155
      0.7987     -0.02155
      0.8063     -0.05971
      0.8138     -0.09788
      0.8214       -0.117
      0.8365     -0.07879
      0.8441     -0.02155
      0.8517      0.05479
      0.8592        0.112
      0.8668       0.1502
      0.8743       0.1884
      0.8895       0.1884
       0.897       0.1311
      0.9046      0.05479
      0.9122     -0.02155
      0.9197     -0.09788
      0.9273       -0.117
      0.9349     -0.07879
      0.9424     -0.02155
        0.95      0.05479
      0.9576      0.09295
      0.9727      0.09295
      0.9803      0.07387
      0.9878      0.01662
      0.9954    -0.002462
       1.003     -0.04063
       1.011     -0.05971
       1.026     -0.04063
       1.033     -0.02155
       1.048    -0.002462
       1.056    -0.002462
       1.071    -0.002462
       1.079      0.01662
       1.086       0.0357
       1.101      0.07387
       1.109      0.05479
       1.116      0.01662
       1.124     -0.04063
       1.132     -0.09788
       1.139       -0.136
       1.147       -0.136
       1.154     -0.07879
       1.162    -0.002462
       1.169      0.07387
       1.177       0.1502
       1.192       0.1311
         1.2        0.112
       1.215      0.07387
       1.222      0.05479
        1.23      0.01662
       1.237     -0.04063
       1.245     -0.07879
        1.26     -0.04063
       1.268    -0.002462
       1.283      0.01662
        1.29      0.01662
       1.306      0.01662
       1.313    -0.002462
       1.328     -0.04063
       1.336     -0.07879
       1.351       -0.117
       1.358       -0.117
       1.374     -0.09788
       1.381     -0.05971
       1.389    -0.002462
       1.396       0.0357
       1.411      0.09295
       1.419      0.09295
       1.434      0.09295
       1.442      0.05479
       1.449      0.01662
       1.457    -0.002462
       1.472       0.0357
        1.48      0.05479
       1.495       0.0357
       1.502      0.01662
       1.517    -0.002462
       1.525      0.01662
       1.532      0.05479
        1.54        0.112
       1.548       0.1693
       1.563       0.1693
        1.57        0.112
       1.578       0.0357
       1.585     -0.02155
       1.593     -0.09788
       1.601       -0.136
       1.616      -0.1551
       1.623      -0.1551
       1.638      -0.1551
       1.654       -0.117
       1.661     -0.05971
       1.669      0.01662
       1.676      0.07387
       1.684        0.112
       1.691       0.1311
       1.706       0.1502
       1.714       0.1502
       1.729       0.1884
       1.744       0.1502
       1.752        0.112
       1.759      0.07387
       1.767       0.0357
       1.782      0.01662
        1.79    -0.002462
       1.805    -0.002462
       1.812      0.01662
       1.827      0.05479
       1.835       0.0357
        1.85    -0.002462
       1.858     -0.02155
       1.865    -0.002462
        1.88    -0.002462
       1.888     -0.04063
       1.903     -0.07879
       1.911     -0.05971
       1.918    -0.002462
       1.926      0.05479
       1.933      0.09295
       1.941       0.1502
       1.949       0.1884
       1.956       0.2265
       1.964       0.2074
       1.971       0.1502
       1.979       0.0357
       1.986     -0.04063
       1.994       -0.136
       2.001      -0.1742
       2.017      -0.1933
       2.024      -0.1742
       2.032       -0.136
       2.039     -0.09788
       2.047     -0.05971
       2.054    -0.002462
       2.062       0.0357
        2.07      0.05479
       2.085      0.07387
       2.092      0.07387
         2.1       0.0357
       2.107    -0.002462
       2.115     -0.02155
        2.13     -0.02155
       2.145      0.01662
       2.153      0.01662
       2.168      0.01662
       2.183      0.07387
       2.191      0.05479
       2.198      0.01662
       2.206    -0.002462
       2.213     -0.05971
       2.221       -0.117
       2.236       -0.136
       2.244     -0.09788
       2.251     -0.05971
       2.259    -0.002462
       2.266      0.05479
       2.274      0.09295
       2.289      0.07387
       2.296      0.07387
       2.304      0.09295
       2.319        0.112
       2.327       0.1311
       2.334       0.1502
       2.349       0.2074
       2.357       0.1884
       2.365       0.1502
       2.372      0.07387
        2.38    -0.002462
       2.387     -0.07879
       2.395       -0.117
       2.402       -0.136
        2.41      -0.1551
       2.418      -0.1933
       2.425      -0.2315
       2.433      -0.2887
        2.44      -0.3078
       2.455      -0.2505
       2.463      -0.1551
        2.47     -0.04063
       2.478      0.05479
       2.486       0.1502
       2.493       0.2456
       2.501       0.3029
       2.508        0.341
       2.516        0.341
       2.523       0.3219
       2.531       0.2647
       2.539       0.1884
       2.546        0.112
       2.554      0.01662
       2.561     -0.05971
       2.569       -0.136
       2.576      -0.1742
       2.592      -0.1742
       2.599      -0.1551
       2.607       -0.136
       2.614     -0.07879
       2.622     -0.02155
       2.629       0.0357
       2.637        0.112
       2.644       0.1693
       2.652       0.2074
       2.667       0.2074
       2.675       0.1502
       2.682      0.07387
        2.69    -0.002462
       2.697     -0.04063
       2.705     -0.05971
       2.713     -0.09788
        2.72       -0.136
       2.728      -0.1933
       2.735      -0.2124
        2.75      -0.2315
       2.758      -0.1933
       2.765      -0.1551
       2.773     -0.09788
       2.781    -0.002462
       2.788      0.05479
       2.796       0.1311
       2.811       0.1311
       2.818      0.07387
       2.826       0.0357
       2.834     -0.02155
       2.841     -0.05971
       2.856     -0.05971
       2.864    -0.002462
       2.871      0.05479
       2.879      0.09295
       2.887       0.1502
       2.894       0.1693
       2.909       0.1884
       2.917       0.2074
       2.932       0.2647
       2.939       0.3029
       2.947        0.341
       2.955       0.2838
       2.962       0.2074
        2.97      0.09295
       2.977     -0.02155
       2.985       -0.117
       2.992      -0.1933
           3      -0.2887
       3.008       -0.346
       3.015       -0.365
       3.023      -0.3269
        3.03      -0.2696
       3.038      -0.1933
       3.045       -0.117
       3.053     -0.07879
       3.061     -0.02155
       3.068       0.0357
       3.076      0.07387
       3.083       0.1311
       3.091       0.1693
       3.098       0.2265
       3.106       0.2647
       3.113       0.3029
       3.129       0.2838
       3.136       0.2074
       3.144      0.09295
       3.151     -0.02155
       3.159       -0.136
       3.166      -0.1933
       3.174      -0.2315
       3.189      -0.2315
       3.197      -0.2124
       3.212      -0.1742
       3.219       -0.117
       3.227     -0.05971
       3.235       0.0357
       3.242      0.09295
        3.25       0.1693
       3.257       0.2265
       3.265       0.2647
       3.272       0.2647
        3.28       0.2265
       3.287       0.1502
       3.295      0.05479
       3.303     -0.02155
        3.31     -0.09788
       3.325       -0.136
       3.333       -0.117
        3.34     -0.07879
       3.348     -0.02155
       3.356       0.0357
       3.363      0.09295
       3.371       0.1311
       3.378       0.1884
       3.393       0.2074
       3.401       0.1693
       3.408      0.09295
       3.408      0.01662
       3.416      0.01662
       3.424     -0.07879
       3.431      -0.1551
       3.439      -0.2505
       3.446      -0.3078
       3.461      -0.2887
       3.469      -0.2315
       3.477       -0.136
       3.484     -0.04063
       3.492       0.0357
       3.499        0.112
       3.507       0.1693
       3.514       0.2265
        3.53       0.2456
       3.537       0.2456
       3.552       0.1884
        3.56       0.1311
       3.567      0.05479
       3.575    -0.002462
       3.582     -0.07879
        3.59      -0.1551
       3.598      -0.2315
       3.605      -0.3269
       3.613       -0.365
        3.62      -0.3269
       3.628      -0.2505
       3.635      -0.1551
       3.643     -0.04063
       3.651      0.05479
       3.658       0.1502
       3.666       0.2074
       3.673       0.2456
       3.688       0.2456
       3.696       0.2265
       3.711       0.1693
       3.719      0.09295
       3.726       0.0357
       3.734     -0.05971
       3.741      -0.1551
       3.749      -0.2124
       3.756      -0.2505
       3.772      -0.2505
       3.779      -0.2124
       3.787      -0.1551
       3.794     -0.09788
       3.802     -0.02155
       3.809      0.05479
       3.817       0.1311
       3.825       0.2074
       3.832       0.2456
        3.84       0.2456
       3.847       0.2074
       3.855       0.1693
       3.862        0.112
        3.87      0.05479
       3.877      0.01662
       3.885     -0.04063
       3.893       -0.117
         3.9      -0.1551
       3.915     -0.09788
       3.923     -0.04063
        3.93      0.01662
       3.938      0.07387
       3.953      0.09295
       3.961        0.112
       3.968       0.1693
       3.976       0.2074
       3.983       0.2456
       3.991       0.2265
       3.999       0.1884
       4.006       0.1311
       4.014      0.05479
       4.021      0.01662
       4.029     -0.04063
       4.036     -0.09788
       4.044      -0.1551
       4.051      -0.2124
       4.059      -0.2315
       4.074      -0.1742
       4.082       -0.117
       4.089     -0.02155
       4.097       0.0357
       4.104      0.09295
        4.12        0.112
       4.127      0.09295
       4.142      0.09295
        4.15       0.0357
       4.165    -0.002462
       4.173      0.01662
       4.188      0.05479
       4.195       0.0357
       4.203    -0.002462
       4.218     -0.05971
       4.225     -0.04063
       4.241      0.01662
       4.256      0.07387
       4.263        0.112
       4.278        0.112
       4.286      0.09295
       4.294      0.05479
       4.301      0.01662
       4.309     -0.04063
       4.316     -0.07879
       4.324     -0.09788
       4.339     -0.05971
       4.346     -0.05971
       4.354     -0.05971
       4.369     -0.07879
       4.377     -0.05971
       4.392     -0.02155
       4.399    -0.002462
       4.415     -0.04063
       4.422     -0.04063
        4.43     -0.02155
       4.437      0.01662
       4.445      0.07387
       4.452        0.112
        4.46       0.1502
       4.468       0.1884
       4.475       0.2074
       4.483       0.2074
        4.49       0.1502
       4.498      0.07387
       4.505     -0.02155
       4.513       -0.117
        4.52      -0.1551
       4.528      -0.1551
       4.536       -0.136
       4.543     -0.09788
       4.551     -0.04063
       4.558     -0.02155
       4.566      0.01662
       4.573      0.05479
       4.581      0.09295
       4.589       0.1311
       4.596       0.1884
       4.604       0.1884
       4.619       0.1884
       4.626       0.1502
       4.634        0.112
       4.642      0.01662
       4.649     -0.07879
       4.657      -0.2124
       4.664      -0.3078
       4.672       -0.365
       4.679       -0.346
       4.687      -0.2887
       4.694      -0.1933
       4.702     -0.09788
        4.71    -0.002462
       4.717      0.07387
       4.725       0.1311
       4.732       0.1502
       4.747       0.1693
       4.755       0.1502
       4.763       0.1311
        4.77      0.09295
       4.778      0.05479
       4.785       0.0357
         4.8      0.01662
       4.808      0.01662
       4.816     -0.02155
       4.823     -0.05971
       4.831       -0.117
       4.846      -0.1551
       4.853       -0.117
       4.861     -0.05971
       4.868      0.01662
       4.876      0.05479
       4.884        0.112
       4.891       0.1311
       4.906      0.09295
       4.914      0.09295
       4.929       0.1311
       4.937       0.1502
       4.944       0.1693
       4.959       0.1311
       4.967        0.112
       4.974      0.07387
       4.982      0.01662
       4.989     -0.04063
       4.997     -0.05971
       5.012     -0.05971
        5.02     -0.05971
       5.035     -0.09788
       5.042     -0.09788
       5.058     -0.07879
       5.073     -0.04063
        5.08     -0.02155
       5.095      0.01662
       5.111      0.01662
       5.118       0.0357
       5.133      0.09295
       5.141        0.112
       5.156        0.112
       5.163      0.07387
       5.171       0.0357
       5.179    -0.002462
       5.186     -0.04063
       5.194     -0.07879
       5.209     -0.05971
       5.216     -0.04063
       5.224      0.01662
       5.232      0.07387
       5.239       0.1502
       5.247       0.2265
       5.254       0.2838
       5.269       0.2647
       5.277       0.2074
       5.285      0.09295
       5.292     -0.02155
         5.3      -0.1551
       5.307      -0.2696
       5.315       -0.365
       5.322      -0.4223
        5.33      -0.4414
       5.337      -0.4032
       5.345      -0.3078
       5.353      -0.1933
        5.36     -0.09788
       5.368      0.01662
       5.375       0.1311
       5.383       0.2456
        5.39        0.341
       5.398       0.4174
       5.413       0.4174
       5.421       0.3792
       5.428       0.3219
       5.436       0.2456
       5.443       0.1693
       5.451       0.0357
       5.458       -0.136
       5.466      -0.2696
       5.474      -0.3841
       5.481      -0.4604
       5.489      -0.4795
       5.496      -0.4414
       5.504       -0.365
       5.511      -0.2505
       5.519       -0.117
       5.527      0.01662
       5.534       0.1311
       5.542       0.2456
       5.549       0.3219
       5.557       0.3792
       5.572       0.3983
        5.58       0.3792
       5.587        0.341
       5.595       0.3029
       5.602       0.2647
        5.61       0.2074
       5.617      0.09295
       5.625     -0.04063
       5.632      -0.1933
        5.64      -0.2887
       5.648       -0.346
       5.655       -0.346
       5.663      -0.2887
        5.67      -0.2505
       5.678      -0.2315
       5.693      -0.1742
       5.701     -0.07879
       5.708      0.01662
       5.716       0.1311
       5.723       0.2074
       5.731       0.2647
       5.738       0.3029
       5.746       0.3029
       5.761       0.2838
       5.776       0.2074
       5.784       0.1311
       5.791      0.01662
       5.799     -0.09788
       5.806      -0.2315
       5.814      -0.3078
       5.822      -0.3841
       5.837       -0.365
       5.844      -0.2887
       5.852      -0.1933
       5.859     -0.09788
       5.867    -0.002462
       5.875      0.07387
       5.882       0.1884
        5.89       0.2647
       5.897        0.341
       5.905       0.3792
        5.92        0.341
       5.927       0.2838
       5.935       0.2265
       5.943      0.09295
        5.95     -0.07879
       5.958      -0.2505
       5.965      -0.4032
       5.973      -0.4986
        5.98      -0.4986
       5.988      -0.4414
       5.996       -0.346
       6.003      -0.2315
       6.011     -0.09788
       6.018       0.0357
       6.026       0.1693
       6.033       0.3029
       6.041       0.4174
       6.049       0.4746
       6.064       0.4555
       6.071       0.3983
       6.079        0.341
       6.086       0.2647
       6.094       0.1884
       6.101      0.07387
       6.109     -0.07879
       6.117      -0.2696
       6.124      -0.4604
       6.132       -0.594
       6.139      -0.6322
       6.147       -0.594
       6.154      -0.4986
       6.162       -0.346
        6.17      -0.1933
       6.177     -0.04063
       6.185      0.09295
       6.192       0.2074
         6.2       0.3219
       6.207       0.3983
       6.215       0.4746
       6.223       0.5319
       6.238       0.4937
       6.245       0.3792
       6.253       0.2265
        6.26      0.01662
       6.268      -0.1742
       6.275       -0.346
       6.283      -0.4604
       6.291      -0.4986
       6.306      -0.4414
       6.313       -0.365
       6.321      -0.2887
       6.328      -0.2124
       6.336       -0.117
       6.344    -0.002462
       6.351        0.112
       6.351      0.01662
       6.359       0.2265
       6.366       0.3219
       6.374       0.3792
       6.389       0.3983
       6.397       0.3601
       6.404       0.2647
       6.412       0.1502
       6.419    -0.002462
       6.427       -0.136
       6.434      -0.2505
       6.442      -0.3078
       6.449      -0.3078
       6.457      -0.2696
       6.465      -0.1933
       6.472       -0.117
        6.48     -0.05971
       6.487    -0.002462
       6.495      0.05479
       6.502       0.1311
        6.51       0.2074
       6.518       0.2456
       6.525       0.2647
       6.533       0.2647
        6.54       0.2265
       6.548       0.1693
       6.555      0.07387
       6.563     -0.02155
        6.57     -0.09788
       6.578      -0.1742
       6.586      -0.2124
       6.601      -0.1933
       6.608      -0.1551
       6.616     -0.09788
       6.623     -0.05971
       6.631     -0.02155
       6.639      0.01662
       6.646      0.05479
       6.654      0.09295
       6.661       0.1311
       6.676       0.1693
       6.684       0.1693
       6.692       0.1502
       6.699        0.112
       6.707       0.0357
       6.714     -0.05971
       6.722      -0.1742
       6.729      -0.2505
       6.744      -0.2124
       6.752       -0.136
        6.76     -0.05971
       6.767      0.01662
       6.775       0.0357
       6.782      0.07387
        6.79      0.07387
       6.805      0.07387
       6.813      0.09295
       6.828       0.1311
       6.835       0.1502
        6.85        0.112
       6.858      0.05479
       6.866      0.01662
       6.873     -0.04063
       6.881     -0.09788
       6.888      -0.1551
       6.903      -0.1742
       6.911      -0.1551
       6.926       -0.117
       6.934     -0.09788
       6.949     -0.09788
       6.956     -0.07879
       6.971     -0.04063
       6.979      0.01662
       6.987      0.07387
       6.994       0.1311
       7.009       0.1502
       7.017       0.1311
       7.024       0.1311
       7.039       0.1502
       7.047       0.1693
       7.055       0.2074
       7.062       0.2456
       7.077       0.2456
       7.085       0.2074
       7.092       0.1502
         7.1      0.09295
       7.108       0.0357
       7.115    -0.002462
       7.123     -0.04063
        7.13     -0.05971
       7.145     -0.09788
       7.153     -0.09788
       7.168     -0.09788
       7.183      -0.1551
       7.191      -0.1551
       7.198       -0.117
       7.206     -0.05971
       7.213    -0.002462
       7.221       0.0357
       7.236      0.09295
       7.244        0.112
       7.259       0.1311
       7.266       0.1311
       7.282       0.1502
       7.297       0.2074
       7.304       0.1884
       7.312       0.1502
       7.319      0.09295
       7.327       0.0357
       7.335     -0.02155
       7.342     -0.07879
        7.35       -0.136
       7.357      -0.1742
       7.365      -0.2124
       7.372      -0.2315
        7.38      -0.1933
       7.387       -0.136
       7.395     -0.05971
       7.403      0.01662
        7.41      0.07387
       7.418        0.112
       7.425        0.112
       7.433      0.07387
        7.44       0.0357
       7.448    -0.002462
       7.463     -0.04063
       7.471     -0.02155
       7.478    -0.002462
       7.493      0.05479
       7.501      0.07387
       7.509       0.0357
       7.524     -0.02155
       7.531     -0.04063
       7.539     -0.02155
       7.546    -0.002462
       7.561      0.05479
       7.577       0.1311
       7.584       0.1884
       7.584       0.1502
       7.592       0.1884
       7.599       0.1502
       7.607       0.1311
       7.614      0.07387
       7.622       0.0357
       7.622    -0.002462
        7.63     -0.04063
       7.637     -0.09788
       7.645       -0.136
        7.66      -0.1742
       7.667      -0.1742
       7.675       -0.136
        7.69     -0.09788
       7.698     -0.05971
       7.705    -0.002462
        7.72      0.07387
       7.728      0.09295
       7.735       0.1311
       7.743       0.1693
       7.758       0.1884
       7.766       0.1693
       7.781       0.1311
       7.788       0.1311
       7.796      0.09295
       7.804       0.0357
       7.811     -0.02155
       7.819     -0.09788
       7.826      -0.1551
       7.834      -0.1933
       7.841      -0.2124
       7.856      -0.2124
       7.864      -0.1742
       7.872       -0.136
       7.879     -0.09788
       7.887     -0.05971
       7.894     -0.04063
       7.902      0.01662
       7.909      0.09295
       7.917       0.1311
       7.932       0.1693
        7.94       0.1693
       7.955       0.1311
       7.962       0.1311
       7.978       0.1311
       7.985       0.1311
       7.993        0.112
           8      0.05479
       8.008      0.01662
       8.015     -0.04063
        8.03     -0.07879
       8.038     -0.05971
       8.046     -0.04063
       8.061     -0.04063
       8.068     -0.04063
       8.076     -0.04063
       8.091     -0.05971
       8.099     -0.05971
       8.106     -0.04063
       8.121     -0.04063
       8.129     -0.02155
       8.144      0.01662
       8.151       0.0357
       8.159      0.07387
       8.167       0.1311
       8.174       0.1693
       8.189       0.1884
       8.197       0.1311
       8.204       0.0357
       8.212     -0.05971
        8.22       -0.136
       8.227      -0.1933
       8.235      -0.1742
       8.242      -0.1742
       8.257     -0.09788
       8.265     -0.07879
       8.273     -0.04063
        8.28      0.01662
       8.288      0.07387
       8.295       0.1502
       8.303       0.2074
       8.318       0.2265
       8.325       0.1884
       8.333       0.1502
       8.341      0.09295
       8.341      0.01662
       8.348    -0.002462
       8.356     -0.09788
       8.363      -0.2124
       8.371      -0.2887
       8.386      -0.2887
       8.394      -0.2315
       8.401      -0.1551
       8.409     -0.07879
       8.416    -0.002462
       8.424      0.07387
       8.431       0.1311
       8.439       0.1884
       8.454       0.1884
       8.462       0.1884
       8.477       0.1502
       8.484      0.09295
       8.492       0.0357
       8.499     -0.02155
       8.507       -0.117
       8.515      -0.1933
       8.522      -0.2315
        8.53      -0.2505
       8.537      -0.2124
       8.545      -0.1933
       8.552       -0.136
        8.56     -0.07879
       8.568    -0.002462
       8.575      0.05479
       8.583        0.112
        8.59       0.1693
       8.605       0.2265
       8.613       0.2265
       8.628       0.2074
       8.636       0.1502
       8.643        0.112
       8.651      0.05479
       8.658      0.01662
       8.666     -0.04063
       8.681     -0.09788
       8.689     -0.09788
       8.704     -0.04063
       8.719      0.01662
       8.726       0.0357
       8.734      0.05479
       8.749        0.112
       8.757        0.112
       8.764      0.07387
       8.772       0.0357
       8.779     -0.02155
       8.787     -0.04063
       8.802     -0.02155
        8.81    -0.002462
       8.825       0.0357
       8.832      0.05479
        8.84      0.07387
       8.855      0.07387
       8.863      0.07387
        8.87      0.09295
       8.885       0.1311
         8.9       0.1693
       8.908       0.1502
       8.916      0.09295
       8.923      0.01662
       8.931     -0.07879
       8.938      -0.1742
       8.946      -0.2696
       8.953       -0.346
       8.961      -0.3841
       8.968      -0.3841
       8.976      -0.3269
