     0.01186       0.0271
     0.03454     0.009033
      0.0421     0.009033
     0.05723    -0.009033
     0.06479      -0.0271
     0.07991     -0.04517
     0.09503     -0.04517
      0.1026      -0.0271
      0.1102     0.009033
      0.1177       0.0271
      0.1328      0.04517
      0.1404      0.04517
      0.1555     0.009033
      0.1631     0.009033
      0.1782    -0.009033
      0.1858    -0.009033
      0.2009    -0.009033
      0.2085    -0.009033
      0.2311     0.009033
      0.2463     0.009033
      0.2538     0.009033
      0.2689    -0.009033
      0.2765    -0.009033
      0.2916    -0.009033
      0.2992    -0.009033
      0.3143      -0.0271
      0.3219      -0.0271
      0.3294    -0.009033
      0.3446     0.009033
      0.3521     0.009033
      0.3672       0.0271
      0.3748       0.0271
      0.3899       0.0271
      0.3975       0.0271
       0.405      0.04517
      0.4202      0.04517
      0.4353      0.04517
      0.4504       0.0271
      0.4655    -0.009033
      0.4731    -0.009033
      0.4882      -0.0271
      0.4958     -0.04517
      0.5109     -0.04517
      0.5185      -0.0271
      0.5336      -0.0271
      0.5411      -0.0271
      0.5487    -0.009033
      0.5638     0.009033
      0.5714     0.009033
      0.5865       0.0271
      0.6016    -0.009033
      0.6092      -0.0271
      0.6243     -0.04517
      0.6394     -0.09937
      0.6546      -0.1355
      0.6621      -0.1355
      0.6773     -0.09937
      0.6924     -0.06323
      0.6999     -0.04517
      0.7075      -0.0271
      0.7226    -0.009033
      0.7302     0.009033
      0.7453      0.04517
      0.7529      0.06323
       0.768      0.04517
      0.7755      0.04517
      0.7907       0.0271
      0.7982     0.009033
      0.8134      -0.0271
      0.8209      -0.0271
       0.836      -0.0271
      0.8436    -0.009033
      0.8587     0.009033
      0.8663     0.009033
      0.8814       0.0271
       0.889       0.0271
      0.8965      0.04517
      0.9117       0.0813
      0.9192      0.09937
      0.9343      0.09937
      0.9419       0.0813
       0.957      0.04517
      0.9646       0.0271
      0.9797    -0.009033
      0.9873      -0.0271
       1.002     -0.04517
        1.01     -0.04517
       1.018      -0.0271
       1.033    -0.009033
        1.04    -0.009033
       1.055       0.0271
        1.07      0.04517
       1.078      0.06323
       1.101      0.06323
       1.108      0.06323
       1.131     0.009033
       1.138    -0.009033
       1.154      -0.0271
       1.161      -0.0271
       1.176      -0.0271
       1.184      -0.0271
       1.191    -0.009033
       1.207     0.009033
       1.214       0.0271
       1.229      0.04517
       1.237      0.06323
       1.252      0.06323
       1.259      0.06323
       1.275       0.0271
       1.282     0.009033
       1.297      -0.0271
       1.305     -0.04517
       1.312     -0.04517
       1.328     -0.06323
       1.335     -0.04517
        1.35     -0.04517
       1.358      -0.0271
       1.373     0.009033
        1.38       0.0271
       1.388      0.04517
       1.403      0.04517
       1.411      0.04517
       1.433      0.04517
       1.441      0.04517
       1.456     0.009033
       1.464    -0.009033
       1.479      -0.0271
       1.486      -0.0271
       1.501    -0.009033
       1.517    -0.009033
       1.524     0.009033
       1.539       0.0271
       1.547       0.0271
       1.562       0.0271
       1.569       0.0271
       1.585       0.0271
       1.592       0.0271
       1.607       0.0271
       1.615     0.009033
       1.622     0.009033
       1.638    -0.009033
       1.645    -0.009033
        1.66    -0.009033
       1.668      -0.0271
       1.675    -0.009033
        1.69    -0.009033
       1.698    -0.009033
       1.713      -0.0271
       1.721      -0.0271
       1.736     -0.04517
       1.743     -0.06323
       1.759     -0.09937
       1.766      -0.1174
       1.774      -0.1174
       1.789     -0.09937
       1.796     -0.06323
       1.811      -0.0271
       1.827    -0.009033
       1.842     0.009033
       1.857     0.009033
       1.864     0.009033
       1.879     0.009033
       1.887     0.009033
       1.902    -0.009033
        1.91     0.009033
       1.925       0.0271
       1.932      0.04517
       1.948      0.04517
       1.955       0.0271
        1.97     0.009033
       1.985    -0.009033
       1.993     0.009033
       2.008       0.0271
       2.016       0.0271
       2.031       0.0271
       2.038       0.0271
       2.053     0.009033
       2.061     0.009033
       2.076    -0.009033
       2.084    -0.009033
       2.099    -0.009033
       2.106    -0.009033
       2.121    -0.009033
       2.129    -0.009033
       2.144     0.009033
       2.152       0.0271
       2.167      0.04517
       2.174      0.06323
        2.19       0.0813
       2.197       0.0813
       2.212      0.06323
       2.227      0.04517
       2.235      0.04517
        2.25     0.009033
       2.258     0.009033
       2.273    -0.009033
        2.28    -0.009033
       2.295      -0.0271
       2.303      -0.0271
       2.318     -0.04517
       2.326     -0.04517
       2.341    -0.009033
       2.356       0.0271
       2.363      0.04517
       2.379      0.04517
       2.386       0.0271
       2.401     0.009033
       2.409    -0.009033
       2.416    -0.009033
       2.431      -0.0271
       2.439      -0.0271
       2.447    -0.009033
       2.462    -0.009033
       2.469    -0.009033
       2.484    -0.009033
       2.492    -0.009033
       2.507     0.009033
       2.515       0.0271
       2.522      0.04517
       2.537      0.06323
       2.545      0.06323
       2.552      0.06323
       2.568      0.04517
       2.575       0.0271
        2.59     0.009033
       2.598     0.009033
       2.613    -0.009033
       2.621    -0.009033
       2.628    -0.009033
       2.643      -0.0271
       2.651      -0.0271
       2.666      -0.0271
       2.673      -0.0271
       2.689    -0.009033
       2.696    -0.009033
       2.711    -0.009033
       2.719     0.009033
       2.734     0.009033
       2.741     0.009033
       2.757      -0.0271
       2.764      -0.0271
       2.779     -0.04517
       2.787     -0.06323
       2.802      -0.0813
        2.81      -0.0813
       2.832      -0.0813
        2.84     -0.09937
       2.847     -0.09937
       2.862     -0.09937
        2.87     -0.06323
       2.885      -0.0271
       2.893    -0.009033
         2.9       0.0271
       2.915       0.0271
       2.923       0.0271
       2.938       0.0271
       2.946       0.0271
       2.961     0.009033
       2.976    -0.009033
       2.983     0.009033
       2.999       0.0271
       3.006      0.04517
       3.029       0.0271
       3.036       0.0271
       3.051       0.0271
       3.067      0.04517
       3.074      0.06323
       3.089      0.09937
       3.097      0.09937
       3.112      0.06323
        3.12      0.04517
       3.127      0.04517
       3.142       0.0271
        3.15       0.0271
       3.165       0.0271
       3.172      0.04517
       3.188      0.04517
       3.195      0.04517
       3.203      0.04517
       3.218     0.009033
       3.225    -0.009033
       3.241     0.009033
       3.256       0.0271
       3.263      0.04517
       3.271      0.06323
       3.286      0.04517
       3.293       0.0271
       3.309    -0.009033
       3.316      -0.0271
       3.331     -0.04517
       3.339     -0.06323
       3.346     -0.06323
       3.362      -0.0813
       3.369      -0.0813
       3.384      -0.0813
       3.392     -0.06323
       3.407      -0.0271
       3.414    -0.009033
        3.43     0.009033
       3.437     0.009033
       3.452      -0.0271
        3.46     -0.06323
       3.467     -0.06323
       3.482      -0.0813
        3.49      -0.0813
       3.505     -0.06323
       3.513     -0.06323
       3.528     -0.04517
       3.535      -0.0271
       3.551     0.009033
       3.558       0.0271
       3.573      0.04517
       3.581      0.04517
       3.596      0.06323
       3.603       0.0813
       3.619      0.06323
       3.626      0.06323
       3.641      0.04517
       3.656     0.009033
       3.664    -0.009033
       3.672    -0.009033
       3.687      -0.0271
       3.694     -0.04517
       3.709     -0.04517
       3.717     -0.04517
       3.732     -0.04517
        3.74     -0.04517
       3.755    -0.009033
        3.77       0.0271
       3.777      0.04517
       3.785       0.0813
       3.793      0.09937
       3.808       0.1536
       3.815       0.1355
        3.83      0.09937
       3.845      0.04517
       3.853       0.0271
       3.868    -0.009033
       3.876      -0.0271
       3.891     -0.04517
       3.906     -0.06323
       3.913     -0.06323
       3.929     -0.04517
       3.944      -0.0271
       3.951    -0.009033
       3.966       0.0271
       3.974       0.0271
       3.982      0.04517
       3.997       0.0271
       4.004       0.0271
       4.019     0.009033
       4.034      -0.0271
       4.042     -0.04517
       4.057     -0.04517
       4.065     -0.04517
        4.08     -0.04517
       4.087     -0.04517
       4.103      -0.0271
       4.118       0.0271
       4.125      0.04517
        4.14      0.06323
       4.148      0.06323
       4.155      0.06323
       4.171      0.04517
       4.178       0.0271
       4.193     0.009033
       4.201     0.009033
       4.216    -0.009033
       4.223      -0.0271
       4.239     -0.04517
       4.246     -0.04517
       4.254      -0.0271
       4.269     0.009033
       4.276       0.0271
       4.292      0.04517
       4.299      0.06323
       4.314       0.0813
       4.322       0.0813
       4.337      0.04517
       4.344       0.0271
        4.36    -0.009033
       4.367    -0.009033
       4.382     -0.04517
        4.39      -0.0271
       4.405      -0.0271
       4.413      -0.0271
       4.428      -0.0271
       4.435      -0.0271
        4.45    -0.009033
       4.465       0.0271
       4.473       0.0271
       4.488       0.0271
       4.496       0.0271
       4.511     0.009033
       4.518     0.009033
       4.534     0.009033
       4.541     0.009033
       4.556    -0.009033
       4.564    -0.009033
       4.579      -0.0271
       4.586      -0.0271
       4.594      -0.0271
       4.609      -0.0271
       4.617      -0.0271
       4.632    -0.009033
       4.639    -0.009033
       4.647     0.009033
       4.662       0.0271
        4.67      0.04517
       4.685      0.04517
       4.692      0.04517
         4.7      0.04517
       4.715       0.0271
       4.723     0.009033
       4.738       0.0271
       4.753       0.0271
        4.76       0.0271
       4.775    -0.009033
       4.783    -0.009033
       4.798    -0.009033
       4.806    -0.009033
       4.821     0.009033
       4.828       0.0271
       4.844       0.0271
       4.851       0.0271
       4.866       0.0271
       4.874     0.009033
       4.889    -0.009033
       4.896    -0.009033
       4.904    -0.009033
       4.919      -0.0271
       4.927    -0.009033
       4.942     0.009033
       4.949       0.0271
       4.965     0.009033
       4.972     0.009033
       4.987     0.009033
       5.002    -0.009033
        5.01    -0.009033
       5.025      -0.0271
       5.033      -0.0271
       5.048    -0.009033
       5.063    -0.009033
        5.07    -0.009033
       5.078    -0.009033
       5.093     -0.04517
       5.101     -0.06323
       5.108     -0.09937
       5.116      -0.1355
       5.131      -0.1716
       5.138      -0.1536
       5.154     -0.09937
       5.161      -0.0813
       5.176     -0.06323
       5.184      -0.0271
       5.199       0.0271
       5.214       0.0813
       5.222       0.0813
       5.229       0.0813
       5.244      0.04517
       5.252      0.04517
       5.267     0.009033
       5.275     0.009033
        5.29     0.009033
       5.297     0.009033
       5.312     0.009033
        5.32     0.009033
       5.335       0.0271
       5.343       0.0271
        5.35      0.04517
       5.365      0.04517
       5.373      0.04517
       5.388      0.04517
       5.395      0.06323
       5.411      0.06323
       5.426      0.04517
       5.441      0.04517
       5.448      0.04517
       5.464      0.04517
       5.471       0.0271
       5.486     0.009033
       5.494     0.009033
       5.509       0.0271
       5.516       0.0271
       5.532       0.0271
       5.539       0.0271
       5.554       0.0271
       5.562     0.009033
       5.577     0.009033
       5.585     0.009033
       5.592       0.0271
       5.607       0.0271
       5.615       0.0271
        5.63       0.0271
       5.637     0.009033
       5.653    -0.009033
       5.668      -0.0271
       5.675      -0.0271
       5.683      -0.0271
       5.698     -0.04517
       5.706     -0.04517
       5.713      -0.0271
       5.728    -0.009033
       5.736    -0.009033
       5.751    -0.009033
       5.758    -0.009033
       5.774      -0.0271
       5.781      -0.0271
       5.796      -0.0271
       5.804      -0.0271
       5.819     -0.06323
       5.826      -0.0813
       5.842      -0.1355
       5.849      -0.1355
       5.857      -0.1174
       5.872     -0.06323
       5.879     -0.04517
       5.895    -0.009033
       5.902    -0.009033
       5.917     0.009033
       5.925       0.0271
        5.94       0.0271
       5.947       0.0271
       5.963       0.0271
        5.97       0.0271
       5.985       0.0271
       5.993       0.0271
       6.008       0.0271
       6.023      0.04517
       6.038      0.04517
       6.046      0.04517
       6.061      0.04517
       6.068      0.04517
       6.084       0.0271
       6.091       0.0271
       6.106       0.0271
       6.114       0.0271
       6.129    -0.009033
       6.137    -0.009033
       6.152     0.009033
       6.167       0.0271
       6.174      0.04517
       6.189       0.0271
       6.197       0.0271
       6.212    -0.009033
        6.22    -0.009033
       6.235    -0.009033
       6.242    -0.009033
       6.257    -0.009033
       6.265    -0.009033
        6.28     0.009033
       6.295      0.04517
       6.303      0.06323
       6.318      0.06323
       6.326      0.06323
       6.341      0.04517
       6.348       0.0271
       6.363     0.009033
       6.371     0.009033
       6.386    -0.009033
       6.394      -0.0271
       6.409      -0.0271
       6.416      -0.0271
       6.431    -0.009033
       6.447    -0.009033
       6.454    -0.009033
       6.469    -0.009033
       6.477    -0.009033
       6.492    -0.009033
       6.499    -0.009033
       6.515      -0.0271
       6.522      -0.0271
       6.537      -0.0271
       6.545      -0.0271
        6.56    -0.009033
       6.575    -0.009033
       6.583    -0.009033
        6.59    -0.009033
       6.605     -0.04517
       6.613     -0.06323
       6.628      -0.0813
       6.636      -0.0813
       6.651     -0.06323
       6.658     -0.06323
       6.666     -0.04517
       6.681     -0.04517
       6.688      -0.0271
       6.704    -0.009033
       6.711     0.009033
       6.726       0.0271
       6.734       0.0271
       6.741      0.04517
       6.757      0.04517
       6.764      0.04517
       6.779       0.0271
       6.787       0.0271
       6.802       0.0271
       6.809      0.04517
       6.825       0.0271
       6.832       0.0271
       6.847     0.009033
       6.855       0.0271
        6.87       0.0271
       6.878       0.0271
       6.893      0.04517
       6.908      0.04517
       6.915      0.04517
       6.923      0.04517
       6.938       0.0271
       6.946       0.0271
       6.961     0.009033
       6.968     0.009033
       6.976     0.009033
       6.991    -0.009033
       6.998    -0.009033
       7.006    -0.009033
       7.021    -0.009033
       7.029     0.009033
       7.044     0.009033
       7.051     0.009033
       7.067     0.009033
       7.074     0.009033
       7.082       0.0271
       7.097      0.04517
       7.104      0.06323
       7.119      0.06323
       7.127      0.04517
       7.142       0.0271
        7.15       0.0271
       7.165     0.009033
        7.18    -0.009033
       7.188    -0.009033
       7.203    -0.009033
        7.21      -0.0271
       7.225    -0.009033
        7.24    -0.009033
       7.248    -0.009033
       7.263     0.009033
       7.271       0.0271
       7.286       0.0271
       7.293       0.0271
       7.301       0.0271
       7.316    -0.009033
       7.324    -0.009033
       7.339     -0.04517
       7.346     -0.04517
       7.361     -0.06323
       7.369      -0.0813
       7.384      -0.0813
       7.392     -0.06323
       7.407      -0.0271
       7.422    -0.009033
       7.437      -0.0271
       7.445     -0.04517
        7.46     -0.04517
       7.475      -0.0271
       7.482    -0.009033
       7.498    -0.009033
       7.505      -0.0271
        7.52      -0.0271
       7.535      -0.0271
       7.543      -0.0271
       7.558    -0.009033
       7.573    -0.009033
       7.581     0.009033
       7.596      0.04517
       7.603      0.06323
       7.619      0.06323
       7.626       0.0813
       7.641       0.0813
       7.649       0.0813
       7.664      0.06323
       7.671      0.04517
       7.687       0.0271
       7.694     0.009033
       7.709    -0.009033
       7.717    -0.009033
       7.732    -0.009033
       7.739    -0.009033
       7.755    -0.009033
       7.762    -0.009033
        7.77    -0.009033
       7.785     0.009033
       7.792       0.0271
       7.808      0.04517
       7.815      0.04517
        7.83      0.04517
       7.845     0.009033
       7.853    -0.009033
       7.868      -0.0271
       7.876      -0.0271
       7.891     -0.04517
       7.898     -0.04517
       7.913      -0.0271
       7.921      -0.0271
       7.936    -0.009033
       7.944    -0.009033
       7.959       0.0271
       7.974       0.0271
       7.981     0.009033
       7.997     0.009033
       8.004     0.009033
       8.019    -0.009033
       8.034      -0.0271
       8.042      -0.0271
       8.057    -0.009033
       8.072    -0.009033
        8.08    -0.009033
       8.095    -0.009033
       8.102     0.009033
       8.118       0.0271
       8.133     0.009033
        8.14     0.009033
       8.155    -0.009033
       8.163    -0.009033
       8.178    -0.009033
       8.186    -0.009033
       8.201     0.009033
       8.208     0.009033
       8.223     0.009033
       8.231     0.009033
       8.246    -0.009033
       8.254    -0.009033
       8.269    -0.009033
       8.276     0.009033
       8.291     0.009033
       8.299     0.009033
       8.314     0.009033
       8.322     0.009033
       8.337       0.0271
       8.344       0.0271
       8.352       0.0271
       8.367    -0.009033
       8.375    -0.009033
        8.39      -0.0271
       8.397      -0.0271
        8.42    -0.009033
       8.428    -0.009033
       8.443    -0.009033
        8.45    -0.009033
       8.465     0.009033
       8.481     0.009033
       8.488     0.009033
       8.503     0.009033
       8.511     0.009033
       8.526     0.009033
       8.533     0.009033
       8.549     0.009033
       8.556     0.009033
       8.571     0.009033
       8.579     0.009033
       8.594    -0.009033
       8.601    -0.009033
       8.617    -0.009033
       8.624     0.009033
       8.639       0.0271
       8.647       0.0271
       8.662     0.009033
        8.67     0.009033
       8.685       0.0271
         8.7       0.0271
       8.707       0.0271
       8.722     0.009033
        8.73     0.009033
       8.745     0.009033
       8.753       0.0271
       8.768       0.0271
       8.775     0.009033
       8.791    -0.009033
       8.798    -0.009033
       8.821    -0.009033
       8.828    -0.009033
       8.836    -0.009033
       8.851      -0.0271
       8.859    -0.009033
       8.874     0.009033
       8.881       0.0271
       8.889      0.04517
       8.904      0.06323
       8.911      0.06323
       8.919       0.0813
       8.934      0.06323
       8.942      0.04517
       8.949     0.009033
       8.964      -0.0271
