     0.01181       0.2097
     0.01181       0.1688
     0.01937       0.2302
     0.03448       0.2506
     0.04203       0.2302
     0.04959       0.1893
      0.0647       0.1279
     0.07225       0.1279
     0.08736      0.08696
     0.09492       0.0665
        0.11      0.02558
      0.1176     -0.03581
      0.1251     -0.09719
      0.1327       -0.179
      0.1402      -0.2404
      0.1478      -0.3018
      0.1554      -0.3632
      0.1705      -0.3632
       0.178      -0.3223
      0.1856      -0.2199
      0.1931      -0.1381
      0.2007     -0.07673
      0.2082     -0.01535
      0.2158     -0.01535
      0.2309     -0.01535
      0.2385      0.02558
      0.2536       0.0665
      0.2611       0.1074
      0.2687       0.1483
      0.2838       0.2097
      0.2913       0.1893
      0.3065       0.1688
       0.314       0.1688
      0.3291       0.1688
      0.3367       0.1483
      0.3442       0.1074
      0.3518      0.04604
      0.3593     -0.03581
      0.3669      -0.1176
      0.3745       -0.179
       0.382      -0.1995
      0.3971      -0.1995
      0.4047      -0.1176
      0.4122     -0.05627
      0.4198      0.04604
      0.4198     -0.01535
      0.4273      0.08696
      0.4424       0.1279
        0.45       0.1074
      0.4651      0.04604
      0.4802     -0.01535
      0.4878     -0.01535
      0.4953      0.02558
      0.5029      0.02558
      0.5104      0.04604
      0.5256      0.04604
      0.5331      0.02558
      0.5407     0.005115
      0.5482     -0.03581
      0.5558     -0.07673
      0.5709      -0.1176
      0.5784     -0.09719
       0.586     -0.07673
      0.6011     -0.09719
      0.6087      -0.1176
      0.6238      -0.1586
      0.6313      -0.1586
      0.6389      -0.1381
       0.654     -0.07673
      0.6615     -0.03581
      0.6691      0.04604
      0.6767       0.1074
      0.6842       0.1483
      0.6918       0.2097
      0.6993       0.2711
      0.7069       0.3325
      0.7144       0.3734
       0.722       0.4143
      0.7371       0.3939
      0.7447       0.3734
      0.7522       0.3325
      0.7598       0.2916
      0.7673       0.2302
      0.7749       0.1688
      0.7824      0.08696
        0.79     0.005115
      0.7975     -0.09719
      0.8051       -0.179
      0.8126      -0.2813
      0.8202      -0.3836
      0.8278      -0.4655
      0.8353      -0.5678
      0.8429      -0.6292
       0.858      -0.6292
      0.8655      -0.5678
      0.8731      -0.5269
      0.8806      -0.4655
      0.8882      -0.4041
      0.8958      -0.3018
      0.9033      -0.1586
      0.9109      0.04604
      0.9109     -0.05627
      0.9184       0.1074
       0.926       0.2097
      0.9335       0.2916
      0.9411       0.3529
      0.9486       0.4143
      0.9562       0.4552
      0.9637       0.5166
      0.9789       0.5166
      0.9864       0.5166
       0.994       0.4757
       1.002       0.4348
       1.009       0.3939
       1.017       0.3529
       1.024        0.312
       1.032       0.2711
       1.039       0.2302
       1.047       0.1688
       1.054      0.08696
       1.062      0.02558
       1.062     -0.03581
        1.07      -0.1176
       1.077       -0.179
       1.085      -0.2404
       1.092      -0.3018
         1.1      -0.3632
       1.107      -0.4041
       1.115      -0.4041
       1.122      -0.3427
        1.13      -0.2813
       1.138      -0.2404
       1.153       -0.179
        1.16      -0.1586
       1.168      -0.1381
       1.183      -0.1176
        1.19      -0.1176
       1.206      -0.1176
       1.213      -0.1176
       1.221     -0.09719
       1.236     -0.05627
       1.251      0.04604
       1.258       0.0665
       1.274       0.1074
       1.281       0.1074
       1.289       0.0665
       1.296     -0.01535
       1.304     -0.03581
       1.311     -0.09719
       1.319      -0.1586
       1.334       -0.179
       1.342      -0.1381
       1.349     -0.09719
       1.357     -0.03581
       1.364      0.04604
       1.364     -0.01535
       1.372       0.0665
       1.379       0.1279
       1.387       0.1483
       1.402       0.1688
       1.409       0.1688
       1.425       0.2302
       1.432       0.2711
        1.44        0.312
       1.447       0.3529
       1.462        0.312
        1.47       0.2302
       1.477       0.1688
       1.485       0.1483
       1.493       0.1074
         1.5       0.0665
       1.508     -0.03581
       1.515     -0.09719
       1.523      -0.2199
        1.53      -0.3223
       1.538      -0.4041
       1.545      -0.4655
       1.553      -0.4859
       1.568      -0.4655
       1.576      -0.4041
       1.583      -0.3427
       1.591      -0.2609
       1.598      -0.1995
       1.606      -0.1176
       1.613     -0.07673
       1.621     -0.03581
       1.636     0.005115
       1.644      0.04604
       1.659      0.08696
       1.674       0.1688
       1.681       0.2097
       1.697       0.2506
       1.704       0.2097
       1.712       0.1074
       1.719     0.005115
       1.727     -0.07673
       1.734      -0.1381
       1.742      -0.1176
       1.749     -0.07673
       1.757     -0.03581
       1.765      0.04604
        1.78       0.1074
       1.787       0.1279
       1.802       0.1279
        1.81       0.1483
       1.825       0.1279
       1.833       0.1279
        1.84       0.1483
       1.848       0.1688
       1.863       0.2302
        1.87       0.2302
       1.878       0.2097
       1.885       0.1688
       1.893       0.1279
       1.901      0.04604
       1.908     -0.03581
       1.916     -0.07673
       1.923      -0.1381
       1.931       -0.179
       1.938      -0.2199
       1.953      -0.2609
       1.961      -0.2404
       1.969      -0.1995
       1.976      -0.1381
       1.984     -0.07673
       1.991      0.02558
       1.991     -0.01535
       1.999       0.0665
       2.006       0.1279
       2.014       0.1688
       2.029       0.2097
       2.037       0.2302
       2.044       0.2916
       2.052       0.3325
       2.059       0.3734
       2.074       0.3529
       2.082       0.3325
       2.089       0.2916
       2.097       0.2302
       2.105       0.1688
       2.112      0.08696
        2.12     0.005115
       2.127     -0.09719
       2.135      -0.1995
       2.142      -0.3018
        2.15      -0.4041
       2.157      -0.4655
       2.165      -0.4859
        2.18      -0.4859
       2.188      -0.4655
       2.195      -0.4041
       2.203      -0.3632
        2.21      -0.3223
       2.218      -0.2609
       2.225      -0.2199
       2.233      -0.1586
       2.241     -0.09719
       2.248     -0.03581
       2.256      0.04604
       2.263      0.08696
       2.271       0.1483
       2.286       0.1688
       2.293       0.1893
       2.309       0.2097
       2.316       0.2097
       2.331       0.2302
       2.346       0.2506
       2.354       0.2711
       2.369       0.2302
       2.377       0.1893
       2.384       0.1483
       2.392      0.08696
       2.399       0.0665
       2.414      0.04604
       2.422     -0.03581
       2.429     -0.09719
       2.437      -0.1995
       2.445      -0.2813
       2.452      -0.3427
        2.46      -0.3632
       2.475      -0.3018
       2.482      -0.2404
        2.49      -0.1586
       2.497     -0.07673
       2.505     -0.03581
       2.513      0.04604
        2.52      0.08696
       2.528       0.1074
       2.535       0.1279
        2.55       0.1074
       2.558       0.1074
       2.573       0.1074
       2.581       0.1074
       2.588       0.0665
       2.596     0.005115
       2.603     -0.05627
       2.611      -0.1176
       2.626      -0.1381
       2.633      -0.1176
       2.649      -0.1176
       2.656      -0.1176
       2.671      -0.1586
       2.679      -0.1176
       2.686     -0.09719
       2.694     -0.03581
       2.701      0.04604
       2.701     -0.01535
       2.709       0.0665
       2.717       0.1279
       2.724       0.1688
       2.732       0.2097
       2.739       0.2302
       2.754       0.2097
       2.762       0.1688
       2.769       0.1279
       2.777       0.1074
       2.785      0.04604
       2.792     -0.01535
         2.8     -0.07673
       2.807       -0.179
       2.815      -0.2404
       2.822      -0.2813
        2.83      -0.3018
       2.845      -0.2609
        2.86      -0.2199
       2.868       -0.179
       2.875      -0.1381
       2.883     -0.07673
        2.89     -0.03581
       2.898     0.005115
       2.905       0.0665
       2.913       0.1074
       2.921       0.1688
       2.928       0.2302
       2.936       0.2916
       2.943       0.3325
       2.951       0.3529
       2.966       0.2916
       2.973       0.2506
       2.981       0.1893
       2.989       0.1279
       2.996       0.0665
       3.004      0.04604
       3.011     0.005115
       3.019     -0.03581
       3.026     -0.09719
       3.034      -0.1381
       3.041       -0.179
       3.049      -0.1995
       3.064      -0.1586
       3.079     -0.09719
       3.087     -0.05627
       3.102     -0.03581
       3.109     -0.03581
       3.124     -0.01535
        3.14     0.005115
       3.147      0.04604
       3.155       0.0665
       3.162       0.1074
        3.17       0.1279
       3.177       0.1279
       3.185       0.0665
       3.192      0.02558
         3.2     -0.03581
       3.208     -0.05627
       3.223     -0.03581
       3.238     -0.03581
       3.245     -0.05627
        3.26     -0.09719
       3.268      -0.1381
       3.276       -0.179
       3.283      -0.2199
       3.291      -0.2404
       3.306      -0.2609
       3.313      -0.2199
       3.321       -0.179
       3.328      -0.1381
       3.336     -0.09719
       3.351     -0.03581
       3.359     -0.01535
       3.366      0.04604
       3.374       0.1074
       3.381       0.1483
       3.389       0.1893
       3.404       0.2097
       3.412       0.2097
       3.427       0.1893
       3.434       0.1893
       3.442       0.1483
       3.449       0.1074
       3.457      0.08696
       3.472       0.1074
        3.48       0.1688
       3.487       0.2097
       3.495       0.2302
        3.51       0.1893
       3.517       0.1483
       3.525       0.1074
       3.532       0.0665
        3.54     -0.01535
       3.548     -0.07673
       3.555      -0.1381
       3.563       -0.179
       3.578      -0.1995
       3.585       -0.179
         3.6      -0.1381
       3.608      -0.1176
       3.616     -0.09719
       3.631     -0.03581
       3.638       0.0665
       3.638     -0.01535
       3.646       0.1893
       3.653        0.312
       3.661       0.4348
       3.668       0.5166
       3.676        0.578
       3.691       0.5371
       3.699       0.4552
       3.706        0.312
       3.714       0.1483
       3.721      0.04604
       3.721     -0.09719
       3.729      -0.3018
       3.736      -0.4859
       3.744      -0.6701
       3.752      -0.7724
       3.759      -0.8542
       3.774      -0.8542
       3.782      -0.7928
       3.789      -0.7315
       3.797      -0.6292
       3.804      -0.5269
       3.812      -0.4041
        3.82      -0.2609
       3.827      -0.1176
       3.835       0.0665
       3.835     -0.03581
       3.842       0.1483
        3.85       0.2916
       3.857       0.3939
       3.865       0.4962
       3.872       0.5575
        3.88        0.578
       3.888       0.5575
       3.903       0.5166
        3.91       0.5166
       3.925       0.5371
       3.933       0.5371
        3.94       0.4962
       3.948       0.4143
       3.956       0.2916
       3.963       0.1279
       3.971      0.04604
       3.971     -0.05627
       3.978      -0.1381
       3.986      -0.2404
       3.993      -0.3223
       4.001      -0.4041
       4.008      -0.5064
       4.016      -0.5882
       4.024      -0.6496
       4.031      -0.6496
       4.039      -0.6087
       4.046      -0.5064
       4.054      -0.3836
       4.061      -0.2813
       4.069       -0.179
       4.076     -0.09719
       4.084     -0.03581
       4.092      0.04604
       4.099      0.08696
       4.114       0.1483
       4.122       0.1893
       4.129       0.2097
       4.144       0.2506
       4.152       0.2506
        4.16       0.2506
       4.167       0.2097
       4.175       0.1688
       4.182       0.1483
        4.19       0.1074
       4.197       0.0665
       4.205      0.04604
       4.212      0.04604
       4.228      0.08696
       4.235       0.0665
        4.25      0.02558
       4.265     -0.01535
       4.273     -0.03581
        4.28     -0.07673
       4.288     -0.09719
       4.303      -0.1381
       4.311      -0.1586
       4.326      -0.1586
       4.341      -0.1381
       4.348     -0.09719
       4.356     -0.03581
       4.364      0.04604
       4.371      0.08696
       4.386       0.1483
       4.394       0.1483
       4.409       0.1279
       4.416      0.08696
       4.424      0.04604
       4.432     0.005115
       4.439     -0.03581
       4.447     -0.07673
       4.462     -0.07673
       4.469     -0.05627
       4.484      0.04604
       4.492       0.0665
       4.507      0.08696
       4.515      0.08696
       4.522      0.08696
       4.537     0.005115
       4.552     -0.05627
        4.56     -0.05627
       4.575     -0.01535
       4.583     -0.01535
       4.598     -0.01535
       4.605     -0.01535
       4.613       0.0665
        4.62       0.1279
       4.628       0.2097
       4.636       0.2506
       4.643       0.2916
       4.651       0.2711
       4.658       0.2097
       4.666       0.1279
       4.673      0.04604
       4.673     -0.01535
       4.681     -0.03581
       4.688     -0.09719
       4.696      -0.1586
       4.704      -0.1995
       4.711      -0.2609
       4.719      -0.3223
       4.726      -0.3632
       4.734      -0.4041
       4.749       -0.445
       4.756      -0.4246
       4.764      -0.3836
       4.772      -0.3223
       4.779      -0.2199
       4.787      -0.1381
       4.794     -0.05627
       4.802     0.005115
       4.809       0.0665
       4.817       0.1279
       4.824       0.2302
       4.832        0.312
       4.839       0.3529
       4.855       0.3529
       4.862       0.3325
        4.87       0.3529
       4.877       0.3734
       4.885       0.4143
       4.892       0.4552
       4.907       0.4143
       4.915       0.3529
       4.923       0.2916
        4.93       0.2506
       4.938       0.2097
       4.945       0.1688
       4.953       0.1279
        4.96       0.0665
        4.96     -0.01535
       4.968     -0.05627
       4.975      -0.1176
       4.983      -0.1995
       4.998      -0.2813
       5.006      -0.3223
       5.013      -0.3836
       5.021       -0.445
       5.036      -0.4655
       5.043      -0.4246
       5.051      -0.3632
       5.059      -0.3018
       5.066      -0.2404
       5.074       -0.179
       5.081     -0.09719
       5.089     -0.03581
       5.096      0.02558
       5.104       0.0665
       5.111       0.1074
       5.119       0.1483
       5.127       0.1688
       5.134       0.2097
       5.142       0.2506
       5.157       0.2711
       5.164       0.2711
       5.179       0.2506
       5.187       0.2097
       5.195       0.1483
       5.202       0.0665
        5.21      0.02558
        5.21     -0.03581
       5.217     -0.07673
       5.225      -0.1176
       5.232      -0.1586
       5.247      -0.1586
       5.263       -0.179
        5.27      -0.1586
       5.278      -0.1176
       5.285     -0.07673
         5.3     -0.05627
       5.308     -0.07673
       5.323     -0.07673
       5.331     -0.05627
       5.338     0.005115
       5.346      0.04604
       5.353       0.0665
       5.368      0.04604
       5.376      0.04604
       5.391      0.04604
       5.399       0.0665
       5.414       0.1074
       5.421       0.1074
       5.429       0.0665
       5.436     -0.03581
       5.444     -0.09719
       5.451       -0.179
       5.459      -0.2404
       5.467      -0.3018
       5.474      -0.3223
       5.489      -0.3223
       5.497      -0.2813
       5.504      -0.2199
       5.512      -0.1586
       5.519     -0.05627
       5.527      0.04604
       5.527     -0.01535
       5.535       0.1074
       5.542       0.1688
        5.55       0.2097
       5.565       0.1893
       5.572       0.1483
       5.587       0.1074
       5.595      0.08696
       5.603       0.0665
        5.61     0.005115
       5.618     -0.07673
       5.625      -0.1381
       5.633      -0.1995
        5.64      -0.2404
       5.655      -0.2199
       5.663      -0.1995
       5.678      -0.1995
       5.686      -0.1995
       5.693      -0.1995
       5.708      -0.1995
       5.716       -0.179
       5.723      -0.1381
       5.731     -0.07673
       5.739      0.02558
       5.746       0.1483
       5.754       0.2711
       5.761       0.3734
       5.769       0.4552
       5.776       0.5166
       5.791        0.578
       5.799        0.578
       5.807       0.5575
       5.814       0.5166
       5.822       0.4552
       5.829       0.3734
       5.837       0.2711
       5.844       0.1483
       5.852      0.02558
       5.859     -0.09719
       5.867      -0.1995
       5.875      -0.2813
       5.882      -0.3427
        5.89      -0.4041
       5.897       -0.445
       5.905      -0.4859
        5.92      -0.4655
       5.927      -0.4041
       5.935      -0.3018
       5.943      -0.1995
        5.95     -0.07673
       5.958      0.04604
       5.958     -0.01535
       5.965      0.08696
       5.973       0.1483
        5.98       0.1688
       5.995       0.1893
       6.003       0.2097
       6.011       0.2302
       6.018       0.2711
       6.026       0.2916
       6.041       0.3734
       6.048       0.4143
       6.056       0.4552
       6.071       0.4348
       6.079       0.3325
       6.086       0.1893
       6.094      0.08696
       6.094     -0.03581
       6.101     -0.09719
       6.109      -0.2199
       6.116      -0.3018
       6.124      -0.3632
       6.131      -0.3632
       6.147      -0.3223
       6.154      -0.3018
       6.162      -0.2609
       6.169      -0.2404
       6.184       -0.179
       6.192      -0.1586
       6.207      -0.1381
       6.222     -0.09719
       6.237     -0.03581
       6.245     -0.01535
        6.26      0.04604
       6.267       0.0665
       6.283       0.1074
        6.29       0.1279
       6.305       0.1688
       6.313       0.1893
        6.32       0.1483
       6.328      0.08696
       6.335      0.02558
       6.343     -0.07673
       6.351      -0.1381
       6.358      -0.1995
       6.366      -0.2199
       6.381      -0.2609
       6.388      -0.2404
       6.396      -0.2199
       6.403      -0.1995
       6.411      -0.1586
       6.419      -0.1176
       6.434     -0.03581
       6.441      0.02558
       6.441     -0.01535
       6.449      0.04604
       6.456       0.1074
       6.464       0.1688
       6.471       0.2302
       6.479        0.312
       6.487       0.3734
       6.494       0.4348
       6.502       0.4348
       6.509       0.4348
       6.517       0.3939
       6.524       0.3529
       6.532       0.2711
       6.539       0.1893
       6.547       0.1074
       6.555      0.04604
       6.555     -0.01535
       6.562     -0.05627
        6.57      -0.1381
       6.577      -0.2609
       6.585      -0.4041
       6.592      -0.5269
         6.6      -0.6087
       6.615      -0.5678
       6.622      -0.4859
       6.622      -0.5473
        6.63      -0.3632
       6.638      -0.2404
       6.645      -0.1381
       6.653     -0.07673
        6.66     -0.03581
       6.668       0.0665
       6.675       0.1279
       6.683       0.1893
        6.69       0.2506
       6.698       0.2916
       6.706       0.3529
       6.713       0.3939
       6.728       0.3939
       6.736       0.3529
       6.743       0.2916
       6.751       0.2302
       6.758       0.1893
       6.766       0.1483
       6.781       0.1483
       6.796      0.08696
       6.804      0.04604
       6.811     -0.03581
       6.819     -0.07673
       6.826      -0.1176
       6.834      -0.1381
       6.849       -0.179
       6.857      -0.1586
       6.872      -0.1381
       6.879       -0.179
       6.887      -0.2404
       6.894      -0.2609
        6.91      -0.2404
       6.917      -0.1995
       6.925      -0.1586
       6.932     -0.09719
        6.94     -0.03581
       6.947      0.04604
       6.955      0.08696
       6.962       0.1279
       6.978       0.1688
       6.985       0.1688
       6.993       0.1483
           7      0.08696
       7.008     0.005115
       7.015     -0.09719
       7.023       -0.179
        7.03      -0.2609
       7.038      -0.2813
       7.053      -0.3223
       7.061      -0.3018
       7.076      -0.2609
       7.083      -0.1995
       7.091      -0.1381
       7.098     -0.07673
       7.106     -0.03581
       7.114      0.04604
       7.121       0.0665
       7.129       0.1074
       7.136       0.1688
       7.151       0.1688
       7.159       0.1688
       7.174       0.1279
       7.182       0.1279
       7.189       0.1483
       7.204       0.1688
       7.212       0.1893
       7.227       0.1893
       7.234       0.1893
       7.242       0.1483
        7.25       0.1074
       7.257      0.04604
       7.272     -0.01535
        7.28     -0.01535
       7.287     -0.05627
       7.295     -0.09719
       7.302      -0.1176
       7.318      -0.1586
       7.325      -0.1381
        7.34      -0.1381
       7.348      -0.1381
       7.355      -0.1176
       7.363     -0.05627
        7.37     -0.01535
       7.378      0.02558
       7.393      0.02558
       7.401      0.02558
       7.416      0.04604
       7.431       0.0665
       7.438      0.08696
       7.454      0.08696
       7.461      0.04604
       7.469     -0.03581
       7.476     -0.07673
       7.484      -0.1176
       7.491      -0.1176
       7.499     -0.09719
       7.506     -0.03581
       7.514      0.04604
       7.522       0.0665
       7.537       0.1074
       7.544       0.1074
       7.559       0.0665
       7.567      0.04604
       7.582      0.02558
        7.59      0.04604
       7.605       0.0665
       7.612       0.0665
       7.627     0.005115
       7.635     -0.01535
        7.65      0.02558
       7.658      0.02558
       7.673     0.005115
       7.688      0.02558
       7.695      0.04604
        7.71     0.005115
       7.726     -0.03581
       7.733     -0.05627
       7.741     -0.09719
       7.748      -0.1995
       7.756      -0.3018
       7.763      -0.3632
       7.778      -0.3632
       7.786      -0.2813
       7.794      -0.1995
       7.801     -0.07673
       7.809      0.02558
       7.816      0.08696
       7.824       0.1483
       7.839       0.2302
       7.846       0.2302
       7.862       0.2097
       7.869       0.1688
       7.877       0.1074
       7.884      0.04604
       7.892     -0.03581
       7.899      -0.1176
       7.907       -0.179
       7.914      -0.2404
       7.922      -0.3018
        7.93      -0.3018
       7.937      -0.2609
       7.945      -0.1995
       7.952      -0.1586
       7.967      -0.1176
       7.975     -0.09719
        7.99     -0.05627
       7.998     -0.07673
       8.005     -0.09719
       8.013      -0.1381
        8.02       -0.179
       8.035       -0.179
       8.043      -0.1176
        8.05     -0.05627
       8.058       0.0665
       8.066       0.1483
       8.073       0.2711
       8.081       0.4143
       8.088        0.578
       8.096       0.6803
       8.103       0.7212
       8.111       0.7008
       8.118       0.6598
       8.126        0.578
       8.134       0.4757
       8.141       0.3529
       8.149       0.2302
       8.156       0.1279
       8.164      0.08696
       8.179      0.04604
       8.186     0.005115
       8.194     -0.03581
       8.202     -0.09719
       8.209      -0.1381
       8.224       -0.179
       8.232       -0.179
       8.247       -0.179
       8.262      -0.2404
        8.27      -0.2609
       8.285      -0.2609
       8.292      -0.2404
         8.3       -0.179
       8.307      -0.1381
       8.322      -0.1176
        8.33     -0.09719
       8.345     -0.03581
        8.36      0.04604
       8.368      0.08696
       8.383       0.1279
        8.39       0.1074
       8.405       0.0665
       8.413      0.04604
       8.428      0.02558
       8.436      0.02558
       8.451     -0.01535
       8.466     -0.07673
       8.481      -0.1176
       8.489      -0.1381
       8.504      -0.1381
       8.511      -0.1176
       8.526     -0.07673
       8.534     -0.03581
       8.541     0.005115
       8.549       0.0665
       8.557       0.1074
       8.572       0.1074
       8.579       0.1074
       8.594       0.1074
       8.602       0.1279
       8.625       0.1074
       8.632       0.1074
       8.647       0.1279
       8.655       0.1688
        8.67       0.1893
       8.677       0.1893
       8.693       0.1688
       8.708       0.1483
       8.715       0.1483
        8.73      0.08696
       8.738      0.04604
       8.745     -0.01535
       8.761     -0.05627
       8.768     -0.03581
       8.783     0.005115
       8.791     -0.03581
       8.798     -0.07673
       8.806      -0.1586
       8.813      -0.2404
       8.821      -0.3223
       8.829      -0.4041
       8.836      -0.4655
       8.844      -0.5064
       8.851      -0.5269
       8.859      -0.5064
       8.866      -0.4655
       8.874      -0.3836
       8.881      -0.2813
       8.889       -0.179
       8.897     -0.07673
       8.904     0.005115
       8.912      0.08696
       8.919       0.1893
       8.927       0.2711
       8.934        0.312
       8.949       0.3325
       8.957        0.312
       8.965       0.2711
