     0.01181       0.1483
     0.01181      0.08696
     0.01937       0.1893
     0.02693       0.2711
     0.03449       0.3325
     0.04205       0.3734
      0.0496       0.3734
     0.05716       0.3325
     0.06472       0.2711
     0.07228       0.2097
     0.07984       0.1483
      0.0874      0.08696
     0.09496      0.04604
      0.1025      0.02558
      0.1101     -0.01535
      0.1176     -0.01535
      0.1327     -0.03581
      0.1403     -0.01535
      0.1479      0.02558
      0.1554      0.04604
      0.1705      0.08696
      0.1781      0.08696
      0.1857       0.0665
      0.2008     0.005115
      0.2083     -0.03581
      0.2159     -0.09719
      0.2235      -0.1381
       0.231      -0.1995
      0.2386      -0.2609
      0.2461      -0.3223
      0.2537      -0.3427
      0.2688      -0.3427
      0.2764      -0.3223
      0.2839      -0.2609
      0.2915       -0.179
       0.299     -0.07673
      0.3066       0.0665
      0.3066     -0.01535
      0.3142       0.1074
      0.3217       0.1688
      0.3293       0.2097
      0.3368       0.2302
       0.352       0.2302
      0.3595       0.2302
      0.3746       0.1688
      0.3822       0.1074
      0.3897     -0.01535
      0.3973     -0.09719
      0.4049       -0.179
      0.4124      -0.2404
        0.42      -0.2609
      0.4351      -0.2813
      0.4427      -0.2813
      0.4502      -0.2404
      0.4578      -0.2199
      0.4653      -0.1586
      0.4729      -0.1176
      0.4804     -0.07673
      0.4956     -0.05627
      0.5031     -0.05627
      0.5182     -0.01535
      0.5258     0.005115
      0.5409       0.0665
      0.5485       0.0665
      0.5636       0.0665
      0.5712       0.0665
      0.5863       0.0665
      0.5938      0.08696
      0.6014       0.1279
      0.6089       0.1893
      0.6165       0.2302
      0.6316       0.2097
      0.6392       0.1279
      0.6467       0.0665
      0.6467     -0.01535
      0.6543     -0.05627
      0.6619      -0.1381
      0.6694       -0.179
       0.677       -0.179
      0.6845      -0.1176
      0.6921     -0.07673
      0.6996     -0.01535
      0.7072      0.02558
      0.7148      0.04604
      0.7299       0.1074
      0.7374       0.1074
       0.745      0.08696
      0.7601      0.04604
      0.7677     -0.01535
      0.7828     -0.05627
      0.7904     -0.09719
      0.7979     -0.09719
       0.813      -0.1381
      0.8206      -0.1176
      0.8357      -0.1176
      0.8433     -0.07673
      0.8508     -0.03581
      0.8584      0.04604
      0.8584     -0.01535
      0.8659       0.1074
      0.8735       0.1483
      0.8811       0.1893
      0.8962       0.2506
      0.9037       0.2506
      0.9188       0.1893
      0.9264       0.1483
       0.934      0.08696
      0.9415      0.04604
      0.9491     -0.01535
      0.9566     -0.07673
      0.9642      -0.1176
      0.9718      -0.1586
      0.9793      -0.2199
      0.9869      -0.2609
       1.002      -0.3018
        1.01      -0.2813
       1.025      -0.2404
       1.032      -0.1995
        1.04      -0.1381
       1.047     -0.07673
       1.055     -0.01535
       1.062       0.0665
        1.07       0.1279
       1.078       0.1893
       1.093       0.2097
         1.1       0.2097
       1.108       0.2097
       1.123       0.1688
        1.13       0.1483
       1.146      0.08696
       1.153      0.08696
       1.161       0.0665
       1.176     -0.01535
       1.183     -0.07673
       1.191      -0.1381
       1.199      -0.2199
       1.206      -0.2813
       1.214      -0.3018
       1.229      -0.2609
       1.236      -0.1995
       1.244      -0.1176
       1.251     -0.05627
       1.259     0.005115
       1.267      0.04604
       1.282       0.0665
       1.289      0.08696
       1.297       0.1074
       1.304       0.1483
       1.312       0.2302
       1.319       0.2711
       1.327       0.3325
       1.342       0.3325
        1.35       0.2916
       1.357       0.2506
       1.365       0.1893
       1.372       0.1074
        1.38     0.005115
       1.387     -0.07673
       1.403     -0.09719
        1.41     -0.09719
       1.418     -0.09719
       1.433      -0.1381
        1.44      -0.1381
       1.456      -0.1176
       1.463      -0.1176
       1.478      -0.1176
       1.486      -0.1176
       1.493     -0.07673
       1.508     -0.03581
       1.516     0.005115
       1.524       0.0665
       1.531       0.1074
       1.539       0.1688
       1.554       0.1688
       1.561       0.1688
       1.576       0.1074
       1.584       0.0665
       1.592     -0.03581
       1.599     -0.09719
       1.614     -0.09719
       1.622     -0.07673
       1.637     -0.01535
       1.644      0.02558
        1.66      0.02558
       1.667      0.02558
        1.69      0.02558
       1.697      0.04604
       1.713       0.0665
        1.72       0.0665
       1.735       0.0665
       1.743       0.0665
        1.75       0.0665
       1.758     -0.01535
       1.765     -0.03581
       1.773      -0.1176
       1.781       -0.179
       1.788      -0.2199
       1.803      -0.2404
       1.811      -0.2404
       1.826       -0.179
       1.833      -0.1176
       1.841     -0.05627
       1.849      0.04604
       1.856      0.08696
       1.864       0.1279
       1.871       0.1893
       1.879       0.2097
       1.894       0.1893
       1.901       0.1483
       1.909       0.1074
       1.917       0.0665
       1.924      0.04604
       1.939       0.0665
       1.947       0.1074
       1.954       0.1483
       1.962       0.1893
       1.977       0.1688
       1.985      0.08696
       1.992     0.005115
           2     -0.05627
       2.015     -0.09719
       2.022      -0.1381
        2.03       -0.179
       2.038      -0.2199
       2.045      -0.2813
       2.053      -0.3018
       2.068      -0.3427
       2.075      -0.3427
        2.09      -0.3632
       2.098      -0.3632
       2.106      -0.3223
       2.113      -0.2404
       2.121      -0.1381
       2.128     0.005115
       2.136       0.1279
       2.143       0.2506
       2.151       0.3325
       2.158       0.3734
       2.174       0.4143
       2.181       0.4143
       2.189       0.3529
       2.196       0.2916
       2.204       0.2302
       2.211       0.1483
       2.219      0.08696
       2.226      0.04604
       2.226     -0.01535
       2.234     -0.03581
       2.242     -0.09719
       2.249      -0.1586
       2.257      -0.2199
       2.264      -0.2813
       2.272      -0.3427
       2.279      -0.3836
       2.295      -0.3632
       2.302      -0.3018
        2.31      -0.2199
       2.317      -0.1586
       2.325      -0.1176
       2.332     -0.09719
        2.34     -0.07673
       2.355     -0.07673
       2.363     -0.03581
        2.37       0.0665
        2.37     -0.01535
       2.378       0.1279
       2.385       0.2506
       2.393       0.3325
         2.4       0.3939
       2.408       0.4348
       2.423       0.4348
       2.431       0.3734
       2.438       0.3325
       2.446        0.312
       2.461       0.2711
       2.468       0.2506
       2.483       0.1688
       2.491       0.1074
       2.499      0.02558
       2.506     -0.09719
       2.514      -0.2199
       2.521      -0.3018
       2.529      -0.3632
       2.536      -0.4041
       2.544      -0.3836
       2.552      -0.3632
       2.567      -0.3223
       2.574      -0.3223
       2.589      -0.3632
       2.597      -0.3427
       2.604      -0.3018
       2.612      -0.2404
        2.62      -0.1995
       2.627      -0.1381
       2.635     -0.07673
       2.642     -0.03581
        2.65       0.0665
       2.657       0.1688
       2.665       0.2916
       2.672       0.3939
        2.68       0.4757
       2.688       0.5371
       2.703       0.5985
        2.71        0.578
       2.718       0.5371
       2.725       0.4552
       2.733        0.312
        2.74       0.1688
       2.748       0.0665
       2.748     -0.01535
       2.756     -0.07673
       2.763      -0.1586
       2.771      -0.2199
       2.778      -0.2813
       2.786      -0.3018
       2.801      -0.2813
       2.809      -0.2609
       2.816      -0.2199
       2.824      -0.1586
       2.831      -0.1176
       2.839     -0.07673
       2.846      0.02558
       2.846     -0.01535
       2.854       0.0665
       2.861       0.1074
       2.869       0.1279
       2.877      0.08696
       2.884      0.04604
       2.892     -0.01535
       2.899     -0.05627
       2.907     -0.07673
       2.922     -0.09719
       2.929     -0.09719
       2.945     -0.07673
       2.952     -0.05627
       2.967      0.04604
       2.975       0.0665
        2.99      0.04604
       2.997      0.02558
       3.005     -0.01535
       3.013     -0.01535
        3.02      0.04604
       3.028      0.08696
       3.035       0.1688
       3.043       0.2097
       3.058       0.1688
       3.066      0.08696
       3.073      0.04604
       3.073     -0.01535
       3.081     -0.03581
       3.096     -0.07673
       3.103     -0.07673
       3.118     -0.07673
       3.134     -0.09719
       3.141     -0.05627
       3.156     -0.01535
       3.164     -0.01535
       3.179     -0.03581
       3.186     -0.03581
       3.194     -0.01535
       3.209      0.04604
       3.217       0.0665
       3.232      0.08696
       3.239      0.04604
       3.247     -0.03581
       3.254     -0.09719
       3.262      -0.1381
        3.27      -0.1381
       3.277     -0.07673
       3.285     0.005115
       3.292       0.0665
         3.3       0.1279
       3.315       0.1279
       3.323       0.1279
        3.33       0.1279
       3.345       0.1074
       3.353      0.08696
       3.368       0.0665
       3.375      0.08696
       3.383       0.1279
       3.391       0.1688
       3.398       0.1688
       3.406       0.1074
       3.413       0.0665
       3.413     -0.01535
       3.421     -0.05627
       3.428      -0.1176
       3.436      -0.1381
       3.451      -0.1176
       3.459     -0.07673
       3.474     -0.01535
       3.481      0.04604
       3.496       0.0665
       3.504      0.04604
       3.511     0.005115
       3.519     -0.05627
       3.534     -0.09719
       3.542     -0.07673
       3.557     -0.07673
       3.564      -0.1381
       3.572      -0.1995
       3.579      -0.2609
       3.587      -0.3018
       3.595      -0.2813
       3.602      -0.2404
        3.61       -0.179
       3.617      -0.1176
       3.625     -0.03581
       3.632      0.04604
       3.632     -0.01535
        3.64      0.08696
       3.648       0.1279
       3.655       0.1483
        3.67       0.1483
       3.685       0.1688
       3.693       0.1893
         3.7       0.2506
       3.708       0.2506
       3.716       0.2506
       3.731       0.2097
       3.738       0.1893
       3.753       0.1279
       3.761       0.0665
       3.768     -0.03581
       3.776     -0.07673
       3.784     -0.09719
       3.799      -0.1381
       3.806      -0.1381
       3.821      -0.1381
       3.829      -0.1381
       3.836      -0.1176
       3.852     -0.09719
       3.859     -0.09719
       3.874      -0.1381
       3.882      -0.1586
       3.897      -0.1381
       3.905     -0.05627
       3.912     0.005115
        3.92       0.0665
       3.927       0.1279
       3.942       0.1279
        3.95      0.08696
       3.965      0.04604
       3.973      0.02558
       3.995      0.02558
       4.003      0.02558
        4.01      0.04604
       4.025     -0.01535
       4.033     -0.05627
       4.041     -0.09719
       4.048      -0.1381
       4.063      -0.1381
       4.078     -0.09719
       4.086     -0.07673
       4.093     -0.03581
       4.101     0.005115
       4.109      0.04604
       4.116      0.08696
       4.131       0.1483
       4.139       0.1074
       4.146       0.0665
       4.146     -0.01535
       4.154     -0.07673
       4.162      -0.1586
       4.169      -0.2609
       4.177      -0.3018
       4.184      -0.3427
       4.192      -0.3632
       4.199      -0.3427
       4.207      -0.3018
       4.214      -0.2404
       4.222      -0.1995
        4.23      -0.1381
       4.237     -0.07673
       4.245     0.005115
       4.252       0.1074
        4.26       0.2097
       4.267       0.2916
       4.275       0.3325
       4.282       0.3529
       4.298       0.3529
       4.305       0.3529
       4.313       0.3529
        4.32        0.312
       4.328       0.2506
       4.335       0.1483
       4.343       0.0665
       4.343     -0.01535
        4.35     -0.05627
       4.358      -0.1586
       4.366      -0.2199
       4.381      -0.2199
       4.388      -0.1995
       4.396      -0.1586
       4.403      -0.1176
       4.419     -0.07673
       4.426     -0.05627
       4.441      0.04604
       4.449       0.0665
       4.464       0.1279
       4.471       0.1483
       4.487       0.1688
       4.494       0.1688
       4.502       0.1279
       4.509       0.0665
       4.524      0.02558
       4.532      0.02558
       4.539      0.04604
       4.555       0.0665
       4.562      0.04604
        4.57     -0.01535
       4.577     -0.05627
       4.592      -0.1176
         4.6      -0.1176
       4.615     -0.07673
       4.623     -0.05627
        4.63     -0.03581
       4.645     -0.07673
       4.653     -0.09719
       4.668     -0.09719
       4.676     -0.07673
       4.691     -0.07673
       4.698     -0.07673
       4.713     -0.05627
       4.728     -0.09719
       4.736      -0.1176
       4.744     -0.09719
       4.759     -0.05627
       4.766     -0.03581
       4.774     -0.01535
       4.789     -0.01535
       4.796     -0.01535
       4.804     -0.01535
       4.819     -0.03581
       4.827     -0.01535
       4.834      0.04604
       4.842      0.08696
       4.849       0.1279
       4.857       0.1893
       4.872       0.1688
       4.887       0.1074
       4.895       0.1074
        4.91       0.1483
       4.917       0.1688
       4.932       0.1688
        4.94       0.1483
       4.948       0.1074
       4.955       0.0665
       4.963     -0.01535
        4.97     -0.05627
       4.985     -0.05627
       4.993     -0.03581
       5.008     -0.01535
       5.016      0.02558
       5.023      0.04604
       5.038      0.08696
       5.046      0.08696
       5.061      0.04604
       5.069     0.005115
       5.084     -0.05627
       5.091     -0.07673
       5.106      -0.1381
       5.114      -0.1586
       5.129       -0.179
       5.137      -0.1381
       5.144     -0.07673
       5.152     -0.01535
       5.159      0.02558
       5.174      0.02558
       5.182      0.02558
       5.197      0.02558
       5.205      0.02558
        5.22       0.0665
       5.227       0.0665
       5.242      0.04604
        5.25     -0.01535
       5.258     -0.05627
       5.265     -0.09719
       5.273      -0.1586
        5.28      -0.1995
       5.288       -0.179
       5.295      -0.1381
       5.303     -0.07673
        5.31      0.02558
        5.31     -0.01535
       5.318      0.04604
       5.326      0.08696
       5.333       0.1074
       5.348      0.04604
       5.363      0.02558
       5.371      0.04604
       5.386      0.08696
       5.394       0.1074
       5.409       0.1074
       5.416       0.1074
       5.424       0.1074
       5.431       0.0665
       5.439     0.005115
       5.446     -0.05627
       5.454      -0.1381
       5.462      -0.1995
       5.469      -0.2609
       5.477      -0.3018
       5.484      -0.3223
       5.499      -0.3018
       5.515      -0.2404
       5.522      -0.2199
       5.537      -0.1586
       5.545      -0.1176
       5.552     -0.05627
        5.56       0.0665
        5.56     -0.01535
       5.567       0.1483
       5.575       0.2506
       5.583       0.3325
        5.59       0.4143
       5.598       0.4552
       5.613       0.4552
        5.62       0.4348
       5.628       0.3939
       5.635       0.3529
       5.643       0.2916
       5.651       0.2097
       5.658       0.1074
       5.666     0.005115
       5.673      -0.1176
       5.681      -0.2609
       5.688      -0.3632
       5.696       -0.445
       5.703      -0.5269
       5.711      -0.5678
       5.726      -0.5269
       5.734      -0.4246
       5.741      -0.3223
       5.749      -0.2199
       5.756      -0.1586
       5.764     -0.09719
       5.772     -0.03581
       5.779       0.0665
       5.779     -0.01535
       5.787       0.1279
       5.794       0.2097
       5.802       0.2711
       5.809        0.312
       5.817       0.3325
       5.832       0.3325
       5.847       0.2711
       5.855       0.1893
       5.862       0.1074
        5.87      0.04604
       5.877     -0.01535
       5.885     -0.01535
       5.892     -0.05627
         5.9      -0.1176
       5.915       -0.179
       5.923      -0.1586
        5.93     -0.09719
       5.938     -0.03581
       5.945     0.005115
        5.96      0.04604
       5.968       0.0665
       5.983      0.04604
       5.991      0.04604
       6.006     0.005115
       6.013     -0.01535
       6.029     -0.01535
       6.036     0.005115
       6.044      0.04604
       6.059      0.08696
       6.066       0.1074
       6.074       0.1074
       6.081       0.0665
       6.097      0.02558
       6.104       0.0665
       6.112      0.08696
       6.119       0.1483
       6.127       0.1893
       6.142       0.2097
       6.149       0.1688
       6.157       0.1279
       6.165      0.08696
       6.172      0.02558
        6.18     -0.03581
       6.195     -0.07673
       6.202     -0.07673
       6.217     -0.07673
       6.233      -0.1176
        6.24      -0.1176
       6.255      -0.1176
       6.263      -0.1176
        6.27      -0.1586
       6.278      -0.1995
       6.285      -0.2404
       6.301      -0.2199
       6.308      -0.1995
       6.323      -0.1586
       6.338     -0.09719
       6.346     -0.07673
       6.354     -0.03581
       6.361      0.02558
       6.369       0.1074
       6.376       0.2097
       6.384        0.312
       6.391       0.3734
       6.399       0.3529
       6.406       0.2916
       6.414       0.2097
       6.422       0.1483
       6.429      0.08696
       6.437      0.04604
       6.444     -0.01535
       6.452     -0.01535
       6.459     -0.05627
       6.467     -0.09719
       6.474      -0.1381
        6.49       -0.179
       6.497      -0.1586
       6.505      -0.1381
       6.512     -0.09719
        6.52     -0.05627
       6.527     -0.01535
       6.535     0.005115
       6.542      0.04604
        6.55      0.08696
       6.558       0.1279
       6.565       0.1688
        6.58       0.1893
       6.588       0.1483
       6.603       0.0665
       6.611      0.04604
       6.618     0.005115
       6.626     -0.01535
       6.633     -0.05627
       6.641      -0.1176
       6.648      -0.1586
       6.656      -0.1995
       6.663      -0.2199
       6.679       -0.179
       6.686      -0.1381
       6.694     -0.09719
       6.701     -0.03581
       6.709      0.02558
       6.716      0.08696
       6.724       0.1483
       6.731       0.1893
       6.739       0.2506
       6.747       0.2711
       6.762       0.2097
       6.769       0.1074
       6.777     0.005115
       6.784     -0.07673
       6.792      -0.1381
       6.799      -0.1586
       6.815      -0.1586
       6.822      -0.1586
       6.837      -0.1995
       6.845      -0.2199
       6.852      -0.2199
       6.868      -0.2199
       6.875       -0.179
       6.883      -0.1586
        6.89     -0.09719
       6.898     -0.03581
       6.905      0.04604
       6.913      0.08696
        6.92       0.1279
       6.928       0.1688
       6.943       0.1893
       6.951       0.2097
       6.966       0.2097
       6.973       0.2097
       6.988       0.1279
       6.996      0.08696
       7.004      0.02558
       7.011     -0.05627
       7.019     -0.09719
       7.026      -0.1586
       7.034       -0.179
       7.049      -0.1586
       7.056      -0.1176
       7.064     -0.07673
       7.072     -0.05627
       7.087      0.02558
       7.094      0.04604
       7.109      0.08696
       7.117       0.1279
       7.125       0.1688
        7.14       0.2302
       7.147       0.2506
       7.162       0.1893
        7.17       0.1483
       7.177       0.1279
       7.193       0.0665
         7.2       0.0665
       7.215     -0.01535
       7.223     -0.07673
        7.23      -0.1176
       7.238       -0.179
       7.245      -0.2609
       7.253      -0.3223
       7.261      -0.3836
       7.276      -0.4246
       7.283      -0.4246
       7.298      -0.3836
       7.306      -0.3223
       7.313      -0.2609
       7.321       -0.179
       7.329      -0.1176
       7.336     -0.05627
       7.344       0.0665
       7.344     -0.01535
       7.351       0.1688
       7.359       0.2711
       7.366       0.3325
       7.382       0.3529
       7.389        0.312
       7.397       0.2711
       7.404       0.2302
       7.412       0.1893
       7.419       0.1483
       7.434      0.08696
       7.442      0.04604
       7.442     -0.01535
        7.45     -0.05627
       7.457      -0.1586
       7.465      -0.2404
       7.472      -0.3018
        7.48      -0.3427
       7.487      -0.3836
       7.495      -0.3836
        7.51      -0.3632
       7.518      -0.3427
       7.533      -0.3018
        7.54      -0.2609
       7.548      -0.2199
       7.555      -0.1586
       7.563     -0.09719
        7.57     -0.03581
       7.578       0.0665
       7.578     -0.01535
       7.586       0.1483
       7.593       0.2506
       7.601       0.3529
       7.608       0.4348
       7.616       0.4757
       7.631       0.4757
       7.638       0.4348
       7.646       0.3734
       7.654       0.3325
       7.661       0.2916
       7.669       0.2506
       7.684       0.1688
       7.691       0.1074
       7.699      0.02558
       7.707     -0.05627
       7.714      -0.1176
       7.722       -0.179
       7.729      -0.1995
       7.744      -0.2404
       7.752      -0.2404
       7.759      -0.2199
       7.767      -0.1586
       7.775     -0.09719
       7.782     -0.03581
        7.79     -0.01535
       7.812      0.02558
        7.82      0.02558
       7.835     0.005115
       7.843     -0.01535
       7.858      0.04604
       7.865      0.08696
       7.873       0.1483
        7.88       0.2097
       7.888       0.2711
       7.895        0.312
       7.903       0.3529
       7.918       0.3734
       7.926       0.3734
       7.933       0.3325
       7.941       0.2916
       7.948       0.2302
       7.956       0.1483
       7.964       0.0665
       7.971      0.02558
       7.971     -0.03581
       7.979     -0.09719
       7.986      -0.1586
       7.994      -0.2199
       8.001      -0.2609
       8.009      -0.2813
       8.024      -0.3018
       8.032      -0.3018
       8.047      -0.2813
       8.054      -0.2813
       8.069      -0.2404
       8.077       -0.179
       8.084      -0.1176
       8.092     -0.03581
         8.1      0.04604
       8.107       0.1074
       8.115       0.1483
        8.13       0.1688
       8.137       0.1483
       8.145       0.1483
        8.16       0.1074
       8.175      0.04604
       8.183     -0.03581
        8.19     -0.07673
       8.198     -0.09719
       8.213     -0.09719
       8.221     -0.07673
       8.228     -0.03581
       8.236     0.005115
       8.251      0.04604
       8.258      0.04604
       8.266      0.08696
       8.273       0.1074
       8.281       0.1483
       8.289       0.1893
       8.296       0.1688
       8.304       0.1279
       8.311       0.0665
       8.319     0.005115
       8.326     -0.03581
       8.341     -0.09719
       8.349      -0.1176
       8.364     -0.09719
       8.379     -0.07673
       8.387     -0.07673
       8.402      -0.1176
       8.409      -0.1176
       8.425      -0.1381
       8.432      -0.1586
        8.44      -0.1381
       8.455     -0.09719
        8.47     -0.03581
       8.478     -0.01535
       8.493      0.02558
         8.5      0.04604
       8.508      0.08696
       8.515       0.1483
       8.523       0.2097
        8.53       0.2711
       8.538        0.312
       8.546       0.3325
       8.561       0.2916
       8.568       0.2302
       8.576       0.1483
       8.583      0.08696
       8.591      0.04604
       8.606     -0.01535
       8.614     -0.05627
       8.621     -0.09719
       8.629      -0.1176
       8.644       -0.179
       8.651      -0.1995
       8.659      -0.2199
       8.674      -0.2609
       8.682      -0.2609
       8.697      -0.2404
       8.704      -0.1995
       8.712      -0.1381
       8.719     -0.07673
       8.727      0.02558
       8.727     -0.03581
       8.735       0.0665
       8.742       0.1688
        8.75       0.2506
       8.757       0.2916
       8.772        0.312
        8.78       0.2506
       8.787       0.1893
       8.795       0.1074
       8.803      0.04604
       8.818      0.02558
       8.825      0.04604
        8.84      0.04604
       8.848      0.02558
       8.848     -0.03581
       8.855     -0.09719
       8.863       -0.179
       8.871      -0.2404
       8.878      -0.3018
       8.886      -0.3632
       8.893      -0.4041
       8.901      -0.4246
       8.916       -0.445
       8.923      -0.4246
       8.931      -0.3836
       8.939      -0.3018
       8.946       -0.179
       8.954     -0.07673
       8.961       0.0665
       8.961     -0.01535
       8.969       0.1688
       8.976       0.2711
