     0.01181      0.01535
     0.03449      0.05627
     0.04205      0.05627
     0.05716     -0.02558
     0.06472      -0.1074
     0.07228      -0.1688
     0.07984      -0.2097
     0.09496      -0.1688
      0.1025      -0.1074
      0.1101     -0.04604
      0.1176      0.03581
      0.1252      0.09719
      0.1327        0.179
      0.1403       0.2609
      0.1479       0.3632
      0.1554       0.4246
       0.163        0.445
      0.1705       0.3836
      0.1781       0.3018
      0.1857       0.1995
      0.1932      0.09719
      0.2008    -0.005115
      0.2083     -0.08696
      0.2159      -0.2097
      0.2235       -0.312
       0.231      -0.3734
      0.2386      -0.4143
      0.2461      -0.3734
      0.2537      -0.2506
      0.2612      -0.1279
      0.2688     -0.02558
      0.2764      0.07673
      0.2839       0.1381
       0.299       0.1381
      0.3066       0.1176
      0.3217      0.09719
      0.3293       0.1176
      0.3444       0.1176
       0.352      0.09719
      0.3595      0.05627
      0.3671      0.01535
      0.3746     -0.02558
      0.3897      -0.0665
      0.3973     -0.04604
      0.4049    -0.005115
      0.4124      0.05627
      0.4275      0.03581
      0.4351     -0.02558
      0.4427      -0.0665
      0.4502      -0.1279
      0.4578      -0.1483
      0.4729      -0.1688
      0.4804      -0.1483
       0.488     -0.08696
      0.4956      0.01535
      0.5031      0.09719
      0.5107        0.179
      0.5182       0.2609
      0.5258       0.3018
      0.5409       0.2813
      0.5485       0.2199
       0.556       0.1381
      0.5636      0.03581
      0.5712     -0.02558
      0.5787      -0.1074
      0.5863      -0.1893
      0.5938      -0.2302
      0.6089      -0.2711
      0.6165      -0.2506
      0.6316      -0.2097
      0.6392      -0.1483
      0.6467     -0.08696
      0.6543     -0.02558
      0.6619      0.03581
      0.6694      0.07673
       0.677       0.1381
      0.6845       0.1586
      0.6921       0.1995
      0.6996       0.2199
      0.7148       0.2609
      0.7223       0.2609
      0.7299       0.2404
      0.7374        0.179
       0.745      0.09719
      0.7526      0.03581
      0.7526     -0.04604
      0.7601      -0.1688
      0.7677      -0.2506
      0.7752      -0.2711
      0.7828      -0.1893
      0.7904      -0.1074
      0.7979     -0.02558
      0.8055      0.01535
       0.813      0.07673
      0.8281       0.1176
      0.8357       0.1176
      0.8433       0.1176
      0.8584       0.1176
      0.8659       0.1381
      0.8811       0.1176
      0.8886       0.1176
      0.9037      0.07673
      0.9113      0.05627
      0.9264      0.07673
       0.934      0.07673
      0.9415      0.05627
      0.9491      0.01535
      0.9566     -0.04604
      0.9642     -0.08696
      0.9793     -0.02558
      0.9869      0.01535
       1.002      0.03581
        1.01      0.03581
       1.017      0.01535
       1.032     -0.02558
        1.04    -0.005115
       1.047      0.03581
       1.055      0.09719
       1.062       0.1176
        1.07      0.09719
       1.078      0.03581
       1.085     -0.02558
       1.093     -0.08696
         1.1      -0.1483
       1.108      -0.2097
       1.115      -0.2506
       1.123      -0.2711
       1.138      -0.2916
       1.146      -0.2711
       1.153      -0.2097
       1.161      -0.1279
       1.168     -0.04604
       1.176      0.07673
       1.183       0.1381
       1.191       0.2199
       1.199       0.2609
       1.214       0.2199
       1.221       0.1381
       1.229      0.01535
       1.236      -0.1074
       1.244      -0.2097
       1.251      -0.2506
       1.259      -0.2711
       1.274      -0.2097
       1.282      -0.1893
       1.289      -0.1483
       1.297     -0.08696
       1.304     -0.04604
       1.312      0.01535
       1.319      0.07673
       1.327       0.1381
       1.335       0.2199
       1.342       0.3018
        1.35       0.3427
       1.357       0.3836
       1.372       0.2609
        1.38       0.1381
       1.387      0.05627
       1.395     -0.02558
       1.403      -0.0665
       1.418      -0.1074
       1.425      -0.1279
        1.44      -0.1074
       1.448      -0.0665
       1.456    -0.005115
       1.463      0.05627
       1.471      0.09719
       1.486       0.1381
       1.493       0.1176
       1.501      0.07673
       1.508      0.01535
       1.516     -0.02558
       1.524     -0.08696
       1.531      -0.1279
       1.546      -0.1074
       1.554     -0.04604
       1.561      0.03581
       1.569       0.1176
       1.584       0.1176
       1.592      0.07673
       1.599      0.01535
       1.607    -0.005115
       1.622     -0.04604
       1.629     -0.04604
       1.637     -0.04604
       1.652     -0.08696
        1.66      -0.1074
       1.675      -0.1074
       1.682      -0.1074
       1.697      -0.1074
       1.705     -0.08696
       1.713     -0.02558
        1.72      0.01535
       1.728      0.05627
       1.735      0.09719
       1.743       0.1176
        1.75        0.179
       1.758       0.2199
       1.773       0.1995
       1.781        0.179
       1.796        0.179
       1.803       0.1381
       1.811      0.05627
       1.818     -0.04604
       1.826      -0.1483
       1.833      -0.2302
       1.841      -0.2916
       1.849      -0.3325
       1.856      -0.3325
       1.864      -0.2916
       1.871      -0.1893
       1.879      -0.0665
       1.886      0.07673
       1.886    -0.005115
       1.894       0.1586
       1.901       0.2404
       1.909       0.3018
       1.917       0.3632
       1.924       0.4041
       1.939       0.3836
       1.947       0.3018
       1.954       0.2199
       1.962       0.1176
        1.97      0.01535
       1.977      -0.1074
       1.985      -0.2506
       1.992      -0.3529
           2      -0.4348
       2.007      -0.4962
       2.022      -0.4348
        2.03      -0.3325
       2.038      -0.2097
       2.045      -0.0665
       2.053      0.05627
        2.06       0.1586
       2.068       0.2404
       2.075       0.2813
       2.083       0.2813
        2.09       0.2404
       2.106       0.1995
       2.113       0.1995
       2.128       0.1995
       2.136        0.179
       2.143        0.179
       2.166       0.1995
       2.174        0.179
       2.181       0.1176
       2.189      0.01535
       2.196      -0.0665
       2.204      -0.1688
       2.211      -0.2302
       2.219      -0.2711
       2.234      -0.2916
       2.242      -0.2916
       2.257      -0.2916
       2.264      -0.2506
       2.272      -0.2097
       2.279      -0.1483
       2.287      0.03581
       2.287     -0.04604
       2.295      0.09719
       2.302       0.1995
        2.31       0.3018
       2.317       0.3427
       2.325       0.3223
       2.332       0.3018
        2.34       0.2609
       2.347        0.179
       2.355      0.09719
       2.363      0.01535
        2.37     -0.02558
       2.385     -0.02558
       2.393     -0.02558
       2.408    -0.005115
       2.415      0.01535
       2.431      0.01535
       2.438      0.05627
       2.446      0.07673
       2.453       0.1381
       2.461       0.1586
       2.468       0.1586
       2.476       0.1176
       2.483      0.05627
       2.491    -0.005115
       2.499      -0.0665
       2.506      -0.1074
       2.514      -0.1483
       2.521      -0.1893
       2.536      -0.2506
       2.544      -0.2506
       2.559      -0.2302
       2.567      -0.1688
       2.574     -0.08696
       2.582    -0.005115
       2.589      0.05627
       2.597      0.05627
       2.612      0.09719
        2.62       0.1381
       2.627        0.179
       2.635       0.2199
        2.65       0.2609
       2.657       0.2609
       2.672       0.2609
        2.68       0.2199
       2.688       0.1586
       2.695      0.07673
       2.703     -0.04604
        2.71      -0.1279
       2.718      -0.2097
       2.725      -0.2506
       2.733      -0.2506
       2.748      -0.2302
       2.756      -0.2506
       2.771      -0.1893
       2.778      -0.1279
       2.786     -0.04604
       2.793      0.05627
       2.801       0.1381
       2.809       0.1995
       2.816       0.2609
       2.824       0.3018
       2.839       0.3223
       2.846       0.3018
       2.854       0.2609
       2.861       0.1995
       2.869       0.1176
       2.877      0.03581
       2.884     -0.02558
       2.892      -0.0665
       2.899      -0.0665
       2.914      -0.1074
       2.922      -0.1074
       2.937      -0.1279
       2.945      -0.1483
        2.96      -0.2097
       2.967      -0.2097
       2.975      -0.2097
        2.99      -0.2097
       2.997      -0.1893
       3.005      -0.1483
       3.013     -0.08696
        3.02     -0.04604
       3.028     -0.02558
       3.035    -0.005115
        3.05      0.01535
       3.058    -0.005115
       3.066     -0.02558
       3.073      -0.0665
       3.081      -0.1074
       3.096      -0.1279
       3.103      -0.1074
       3.111     -0.04604
       3.118      0.03581
       3.126       0.1176
       3.134       0.1586
       3.141       0.2199
       3.149       0.2609
       3.156       0.2813
       3.171       0.2404
       3.179       0.1586
       3.186      0.05627
       3.194     -0.04604
       3.202      -0.1483
       3.209      -0.2506
       3.217      -0.3325
       3.224      -0.3734
       3.232      -0.3734
       3.239      -0.3325
       3.247      -0.2506
       3.254      -0.1688
       3.262      -0.0665
        3.27      0.01535
       3.277      0.09719
       3.285        0.179
       3.292       0.2404
         3.3       0.3018
       3.307       0.3427
       3.323       0.3427
        3.33       0.3018
       3.338       0.2199
       3.345       0.1586
       3.353      0.09719
        3.36      0.01535
       3.368     -0.02558
       3.375      -0.0665
       3.383      -0.0665
       3.398     -0.04604
       3.406      -0.0665
       3.413      -0.0665
       3.421      -0.1074
       3.428      -0.1279
       3.443      -0.1483
       3.451      -0.1279
       3.459     -0.08696
       3.474     -0.04604
       3.481     -0.02558
       3.496     -0.04604
       3.504     -0.08696
       3.511      -0.0665
       3.519     -0.04604
       3.527    -0.005115
       3.534      0.05627
       3.549       0.1176
       3.557       0.1381
       3.572       0.1381
       3.579       0.1381
       3.587       0.1176
       3.595      0.07673
       3.602      0.03581
        3.61    -0.005115
       3.617      0.01535
       3.625      0.05627
       3.632       0.1176
        3.64        0.179
       3.648       0.2404
       3.655       0.2813
       3.663       0.2813
        3.67       0.2404
       3.678       0.1586
       3.685      0.09719
       3.693      0.03581
         3.7     -0.02558
       3.708     -0.08696
       3.716      -0.1279
       3.723      -0.1893
       3.731      -0.2097
       3.746      -0.2506
       3.753      -0.2506
       3.768      -0.2302
       3.776      -0.2097
       3.784      -0.1483
       3.791     -0.08696
       3.799      0.01535
       3.806      0.09719
       3.814        0.179
       3.821       0.2404
       3.829       0.2609
       3.836       0.2404
       3.844       0.1995
       3.852       0.1586
       3.867       0.1381
       3.874        0.179
       3.889       0.1586
       3.897       0.1176
       3.905      0.05627
       3.912    -0.005115
       3.927     -0.02558
       3.935     -0.04604
        3.95     -0.04604
       3.957     -0.04604
       3.965      -0.0665
       3.973      -0.1074
        3.98      -0.1279
       3.995      -0.1483
       4.003      -0.1074
        4.01     -0.08696
       4.018     -0.02558
       4.025      0.01535
       4.033      0.07673
       4.048        0.179
       4.056       0.1995
       4.078       0.2404
       4.086       0.2199
       4.093       0.1995
       4.101       0.1176
       4.109      0.07673
       4.116     -0.02558
       4.124     -0.08696
       4.131      -0.1279
       4.139      -0.1483
       4.146      -0.1074
       4.154     -0.04604
       4.162      0.03581
       4.169      0.09719
       4.184       0.1586
       4.192       0.1381
       4.199      0.09719
       4.207      0.03581
       4.214     -0.02558
       4.222      -0.0665
        4.23     -0.08696
       4.245     -0.08696
       4.252      -0.0665
       4.267     -0.08696
       4.275      -0.1279
       4.282      -0.2097
        4.29      -0.2711
       4.298      -0.2916
       4.313      -0.2097
        4.32      -0.1279
       4.328    -0.005115
       4.335      0.07673
       4.343       0.1586
        4.35        0.179
       4.366       0.1176
       4.373      0.07673
       4.381      0.01535
       4.388     -0.02558
       4.403    -0.005115
       4.411      0.05627
       4.419      0.05627
       4.426      0.07673
       4.441      0.07673
       4.449      0.09719
       4.464       0.1176
       4.471       0.1381
       4.487      0.07673
       4.494    -0.005115
       4.502     -0.08696
       4.509      -0.1279
       4.524      -0.1074
       4.532     -0.04604
       4.539      0.01535
       4.547      0.05627
        4.57       0.1176
       4.577      0.09719
       4.585      0.09719
         4.6      0.07673
       4.607      0.07673
       4.623      0.01535
        4.63     -0.02558
       4.638      -0.0665
       4.645      -0.1279
       4.653      -0.1688
       4.668      -0.2302
       4.676      -0.2506
       4.691      -0.2097
       4.698      -0.1074
       4.706    -0.005115
       4.713      0.07673
       4.721       0.1381
       4.736        0.179
       4.744       0.1586
       4.751       0.1381
       4.759      0.09719
       4.766      0.03581
       4.781      0.01535
       4.789      0.03581
       4.804      0.03581
       4.812      0.01535
       4.819     -0.02558
       4.827      -0.0665
       4.834      -0.1279
       4.842      -0.1688
       4.857      -0.1688
       4.864      -0.1279
       4.872     -0.08696
        4.88     -0.04604
       4.895      0.03581
       4.902      0.05627
        4.91      0.09719
       4.917       0.1176
       4.925       0.1586
       4.932       0.1995
       4.948        0.179
       4.955       0.1586
        4.97       0.1586
       4.978        0.179
       4.993       0.1381
       5.001      0.07673
       5.008     -0.02558
       5.016     -0.08696
       5.023      -0.1483
       5.031      -0.1893
       5.038      -0.2302
       5.053      -0.2711
       5.061      -0.2711
       5.076      -0.2506
       5.084      -0.2097
       5.091      -0.1893
       5.099      -0.1279
       5.106      -0.0665
       5.114      0.01535
       5.121      0.07673
       5.137       0.1176
       5.144       0.1381
       5.159        0.179
       5.167       0.1995
       5.182       0.1995
       5.189        0.179
       5.197        0.179
       5.212       0.1381
        5.22       0.1176
       5.235       0.1381
        5.25       0.1586
       5.258       0.1381
       5.265      0.09719
       5.273      0.05627
        5.28      0.01535
       5.288     -0.02558
       5.295     -0.08696
       5.303      -0.1279
       5.318      -0.1279
       5.326      -0.0665
       5.333     -0.02558
       5.341     -0.02558
       5.348      -0.0665
       5.356      -0.1074
       5.363      -0.1279
       5.371      -0.1074
       5.378     -0.08696
       5.386     -0.04604
       5.394    -0.005115
       5.409      0.01535
       5.416    -0.005115
       5.431     -0.02558
       5.439    -0.005115
       5.454      0.05627
       5.462      0.07673
       5.477      0.09719
       5.484      0.09719
       5.492      0.07673
       5.507    -0.005115
       5.522     -0.02558
        5.53    -0.005115
       5.545      0.01535
       5.552    -0.005115
        5.56     -0.04604
       5.567     -0.08696
       5.575      -0.0665
       5.583     -0.02558
        5.59      0.01535
       5.598      0.05627
       5.613      0.07673
        5.62      0.07673
       5.628      0.09719
       5.643       0.1381
       5.651        0.179
       5.658       0.2199
       5.666       0.1995
       5.673       0.1586
       5.681      0.09719
       5.688      0.03581
       5.696     -0.02558
       5.703     -0.08696
       5.711      -0.1074
       5.726      -0.1279
       5.734      -0.1483
       5.749      -0.1483
       5.756      -0.1279
       5.764     -0.08696
       5.779     -0.02558
       5.787     -0.02558
       5.794    -0.005115
       5.802      0.01535
       5.809      0.05627
       5.817      0.07673
       5.824      0.07673
       5.832      0.03581
        5.84    -0.005115
       5.847      0.01535
       5.862      0.03581
        5.87      0.01535
       5.877      0.03581
       5.885      0.05627
       5.892      0.09719
         5.9       0.1586
       5.915       0.1586
       5.923      0.09719
        5.93      0.03581
       5.938     -0.02558
       5.945     -0.08696
       5.953      -0.1279
        5.96      -0.1688
       5.968      -0.1893
       5.983      -0.1893
       5.991      -0.1279
       5.998     -0.04604
       6.006      0.03581
       6.013      0.09719
       6.021       0.1176
       6.029       0.1176
       6.036      0.05627
       6.044      0.01535
       6.051     -0.02558
       6.066     -0.04604
       6.074     -0.02558
       6.089    -0.005115
       6.097      0.01535
       6.112      0.05627
       6.127      0.05627
       6.134      0.05627
       6.149    -0.005115
       6.157     -0.04604
       6.165     -0.04604
       6.172     -0.02558
        6.18      0.03581
       6.187      0.09719
       6.195       0.1381
        6.21       0.1176
       6.217      0.07673
       6.233      0.03581
        6.24      0.05627
       6.255      0.05627
       6.263      0.01535
       6.278     -0.02558
       6.285     -0.04604
       6.301     -0.04604
       6.316      -0.1074
       6.323      -0.1279
       6.331      -0.1074
       6.338      -0.0665
       6.346    -0.005115
       6.354      0.05627
       6.361      0.05627
       6.369      0.05627
       6.376      0.01535
       6.384    -0.005115
       6.399      0.01535
       6.406      0.05627
       6.414      0.09719
       6.422       0.1176
       6.437       0.1586
       6.444       0.1176
       6.452      0.05627
       6.459     -0.04604
       6.467      -0.1279
       6.474      -0.1893
        6.49      -0.1893
       6.497      -0.1483
       6.505     -0.08696
       6.512     -0.02558
        6.52      0.05627
       6.527      0.09719
       6.535       0.1381
        6.55       0.1586
       6.558       0.1586
       6.565        0.179
        6.58        0.179
       6.588       0.1381
       6.595      0.09719
       6.603      0.03581
       6.611     -0.02558
       6.618      -0.0665
       6.626      -0.1483
       6.633      -0.2302
       6.641      -0.3325
       6.648      -0.4143
       6.656      -0.3939
       6.663       -0.312
       6.671      -0.1688
       6.679    -0.005115
       6.686       0.1381
       6.694       0.1995
       6.701       0.2199
       6.716       0.2199
       6.724       0.2199
       6.731        0.179
       6.739       0.1381
       6.747      0.09719
       6.754      0.05627
       6.762      0.01535
       6.777     -0.02558
       6.784     -0.02558
       6.792     -0.02558
       6.799      -0.0665
       6.807      -0.1074
       6.815      -0.1279
        6.83      -0.1279
       6.837     -0.04604
       6.845      0.01535
       6.852      0.09719
        6.86        0.179
       6.868       0.2199
       6.875       0.2609
       6.883       0.3018
        6.89       0.3018
       6.898       0.3018
       6.905       0.2609
       6.913        0.179
        6.92      0.09719
       6.928     -0.04604
       6.936      -0.1483
       6.943      -0.2302
       6.951      -0.2711
       6.958      -0.2916
       6.973      -0.2916
       6.981      -0.2916
       6.988      -0.2506
       6.996      -0.1688
       7.004      0.03581
       7.004      -0.0665
       7.011      0.09719
       7.019       0.1995
       7.026       0.2813
       7.034       0.3018
       7.041       0.2813
       7.049       0.2404
       7.056        0.179
       7.064       0.1176
       7.072      0.05627
       7.079      0.01535
       7.087     -0.02558
       7.102      -0.0665
       7.109     -0.08696
       7.125      -0.0665
       7.132    -0.005115
        7.14      0.07673
       7.147       0.1381
       7.162      0.07673
       7.177      0.03581
       7.185      0.01535
       7.193      0.01535
       7.208     -0.02558
       7.215     -0.02558
        7.23      -0.0665
       7.238     -0.08696
       7.253      -0.1279
       7.261      -0.1279
       7.276      -0.1074
       7.283     -0.08696
       7.298     -0.04604
       7.306    -0.005115
       7.313      0.03581
       7.321      0.07673
       7.329       0.1176
       7.344      0.09719
       7.351      0.03581
       7.359     -0.04604
       7.366      -0.1074
       7.374      -0.1483
       7.389      -0.1279
       7.397      -0.1074
       7.404     -0.08696
       7.412     -0.04604
       7.419    -0.005115
       7.434      0.05627
       7.442      0.07673
       7.457      0.07673
       7.465      0.05627
       7.472      0.01535
        7.48    -0.005115
       7.495      -0.0665
       7.502      -0.1279
        7.51      -0.1688
       7.525      -0.1893
       7.533      -0.1483
        7.54     -0.04604
       7.548      0.05627
       7.555       0.1995
       7.563       0.3018
        7.57       0.3632
       7.578       0.3427
       7.586       0.2813
       7.593       0.1995
       7.601       0.1176
       7.608      0.03581
       7.616      -0.0665
       7.623      -0.1688
       7.631      -0.2711
       7.638      -0.3325
       7.646      -0.3939
       7.654      -0.4552
       7.669      -0.4348
       7.676      -0.3529
       7.684      -0.2302
       7.691      -0.1074
       7.699      0.03581
       7.707       0.1586
       7.714       0.2404
       7.722       0.2813
       7.729       0.3223
       7.737       0.3836
       7.744        0.445
       7.752       0.5064
       7.759       0.5269
       7.767       0.5064
       7.775       0.4041
       7.782       0.3018
        7.79       0.1995
       7.797       0.1176
       7.805      0.01535
       7.812      -0.1074
        7.82      -0.2506
       7.827      -0.3734
       7.835      -0.4348
       7.843      -0.3939
        7.85       -0.312
       7.858      -0.2302
       7.865      -0.1688
       7.873      -0.1279
        7.88     -0.08696
       7.895     -0.04604
       7.903      -0.1074
       7.911      -0.1893
       7.918      -0.2506
       7.933      -0.1893
       7.941      -0.1279
       7.948     -0.04604
       7.956      0.01535
       7.964      0.09719
       7.971       0.1995
       7.979       0.2609
       7.986       0.3427
       7.994       0.3836
       8.009       0.3632
       8.016       0.3223
       8.024       0.2813
       8.032       0.2199
       8.039       0.1381
       8.047      0.07673
       8.054     -0.02558
       8.062      -0.0665
       8.077      -0.1279
       8.084      -0.1483
       8.092      -0.1893
         8.1      -0.2506
       8.107       -0.312
       8.122      -0.2711
        8.13      -0.1688
       8.137      -0.0665
       8.145      0.03581
       8.152       0.1176
        8.16       0.1586
       8.175        0.179
       8.183        0.179
        8.19       0.1381
       8.198      0.07673
       8.205      0.03581
       8.213     -0.02558
       8.221      -0.0665
       8.228     -0.08696
       8.236     -0.08696
       8.243     -0.04604
       8.251    -0.005115
       8.266     -0.02558
       8.273     -0.04604
       8.289     -0.04604
       8.296      0.01535
       8.304      0.07673
       8.311       0.1176
       8.326       0.1381
       8.334      0.09719
       8.341      0.05627
       8.349      0.01535
       8.357     -0.02558
       8.364      -0.0665
       8.379     -0.08696
       8.387      -0.0665
       8.402     -0.04604
       8.409    -0.005115
       8.425      0.05627
       8.432       0.1176
        8.44       0.1586
       8.447       0.1995
       8.462       0.1176
        8.47      0.03581
       8.478     -0.02558
       8.493     -0.04604
         8.5     -0.04604
       8.508     -0.02558
       8.515    -0.005115
       8.523      0.05627
        8.53      0.09719
       8.546       0.1381
       8.561      0.09719
       8.576      0.09719
       8.583       0.1176
       8.598       0.1586
       8.606       0.1381
       8.614      0.09719
       8.621      0.05627
       8.629    -0.005115
       8.636     -0.04604
       8.644      -0.0665
       8.659     -0.08696
       8.666      -0.1074
       8.674      -0.1483
       8.682      -0.1893
       8.689      -0.2097
       8.697      -0.1893
       8.712      -0.1279
       8.719      -0.1279
       8.735      -0.1074
       8.742      -0.0665
        8.75     -0.02558
       8.757      0.01535
       8.772      0.07673
        8.78      0.09719
       8.795       0.1176
       8.803      0.07673
        8.81      0.03581
       8.818     -0.02558
       8.825     -0.02558
       8.833      0.01535
        8.84      0.07673
       8.848       0.1381
       8.855       0.1995
       8.863       0.2404
       8.878       0.3018
       8.886       0.2813
       8.901       0.2199
       8.908        0.179
       8.916       0.1381
       8.923       0.1176
       8.939       0.1586
       8.954       0.1995
       8.961       0.1995
       8.969       0.1586
       8.976      0.07673
