     0.01181      0.03581
     0.01937      0.07673
     0.02693      0.09719
     0.04206       0.1381
     0.04962       0.1176
     0.05718       0.1176
      0.0723       0.1176
     0.07986       0.1176
     0.09499       0.1381
      0.1101       0.1176
      0.1177       0.1176
      0.1328       0.1176
      0.1404       0.1176
      0.1555       0.1176
       0.163       0.1176
      0.1782      0.07673
      0.1857      0.05627
      0.2008      0.01535
      0.2084      0.01535
       0.216      0.03581
      0.2311      0.05627
      0.2387      0.07673
      0.2538      0.07673
      0.2613      0.07673
      0.2765      0.01535
      0.2916     -0.04604
      0.2991     -0.08696
      0.3143      -0.1279
      0.3218      -0.1483
      0.3294      -0.1483
      0.3445      -0.1893
      0.3521      -0.1893
      0.3672      -0.1893
      0.3748      -0.1688
      0.3899      -0.1688
      0.3974      -0.1688
       0.405      -0.1688
      0.4201      -0.1688
      0.4277      -0.1483
      0.4428      -0.1279
      0.4504      -0.1279
      0.4655      -0.1074
      0.4806     -0.08696
      0.4882      -0.0665
      0.4957     -0.04604
      0.5109     -0.04604
      0.5184      -0.0665
      0.5336      -0.1074
      0.5411      -0.1074
      0.5562     -0.08696
      0.5638     -0.04604
      0.5714    -0.005115
      0.5789      0.03581
       0.594      0.09719
      0.6016       0.1176
      0.6092       0.1381
      0.6243       0.1381
      0.6318       0.1381
       0.647       0.1176
      0.6545       0.1176
      0.6697      0.07673
      0.6772      0.05627
      0.6923      0.03581
      0.6999      0.01535
      0.7075      0.01535
      0.7226     -0.02558
      0.7301     -0.04604
      0.7377     -0.02558
      0.7528    -0.005115
      0.7604      0.03581
      0.7755      0.07673
      0.7906       0.1586
      0.7982        0.179
      0.8133       0.1995
      0.8209        0.179
       0.836       0.1381
      0.8436      0.09719
      0.8587      0.05627
      0.8663      0.03581
      0.8738      0.05627
      0.8889      0.05627
      0.8965      0.03581
      0.9116      0.03581
      0.9192      0.03581
      0.9343    -0.005115
      0.9419     -0.02558
       0.957      -0.0665
      0.9646      -0.0665
      0.9797      -0.0665
      0.9872     -0.04604
       1.002     -0.02558
        1.01     -0.02558
       1.017     -0.02558
       1.033      -0.0665
        1.04     -0.04604
       1.055     -0.02558
       1.063    -0.005115
       1.078    -0.005115
       1.086      0.01535
       1.101      0.03581
       1.108      0.03581
       1.116      0.03581
       1.131    -0.005115
       1.138    -0.005115
       1.154      0.03581
       1.161      0.07673
       1.176      0.07673
       1.184      0.05627
       1.199    -0.005115
       1.207     -0.02558
       1.214     -0.02558
       1.229      -0.0665
       1.237     -0.08696
       1.252      -0.1279
       1.259      -0.1279
       1.275      -0.1279
       1.282      -0.1279
       1.297      -0.1279
       1.305      -0.1074
       1.312     -0.08696
        1.32     -0.02558
       1.328      0.05627
       1.335       0.1586
       1.343       0.2199
        1.35       0.2813
       1.365       0.2813
       1.373       0.2609
       1.388       0.1995
       1.396       0.1586
       1.403       0.1176
       1.411      0.09719
       1.418      0.05627
       1.426      0.03581
       1.441      0.01535
       1.456    -0.005115
       1.464     -0.02558
       1.471     -0.02558
       1.486      -0.0665
       1.494      -0.0665
       1.509      -0.0665
       1.517     -0.04604
       1.532    -0.005115
       1.539      0.01535
       1.554      0.05627
       1.562      0.07673
       1.577      0.09719
       1.585      0.07673
       1.592      0.07673
       1.607      0.03581
       1.615      0.01535
       1.622     -0.02558
       1.638      -0.0665
       1.645     -0.08696
        1.66      -0.1074
       1.668      -0.1074
       1.683      -0.1074
        1.69     -0.08696
       1.698     -0.04604
       1.706    -0.005115
       1.713      0.03581
       1.721      0.09719
       1.728        0.179
       1.736       0.2609
       1.743       0.3018
       1.759       0.2609
       1.766       0.2199
       1.774        0.179
       1.781       0.1381
       1.796      0.07673
       1.804      0.05627
       1.811    -0.005115
       1.819     -0.04604
       1.827      -0.0665
       1.842      -0.1279
       1.849      -0.1279
       1.864      -0.1483
       1.872      -0.1688
       1.887      -0.1483
       1.902      -0.1279
        1.91      -0.1074
       1.917     -0.08696
       1.925     -0.04604
       1.932      0.01535
       1.948      0.05627
       1.955      0.05627
       1.963      0.05627
       1.978      0.01535
       1.985    -0.005115
           2     -0.04604
       2.008      -0.0665
       2.023      -0.1074
       2.031      -0.1483
       2.046      -0.1893
       2.053      -0.1893
       2.069      -0.1893
       2.076      -0.1893
       2.084      -0.1688
       2.099      -0.1074
       2.106     -0.04604
       2.114    -0.005115
       2.121      0.05627
       2.129      0.07673
       2.144       0.1381
       2.152       0.1381
       2.159       0.1381
       2.174      0.09719
       2.182      0.07673
       2.197      0.01535
       2.205    -0.005115
       2.212    -0.005115
       2.227    -0.005115
       2.235    -0.005115
        2.25    -0.005115
       2.258    -0.005115
       2.273      0.03581
        2.28      0.03581
       2.295      0.05627
       2.303      0.07673
        2.31      0.09719
       2.326       0.1586
       2.333       0.1995
       2.348       0.1995
       2.356        0.179
       2.371       0.1381
       2.379       0.1176
       2.394      0.07673
       2.401      0.07673
       2.416      0.03581
       2.424      0.03581
       2.439      0.01535
       2.447      0.01535
       2.462      0.03581
       2.477      0.05627
       2.484      0.05627
       2.492      0.07673
       2.507      0.07673
       2.515      0.07673
       2.522      0.07673
       2.537      0.03581
       2.545      0.01535
        2.56    -0.005115
       2.568    -0.005115
       2.583    -0.005115
        2.59      0.01535
       2.605      0.07673
       2.613      0.09719
       2.628       0.1381
       2.636       0.1381
       2.651       0.1586
       2.658       0.1586
       2.673       0.1995
       2.689       0.1995
       2.696        0.179
       2.704        0.179
       2.711       0.1381
       2.719      0.09719
       2.726      0.05627
       2.734    -0.005115
       2.741     -0.04604
       2.749     -0.08696
       2.757      -0.1279
       2.764      -0.1688
       2.772      -0.2097
       2.779      -0.2506
       2.787      -0.2711
       2.802      -0.2506
        2.81      -0.2506
       2.817      -0.2506
       2.832      -0.2302
        2.84      -0.2097
       2.847      -0.1893
       2.862      -0.1279
        2.87      -0.1074
       2.885      -0.1074
         2.9      -0.1483
       2.908      -0.1688
       2.915      -0.1688
       2.931      -0.1893
       2.938      -0.1893
       2.953      -0.1688
       2.968      -0.1074
       2.976     -0.04604
       2.983      0.01535
       2.991      0.05627
       3.006      0.09719
       3.014      0.09719
       3.029       0.1176
       3.036       0.1176
       3.052      0.07673
       3.059      0.05627
       3.074      0.01535
       3.082    -0.005115
       3.097     -0.04604
       3.104      -0.0665
        3.12      -0.1074
       3.127      -0.1074
        3.15      -0.0665
       3.165     -0.04604
       3.172     -0.02558
       3.188      0.01535
       3.195      0.07673
       3.203       0.1381
        3.21        0.179
       3.225       0.2199
       3.233       0.1995
       3.248       0.1586
       3.256       0.1176
       3.271      0.09719
       3.278       0.1176
       3.293       0.1381
       3.301       0.1381
       3.316      0.09719
       3.324      0.07673
       3.339      0.03581
       3.346      0.03581
       3.354      0.05627
       3.369      0.09719
       3.377      0.09719
       3.384      0.09719
       3.399      0.05627
       3.407      0.03581
       3.422    -0.005115
        3.43    -0.005115
       3.445      0.01535
        3.46      0.05627
       3.467      0.05627
       3.475      0.05627
        3.49      0.01535
       3.498    -0.005115
       3.513     -0.04604
        3.52      -0.0665
       3.528     -0.04604
       3.543     -0.02558
       3.551      0.01535
       3.558      0.05627
       3.566      0.07673
       3.573      0.09719
       3.588       0.1586
       3.596       0.1586
       3.611       0.1381
       3.619       0.1176
       3.634      0.07673
       3.641      0.05627
       3.656      0.01535
       3.664    -0.005115
       3.679    -0.005115
       3.694     -0.04604
       3.702     -0.02558
       3.717      0.03581
       3.724      0.05627
        3.74      0.05627
       3.747      0.05627
       3.762      0.01535
        3.77    -0.005115
       3.777     -0.04604
       3.793     -0.08696
         3.8      -0.1074
       3.815      -0.1074
        3.83      -0.1279
       3.838      -0.1279
       3.853      -0.1483
       3.861      -0.1279
       3.876      -0.1074
       3.883      -0.1074
       3.898      -0.1279
       3.906      -0.1074
       3.921      -0.0665
       3.929     -0.04604
       3.944    -0.005115
       3.951      0.01535
       3.966    -0.005115
       3.974    -0.005115
       3.989     -0.02558
       3.997     -0.04604
       4.012     -0.02558
       4.027    -0.005115
       4.035      0.01535
        4.05      0.03581
       4.057      0.03581
       4.072      0.01535
        4.08      0.01535
       4.095      0.03581
       4.103      0.03581
       4.118      0.03581
       4.125      0.03581
        4.14      0.03581
       4.148      0.03581
       4.163      0.01535
       4.178    -0.005115
       4.186     -0.02558
       4.193     -0.02558
       4.208     -0.04604
       4.216     -0.04604
       4.224     -0.02558
       4.239      0.01535
       4.246      0.05627
       4.254      0.09719
       4.261       0.1381
       4.276        0.179
       4.284        0.179
       4.299       0.1995
       4.314        0.179
       4.322        0.179
       4.337        0.179
       4.352       0.1176
        4.36      0.09719
       4.375      0.05627
       4.382      0.03581
        4.39      0.01535
       4.405     -0.02558
       4.413    -0.005115
       4.428      0.01535
       4.435      0.03581
       4.443      0.05627
       4.458      0.03581
       4.466      0.03581
       4.481    -0.005115
       4.488     -0.04604
       4.503     -0.08696
       4.511      -0.1074
       4.518      -0.1074
       4.534     -0.08696
       4.541      -0.0665
       4.549     -0.02558
       4.564     -0.04604
       4.571     -0.04604
       4.586     -0.08696
       4.594      -0.1074
       4.609      -0.1279
       4.617      -0.1279
       4.624      -0.1279
       4.639      -0.1483
       4.647      -0.1483
       4.662      -0.1688
        4.67      -0.1688
       4.685      -0.1483
       4.692      -0.1483
         4.7      -0.1074
       4.715     -0.08696
       4.723     -0.08696
       4.738     -0.08696
       4.745     -0.08696
        4.76      -0.0665
       4.768     -0.04604
       4.776    -0.005115
       4.783      0.05627
       4.791      0.09719
       4.798       0.1176
       4.813       0.1381
       4.821       0.1381
       4.828       0.1586
       4.844       0.1586
       4.851       0.1381
       4.866       0.1176
       4.874      0.09719
       4.889      0.09719
       4.897      0.09719
       4.912      0.09719
       4.927      0.07673
       4.934      0.07673
       4.949      0.05627
       4.957      0.05627
       4.972      0.05627
        4.98      0.03581
       4.995      0.03581
       5.002      0.05627
       5.017      0.09719
       5.025       0.1381
        5.04       0.1381
       5.048       0.1381
       5.063       0.1176
        5.07      0.09719
       5.086      0.09719
       5.101      0.05627
       5.108      0.05627
       5.123      0.05627
       5.131      0.05627
       5.146      0.05627
       5.154      0.05627
       5.169      0.03581
       5.176      0.03581
       5.191    -0.005115
       5.199    -0.005115
       5.214    -0.005115
       5.222    -0.005115
       5.237    -0.005115
       5.244      0.01535
       5.259      0.01535
       5.275     -0.02558
       5.282     -0.04604
       5.297     -0.08696
       5.305      -0.1074
       5.312      -0.1074
       5.328      -0.1483
       5.335      -0.1688
        5.35      -0.1893
       5.365      -0.1893
       5.373      -0.1688
       5.388      -0.1279
       5.396      -0.0665
       5.403    -0.005115
       5.411      0.05627
       5.426      0.07673
       5.433      0.05627
       5.448      0.05627
       5.456      0.05627
       5.464      0.01535
       5.471     -0.02558
       5.479     -0.04604
       5.494     -0.08696
       5.501     -0.08696
       5.509     -0.08696
       5.524      -0.0665
       5.532     -0.04604
       5.547     -0.02558
       5.554     -0.04604
       5.569     -0.08696
       5.577      -0.0665
       5.592     -0.02558
         5.6      0.03581
       5.607      0.07673
       5.622      0.09719
        5.63       0.1176
       5.645       0.1586
       5.653        0.179
       5.668        0.179
       5.675        0.179
        5.69       0.1381
       5.698       0.1381
       5.713       0.1176
       5.721      0.09719
       5.736      0.03581
       5.743      0.03581
       5.751    -0.005115
       5.759     -0.02558
       5.774      -0.0665
       5.781     -0.08696
       5.789     -0.08696
       5.804      -0.1279
       5.811      -0.1279
       5.819      -0.1074
       5.827     -0.04604
       5.834      0.01535
       5.842      0.09719
       5.849       0.1586
       5.864        0.179
       5.872       0.1381
       5.887      0.09719
       5.895      0.05627
       5.902      0.05627
       5.917      0.01535
       5.925    -0.005115
       5.948    -0.005115
       5.955    -0.005115
       5.963    -0.005115
       5.978     -0.04604
       5.985      -0.0665
       5.993      -0.0665
       6.008     -0.04604
       6.016     -0.02558
       6.031      0.01535
       6.038      0.03581
       6.046      0.05627
       6.061      0.05627
       6.069      0.03581
       6.084      0.01535
       6.091    -0.005115
       6.106     -0.02558
       6.114     -0.02558
       6.129      -0.0665
       6.144      -0.0665
       6.159     -0.04604
       6.167     -0.04604
       6.182      -0.0665
        6.19     -0.08696
       6.205      -0.1074
       6.212      -0.1074
        6.22      -0.0665
       6.227     -0.04604
       6.235      0.01535
       6.242      0.05627
        6.25      0.07673
       6.265      0.05627
       6.273      0.03581
       6.288    -0.005115
       6.303     -0.04604
        6.31     -0.04604
       6.318     -0.02558
       6.333    -0.005115
       6.341    -0.005115
       6.348      0.03581
       6.356      0.05627
       6.371       0.1176
       6.379       0.1176
       6.394       0.1176
       6.409      0.07673
       6.424      0.03581
       6.439      0.01535
       6.447      0.01535
       6.454      0.01535
       6.469    -0.005115
       6.484     -0.02558
         6.5    -0.005115
       6.507      0.01535
       6.522    -0.005115
        6.53    -0.005115
       6.545     -0.04604
       6.552     -0.04604
       6.568    -0.005115
       6.575      0.03581
       6.583      0.07673
        6.59       0.1176
       6.605       0.1586
       6.613       0.1586
       6.628       0.1176
       6.636      0.07673
       6.651      0.03581
       6.658      0.03581
       6.673     -0.02558
       6.681     -0.04604
       6.696      -0.0665
       6.704     -0.04604
       6.719     -0.02558
       6.726     -0.02558
       6.734    -0.005115
       6.749      0.01535
       6.757      0.01535
       6.772    -0.005115
       6.779    -0.005115
       6.794      0.01535
       6.802      0.03581
        6.81      0.05627
       6.825      0.03581
       6.832      0.03581
       6.847      0.01535
       6.855    -0.005115
        6.87    -0.005115
       6.885     -0.04604
       6.893     -0.04604
       6.908     -0.04604
       6.915      -0.0665
       6.923      -0.0665
       6.938      -0.0665
       6.946     -0.04604
       6.953    -0.005115
       6.968    -0.005115
       6.976      0.01535
       6.991    -0.005115
       6.999     -0.02558
       7.014      -0.0665
       7.021     -0.08696
       7.029     -0.08696
       7.044     -0.08696
       7.052      -0.0665
       7.067      -0.0665
       7.074      -0.0665
       7.089     -0.08696
       7.097     -0.08696
       7.104      -0.0665
       7.112     -0.02558
        7.12      0.03581
       7.127      0.07673
       7.135       0.1176
       7.142       0.1381
       7.157       0.1176
       7.165       0.1176
        7.18      0.09719
       7.188      0.09719
       7.203      0.09719
       7.218      0.03581
       7.225      0.01535
       7.241     -0.02558
       7.248     -0.04604
       7.263     -0.08696
       7.271      -0.1074
       7.278      -0.1074
       7.293     -0.08696
       7.301     -0.02558
       7.309      0.07673
       7.316        0.179
       7.324       0.2609
       7.331       0.3018
       7.346       0.3427
       7.354       0.3427
       7.362       0.3427
       7.377       0.2813
       7.384       0.2609
       7.392       0.2199
       7.399        0.179
       7.407       0.1381
       7.414      0.09719
       7.422      0.05627
        7.43      0.01535
       7.445     -0.04604
       7.452     -0.08696
       7.467      -0.1279
       7.475      -0.1483
        7.49      -0.1893
       7.498      -0.1893
       7.513      -0.1688
        7.52      -0.1688
       7.543      -0.1074
       7.551     -0.08696
       7.566    -0.005115
       7.573      0.03581
       7.588      0.05627
       7.596      0.05627
       7.611      0.01535
       7.619    -0.005115
       7.634     -0.04604
       7.641     -0.08696
       7.656      -0.1279
       7.664      -0.1279
       7.679      -0.1483
       7.687      -0.1074
       7.694      -0.0665
       7.702    -0.005115
       7.709      0.05627
       7.717      0.07673
       7.732      0.05627
        7.74      0.03581
       7.747      0.05627
       7.762      0.05627
        7.77      0.05627
       7.785      0.01535
       7.793    -0.005115
         7.8     -0.04604
       7.808      -0.0665
       7.823      -0.1074
        7.83      -0.1074
       7.845      -0.1279
       7.853      -0.1483
       7.868      -0.1483
       7.876      -0.1279
       7.883      -0.1074
       7.891     -0.04604
       7.898      0.01535
       7.906      0.07673
       7.914       0.1176
       7.929       0.1586
       7.936       0.1381
       7.944       0.1176
       7.959      0.07673
       7.966      0.03581
       7.982    -0.005115
       7.989    -0.005115
       8.004     -0.02558
       8.012     -0.02558
       8.019    -0.005115
       8.035    -0.005115
       8.042    -0.005115
        8.05    -0.005115
       8.065     -0.02558
       8.072    -0.005115
        8.08      0.03581
       8.087      0.09719
       8.095       0.1381
       8.103        0.179
       8.118        0.179
       8.125        0.179
        8.14       0.1381
       8.148      0.09719
       8.163      0.07673
       8.178      0.05627
       8.186      0.05627
       8.201      0.05627
       8.208      0.05627
       8.216      0.07673
       8.231      0.05627
       8.239      0.05627
       8.246      0.05627
       8.261      0.01535
       8.269    -0.005115
       8.284    -0.005115
       8.292    -0.005115
       8.307      0.01535
       8.314      0.05627
       8.329      0.09719
       8.337      0.09719
       8.352      0.09719
       8.367      0.03581
       8.375    -0.005115
       8.382     -0.02558
        8.39      -0.0665
       8.397     -0.08696
       8.413     -0.08696
        8.42     -0.02558
       8.428      0.03581
       8.435       0.1176
       8.443       0.1586
       8.458       0.1381
       8.466       0.1176
       8.481      0.07673
       8.488      0.03581
       8.503     -0.02558
       8.511     -0.04604
       8.526     -0.04604
       8.541     -0.02558
       8.549     -0.02558
       8.564     -0.04604
       8.571     -0.04604
       8.579     -0.04604
       8.594     -0.08696
       8.602      -0.1074
       8.617      -0.1279
       8.632      -0.1688
       8.639      -0.1893
       8.647      -0.1893
       8.662      -0.2097
        8.67      -0.2097
       8.677      -0.1893
       8.685      -0.1688
       8.692      -0.1279
         8.7      -0.0665
       8.707    -0.005115
       8.715      0.05627
        8.73      0.07673
       8.738      0.07673
       8.745      0.07673
        8.76      0.05627
       8.768      0.03581
       8.776      0.03581
       8.791    -0.005115
       8.798    -0.005115
       8.813     -0.02558
       8.821     -0.04604
       8.836      -0.0665
       8.844     -0.04604
       8.859     -0.04604
       8.866     -0.04604
       8.881     -0.02558
       8.889    -0.005115
       8.897      0.01535
       8.912      0.07673
       8.919      0.07673
       8.942      0.07673
       8.949      0.07673
       8.965      0.07673
