     0.01181      -0.2506
     0.01937      -0.2316
     0.03449      -0.2126
     0.04205      -0.2126
     0.05716      -0.2126
     0.06472      -0.1936
     0.07984      -0.1556
      0.0874      -0.1176
     0.09496     -0.07965
      0.1025     -0.04165
      0.1101    -0.003654
      0.1176      0.03434
      0.1252      0.05334
      0.1403      0.07234
      0.1479      0.07234
       0.163      0.09134
      0.1781       0.1293
      0.1857       0.1293
      0.2008       0.1103
      0.2083       0.1293
      0.2235       0.1673
       0.231       0.1673
      0.2461       0.1863
      0.2537       0.1673
      0.2688       0.1293
      0.2764       0.1293
      0.2915       0.1103
       0.299       0.1103
      0.3142      0.09134
      0.3217      0.07234
      0.3293      0.03434
      0.3368    -0.003654
      0.3444     -0.02265
       0.352     -0.06065
      0.3595     -0.09865
      0.3671      -0.1366
      0.3746      -0.1746
      0.3822      -0.1936
      0.3973      -0.2316
      0.4049      -0.2506
        0.42      -0.2506
      0.4275      -0.2506
      0.4351      -0.2126
      0.4427      -0.1936
      0.4502      -0.1556
      0.4578      -0.1176
      0.4729     -0.06065
      0.4804     -0.04165
      0.4956     -0.02265
      0.5031    -0.003654
      0.5182      0.01535
      0.5258      0.01535
      0.5409    -0.003654
      0.5485     -0.02265
      0.5636     -0.04165
      0.5712     -0.04165
      0.5863     -0.06065
      0.5938     -0.04165
      0.6089     -0.06065
      0.6165     -0.07965
      0.6316      -0.1176
      0.6392      -0.1176
      0.6467     -0.09865
      0.6619     -0.06065
      0.6694     -0.02265
       0.677      0.01535
      0.6845      0.05334
      0.6921      0.09134
      0.6996       0.1103
      0.7072       0.1483
      0.7148       0.1863
      0.7374       0.2433
       0.745       0.2433
      0.7601       0.2433
      0.7677       0.2433
      0.7828       0.2433
      0.7904       0.2433
      0.8055       0.2053
       0.813       0.1673
      0.8281       0.1293
      0.8357      0.09134
      0.8433      0.05334
      0.8508      0.01535
      0.8584     -0.02265
      0.8659     -0.09865
      0.8735      -0.1556
      0.8811      -0.2126
      0.8886      -0.2506
      0.8962      -0.2696
      0.9113      -0.2696
      0.9188      -0.2506
      0.9264      -0.2316
       0.934      -0.1936
      0.9415      -0.1556
      0.9491      -0.1176
      0.9566     -0.07965
      0.9642     -0.04165
      0.9718    -0.003654
      0.9793      0.03434
      0.9944      0.09134
       1.002       0.1293
       1.017       0.1673
       1.025       0.1673
       1.032       0.1863
       1.047       0.1673
       1.055       0.1673
        1.07       0.1293
       1.078       0.1293
       1.093      0.09134
         1.1      0.07234
       1.108      0.07234
       1.123      0.05334
        1.13      0.01535
       1.138     -0.02265
       1.146     -0.06065
       1.153      -0.1176
       1.161      -0.1936
       1.176      -0.2316
       1.183      -0.2316
       1.199      -0.2316
       1.206      -0.2506
       1.214      -0.2506
       1.229      -0.2316
       1.236      -0.2126
       1.244      -0.1746
       1.251      -0.1176
       1.259     -0.06065
       1.267     -0.02265
       1.282      0.03434
       1.289      0.03434
       1.297      0.07234
       1.304      0.09134
       1.319       0.1483
       1.327       0.1673
       1.342       0.1863
        1.35       0.1863
       1.365       0.1863
        1.38       0.1483
       1.387       0.1103
       1.395       0.1103
       1.403      0.07234
        1.41      0.03434
       1.418     -0.04165
       1.425      -0.1176
       1.433      -0.1936
        1.44      -0.2696
       1.448      -0.3266
       1.456      -0.4026
       1.463      -0.4596
       1.471      -0.5166
       1.486      -0.4976
       1.493      -0.4216
       1.501      -0.3646
       1.508      -0.3076
       1.516      -0.2126
       1.524      -0.1176
       1.531     -0.04165
       1.539      0.07234
       1.546       0.1863
       1.554       0.3003
       1.561       0.3763
       1.569       0.4333
       1.576       0.4713
       1.584       0.5473
       1.592       0.5663
       1.607       0.6043
       1.614       0.5853
       1.629       0.5473
       1.637       0.5663
       1.652       0.5853
        1.66       0.5853
       1.675       0.5473
       1.682       0.5093
        1.69       0.4333
       1.697       0.3573
       1.705       0.2623
       1.713       0.1673
        1.72      0.07234
       1.728    -0.003654
       1.735     -0.07965
       1.743      -0.1556
        1.75      -0.2506
       1.758      -0.3076
       1.765      -0.3266
       1.781      -0.3076
       1.788      -0.2886
       1.803      -0.2316
       1.811      -0.2126
       1.818      -0.1746
       1.826      -0.1176
       1.833     -0.07965
       1.841     -0.06065
       1.856     -0.04165
       1.864     -0.04165
       1.879     -0.04165
       1.886     -0.04165
       1.894     -0.02265
       1.909     -0.04165
       1.917     -0.04165
       1.939     -0.04165
       1.954     -0.04165
       1.962     -0.04165
        1.97     -0.02265
       1.985    -0.003654
       1.992    -0.003654
       2.007     -0.04165
       2.015     -0.06065
        2.03     -0.09865
       2.038      -0.1176
       2.053      -0.1176
        2.06     -0.09865
       2.075     -0.06065
       2.083     -0.04165
       2.098     -0.02265
       2.106     -0.02265
       2.121     -0.06065
       2.128     -0.07965
       2.136     -0.07965
       2.143      -0.1176
       2.151      -0.1746
       2.158      -0.2316
       2.166      -0.2886
       2.174      -0.3076
       2.189      -0.2696
       2.196      -0.2126
       2.204      -0.1556
       2.211     -0.09865
       2.219     -0.06065
       2.226     -0.02265
       2.234      0.01535
       2.242      0.07234
       2.249       0.1103
       2.257       0.1483
       2.264       0.2053
       2.272       0.2243
       2.287       0.2623
       2.295       0.2813
        2.31       0.3193
       2.317       0.3383
        2.34       0.3573
       2.347       0.3383
       2.355       0.3383
        2.37       0.3003
       2.378       0.2433
       2.385       0.2053
       2.393       0.1483
         2.4       0.1103
       2.408      0.07234
       2.415      0.03434
       2.431     -0.02265
       2.438     -0.06065
       2.446     -0.09865
       2.453      -0.1366
       2.461      -0.1936
       2.468      -0.2316
       2.476      -0.2696
       2.483      -0.3076
       2.499      -0.3266
       2.506      -0.3076
       2.521      -0.2696
       2.529      -0.2506
       2.536      -0.2316
       2.552      -0.1746
       2.559      -0.1556
       2.567      -0.1176
       2.574     -0.06065
       2.582     -0.02265
       2.589      0.01535
       2.597      0.07234
       2.612       0.1483
        2.62       0.1483
       2.635       0.1673
       2.642       0.1673
        2.65       0.1673
       2.665       0.1293
       2.672      0.09134
        2.68      0.05334
       2.688      0.01535
       2.695     -0.02265
       2.703     -0.04165
       2.718     -0.09865
       2.725     -0.09865
        2.74      -0.1176
       2.748     -0.09865
       2.763     -0.07965
       2.771     -0.06065
       2.786     -0.04165
       2.793     -0.02265
       2.809    -0.003654
       2.816     -0.02265
       2.824     -0.02265
       2.839     -0.04165
       2.846     -0.02265
       2.861     -0.04165
       2.869     -0.04165
       2.884     -0.06065
       2.892     -0.06065
       2.899     -0.04165
       2.914    -0.003654
       2.922      0.01535
       2.937      0.07234
       2.945      0.09134
        2.96       0.1293
       2.967       0.1483
       2.982       0.1673
        2.99       0.1673
       3.005       0.1293
       3.013      0.09134
        3.02      0.05334
       3.035      0.03434
       3.043      0.03434
        3.05      0.05334
       3.066      0.03434
       3.073      0.01535
       3.081     -0.02265
       3.096     -0.06065
       3.103     -0.06065
       3.118     -0.06065
       3.126     -0.06065
       3.134     -0.04165
       3.149     -0.02265
       3.156     -0.02265
       3.171    -0.003654
       3.186      0.01535
       3.194      0.01535
       3.209      0.03434
       3.217      0.03434
       3.224      0.05334
       3.239      0.07234
       3.247       0.1103
       3.262       0.1483
        3.27       0.1673
       3.285       0.1293
       3.292      0.09134
         3.3      0.03434
       3.307     -0.02265
       3.315     -0.04165
       3.338     -0.06065
       3.345     -0.06065
       3.353     -0.02265
        3.36      0.03434
       3.368      0.09134
       3.375       0.1293
       3.391       0.1483
       3.398       0.1293
       3.406      0.09134
       3.413      0.05334
       3.428      0.01535
       3.436      0.01535
       3.451     -0.02265
       3.459     -0.04165
       3.466     -0.07965
       3.474     -0.09865
       3.489     -0.09865
       3.496     -0.07965
       3.511     -0.04165
       3.527    -0.003654
       3.534    -0.003654
       3.549      0.01535
       3.557      0.01535
       3.572      0.03434
       3.579      0.03434
       3.587      0.03434
       3.602     -0.02265
       3.617     -0.06065
       3.625     -0.09865
        3.64      -0.1556
       3.655      -0.1936
       3.663      -0.1936
        3.67      -0.1556
       3.685     -0.09865
       3.693     -0.06065
       3.708     -0.02265
       3.716     -0.02265
       3.723    -0.003654
       3.738      0.03434
       3.746      0.05334
       3.761       0.1293
       3.768       0.1673
       3.776       0.2053
       3.784       0.2243
       3.799       0.2623
       3.806       0.2433
       3.814       0.2053
       3.829       0.1293
       3.836      0.09134
       3.844      0.03434
       3.852     -0.02265
       3.859     -0.06065
       3.867     -0.07965
       3.882     -0.09865
       3.889     -0.09865
       3.905      -0.1176
       3.912      -0.1176
       3.927      -0.1556
       3.935      -0.1556
       3.942      -0.1366
       3.957     -0.09865
       3.965     -0.07965
        3.98     -0.04165
       3.988     -0.02265
       4.003    -0.003654
        4.01    -0.003654
       4.025      0.01535
       4.033      0.01535
       4.048      0.05334
       4.063       0.1103
       4.071       0.1293
       4.086       0.1673
       4.093       0.1863
       4.101       0.2053
       4.116       0.2243
       4.124       0.2433
       4.139       0.2433
       4.146       0.2433
       4.162       0.2053
       4.169       0.1863
       4.177       0.1483
       4.184       0.1293
       4.199      0.09134
       4.207      0.05334
       4.214      0.01535
       4.222     -0.02265
        4.23     -0.07965
       4.237      -0.1366
       4.245      -0.1746
       4.252      -0.1936
       4.267      -0.1936
       4.275      -0.1746
       4.282      -0.1556
       4.298     -0.09865
       4.305     -0.06065
       4.313     -0.02265
        4.32      0.03434
       4.328      0.07234
       4.335       0.1103
        4.35       0.1483
       4.358       0.1483
       4.366       0.1483
       4.381       0.1103
       4.388      0.09134
       4.396      0.09134
       4.411      0.05334
       4.419      0.05334
       4.434      0.03434
       4.449    -0.003654
       4.456     -0.02265
       4.471     -0.02265
       4.487     -0.04165
       4.494     -0.06065
       4.509     -0.09865
       4.517      -0.1366
       4.532      -0.1556
       4.539      -0.1556
       4.555      -0.1556
       4.562      -0.1556
        4.57      -0.1366
       4.585      -0.1176
       4.592     -0.09865
       4.607     -0.06065
       4.615     -0.04165
        4.63      0.03434
       4.638      0.07234
       4.645       0.1103
       4.653       0.1673
        4.66       0.2053
       4.668       0.2243
       4.683       0.1673
       4.691       0.1293
       4.698      0.07234
       4.706      0.03434
       4.721     -0.02265
       4.728     -0.06065
       4.744     -0.07965
       4.751     -0.06065
       4.766     -0.02265
       4.781     -0.06065
       4.789     -0.07965
       4.804      -0.1176
       4.812      -0.1176
       4.827     -0.07965
       4.834     -0.06065
       4.849     -0.02265
       4.857     -0.02265
       4.864    -0.003654
        4.88    -0.003654
       4.887    -0.003654
       4.895      0.03434
       4.902      0.07234
        4.91       0.1103
       4.925       0.1483
       4.932       0.1673
        4.94       0.1863
       4.955       0.1863
       4.963       0.1863
       4.978       0.1483
       4.985       0.1103
       4.993       0.1103
       5.008      0.09134
       5.016      0.07234
       5.031      0.03434
       5.038      0.03434
       5.053    -0.003654
       5.061     -0.02265
       5.069     -0.02265
       5.084     -0.04165
       5.091     -0.02265
       5.106      0.01535
       5.114      0.03434
       5.129      0.05334
       5.137      0.07234
       5.152      0.05334
       5.159      0.05334
       5.174      0.01535
       5.182    -0.003654
       5.197    -0.003654
       5.212     -0.06065
       5.227     -0.09865
       5.235      -0.1176
       5.242      -0.1176
       5.258      -0.1556
       5.265      -0.1746
        5.28      -0.1936
       5.288      -0.1746
       5.303      -0.1176
        5.31     -0.09865
       5.318     -0.06065
       5.326     -0.04165
       5.333    -0.003654
       5.341      0.03434
       5.348      0.05334
       5.363      0.07234
       5.371      0.05334
       5.386      0.05334
       5.394      0.05334
       5.401      0.09134
       5.416       0.1293
       5.424       0.1483
       5.439       0.1673
       5.446       0.1673
       5.462       0.1673
       5.477       0.1103
       5.484      0.09134
       5.499      0.05334
       5.507      0.05334
        5.53      0.07234
       5.545      0.05334
       5.552      0.03434
       5.567    -0.003654
       5.575     -0.04165
       5.583     -0.07965
        5.59      -0.1176
       5.598      -0.1556
       5.605      -0.1746
        5.62      -0.2126
       5.628      -0.2316
       5.635      -0.2316
       5.651      -0.2316
       5.658      -0.2126
       5.666      -0.1746
       5.673      -0.1176
       5.681     -0.07965
       5.688     -0.02265
       5.696      0.01535
       5.703      0.05334
       5.719       0.1103
       5.734       0.1293
       5.741       0.1483
       5.756       0.1293
       5.764       0.1103
       5.779      0.05334
       5.787      0.05334
       5.802      0.07234
       5.809      0.07234
       5.817      0.07234
       5.832      0.05334
        5.84      0.03434
       5.847      0.03434
       5.862     -0.02265
        5.87     -0.06065
       5.885      -0.1176
       5.892      -0.1176
       5.908      -0.1366
       5.915      -0.1366
        5.93      -0.1366
       5.938      -0.1176
       5.953     -0.07965
        5.96     -0.04165
       5.968    -0.003654
       5.976      0.03434
       5.983      0.07234
       5.998       0.1293
       6.006       0.1673
       6.013       0.2053
       6.021       0.2053
       6.036       0.2053
       6.051       0.1863
       6.059       0.1673
       6.074       0.1483
       6.081       0.1483
       6.089       0.1863
       6.104       0.2053
       6.112       0.2053
       6.119       0.1673
       6.127      0.09134
       6.134      0.03434
       6.142     -0.02265
       6.149     -0.06065
       6.165      -0.1176
       6.172      -0.1366
        6.18      -0.1936
       6.195      -0.2316
       6.202      -0.2506
       6.217      -0.2126
       6.225      -0.1936
        6.24      -0.1556
       6.255      -0.1176
       6.263     -0.09865
       6.278     -0.04165
       6.285    -0.003654
       6.301      0.03434
       6.308      0.05334
       6.323      0.09134
       6.331       0.1103
       6.346       0.1673
       6.361       0.1863
       6.369       0.2053
       6.376       0.2053
       6.391       0.1863
       6.399       0.1863
       6.414       0.2053
       6.429       0.1673
       6.437       0.1293
       6.452      0.09134
       6.459      0.09134
       6.474       0.1103
        6.49       0.1293
       6.497       0.1293
       6.505      0.09134
       6.512      0.03434
        6.52     -0.02265
       6.527     -0.06065
       6.535     -0.09865
        6.55      -0.1366
       6.558      -0.1366
       6.573      -0.1746
        6.58      -0.1936
       6.588      -0.1746
       6.603      -0.1556
       6.611      -0.1366
       6.626     -0.09865
       6.633     -0.07965
       6.648     -0.06065
       6.656     -0.06065
       6.671     -0.09865
       6.679      -0.1366
       6.686      -0.1556
       6.701      -0.1936
       6.709      -0.1936
       6.724      -0.1556
       6.731      -0.1176
       6.739     -0.07965
       6.747     -0.04165
       6.762      0.03434
       6.769      0.07234
       6.777       0.1103
       6.784       0.1483
       6.799       0.1863
       6.807       0.1863
       6.815       0.1483
       6.822       0.1103
        6.83      0.09134
       6.845      0.07234
       6.852      0.07234
       6.868      0.03434
       6.875      0.01535
        6.89    -0.003654
       6.898    -0.003654
       6.913    -0.003654
       6.928    -0.003654
       6.936    -0.003654
       6.943     -0.04165
       6.951     -0.07965
       6.958     -0.09865
       6.966      -0.1366
       6.973      -0.1556
       6.988      -0.1746
       6.996      -0.1746
       7.004      -0.1556
       7.019      -0.1366
       7.026     -0.09865
       7.034     -0.07965
       7.041     -0.04165
       7.049      0.01535
       7.056      0.07234
       7.064       0.1483
       7.072       0.2053
       7.087       0.2433
       7.094       0.2433
       7.102       0.2623
       7.117       0.2433
       7.125       0.2243
        7.14       0.1863
       7.147       0.1673
       7.162       0.1483
       7.177       0.1103
       7.185      0.09134
         7.2      0.05334
       7.208      0.03434
       7.215      0.05334
        7.23      0.05334
       7.238      0.05334
       7.245      0.05334
       7.261    -0.003654
       7.268     -0.02265
       7.276     -0.06065
       7.283     -0.09865
       7.291      -0.1366
       7.306      -0.1746
       7.313      -0.1746
       7.329      -0.1366
       7.336     -0.09865
       7.344     -0.07965
       7.351     -0.02265
       7.359      0.05334
       7.366       0.1103
       7.374       0.1483
       7.382       0.1863
       7.389       0.2243
       7.404       0.2243
       7.412       0.2243
       7.427       0.2053
       7.434       0.1863
        7.45       0.1483
       7.457       0.1483
       7.472       0.1103
        7.48      0.07234
       7.495      0.03434
       7.502      0.01535
        7.51     -0.02265
       7.518     -0.06065
       7.525     -0.07965
       7.533      -0.1176
       7.548      -0.1556
       7.555      -0.1746
        7.57      -0.1556
       7.586      -0.1556
       7.593      -0.1556
       7.608      -0.1746
       7.616      -0.1556
       7.623      -0.1366
       7.631     -0.07965
       7.638     -0.04165
       7.646    -0.003654
       7.654      0.05334
       7.661      0.07234
       7.676      0.07234
       7.684      0.05334
       7.699      0.01535
       7.707      0.01535
       7.722      0.01535
       7.729      0.01535
       7.744    -0.003654
       7.759     -0.04165
       7.767     -0.04165
       7.782     -0.07965
        7.79     -0.09865
       7.805      -0.1366
       7.812      -0.1366
       7.827      -0.1556
       7.835      -0.1746
       7.843      -0.1746
       7.858      -0.1936
       7.865      -0.1746
        7.88      -0.1366
       7.888     -0.09865
       7.895     -0.06065
       7.911    -0.003654
       7.918      0.01535
       7.933      0.01535
       7.941      0.01535
       7.956      0.01535
       7.964      0.01535
       7.979      0.03434
       7.986      0.05334
       7.994      0.09134
       8.001       0.1293
       8.016       0.1863
       8.032       0.1863
       8.047       0.1483
       8.054       0.1483
       8.069       0.1103
       8.077      0.09134
       8.084      0.03434
       8.092      0.03434
       8.107     -0.02265
       8.115     -0.02265
        8.13     -0.02265
       8.137    -0.003654
       8.152      0.03434
       8.168      0.01535
       8.175      0.01535
        8.19    -0.003654
       8.198     -0.02265
       8.205     -0.02265
       8.221     -0.02265
       8.228     -0.02265
       8.243      0.01535
       8.258      0.05334
       8.266      0.09134
       8.273       0.1293
       8.289       0.1483
       8.296       0.1483
       8.311       0.1103
       8.319      0.09134
       8.334      0.07234
       8.341      0.07234
       8.357      0.07234
       8.364      0.07234
       8.379      0.07234
       8.387      0.07234
       8.394      0.07234
       8.409      0.05334
       8.417      0.05334
       8.432    -0.003654
        8.44     -0.02265
       8.447     -0.06065
       8.455     -0.09865
        8.47      -0.1556
       8.478      -0.1556
       8.485      -0.1366
         8.5     -0.09865
       8.508     -0.06065
       8.523     -0.04165
        8.53     -0.04165
       8.546     -0.02265
       8.553    -0.003654
       8.561      0.03434
       8.568      0.05334
       8.583      0.07234
       8.591      0.05334
       8.598      0.07234
       8.614      0.05334
       8.621      0.05334
       8.629      0.07234
       8.644       0.1103
       8.651       0.1293
       8.666       0.1483
       8.674       0.1293
       8.682       0.1293
       8.697      0.09134
       8.704      0.05334
       8.712      0.01535
       8.719     -0.02265
       8.727     -0.04165
       8.735     -0.04165
        8.75     -0.02265
       8.757     -0.02265
       8.772    -0.003654
        8.78    -0.003654
       8.787      0.01535
       8.803      0.05334
        8.81      0.05334
       8.825     -0.02265
       8.833     -0.07965
        8.84      -0.1176
       8.855      -0.1556
       8.863      -0.1556
       8.878     -0.09865
       8.893     -0.06065
       8.901     -0.04165
       8.908     -0.02265
       8.923    -0.003654
       8.931      0.01535
       8.946      0.05334
       8.969      0.03434
       8.976      0.01535
