     0.01181     -0.05627
     0.01937      0.08696
     0.01937     0.005115
     0.02693       0.1483
     0.03449       0.2097
     0.04205       0.2506
      0.0496       0.2916
     0.05716        0.312
     0.07228        0.312
     0.07984        0.312
     0.09496        0.312
      0.1025        0.312
      0.1101       0.2711
      0.1176       0.2302
      0.1252       0.1893
      0.1327       0.1279
      0.1403       0.0665
      0.1479     -0.01535
      0.1554     -0.05627
       0.163      -0.1176
      0.1705      -0.1381
      0.1857       -0.179
      0.1932       -0.179
      0.2008      -0.1586
      0.2159      -0.1381
      0.2235     -0.09719
       0.231     -0.05627
      0.2386     -0.03581
      0.2537     0.005115
      0.2612      0.04604
      0.2764       0.0665
      0.2839      0.04604
       0.299     0.005115
      0.3066     -0.01535
      0.3142     -0.01535
      0.3293      0.02558
      0.3444       0.1074
       0.352       0.1279
      0.3671       0.1483
      0.3746       0.1483
      0.3822       0.1483
      0.3973       0.1074
      0.4049       0.1074
      0.4124       0.1074
      0.4275      0.02558
      0.4351     -0.03581
      0.4427     -0.07673
      0.4578     -0.09719
      0.4653     -0.09719
      0.4729     -0.09719
       0.488      -0.1176
      0.4956     -0.09719
      0.5107     -0.07673
      0.5258     -0.07673
      0.5334     -0.05627
      0.5485     -0.03581
       0.556     -0.03581
      0.5712     -0.03581
      0.5863     -0.03581
      0.5938     -0.03581
      0.6014     -0.01535
      0.6165     0.005115
      0.6241      0.02558
      0.6316       0.0665
      0.6392      0.08696
      0.6467       0.1483
      0.6543       0.1893
      0.6694       0.2506
       0.677       0.2506
      0.6921       0.2097
      0.6996       0.1688
      0.7148       0.1483
      0.7223       0.1279
      0.7299       0.1279
       0.745      0.08696
      0.7526       0.0665
      0.7601      0.02558
      0.7677     -0.01535
      0.7752     -0.05627
      0.7828     -0.09719
      0.7979      -0.1381
      0.8055     -0.09719
      0.8206     -0.03581
      0.8281     0.005115
      0.8357      0.02558
      0.8508       0.0665
      0.8584       0.0665
      0.8735     0.005115
      0.8811     -0.01535
      0.8962     -0.03581
      0.9037     -0.03581
      0.9188     -0.03581
      0.9264     -0.01535
      0.9415     0.005115
      0.9491     0.005115
      0.9642     0.005115
      0.9718     0.005115
      0.9869     -0.01535
      0.9944     0.005115
        1.01      0.02558
       1.017      0.04604
       1.025       0.0665
        1.04       0.0665
       1.055      0.08696
        1.07       0.0665
       1.078      0.04604
       1.085      0.04604
         1.1     0.005115
       1.108     -0.01535
       1.123     -0.05627
        1.13     -0.09719
       1.146      -0.1176
       1.153      -0.1176
       1.161     -0.09719
       1.168     -0.05627
       1.176     -0.01535
       1.183      0.02558
       1.191       0.0665
       1.206      0.08696
       1.214      0.08696
       1.229       0.0665
       1.236      0.04604
       1.244      0.04604
       1.259       0.0665
       1.267      0.08696
       1.282      0.08696
       1.289      0.04604
       1.297     0.005115
       1.304     -0.03581
       1.312     -0.07673
       1.319     -0.09719
       1.335      -0.1176
       1.342     -0.09719
        1.35     -0.05627
       1.357     0.005115
       1.365       0.0665
       1.372       0.0665
       1.387       0.0665
       1.403      0.02558
        1.41     0.005115
       1.425     -0.03581
       1.433     -0.05627
       1.448     -0.07673
       1.456     -0.07673
       1.471     -0.09719
       1.478     -0.09719
       1.493     -0.07673
       1.501     -0.05627
       1.508     -0.01535
       1.516      0.04604
       1.524       0.1074
       1.531       0.1688
       1.539       0.2097
       1.546       0.2506
       1.561       0.2711
       1.569       0.2302
       1.576       0.1688
       1.584       0.1074
       1.592       0.0665
       1.599      0.02558
       1.614     -0.03581
       1.629     -0.09719
       1.637      -0.1381
       1.644       -0.179
       1.652      -0.1995
       1.667       -0.179
       1.682      -0.1586
        1.69      -0.1381
       1.697     -0.07673
       1.705     -0.01535
       1.713       0.0665
        1.72       0.1074
       1.728       0.1279
       1.735       0.1483
        1.75       0.1688
       1.758       0.1688
       1.773       0.1688
       1.788       0.1483
       1.796       0.1483
       1.811       0.1074
       1.818      0.08696
       1.833      0.02558
       1.849     -0.01535
       1.856     -0.01535
       1.871     -0.07673
       1.879      -0.1176
       1.886      -0.1381
       1.901      -0.1586
       1.909      -0.1381
       1.924      -0.1176
       1.932     -0.09719
       1.939     -0.05627
       1.947     -0.03581
       1.962      0.04604
        1.97      0.08696
       1.977       0.1279
       1.985       0.1893
       1.992       0.2302
           2       0.2711
       2.015       0.2916
       2.022       0.2916
       2.038       0.2711
       2.045       0.2097
       2.053       0.1688
        2.06       0.1074
       2.068       0.0665
       2.075     0.005115
       2.083     -0.07673
        2.09      -0.1381
       2.098      -0.1586
       2.113      -0.1995
       2.121      -0.1995
       2.136       -0.179
       2.143      -0.1381
       2.158     -0.07673
       2.166     -0.05627
       2.174     -0.01535
       2.181      0.04604
       2.189       0.1074
       2.196       0.1893
       2.204       0.2506
       2.219       0.2506
       2.226       0.2097
       2.234       0.1688
       2.242       0.1279
       2.249      0.08696
       2.264      0.02558
       2.272     0.005115
       2.279     0.005115
       2.295      0.04604
       2.302       0.0665
       2.317      0.08696
       2.325      0.08696
        2.34      0.08696
       2.347      0.08696
       2.363      0.04604
        2.37     0.005115
       2.385      0.04604
       2.393      0.08696
         2.4      0.08696
       2.415       0.0665
       2.423      0.02558
       2.431     -0.01535
       2.438     -0.09719
       2.446      -0.1586
       2.453      -0.1995
       2.468      -0.1995
       2.476      -0.1586
       2.483      -0.1176
       2.491     -0.09719
       2.506     -0.07673
       2.514     -0.05627
       2.529     0.005115
       2.536       0.0665
       2.544       0.1279
       2.552       0.1688
       2.567       0.2302
       2.574       0.2302
       2.582       0.2302
       2.597       0.2302
       2.604       0.2097
       2.612       0.1688
        2.62       0.1279
       2.627      0.04604
       2.635     -0.01535
       2.642     -0.07673
        2.65     -0.09719
       2.665      -0.1176
       2.672     -0.09719
       2.688     -0.05627
       2.695     -0.03581
        2.71      0.04604
       2.718      0.04604
       2.725      0.04604
        2.74     0.005115
       2.748     -0.01535
       2.763     -0.03581
       2.771     -0.03581
       2.786     -0.05627
       2.793     -0.07673
       2.809      -0.1176
       2.816      -0.1381
       2.831     -0.09719
       2.846     -0.01535
       2.854      0.02558
       2.861       0.0665
       2.877       0.1074
       2.884       0.1074
       2.899       0.1074
       2.907       0.1074
       2.922       0.1074
       2.929       0.1074
       2.937       0.1074
       2.952       0.0665
        2.96      0.02558
       2.975     -0.01535
       2.982     -0.01535
       2.997     -0.01535
       3.013     -0.01535
        3.02     0.005115
       3.028      0.04604
       3.035       0.0665
        3.05      0.02558
       3.058     -0.01535
       3.066     -0.05627
       3.081     -0.09719
       3.088     -0.09719
       3.096     -0.09719
       3.111     -0.07673
       3.118     -0.05627
       3.134     -0.01535
       3.141     0.005115
       3.156      0.04604
       3.164       0.0665
       3.171      0.08696
       3.186       0.0665
       3.194       0.0665
       3.209       0.0665
       3.217       0.0665
       3.232       0.1074
       3.247       0.1279
       3.254       0.1279
       3.262       0.1279
       3.277       0.0665
       3.292      0.02558
         3.3     0.005115
       3.315      0.02558
       3.323      0.02558
       3.338     -0.01535
       3.345     -0.05627
        3.36     -0.09719
       3.368      -0.1176
       3.383      -0.1381
       3.391      -0.1381
       3.398     -0.09719
       3.413     -0.03581
       3.421     0.005115
       3.428       0.0665
       3.436       0.1074
       3.443       0.1279
       3.459       0.1688
       3.474       0.1279
       3.481       0.1074
       3.489       0.0665
       3.496      0.04604
       3.504     0.005115
       3.511     -0.03581
       3.519     -0.09719
       3.527      -0.1176
       3.542      -0.1381
       3.549      -0.1176
       3.564     -0.05627
       3.572     -0.01535
       3.587       0.0665
       3.595      0.08696
       3.602       0.1279
        3.61       0.1688
       3.625       0.1893
       3.632       0.1483
        3.64       0.1074
       3.648       0.0665
       3.655      0.02558
       3.663     0.005115
       3.678     -0.03581
       3.685     -0.05627
       3.693     -0.05627
       3.708     -0.05627
       3.716     -0.01535
       3.731     0.005115
       3.738     0.005115
       3.746     0.005115
       3.761     -0.01535
       3.768     -0.03581
       3.784     -0.01535
       3.799     0.005115
       3.806     0.005115
       3.821     0.005115
       3.829     0.005115
       3.852     0.005115
       3.859      0.04604
       3.867       0.1074
       3.874       0.1688
       3.882       0.2097
       3.897       0.2506
       3.905       0.1893
       3.912       0.1483
        3.92      0.08696
       3.927      0.02558
       3.935     -0.03581
       3.942     -0.09719
       3.957      -0.1176
       3.965      -0.1176
       3.973     -0.09719
       3.988     -0.03581
       3.995     0.005115
       4.003       0.0665
       4.018      0.08696
       4.025      0.08696
       4.041      0.08696
       4.048      0.08696
       4.063      0.04604
       4.071     0.005115
       4.086     -0.05627
       4.093     -0.05627
       4.109     -0.07673
       4.116     -0.05627
       4.131     -0.01535
       4.139     0.005115
       4.146      0.04604
       4.154       0.0665
       4.162      0.08696
       4.177       0.1688
       4.184       0.1893
       4.199       0.1893
       4.207       0.1688
       4.214       0.1074
       4.222       0.0665
        4.23     0.005115
       4.245     -0.03581
       4.252     -0.05627
        4.26     -0.09719
       4.267      -0.1176
       4.282      -0.1176
        4.29     -0.09719
       4.298     -0.07673
       4.305     -0.03581
        4.32       0.0665
       4.328       0.1074
       4.335       0.1279
        4.35       0.1688
       4.358       0.1688
       4.366       0.1483
       4.381       0.1074
       4.388       0.1074
       4.403       0.1074
       4.411       0.1074
       4.419       0.1074
       4.426       0.0665
       4.434     0.005115
       4.441     -0.05627
       4.449      -0.1176
       4.456      -0.1586
       4.464      -0.1995
       4.479      -0.2404
       4.487      -0.2404
       4.494      -0.1995
       4.509      -0.1381
       4.517     -0.09719
       4.532     -0.03581
       4.539     -0.01535
       4.555      0.04604
        4.57      0.08696
       4.577      0.08696
       4.592      0.08696
         4.6      0.08696
       4.615      0.08696
        4.63      0.02558
       4.638     -0.01535
       4.645     -0.03581
        4.66     -0.03581
       4.668     -0.01535
       4.676     0.005115
       4.683      0.04604
       4.691      0.08696
       4.706      0.08696
       4.713       0.0665
       4.721       0.0665
       4.736       0.0665
       4.744       0.0665
       4.759      0.04604
       4.766      0.02558
       4.774     -0.01535
       4.781     -0.05627
       4.789     -0.09719
       4.804      -0.1586
       4.812      -0.1381
       4.819     -0.09719
       4.827     -0.03581
       4.834     0.005115
       4.842      0.04604
       4.849      0.08696
       4.857       0.1074
       4.872       0.1688
        4.88       0.1688
       4.887       0.1279
       4.902       0.0665
        4.91      0.04604
       4.925     0.005115
       4.932      0.02558
       4.948      0.04604
       4.955      0.04604
        4.97      0.02558
       4.978      0.04604
       4.985       0.0665
       5.001       0.1074
       5.008       0.1074
       5.023       0.1074
       5.031       0.1074
       5.046       0.0665
       5.053      0.02558
       5.061     -0.01535
       5.069     -0.03581
       5.084     -0.07673
       5.091     -0.05627
       5.106     -0.05627
       5.114     -0.05627
       5.121     -0.05627
       5.137     -0.07673
       5.144     -0.07673
       5.152     -0.03581
       5.167     0.005115
       5.174      0.02558
       5.189     0.005115
       5.197     0.005115
       5.212      0.02558
        5.22      0.02558
       5.235      0.02558
       5.242      0.02558
       5.258     0.005115
       5.265      0.02558
        5.28      0.04604
       5.288       0.0665
       5.303       0.1074
        5.31       0.1074
       5.326      0.08696
       5.341     0.005115
       5.348     -0.03581
       5.363     -0.09719
       5.371     -0.09719
       5.378     -0.05627
       5.386     -0.01535
       5.394      0.02558
       5.409      0.02558
       5.416     0.005115
       5.431     -0.03581
       5.446     -0.07673
       5.462     -0.01535
       5.469     0.005115
       5.477      0.04604
       5.484      0.08696
       5.492       0.1279
       5.499       0.1688
       5.515       0.2097
       5.522       0.2097
       5.537       0.1483
       5.545       0.1074
       5.552      0.04604
        5.56     -0.01535
       5.567     -0.05627
       5.575     -0.07673
        5.59     -0.09719
       5.598     -0.07673
       5.613     -0.05627
        5.62     -0.05627
       5.643     -0.03581
       5.651     -0.01535
       5.658      0.02558
       5.666       0.0665
       5.673      0.08696
       5.681       0.1074
       5.688       0.1483
       5.696       0.1688
       5.703       0.1688
       5.711       0.1074
       5.719      0.04604
       5.726     -0.01535
       5.734     -0.05627
       5.741     -0.07673
       5.749     -0.05627
       5.756     -0.01535
       5.764       0.0665
       5.772       0.1074
       5.779       0.1279
       5.794       0.1483
       5.802       0.1483
       5.817      0.08696
       5.832      0.02558
        5.84     0.005115
       5.855     -0.01535
       5.862     -0.01535
        5.87     -0.01535
       5.885     -0.03581
       5.892     -0.03581
       5.908     -0.03581
       5.923     -0.01535
        5.93     0.005115
       5.945     0.005115
       5.953     0.005115
       5.968     -0.03581
       5.976     -0.05627
       5.991     -0.09719
       5.998     -0.09719
       6.013     -0.05627
       6.029     -0.03581
       6.044     -0.03581
       6.059     -0.03581
       6.066     -0.01535
       6.081      0.02558
       6.089       0.0665
       6.097       0.1279
       6.104       0.1688
       6.112       0.2097
       6.127       0.2097
       6.134       0.1893
       6.149       0.1483
       6.157       0.1279
       6.165       0.1074
       6.172       0.0665
        6.18      0.02558
       6.187     -0.03581
       6.202     -0.07673
        6.21     -0.09719
       6.225     -0.09719
        6.24      -0.1176
       6.248     -0.09719
       6.255     -0.05627
       6.263     -0.01535
       6.278     0.005115
       6.285     0.005115
       6.301     0.005115
       6.308     0.005115
       6.323     -0.01535
       6.331     -0.01535
       6.338     0.005115
       6.346      0.02558
       6.361       0.1074
       6.369       0.1279
       6.384       0.1483
       6.391       0.1483
       6.399       0.1483
       6.414       0.1279
       6.422       0.1279
       6.437       0.1074
       6.444      0.08696
       6.452      0.04604
       6.459     0.005115
       6.467     -0.05627
       6.474      -0.1176
       6.482      -0.1586
        6.49      -0.1995
       6.505      -0.1995
       6.512      -0.1586
        6.52     -0.09719
       6.527     -0.05627
       6.535     -0.01535
        6.55     0.005115
       6.558     0.005115
       6.565     0.005115
        6.58     -0.01535
       6.588     -0.01535
       6.603     -0.03581
       6.611     -0.03581
       6.626     0.005115
       6.633      0.02558
       6.641      0.04604
       6.656      0.04604
       6.663       0.0665
       6.679       0.1074
       6.686       0.1688
       6.694       0.2097
       6.701       0.2506
       6.716       0.2506
       6.724       0.2302
       6.731       0.2302
       6.747       0.1688
       6.754       0.1279
       6.762       0.0665
       6.769      0.02558
       6.777     -0.03581
       6.784     -0.09719
       6.799      -0.1586
       6.807       -0.179
       6.822      -0.2199
        6.83      -0.2404
       6.845       -0.179
       6.852      -0.1176
        6.86     -0.05627
       6.868      0.02558
       6.875       0.0665
       6.883       0.1279
        6.89       0.1279
       6.905       0.1688
       6.913       0.1893
       6.928       0.1483
       6.936       0.1279
       6.951      0.08696
       6.958      0.08696
       6.966      0.08696
       6.981      0.04604
       6.988      0.02558
       7.004     -0.01535
       7.011     -0.03581
       7.026     -0.03581
       7.041     -0.07673
       7.049      -0.1176
       7.064      -0.1586
       7.072      -0.1381
       7.087     -0.07673
       7.094     -0.03581
       7.109     0.005115
       7.117     0.005115
       7.132       0.0665
       7.147       0.1074
       7.155       0.1483
       7.162       0.1893
       7.177       0.2097
       7.185       0.2097
         7.2       0.1688
       7.208       0.1483
       7.215       0.1074
       7.223       0.0665
        7.23     -0.01535
       7.238     -0.05627
       7.245      -0.1176
       7.261      -0.1586
       7.268      -0.1586
       7.283      -0.1586
       7.291      -0.1586
       7.298      -0.1381
       7.313     -0.09719
       7.321     -0.01535
       7.329      0.04604
       7.336       0.1279
       7.344       0.1688
       7.359       0.1893
       7.366       0.1893
       7.374       0.1483
       7.382       0.1279
       7.389      0.08696
       7.397       0.0665
       7.412     0.005115
       7.419     0.005115
       7.427     0.005115
       7.442     -0.05627
        7.45     -0.09719
       7.457      -0.1176
       7.472      -0.1381
        7.48     -0.09719
       7.487     -0.05627
       7.495     -0.01535
       7.502      0.02558
        7.51       0.0665
       7.525      0.08696
       7.533       0.0665
       7.548     0.005115
       7.555     -0.01535
        7.57     0.005115
       7.586      0.04604
       7.593      0.04604
       7.601      0.04604
       7.616     0.005115
       7.623     -0.03581
       7.638     -0.07673
       7.646     -0.09719
       7.661     -0.05627
       7.669     0.005115
       7.676       0.0665
       7.684      0.08696
       7.699      0.08696
       7.707      0.04604
       7.714     0.005115
       7.722     -0.01535
       7.737     0.005115
       7.744      0.04604
       7.759       0.0665
       7.767      0.04604
       7.782      0.04604
        7.79      0.04604
       7.805      0.04604
       7.812       0.0665
       7.827       0.1074
       7.835       0.1074
       7.843       0.1483
       7.858       0.1279
       7.865       0.1074
       7.873      0.08696
       7.888      0.04604
       7.895     0.005115
       7.903     0.005115
       7.918     -0.03581
       7.926     -0.05627
       7.933     -0.05627
       7.948     -0.03581
       7.956     -0.03581
       7.964     0.005115
       7.979       0.0665
       7.986      0.08696
       8.001      0.08696
       8.009      0.08696
       8.024       0.0665
       8.039      0.04604
       8.047      0.02558
       8.054     -0.03581
       8.062     -0.09719
       8.069      -0.1586
       8.084       -0.179
       8.092       -0.179
         8.1      -0.1381
       8.115     -0.07673
       8.122     -0.03581
        8.13      0.02558
       8.137      0.08696
       8.145       0.1279
        8.16       0.1688
       8.168       0.1688
       8.183       0.1688
        8.19       0.1688
       8.205       0.1483
       8.213       0.1074
       8.221       0.0665
       8.228      0.02558
       8.236     0.005115
       8.251     -0.01535
       8.258     0.005115
       8.266      0.04604
       8.281      0.04604
       8.289      0.02558
       8.304     0.005115
       8.311      0.02558
       8.326       0.0665
       8.334      0.08696
       8.349      0.08696
       8.364      0.02558
       8.379     0.005115
       8.387     0.005115
       8.394      0.04604
       8.402       0.0665
       8.417      0.08696
       8.425      0.08696
        8.44      0.04604
       8.447      0.02558
       8.462      0.02558
        8.47      0.02558
       8.485     -0.03581
       8.493     -0.05627
       8.508     -0.09719
       8.515     -0.09719
       8.523     -0.09719
       8.538      -0.1176
       8.546      -0.1176
       8.553      -0.1176
       8.568      -0.1176
       8.576      -0.1176
       8.583     -0.07673
       8.598     -0.03581
       8.606     -0.01535
       8.621      0.02558
       8.629      0.04604
       8.644      0.08696
       8.659       0.1279
       8.666       0.1688
       8.682       0.1688
       8.689       0.1483
       8.697       0.1074
       8.704       0.0665
       8.712      0.02558
       8.727     -0.01535
       8.735     -0.03581
       8.742     -0.03581
       8.757     -0.07673
       8.765      -0.1176
        8.78      -0.1586
       8.787       -0.179
       8.795      -0.1586
       8.803      -0.1381
        8.81     -0.09719
       8.818     -0.07673
       8.825      0.02558
       8.833       0.0665
        8.84       0.1074
       8.848       0.1483
       8.855       0.2097
       8.863       0.2506
       8.871       0.2916
       8.886       0.2711
       8.893       0.2097
       8.901       0.1688
       8.908       0.1483
       8.916       0.1074
       8.931      0.04604
       8.939      0.02558
       8.954      0.02558
       8.969     -0.01535
       8.976     -0.01535
