     0.01186     -0.03794
     0.01942      0.03794
     0.01942   4.441e-016
     0.02699       0.1518
     0.02699      0.09485
     0.03455       0.2466
     0.03455       0.1897
     0.04212       0.3604
     0.04212       0.3035
     0.04968       0.4173
     0.05725       0.5312
     0.05725       0.4932
     0.07994       0.5691
     0.08751       0.5312
     0.08751       0.4932
     0.09507       0.4553
     0.09507       0.3794
      0.1026       0.3035
      0.1026       0.1897
      0.1102      0.09485
      0.1102     -0.03794
      0.1178      -0.1328
      0.1178      -0.2466
      0.1253      -0.3415
      0.1253      -0.4173
      0.1329      -0.4743
      0.1405      -0.5691
      0.1707      -0.5691
      0.1859      -0.3415
      0.1859      -0.4173
      0.1934      -0.2276
      0.1934      -0.2846
       0.201      -0.1138
       0.201      -0.1707
      0.2085     -0.01897
      0.2085     -0.07588
      0.2161      0.05691
      0.2237       0.1138
      0.2312       0.2466
      0.2388       0.3225
      0.2388       0.2846
      0.2464       0.3604
      0.2539       0.3604
      0.2691       0.2656
      0.2691       0.2087
      0.2766       0.1707
      0.2766       0.1328
      0.2993   4.441e-016
      0.3069     -0.07588
      0.3069      -0.1138
      0.3145      -0.1518
       0.322      -0.2276
       0.322      -0.2656
      0.3523      -0.2846
      0.3598      -0.2087
      0.3674      -0.1518
      0.3674      -0.1897
      0.3901     -0.03794
      0.4204      0.07588
      0.4279       0.1328
      0.4355       0.2466
      0.4355       0.2087
      0.4658       0.3415
      0.4733       0.2466
      0.4809       0.1897
      0.4884       0.1897
      0.5187       0.3604
      0.5338       0.3604
      0.5414       0.3035
      0.5414       0.2466
       0.549       0.2087
       0.549       0.1328
      0.5565      0.05691
      0.5565     -0.01897
      0.5641     -0.09485
      0.5641      -0.1897
      0.5717      -0.2846
      0.5717      -0.3604
      0.5868      -0.5501
      0.5868      -0.5881
      0.6095      -0.5501
      0.6246      -0.4363
      0.6246      -0.4743
      0.6322      -0.3604
      0.6322      -0.3984
      0.6397      -0.2466
      0.6397      -0.3035
      0.6473     -0.09485
      0.6473      -0.1707
      0.6549      0.05691
      0.6549     -0.03794
      0.6624       0.2087
      0.6624       0.1328
        0.67       0.3415
        0.67       0.2656
      0.6776       0.4553
      0.6776       0.3984
      0.6851       0.5312
      0.7078       0.5312
      0.7154       0.4743
       0.723       0.4173
      0.7305       0.3984
      0.7381       0.3225
      0.7457       0.2846
      0.7532       0.2087
      0.7608       0.1328
      0.7683      0.07588
      0.7683   4.441e-016
      0.7835      -0.2087
      0.7835      -0.3225
       0.791      -0.4173
       0.791      -0.5122
      0.7986      -0.5881
      0.7986       -0.664
      0.8213       -0.607
      0.8289      -0.5501
      0.8364      -0.3794
      0.8364      -0.4363
       0.844      -0.2846
       0.844      -0.3415
      0.8516      -0.1897
      0.8516      -0.2466
      0.8591     -0.07588
      0.8591      -0.1328
      0.8667      0.03794
      0.8667     -0.01897
      0.8743      0.07588
      0.8818       0.1518
      0.9045       0.2087
      0.9121       0.1897
      0.9196       0.1518
      0.9272      0.07588
      0.9877      0.03794
      0.9877   4.441e-016
       1.003       0.1328
       1.026      0.09485
       1.026      0.05691
       1.033   4.441e-016
       1.041     -0.01897
       1.041     -0.05691
       1.063      -0.1138
       1.079      -0.1328
       1.116      -0.2846
       1.131      -0.1328
       1.131      -0.1897
       1.139   4.441e-016
       1.139     -0.07588
       1.147       0.1328
       1.147      0.05691
       1.154       0.2656
       1.154       0.1897
       1.162       0.3984
       1.162       0.3225
       1.169       0.4553
       1.184        0.607
         1.2        0.645
       1.222       0.4932
        1.23       0.4173
       1.237       0.3604
       1.245       0.3415
       1.245       0.3035
       1.253       0.2656
       1.253       0.2276
        1.26       0.1897
        1.26       0.1328
       1.268      0.09485
       1.275     -0.03794
       1.275      -0.1138
       1.283      -0.1897
       1.283      -0.2656
        1.29      -0.3415
        1.29      -0.4173
       1.298      -0.4553
       1.298      -0.5122
       1.305      -0.5501
       1.313      -0.5881
       1.328      -0.5312
       1.328      -0.5691
       1.336      -0.4363
       1.343      -0.3225
       1.343      -0.3794
       1.351      -0.2087
       1.351      -0.2656
       1.358      -0.1138
       1.358      -0.1707
       1.366     -0.01897
       1.366     -0.07588
       1.381      0.07588
       1.389       0.1138
       1.464     -0.05691
       1.464     -0.09485
       1.472      -0.1328
       1.472      -0.1707
       1.479      -0.2276
       1.487      -0.2276
        1.51     -0.09485
        1.51      -0.1328
       1.517     -0.07588
       1.532      0.03794
        1.54       0.1328
        1.54      0.09485
       1.548       0.1897
       1.548       0.1518
       1.555       0.2087
       1.563       0.2466
       1.585       0.2656
       1.593       0.2846
       1.616       0.3415
       1.623       0.3035
       1.623       0.2656
       1.631       0.2087
       1.631       0.1518
       1.638      0.09485
       1.646     -0.01897
       1.653     -0.09485
       1.661      -0.1707
       1.661      -0.2087
       1.669      -0.2466
       1.669      -0.2846
       1.676      -0.3604
       1.699      -0.3794
       1.699      -0.4173
       1.706      -0.2656
       1.706      -0.3415
       1.714      -0.1328
       1.714      -0.2087
       1.722     -0.01897
       1.722     -0.07588
       1.729      0.09485
       1.729      0.03794
       1.737       0.1328
       1.744       0.2466
       1.744       0.2087
       1.752       0.3035
       1.759       0.3225
       1.782       0.1707
        1.79       0.1518
        1.79       0.1138
       1.797      0.09485
       1.812     -0.01897
        1.82     -0.03794
       1.827     -0.09485
       1.827      -0.1328
       1.835      -0.1707
       1.835      -0.2087
       1.843      -0.2466
        1.85      -0.3415
       1.865      -0.2466
       1.865      -0.3035
       1.873     -0.09485
       1.873      -0.1897
        1.88      0.09485
        1.88     -0.01897
       1.888       0.2656
       1.888       0.1707
       1.896       0.3984
       1.896       0.3415
       1.903       0.4932
       1.903       0.4553
       1.918       0.5312
       1.948       0.3984
       1.948       0.3415
       1.956       0.2846
       1.956       0.2276
       1.964       0.1707
       1.964       0.1138
       1.979     -0.05691
       1.979      -0.1138
       1.986      -0.1518
       1.986      -0.2087
       1.994      -0.2656
       1.994      -0.3225
       2.001      -0.3604
       2.009      -0.4363
       2.024      -0.5501
       2.039      -0.5312
       2.047      -0.4743
       2.054      -0.3984
       2.054      -0.4553
       2.062      -0.2846
       2.062      -0.3604
        2.07      -0.1518
        2.07      -0.2276
       2.077   4.441e-016
       2.077     -0.07588
       2.085       0.1518
       2.085      0.07588
       2.092       0.3035
       2.092       0.2276
         2.1       0.4173
         2.1       0.3604
       2.115       0.4553
       2.122       0.4363
       2.122       0.3984
        2.13       0.3225
       2.145       0.1897
       2.153       0.1518
       2.153       0.1138
        2.16      0.07588
       2.168     -0.01897
       2.168     -0.07588
       2.183      -0.1897
       2.191      -0.2846
       2.206      -0.3035
       2.213      -0.3225
       2.228      -0.2656
       2.236      -0.2087
       2.236      -0.2466
       2.244      -0.1897
       2.251     -0.03794
       2.251     -0.09485
       2.259       0.1138
       2.259   4.441e-016
       2.266       0.2656
       2.266       0.1897
       2.274       0.3984
       2.274       0.3225
       2.281       0.4743
       2.281       0.4363
       2.304       0.3984
       2.304       0.3604
       2.312       0.3035
       2.312       0.2276
       2.319       0.1707
       2.319      0.09485
       2.327      0.05691
       2.327   4.441e-016
       2.334     -0.05691
       2.342     -0.09485
       2.365      -0.1328
        2.38      -0.1518
       2.425      -0.1707
       2.433      -0.1328
        2.44     -0.05691
       2.448     -0.03794
        2.47       0.1707
        2.47       0.1328
       2.478       0.2276
       2.478       0.1897
       2.501       0.2846
       2.508       0.2656
       2.508       0.2276
       2.516       0.1897
       2.516       0.1328
       2.523      0.09485
       2.523      0.05691
       2.554      -0.1518
       2.569      -0.2087
       2.584      -0.2276
       2.599      -0.1707
       2.607      -0.1328
       2.644      0.07588
       2.675      0.09485
       2.682       0.1707
       2.682       0.1328
        2.69       0.2656
        2.69       0.2087
       2.697       0.3604
       2.697       0.3035
       2.705       0.3794
       2.713       0.4173
        2.72       0.3604
       2.728       0.3415
       2.728       0.2846
       2.735       0.2466
       2.735       0.1897
       2.743       0.1518
       2.743       0.1138
        2.75      0.09485
       2.765      0.03794
       2.781      0.05691
       2.796       0.1328
       2.849       0.2276
       2.856       0.2466
       2.887       0.2087
       2.887       0.1518
       2.894      0.09485
       2.894   4.441e-016
       2.902     -0.07588
       2.902      -0.1897
       2.909      -0.3225
       2.909      -0.4363
       2.917      -0.5122
       2.917       -0.626
       2.924      -0.6829
       2.924      -0.7588
       2.939      -0.8347
       2.955      -0.7967
       2.962      -0.7778
        2.97       -0.645
        2.97      -0.6829
       2.985      -0.3984
       2.985      -0.4743
       2.992      -0.2656
       2.992      -0.3415
           3     -0.07588
           3      -0.1707
       3.008      0.09485
       3.008   4.441e-016
       3.015       0.2846
       3.015       0.1897
       3.023       0.4363
       3.023       0.3604
        3.03       0.5312
        3.03       0.4932
       3.053       0.5881
       3.061        0.607
       3.106       0.4553
       3.106       0.3984
       3.113       0.3225
       3.113       0.2276
       3.121       0.1328
       3.121      0.03794
       3.129     -0.03794
       3.129      -0.1328
       3.136      -0.1897
       3.136      -0.2466
       3.144      -0.3415
       3.197      -0.3604
       3.204      -0.2656
       3.212      -0.1707
       3.212      -0.2276
       3.219     -0.07588
       3.219      -0.1328
       3.227   4.441e-016
       3.235      0.05691
        3.28       0.1897
       3.287       0.1897
       3.318       0.1328
       3.333      0.05691
        3.34     -0.03794
       3.348     -0.07588
       3.348      -0.1328
       3.356      -0.1707
       3.363      -0.2656
       3.378      -0.2656
       3.386      -0.1707
       3.393     -0.07588
       3.393      -0.1328
       3.401     -0.03794
       3.409      0.05691
       3.416       0.1707
       3.416       0.1328
       3.424       0.2276
       3.424       0.1897
       3.431       0.2846
       3.431       0.2466
       3.446       0.3415
       3.469       0.3794
       3.477       0.3794
       3.477       0.3415
       3.484       0.3035
       3.484       0.2466
       3.492       0.1897
       3.492      0.09485
       3.499   4.441e-016
       3.499     -0.07588
       3.507      -0.1518
       3.507      -0.2276
       3.514      -0.2846
       3.514      -0.3225
       3.545      -0.5501
        3.56      -0.5691
       3.567      -0.4743
       3.582      -0.2656
       3.582      -0.3225
        3.59      -0.1328
        3.59      -0.1897
       3.598   4.441e-016
       3.598     -0.07588
       3.605       0.1138
       3.605      0.05691
       3.613       0.2466
       3.613       0.1707
        3.62       0.3604
        3.62       0.2846
       3.628       0.4553
       3.628       0.3984
       3.643       0.5312
       3.658       0.5312
       3.673       0.4553
       3.681       0.4173
       3.696       0.3415
       3.696       0.2846
       3.704       0.2466
       3.704       0.1518
       3.711      0.07588
       3.711     -0.01897
       3.719      -0.1138
       3.719      -0.1897
       3.726      -0.2656
       3.726      -0.3225
       3.764      -0.2466
       3.802      -0.1518
       3.809     -0.09485
       3.809      -0.1328
       3.817   4.441e-016
       3.817     -0.05691
       3.825       0.1138
       3.825      0.05691
       3.832       0.2087
       3.832       0.1518
        3.84       0.2846
        3.84       0.2466
       3.862       0.3415
        3.87       0.2466
       3.878       0.2087
       3.878       0.1328
       3.885      0.07588
       3.885     -0.01897
       3.893     -0.09485
       3.893      -0.1707
         3.9      -0.2276
         3.9      -0.2846
       3.915      -0.3225
       3.938      -0.1707
       3.938      -0.2087
       3.946     -0.07588
       3.946      -0.1328
       3.953     -0.03794
       3.961       0.1138
       3.968       0.1897
       3.968       0.1518
       3.991       0.3225
       4.006       0.3415
       4.014       0.3225
       4.021       0.2846
       4.021       0.2466
       4.029       0.2087
       4.029       0.1707
       4.036       0.1138
       4.036      0.05691
       4.044   4.441e-016
       4.044     -0.09485
       4.052      -0.1707
       4.052      -0.2466
       4.059      -0.3225
       4.059      -0.3984
       4.067      -0.4553
       4.074      -0.5312
       4.082      -0.5691
       4.104      -0.5122
        4.12      -0.3984
        4.12      -0.4363
       4.127      -0.3035
       4.127      -0.3604
       4.135      -0.2087
       4.135      -0.2656
       4.142     -0.09485
       4.142      -0.1518
        4.15     -0.03794
       4.157       0.1138
       4.157      0.07588
       4.165       0.2087
       4.165       0.1707
       4.195       0.3035
       4.203       0.2656
       4.218       0.2087
       4.226       0.1897
       4.226       0.1518
       4.233       0.1138
       4.233      0.05691
       4.241   4.441e-016
       4.241     -0.05691
       4.256      -0.1138
       4.263     -0.07588
       4.271   4.441e-016
       4.271     -0.03794
       4.278      0.07588
       4.286       0.1518
       4.286       0.1138
       4.294       0.2276
       4.301       0.3035
       4.301       0.2656
       4.309       0.3984
       4.309       0.3415
       4.316       0.4932
       4.316       0.4363
       4.339       0.5881
       4.339       0.5501
       4.347       0.4553
       4.354       0.3794
       4.354       0.2846
       4.362       0.1897
       4.362      0.09485
       4.369   4.441e-016
       4.369     -0.09485
       4.384      -0.2656
       4.392      -0.3604
         4.4      -0.3604
       4.422      -0.4173
       4.452      -0.4363
        4.46      -0.3984
       4.468      -0.3225
       4.475      -0.2466
       4.483      -0.1518
       4.483      -0.2087
        4.49     -0.07588
        4.49      -0.1138
       4.498     -0.03794
       4.505      0.07588
       4.505      0.03794
       4.513       0.1518
       4.521       0.2087
       4.521       0.1707
       4.528       0.2276
       4.536       0.2656
       4.543       0.3225
       4.589       0.3415
       4.596       0.3035
       4.604       0.2466
       4.611       0.1897
       4.611       0.1328
       4.619      0.07588
       4.619     -0.01897
       4.626     -0.09485
       4.626      -0.1897
       4.634      -0.2656
       4.634      -0.3604
       4.642      -0.4363
       4.649      -0.5312
       4.664      -0.5312
       4.672      -0.3984
       4.672      -0.4553
       4.679      -0.3225
       4.679      -0.3604
       4.687      -0.2276
       4.687      -0.2846
       4.695      -0.1328
       4.695      -0.1897
       4.702   4.441e-016
       4.702     -0.07588
        4.71       0.1518
        4.71      0.07588
       4.717       0.2656
       4.717       0.2087
       4.725       0.3035
       4.732       0.3604
       4.747       0.3225
       4.747       0.2656
       4.755       0.2276
       4.755       0.1707
       4.763       0.1328
       4.763      0.07588
       4.778     -0.05691
       4.793     -0.07588
       4.808      0.05691
       4.846   4.441e-016
       4.861      0.03794
       4.884      0.09485
       4.906       0.1328
       4.929       0.1328
       4.967     -0.01897
       4.982     -0.01897
       5.005      0.05691
       5.012      0.09485
        5.02       0.1707
       5.027       0.2087
       5.035       0.3225
       5.035       0.2846
       5.043       0.3415
        5.05       0.3794
       5.065       0.3225
       5.073       0.2466
        5.08       0.1897
        5.08       0.1328
       5.088      0.07588
       5.088   4.441e-016
       5.095     -0.03794
       5.095     -0.09485
       5.103      -0.1328
       5.103      -0.1707
       5.118      -0.2276
       5.126      -0.2656
       5.164      -0.2276
       5.164      -0.2656
       5.179      -0.1328
       5.186     -0.03794
       5.194      0.09485
       5.194      0.03794
       5.201       0.1328
       5.209       0.2466
       5.209       0.2087
       5.217       0.3225
       5.217       0.2846
       5.247       0.3415
       5.254       0.3035
       5.262       0.2466
       5.277       0.2087
       5.285       0.1328
       5.292      0.07588
         5.3      0.05691
       5.315     -0.05691
       5.322     -0.07588
       5.322      -0.1138
        5.33      -0.1518
        5.33      -0.2087
       5.338      -0.2466
       5.338      -0.3035
       5.345      -0.3415
        5.36      -0.3984
       5.368      -0.3035
       5.368      -0.3415
       5.383      -0.1138
       5.383      -0.1707
       5.398     -0.01897
       5.413      0.09485
       5.421       0.1707
       5.436       0.2087
       5.451       0.2466
       5.481       0.3225
       5.481       0.2846
       5.489       0.2087
       5.489       0.1328
       5.496      0.03794
       5.496   4.441e-016
       5.496     -0.07588
       5.504      -0.1897
       5.504      -0.2846
       5.512      -0.3794
       5.512      -0.4553
       5.519      -0.5122
       5.519      -0.5501
       5.527      -0.5691
       5.542      -0.4553
       5.542      -0.5122
       5.549      -0.3604
       5.549      -0.4173
       5.557      -0.3035
       5.565      -0.1707
       5.565      -0.2276
        5.58     -0.01897
        5.58     -0.05691
       5.587   4.441e-016
       5.595      0.09485
        5.61       0.1518
       5.633       0.2087
       5.648       0.2656
       5.655       0.2276
       5.663       0.2087
       5.663       0.1518
        5.67       0.1138
        5.67      0.05691
       5.678   4.441e-016
       5.678     -0.07588
       5.686      -0.1328
       5.686      -0.1897
       5.693      -0.2466
       5.723      -0.2656
       5.754     -0.09485
       5.761     -0.01897
       5.761     -0.05691
       5.776       0.1518
       5.776       0.1138
       5.784       0.2656
       5.784       0.2087
       5.791       0.3604
       5.791       0.3225
       5.799       0.4363
       5.799       0.3984
       5.807       0.4743
       5.822       0.4173
       5.822       0.3604
       5.829       0.3035
       5.829       0.2276
       5.837       0.1707
       5.837      0.07588
       5.844   4.441e-016
       5.844     -0.07588
       5.852      -0.1518
       5.852      -0.2276
        5.86      -0.3225
        5.86      -0.3984
       5.867      -0.4363
       5.875      -0.5122
       5.905      -0.3794
       5.912      -0.3415
        5.92      -0.2466
        5.92      -0.2846
       5.928      -0.1328
       5.928      -0.1897
       5.935   4.441e-016
       5.935     -0.07588
       5.943       0.1518
       5.943      0.07588
        5.95       0.2846
        5.95       0.2087
       5.958       0.3984
       5.958       0.3415
       5.965       0.4553
       5.988        0.664
       6.003       0.5881
       6.011       0.5501
       6.011       0.4932
       6.018       0.4553
       6.018       0.3794
       6.026       0.3225
       6.026       0.2276
       6.034       0.1707
       6.034      0.09485
       6.041      0.03794
       6.041     -0.01897
       6.049     -0.07588
       6.049      -0.1328
       6.056      -0.1897
       6.064      -0.2656
       6.064      -0.3035
       6.071      -0.3225
       6.094      -0.2087
       6.094      -0.2656
       6.102     -0.09485
       6.102      -0.1707
       6.109   4.441e-016
       6.109     -0.05691
       6.117      0.09485
       6.117      0.05691
       6.124       0.1707
       6.124       0.1328
       6.132       0.2087
       6.147       0.1707
       6.155       0.1138
       6.162      0.07588
       6.162      0.03794
       6.192     -0.07588
       6.192      -0.1138
         6.2      -0.1518
         6.2      -0.2087
       6.208      -0.2656
       6.208      -0.3415
       6.215      -0.3984
       6.215      -0.4553
        6.23      -0.4553
       6.238      -0.3604
       6.238      -0.4173
       6.245      -0.1897
       6.245      -0.2846
       6.253     -0.03794
       6.253      -0.1138
        6.26       0.1138
        6.26      0.03794
       6.268       0.2466
       6.268       0.1707
       6.276       0.3604
       6.276       0.3035
       6.283       0.4363
       6.283       0.3984
       6.291       0.4932
       6.313       0.4743
       6.321       0.4173
       6.329       0.3794
       6.344       0.2846
       6.351       0.2656
       6.359       0.1897
       6.366       0.1707
       6.366       0.1328
       6.382   4.441e-016
       6.382     -0.05691
       6.389      -0.1328
       6.389      -0.2087
       6.397      -0.2846
       6.397      -0.3604
       6.404      -0.4363
       6.412      -0.5312
       6.419      -0.5501
       6.434      -0.4363
       6.442      -0.3794
       6.442      -0.4173
       6.457      -0.2466
       6.457      -0.2846
       6.465      -0.1897
       6.465      -0.2276
       6.472      -0.1138
        6.48     -0.05691
        6.48     -0.09485
       6.487   4.441e-016
       6.487     -0.03794
       6.495      0.05691
       6.518       0.1707
       6.533       0.1328
        6.54       0.1328
       6.586   4.441e-016
       6.601     -0.07588
       6.616      -0.1138
       6.639      -0.1138
       6.646     -0.07588
       6.669      0.05691
       6.684      0.05691
       6.692      0.09485
       6.699       0.1518
       6.699       0.1138
       6.707       0.1707
       6.714       0.2087
        6.73       0.1897
       6.745      0.05691
        6.76   4.441e-016
       6.767     -0.05691
       6.782     -0.09485
        6.79      -0.1328
       6.798      -0.1707
       6.813      -0.2087
       6.828      -0.1518
       6.835     -0.05691
       6.835     -0.09485
       6.843      0.03794
       6.843     -0.01897
       6.851       0.1328
       6.851      0.07588
       6.858       0.1707
       6.866       0.2466
       6.873       0.3225
       6.881       0.4363
       6.881       0.3984
       6.888       0.4743
       6.896       0.5501
       6.911       0.4553
       6.911       0.3984
       6.919       0.3035
       6.919       0.1897
       6.926      0.07588
       6.926     -0.03794
       6.934      -0.1328
       6.934      -0.2276
       6.941      -0.3035
       6.941      -0.3794
       6.949      -0.4363
       6.949      -0.5122
       6.956      -0.5501
       6.956       -0.607
       6.964       -0.626
       6.979      -0.7398
       6.994      -0.7019
       7.002      -0.5881
       7.002       -0.645
       7.009      -0.5122
       7.017      -0.4173
       7.017      -0.4743
       7.025      -0.3035
       7.025      -0.3604
       7.032      -0.2087
       7.032      -0.2656
        7.04     -0.09485
        7.04      -0.1518
       7.047     -0.05691
       7.055       0.1707
       7.055      0.09485
       7.062       0.3225
       7.062       0.2276
        7.07       0.4553
        7.07       0.3794
       7.077       0.5691
       7.077       0.4932
       7.085        0.664
       7.085        0.607
       7.093       0.6829
         7.1       0.7588
       7.115       0.6829
       7.115        0.607
       7.123       0.5691
       7.123       0.4932
        7.13       0.4173
        7.13       0.3415
       7.138       0.2846
       7.138       0.2087
       7.146       0.1518
       7.146      0.07588
       7.153     -0.05691
       7.161     -0.09485
       7.161      -0.1518
       7.176      -0.2846
       7.191      -0.3604
       7.206      -0.3604
       7.214      -0.3225
       7.221      -0.2656
       7.221      -0.3035
       7.229      -0.1897
       7.229      -0.2276
       7.244     -0.09485
       7.259      0.07588
       7.267       0.1897
       7.267       0.1138
       7.274       0.3035
       7.274       0.2466
       7.282       0.3984
       7.282       0.3415
       7.289       0.4743
       7.289       0.4363
       7.297       0.4932
       7.312       0.4743
        7.32       0.3984
       7.327       0.3604
       7.327       0.3225
       7.335       0.2846
       7.335       0.2276
       7.342       0.1897
       7.342       0.1518
        7.35      0.09485
       7.365      0.03794
       7.395     -0.09485
       7.433     -0.03794
       7.448     -0.07588
       7.471     -0.01897
       7.478      0.03794
       7.501       0.1518
       7.509       0.1897
       7.516       0.2276
       7.539       0.2656
       7.547       0.2466
       7.554       0.1707
       7.562       0.1138
       7.562   4.441e-016
       7.577      -0.2846
       7.577      -0.3794
       7.584      -0.4363
       7.599      -0.5122
       7.615      -0.4173
       7.637      -0.2466
       7.645      -0.1707
       7.652     -0.07588
       7.652      -0.1328
        7.66     -0.03794
       7.668       0.1328
       7.668      0.07588
       7.675       0.2466
       7.675       0.1897
       7.683       0.3604
       7.683       0.3035
        7.69       0.4363
        7.69       0.3984
       7.713       0.5501
       7.721       0.5501
       7.743       0.4363
       7.743       0.3984
       7.751       0.3604
       7.751       0.3225
       7.758       0.2846
       7.758       0.2466
       7.766       0.2087
       7.766       0.1518
       7.781   4.441e-016
       7.781     -0.09485
       7.789      -0.1707
       7.789      -0.2656
       7.796      -0.3415
       7.796      -0.4173
       7.804      -0.4743
       7.804      -0.5312
       7.811      -0.5312
       7.826      -0.4173
       7.826      -0.4743
       7.834      -0.3035
       7.834      -0.3794
       7.842      -0.1897
       7.842      -0.2656
       7.849     -0.07588
       7.849      -0.1518
       7.857     -0.03794
       7.864       0.1138
       7.864      0.05691
       7.872       0.1897
       7.872       0.1518
       7.879       0.2656
       7.879       0.2276
        7.91       0.3984
       7.917       0.3225
       7.917       0.2656
       7.925       0.2087
       7.925       0.1138
       7.932      0.03794
       7.932     -0.03794
        7.94      -0.1138
        7.94      -0.1707
       7.947      -0.2276
       7.947      -0.2656
       7.955      -0.3225
       7.963      -0.3225
       7.978      -0.3035
       7.985      -0.2466
       7.985      -0.2846
       7.993      -0.1707
       7.993      -0.2276
           8     -0.09485
       8.008     -0.01897
       8.008     -0.05691
       8.016   4.441e-016
       8.031     -0.01897
       8.061      0.07588
       8.068       0.1518
       8.068       0.1138
       8.084       0.2466
       8.099       0.2276
       8.106       0.1707
       8.106       0.1138
       8.114      0.07588
       8.114      0.03794
       8.121   4.441e-016
       8.121     -0.05691
       8.137      -0.1707
       8.152      -0.1897
       8.174      -0.2466
        8.19      -0.1518
        8.19      -0.2087
       8.197     -0.01897
       8.197     -0.09485
       8.205       0.1707
       8.205      0.07588
       8.212       0.3225
       8.212       0.2466
       8.227       0.3415
       8.227       0.3035
       8.235       0.2466
       8.235       0.1707
       8.242      0.09485
       8.242   4.441e-016
        8.25     -0.05691
        8.25      -0.1328
       8.258      -0.2087
       8.258      -0.2466
       8.288      -0.3035
       8.295      -0.2276
       8.303      -0.1707
       8.303      -0.2087
       8.311      -0.1138
       8.311      -0.1518
       8.326     -0.05691
       8.341      0.09485
       8.341      0.05691
       8.356       0.1897
       8.364       0.2846
       8.364       0.2466
       8.379       0.4743
       8.379       0.4173
       8.386       0.5691
       8.394        0.607
       8.401       0.7398
       8.416       0.8157
       8.424       0.7588
       8.424       0.7019
       8.432        0.607
       8.432       0.4743
       8.439       0.3415
       8.439       0.2087
       8.447      0.05691
       8.447     -0.09485
       8.454      -0.2087
       8.454      -0.3225
       8.462      -0.4173
       8.462      -0.5122
       8.469      -0.5691
       8.469       -0.626
       8.477       -0.645
       8.492      -0.5691
         8.5      -0.4743
         8.5      -0.5312
       8.507      -0.3984
       8.507      -0.4363
       8.515      -0.3035
       8.515      -0.3415
       8.522      -0.2276
        8.53      -0.1707
        8.53      -0.2087
       8.538      -0.1138
       8.538      -0.1518
       8.545     -0.03794
       8.545     -0.07588
       8.553      0.05691
       8.553   4.441e-016
        8.56       0.1328
       8.598       0.1707
       8.598       0.1138
       8.606      0.07588
       8.606   4.441e-016
       8.613     -0.05691
       8.613      -0.1138
       8.621      -0.1518
       8.628      -0.2466
       8.636      -0.2466
       8.651      -0.2276
       8.659      -0.1518
       8.666     -0.05691
       8.666      -0.1138
       8.674   4.441e-016
       8.681       0.1138
       8.681      0.07588
       8.689       0.1897
       8.696       0.2466
       8.696       0.2087
       8.704       0.3225
       8.704       0.2846
       8.719       0.3984
       8.734       0.3794
       8.742       0.3415
       8.742       0.2846
       8.749       0.2087
       8.749       0.1328
       8.757      0.05691
       8.757     -0.01897
       8.764     -0.07588
       8.764      -0.1518
        8.78      -0.2466
        8.78      -0.3035
       8.787      -0.3604
       8.787      -0.3984
       8.795      -0.4173
        8.81      -0.3794
       8.817      -0.2656
       8.817      -0.3415
       8.825      -0.1518
       8.825      -0.2276
       8.833     -0.03794
       8.833      -0.1138
        8.84      0.07588
        8.84   4.441e-016
       8.848       0.1897
       8.848       0.1328
       8.855       0.2846
       8.855       0.2276
       8.863       0.3794
       8.863       0.3415
        8.87       0.4363
       8.878       0.4173
       8.886       0.3604
       8.893       0.3035
       8.893       0.2276
       8.901       0.1518
       8.901      0.07588
       8.908   4.441e-016
       8.908     -0.05691
       8.916      -0.1138
       8.923      -0.1897
       8.931      -0.2276
       8.961      -0.1897
       8.976      -0.1138
