     0.01186      -0.0271
     0.03455    -0.008376
     0.04212    -0.008376
     0.04968     -0.04582
     0.05725     -0.08327
     0.06481       -0.102
     0.07994      -0.1207
     0.08751       -0.102
     0.09507     -0.04582
      0.1026      0.01035
      0.1102      0.06652
      0.1178       0.1227
      0.1253       0.1601
      0.1405       0.1414
       0.148       0.1227
      0.1632       0.1227
      0.1707       0.1227
      0.1859      0.08524
      0.1934      0.06652
       0.201      0.02907
      0.2085    -0.008376
      0.2161     -0.04582
      0.2312     -0.08327
      0.2388       -0.102
      0.2464      -0.1207
      0.2615      -0.1582
      0.2691      -0.1769
      0.2842      -0.1582
      0.2918      -0.1394
      0.2993     -0.06455
      0.3069      0.01035
      0.3145        0.104
       0.322       0.1789
      0.3296       0.2163
      0.3447       0.1976
      0.3523       0.1601
      0.3598       0.1227
      0.3674      0.06652
       0.375      0.01035
      0.3825      -0.0271
      0.3901     -0.06455
      0.3977       -0.102
      0.4128      -0.1394
      0.4204      -0.1582
      0.4279      -0.1394
      0.4431     -0.08327
      0.4506     -0.06455
      0.4582     -0.04582
      0.4658      0.01035
      0.4733      0.06652
      0.4809       0.1414
      0.4884       0.1976
       0.496        0.235
      0.5036        0.235
      0.5111       0.2163
      0.5187       0.1789
      0.5263       0.1227
      0.5338      0.02907
      0.5414     -0.04582
       0.549       -0.102
      0.5565      -0.1582
      0.5641      -0.2143
      0.5717      -0.2518
      0.5792      -0.2892
      0.5868      -0.2892
      0.6019      -0.2518
      0.6095      -0.1956
      0.6171      -0.1207
      0.6246     -0.04582
      0.6322       0.0478
      0.6397        0.104
      0.6473       0.1789
      0.6549       0.2163
      0.6624       0.2163
        0.67       0.2163
      0.6776       0.1789
      0.6851       0.1414
      0.6927      0.06652
      0.7003      0.01035
      0.7078     -0.06455
       0.723      -0.1207
      0.7305       -0.102
      0.7381     -0.08327
      0.7457     -0.04582
      0.7532      -0.0271
      0.7683      0.01035
      0.7759       0.0478
      0.7986        0.104
      0.8062        0.104
      0.8213      0.08524
      0.8289      0.06652
      0.8364       0.0478
      0.8516      -0.0271
      0.8591     -0.06455
      0.8667     -0.08327
      0.8818       -0.102
      0.8894     -0.08327
       0.897     -0.04582
      0.9045      -0.0271
      0.9196      0.02907
      0.9272      0.06652
      0.9348        0.104
      0.9423       0.1414
      0.9575       0.1789
       0.965       0.1789
      0.9726       0.1789
      0.9802       0.1227
      0.9877      0.06652
      0.9953      0.01035
       1.003      -0.0271
       1.018     -0.04582
       1.026      -0.0271
       1.041      -0.0271
       1.056      -0.0271
       1.063    -0.008376
       1.079      0.02907
       1.086       0.0478
       1.094       0.0478
       1.109      0.01035
       1.116    -0.008376
       1.131     -0.08327
       1.139      -0.1207
       1.147      -0.1394
       1.162      -0.1394
       1.169      -0.1207
       1.177     -0.06455
       1.184    -0.008376
       1.192       0.0478
       1.207      0.08524
       1.215      0.08524
        1.23      0.08524
       1.245      0.08524
       1.253      0.08524
       1.268       0.0478
       1.275      0.01035
       1.283      -0.0271
        1.29     -0.06455
       1.298      -0.1207
       1.305      -0.1582
       1.321      -0.1769
       1.328      -0.1582
       1.336      -0.1207
       1.343     -0.06455
       1.351    -0.008376
       1.358       0.0478
       1.374      0.06652
       1.381       0.0478
       1.389       0.0478
       1.404      0.01035
       1.411    -0.008376
       1.419    -0.008376
       1.434      0.01035
       1.442      0.02907
       1.457      0.06652
       1.464      0.08524
       1.479        0.104
       1.487        0.104
       1.502      0.08524
        1.51      0.06652
       1.532      0.02907
        1.54      0.02907
       1.555      0.02907
        1.57    -0.008376
       1.578      -0.0271
       1.585    -0.008376
         1.6    -0.008376
       1.608    -0.008376
       1.616     -0.06455
       1.623       -0.102
       1.631      -0.1207
       1.646      -0.1207
       1.653       -0.102
       1.669     -0.06455
       1.676     -0.04582
       1.684    -0.008376
       1.691      0.01035
       1.699       0.0478
       1.706      0.08524
       1.714       0.1227
       1.729       0.1789
       1.737       0.1789
       1.752       0.1789
       1.759       0.1789
       1.767       0.1789
       1.782        0.104
        1.79      0.06652
       1.797      0.01035
       1.805      -0.0271
       1.812     -0.06455
        1.82       -0.102
       1.835      -0.1207
        1.85      -0.1582
       1.858      -0.1582
       1.873      -0.1207
        1.88       -0.102
       1.888     -0.04582
       1.896    -0.008376
       1.911      0.01035
       1.918      0.01035
       1.933      0.01035
       1.941    -0.008376
       1.956     -0.04582
       1.964     -0.04582
       1.971      -0.0271
       1.986    -0.008376
       1.994      0.01035
       2.001      0.02907
       2.009      0.06652
       2.017        0.104
       2.024       0.1414
       2.032       0.1414
       2.039       0.1414
       2.047        0.104
       2.054      0.06652
       2.062      0.02907
        2.07    -0.008376
       2.085     -0.04582
       2.092     -0.04582
       2.107      -0.0271
       2.115      -0.0271
        2.13     -0.04582
       2.145     -0.04582
       2.153     -0.04582
        2.16     -0.04582
       2.175     -0.08327
       2.183     -0.08327
       2.191     -0.06455
       2.206    -0.008376
       2.213       0.0478
       2.221        0.104
       2.228       0.1601
       2.236       0.2163
       2.251       0.2163
       2.259       0.1976
       2.266       0.1789
       2.281       0.1227
       2.289      0.08524
       2.296       0.0478
       2.304      0.01035
       2.312     -0.04582
       2.319       -0.102
       2.327      -0.1394
       2.342      -0.1394
       2.349      -0.1207
       2.365      -0.1207
       2.372      -0.1207
        2.38       -0.102
       2.387     -0.08327
       2.395     -0.04582
       2.402    -0.008376
        2.41      0.02907
       2.418      0.06652
       2.433      0.08524
        2.44      0.08524
       2.455      0.08524
       2.463      0.08524
       2.478       0.0478
       2.486      0.01035
       2.493      -0.0271
       2.501     -0.08327
       2.508       -0.102
       2.523      -0.1207
       2.531     -0.06455
       2.539    -0.008376
       2.546      0.06652
       2.554       0.1227
       2.561       0.1414
       2.576        0.104
       2.584      0.06652
       2.599      0.01035
       2.607    -0.008376
       2.622      -0.0271
       2.629      -0.0271
       2.644     -0.04582
       2.652     -0.04582
       2.667    -0.008376
       2.675    -0.008376
        2.69      0.01035
       2.697      0.01035
       2.713      -0.0271
        2.72     -0.06455
       2.728       -0.102
       2.743       -0.102
        2.75     -0.08327
       2.758     -0.04582
       2.765      -0.0271
       2.781    -0.008376
       2.788      0.01035
       2.803      0.02907
       2.811      0.06652
       2.818      0.08524
       2.826       0.1227
       2.834       0.1601
       2.849       0.1414
       2.856       0.1227
       2.871      0.08524
       2.879      0.06652
       2.894    -0.008376
       2.902     -0.04582
       2.909     -0.06455
       2.917       -0.102
       2.924      -0.1394
       2.939      -0.1207
       2.947     -0.08327
       2.955      -0.0271
       2.962      0.02907
        2.97      0.06652
       2.985       0.1227
       2.992       0.1227
       3.008        0.104
       3.015        0.104
       3.023       0.1227
       3.038      0.08524
       3.045       0.0478
       3.053      -0.0271
       3.061     -0.08327
       3.068      -0.1394
       3.076      -0.1582
       3.091      -0.1582
       3.098       -0.102
       3.106     -0.04582
       3.113      0.02907
       3.121        0.104
       3.129       0.1601
       3.136       0.1976
       3.144       0.2163
       3.151       0.2163
       3.159       0.1789
       3.166       0.1414
       3.174        0.104
       3.182      0.06652
       3.189      0.02907
       3.197      -0.0271
       3.204     -0.06455
       3.212      -0.1394
       3.219      -0.2143
       3.227      -0.2705
       3.235       -0.308
       3.242       -0.308
        3.25      -0.2892
       3.257      -0.2331
       3.265      -0.1582
       3.272     -0.06455
        3.28      0.01035
       3.287      0.08524
       3.295       0.1414
        3.31       0.1976
       3.325       0.1976
       3.333       0.1789
        3.34       0.1227
       3.348      0.06652
       3.356      0.01035
       3.363      -0.0271
       3.371     -0.06455
       3.386       -0.102
       3.393      -0.1207
       3.409       -0.102
       3.416     -0.06455
       3.424    -0.008376
       3.431      0.06652
       3.439        0.104
       3.446       0.1414
       3.454       0.1789
       3.469       0.1601
       3.477       0.1414
       3.492        0.104
       3.499      0.08524
       3.507       0.0478
       3.514      0.01035
       3.522      -0.0271
        3.53     -0.08327
       3.537      -0.1582
       3.545      -0.2143
       3.552      -0.2518
        3.56      -0.2705
       3.575      -0.2518
       3.582      -0.2143
        3.59      -0.1582
       3.598     -0.08327
       3.605      0.01035
       3.613      0.08524
        3.62       0.1227
       3.635       0.1601
       3.643       0.1601
       3.658       0.1601
       3.673       0.1414
       3.681       0.1414
       3.696        0.104
       3.704      0.06652
       3.711    -0.008376
       3.719     -0.06455
       3.726      -0.1207
       3.734      -0.1769
       3.741      -0.2143
       3.756      -0.1582
       3.764       -0.102
       3.772     -0.04582
       3.779      0.01035
       3.794      0.06652
       3.802      0.06652
       3.817      0.06652
       3.825      0.08524
        3.84      0.08524
       3.847      0.08524
       3.855      0.08524
        3.87      0.02907
       3.878      -0.0271
       3.885     -0.08327
       3.893      -0.1394
         3.9      -0.1956
       3.915      -0.2331
       3.923      -0.2143
        3.93      -0.1769
       3.938      -0.1394
       3.946     -0.08327
       3.953      -0.0271
       3.961       0.0478
       3.968       0.1227
       3.976       0.1601
       3.991       0.1976
       3.999       0.2163
       4.014        0.235
       4.021        0.235
       4.029       0.1976
       4.036       0.1601
       4.044      0.08524
       4.052      0.01035
       4.059     -0.04582
       4.067       -0.102
       4.074      -0.1394
       4.089      -0.1582
       4.097      -0.1394
       4.104       -0.102
       4.112     -0.06455
        4.12      -0.0271
       4.127      0.01035
       4.135       0.0478
       4.142        0.104
       4.157       0.1227
       4.165       0.1227
        4.18      0.06652
       4.188       0.0478
       4.203    -0.008376
        4.21     -0.06455
       4.218       -0.102
       4.226      -0.1394
       4.233      -0.1582
       4.248      -0.1394
       4.256      -0.1207
       4.263     -0.08327
       4.271      -0.0271
       4.278      0.01035
       4.286       0.0478
       4.294        0.104
       4.301       0.1414
       4.309       0.1976
       4.316        0.235
       4.331       0.2163
       4.339       0.1789
       4.347       0.1414
       4.354      0.08524
       4.362       0.0478
       4.377      0.01035
       4.384      -0.0271
         4.4     -0.08327
       4.407      -0.1207
       4.422      -0.1582
        4.43      -0.1769
       4.445      -0.1956
       4.452      -0.2143
       4.468      -0.1956
       4.475      -0.1582
       4.483       -0.102
        4.49    -0.008376
       4.498      0.06652
       4.505        0.104
       4.513       0.1601
       4.521       0.1976
       4.528        0.235
       4.536       0.2725
       4.543       0.2912
       4.551       0.2725
       4.558        0.235
       4.566       0.1789
       4.574       0.1227
       4.581      0.06652
       4.589      0.01035
       4.596     -0.04582
       4.604       -0.102
       4.611      -0.1582
       4.619      -0.1956
       4.626      -0.2331
       4.634      -0.2518
       4.649      -0.1956
       4.657      -0.1207
       4.664     -0.04582
       4.672      0.01035
       4.679      0.06652
       4.687      0.08524
       4.702       0.1227
        4.71       0.1414
       4.725       0.1227
       4.732      0.08524
        4.74      0.02907
       4.747    -0.008376
       4.755     -0.04582
       4.763     -0.08327
       4.778      -0.1207
       4.785       -0.102
       4.793     -0.06455
         4.8     -0.04582
       4.808      0.01035
       4.816       0.0478
       4.823      0.08524
       4.831        0.104
       4.846       0.1601
       4.853       0.1976
       4.869       0.1976
       4.876       0.1601
       4.891      0.08524
       4.899       0.0478
       4.906      -0.0271
       4.914     -0.04582
       4.929     -0.08327
       4.937     -0.06455
       4.952     -0.04582
       4.959     -0.04582
       4.974     -0.04582
       4.982      -0.0271
       4.997      -0.0271
       5.005      -0.0271
        5.02    -0.008376
       5.027    -0.008376
       5.043     -0.06455
        5.05     -0.08327
       5.065      -0.1207
       5.073      -0.1394
       5.088       -0.102
       5.095     -0.08327
       5.103      -0.0271
       5.111      0.02907
       5.118      0.06652
       5.126        0.104
       5.141        0.104
       5.148        0.104
       5.164      0.08524
       5.171      0.08524
       5.186      0.08524
       5.194      0.08524
       5.209       0.0478
       5.217      0.01035
       5.224     -0.04582
       5.232     -0.08327
       5.247      -0.1394
       5.254      -0.1394
       5.269      -0.1582
       5.277      -0.1582
       5.292      -0.1394
         5.3       -0.102
       5.307      -0.0271
       5.315      0.01035
       5.322      0.06652
        5.33        0.104
       5.345       0.1601
       5.353       0.1789
       5.368       0.1789
       5.375       0.1789
       5.383       0.1414
       5.391        0.104
       5.398       0.0478
       5.406      0.01035
       5.413     -0.04582
       5.421     -0.08327
       5.428      -0.1207
       5.436      -0.1394
       5.451      -0.1769
       5.459      -0.1582
       5.466      -0.1207
       5.474     -0.06455
       5.481      -0.0271
       5.489      0.01035
       5.496      0.02907
       5.512      0.02907
       5.519       0.0478
       5.527      0.06652
       5.542       0.0478
       5.549      0.06652
       5.565        0.104
       5.572       0.1414
       5.587       0.1414
       5.595        0.104
       5.602      0.06652
        5.61      0.02907
       5.617      -0.0271
       5.625     -0.04582
        5.64     -0.08327
       5.648     -0.08327
       5.663     -0.06455
        5.67      -0.0271
       5.678      0.01035
       5.686       0.0478
       5.693      0.08524
       5.701        0.104
       5.716       0.1414
       5.731       0.1601
       5.739       0.1789
       5.754       0.1227
       5.761      0.08524
       5.769      0.01035
       5.776     -0.04582
       5.784       -0.102
       5.791      -0.1394
       5.799      -0.1769
       5.807      -0.1956
       5.822      -0.1956
       5.829      -0.1769
       5.837      -0.1207
       5.844     -0.06455
       5.852      0.02907
        5.86        0.104
       5.867       0.1601
       5.882       0.1789
        5.89       0.1601
       5.905        0.104
       5.912      0.08524
       5.928      0.02907
       5.935      -0.0271
       5.943     -0.08327
        5.95      -0.1394
       5.958      -0.1956
       5.973      -0.2518
       5.981      -0.2331
       5.988      -0.2143
       5.996      -0.1582
       6.003     -0.06455
       6.011      0.08524
       6.011    -0.008376
       6.026       0.2912
       6.041       0.3287
       6.049       0.2912
       6.056        0.235
       6.064       0.1976
       6.071       0.1414
       6.071      0.08524
       6.079       0.0478
       6.086     -0.04582
       6.094      -0.1207
       6.102      -0.1956
       6.109      -0.2518
       6.117       -0.308
       6.124       -0.308
       6.139      -0.2892
       6.147      -0.2331
       6.155      -0.1769
       6.162      -0.1207
        6.17     -0.04582
       6.177      0.01035
       6.185      0.08524
       6.192       0.1414
         6.2       0.1976
       6.208       0.2538
       6.223       0.2538
        6.23       0.2538
       6.238       0.2163
       6.245       0.1789
       6.253       0.1227
        6.26      0.06652
       6.268      0.01035
       6.276     -0.04582
       6.283     -0.08327
       6.291       -0.102
       6.306      -0.1394
       6.313      -0.1394
       6.329       -0.102
       6.344     -0.08327
       6.351     -0.04582
       6.359      0.01035
       6.366      0.06652
       6.374       0.1227
       6.389       0.1227
       6.397        0.104
       6.412      0.06652
       6.419       0.0478
       6.427      0.06652
       6.442        0.104
        6.45        0.104
       6.465      0.06652
       6.472       0.0478
       6.487    -0.008376
       6.495     -0.04582
       6.503     -0.08327
        6.51      -0.1207
       6.518      -0.1582
       6.525      -0.1582
        6.54      -0.1956
       6.548      -0.1582
       6.556       -0.102
       6.563     -0.04582
       6.571      0.02907
       6.578      0.06652
       6.586       0.1227
       6.593       0.1601
       6.608       0.1601
       6.616       0.1414
       6.631       0.1414
       6.639       0.1414
       6.654      0.08524
       6.661       0.0478
       6.669    -0.008376
       6.677     -0.04582
       6.684     -0.06455
       6.699       -0.102
       6.707     -0.08327
       6.722      -0.0271
        6.73    -0.008376
       6.745      0.02907
       6.752      0.01035
        6.76      -0.0271
       6.767     -0.08327
       6.775      -0.1207
        6.79      -0.1582
       6.798      -0.1769
       6.813      -0.1582
        6.82      -0.1207
       6.828     -0.06455
       6.835      -0.0271
       6.843      0.02907
       6.851        0.104
       6.858       0.1601
       6.866       0.1976
       6.873        0.235
       6.888       0.1976
       6.896       0.1601
       6.903        0.104
       6.911       0.0478
       6.919      0.01035
       6.926      -0.0271
       6.934     -0.04582
       6.949       -0.102
       6.956      -0.1394
       6.964      -0.1769
       6.979      -0.2143
       6.987      -0.1956
       6.994      -0.1582
       7.002       -0.102
       7.009     -0.04582
       7.017      0.01035
       7.025      0.06652
       7.032        0.104
        7.04       0.1601
       7.047       0.1789
       7.055       0.1601
       7.062       0.1227
        7.07      0.06652
       7.077      0.02907
       7.085    -0.008376
         7.1     -0.04582
       7.108     -0.06455
       7.123       -0.102
        7.13       -0.102
       7.146     -0.06455
       7.153     -0.04582
       7.161    -0.008376
       7.168      0.02907
       7.183        0.104
       7.191       0.1227
       7.199       0.1601
       7.206       0.1976
       7.221       0.1789
       7.229       0.1227
       7.236       0.0478
       7.244      -0.0271
       7.259     -0.08327
       7.267     -0.08327
       7.282     -0.04582
       7.289    -0.008376
       7.297      0.01035
       7.304       0.0478
       7.312      0.08524
       7.327        0.104
       7.335      0.08524
       7.342      0.08524
       7.357      0.06652
       7.365       0.0478
       7.373       0.0478
       7.388      0.01035
       7.395      -0.0271
       7.403     -0.06455
        7.41       -0.102
       7.425       -0.102
       7.433     -0.04582
       7.441      0.01035
       7.448       0.0478
       7.463      0.02907
       7.471      0.01035
       7.478      -0.0271
       7.494     -0.04582
       7.501      -0.0271
       7.516      0.01035
       7.524      0.02907
       7.539      0.02907
       7.547       0.0478
       7.562      0.02907
       7.569    -0.008376
       7.584     -0.04582
       7.592     -0.04582
       7.607     -0.04582
       7.615     -0.04582
       7.622     -0.04582
       7.637     -0.06455
       7.645     -0.06455
        7.66     -0.04582
       7.668      -0.0271
       7.675      0.01035
       7.683      0.01035
       7.698       0.0478
       7.713        0.104
       7.728       0.1601
       7.736       0.1601
       7.743       0.1227
       7.751      0.06652
       7.758    -0.008376
       7.766     -0.08327
       7.773      -0.1394
       7.781      -0.1769
       7.796      -0.1582
       7.804       -0.102
       7.811     -0.04582
       7.819       0.0478
       7.826        0.104
       7.834        0.104
       7.842        0.104
       7.857      0.06652
       7.864      0.06652
       7.879        0.104
       7.887       0.1227
       7.902       0.1227
        7.91      0.08524
       7.917       0.0478
       7.925      0.01035
       7.932     -0.04582
        7.94     -0.06455
       7.955       -0.102
       7.963      -0.1207
       7.978      -0.1394
       7.985      -0.1207
       7.993       -0.102
           8     -0.06455
       8.008      -0.0271
       8.023      0.02907
       8.031       0.0478
       8.046        0.104
       8.053       0.1227
       8.068      0.06652
       8.076      0.02907
       8.084    -0.008376
       8.099     -0.06455
       8.106     -0.08327
       8.121     -0.06455
       8.137    -0.008376
       8.144    -0.008376
       8.152    -0.008376
       8.167     -0.04582
       8.174      -0.0271
       8.182      0.01035
        8.19      0.06652
       8.205        0.104
       8.212      0.06652
        8.22      0.02907
       8.227      0.01035
       8.242    -0.008376
        8.25    -0.008376
       8.265      0.01035
       8.273      0.01035
        8.28      0.01035
       8.295      -0.0271
       8.303     -0.06455
       8.311     -0.06455
       8.326     -0.06455
       8.333     -0.04582
       8.341      -0.0271
       8.348       0.0478
       8.356        0.104
       8.371       0.1227
       8.379      0.06652
       8.386      0.02907
       8.394    -0.008376
       8.409     -0.04582
       8.416     -0.04582
       8.424      -0.0271
       8.439      0.01035
       8.447       0.0478
       8.462      0.08524
       8.469       0.1227
       8.477       0.1601
       8.492       0.1976
         8.5       0.1789
       8.507       0.1414
       8.515      0.08524
       8.522      0.02907
        8.53      -0.0271
       8.538     -0.04582
       8.545     -0.08327
       8.553      -0.1207
       8.568      -0.1582
       8.575      -0.1394
       8.583      -0.1207
       8.598     -0.06455
       8.606     -0.04582
       8.613      -0.0271
       8.628    -0.008376
       8.636      0.01035
       8.651       0.0478
       8.666       0.0478
       8.674      0.02907
       8.681    -0.008376
       8.689     -0.04582
       8.696     -0.08327
       8.712      -0.1207
       8.719      -0.1207
       8.727      -0.1207
       8.742      -0.1207
       8.749     -0.06455
       8.757      0.01035
       8.764      0.08524
       8.772       0.1601
        8.78       0.1976
       8.787        0.235
       8.795       0.2538
        8.81       0.2163
       8.817       0.1789
       8.825       0.1414
       8.833      0.08524
        8.84       0.0478
       8.848      -0.0271
       8.855     -0.06455
       8.863       -0.102
        8.87      -0.1207
       8.886      -0.1582
       8.893      -0.1769
       8.908      -0.2143
       8.916      -0.2143
       8.923      -0.1956
       8.931      -0.1394
       8.938     -0.08327
       8.946      0.01035
       8.954       0.0478
       8.961       0.1414
       8.969       0.1789
       8.976       0.1789
