     0.01186      -0.2439
     0.01942      -0.2042
     0.02699      -0.1048
     0.03455     -0.02529
     0.04212       0.0542
     0.04212     -0.00542
     0.04968      0.09395
     0.05725       0.1337
     0.06481       0.1536
     0.07994       0.1536
     0.08751       0.1138
     0.09507       0.0542
     0.09507     -0.00542
      0.1026     -0.04517
      0.1102      -0.1445
      0.1178      -0.1843
      0.1329      -0.1445
      0.1405     -0.08491
       0.148     -0.04517
      0.1556      0.01445
      0.1632       0.0542
      0.1707      0.09395
      0.1859       0.1337
      0.1934       0.1138
      0.2085       0.1337
      0.2237       0.1933
      0.2312       0.2529
      0.2388       0.2927
      0.2464       0.2927
      0.2539       0.2331
      0.2615       0.1337
      0.2691       0.0542
      0.2766     -0.00542
      0.2842     -0.02529
      0.2918     -0.06504
      0.2993      -0.1048
      0.3069      -0.1843
      0.3145      -0.2439
       0.322      -0.2638
      0.3371       -0.224
      0.3447      -0.1644
      0.3523     -0.06504
      0.3598      0.01445
      0.3674      0.09395
       0.375       0.1337
      0.3825       0.1337
      0.3977       0.1337
      0.4128       0.1536
      0.4204       0.1337
      0.4279      0.09395
      0.4355      0.01445
      0.4431     -0.06504
      0.4506      -0.1247
      0.4658      -0.1445
      0.4733      -0.1247
      0.4809     -0.08491
      0.4884     -0.06504
      0.5036     -0.02529
      0.5111     -0.04517
      0.5187     -0.06504
      0.5338      -0.1048
      0.5414     -0.08491
      0.5565     -0.00542
      0.5641     -0.00542
      0.5792     -0.02529
      0.5868     -0.00542
      0.5944      0.07407
      0.6019       0.1337
      0.6095       0.1933
      0.6171       0.2331
      0.6322       0.2529
      0.6397       0.1933
      0.6473       0.1536
      0.6549      0.07407
      0.6624      0.01445
        0.67     -0.04517
      0.6776     -0.08491
      0.6851      -0.1048
      0.6927     -0.06504
      0.7078     -0.02529
      0.7154     -0.02529
       0.723     -0.00542
      0.7305      0.01445
      0.7381      0.07407
      0.7457       0.1337
      0.7532       0.1933
      0.7683       0.2132
      0.7759       0.1536
      0.7835      0.07407
       0.791     -0.06504
      0.7986      -0.1843
      0.8062      -0.3035
      0.8137      -0.4029
      0.8213      -0.5023
      0.8289      -0.5023
      0.8364      -0.4625
       0.844      -0.3631
      0.8516       -0.224
      0.8591     -0.08491
      0.8667      0.07407
      0.8667     -0.00542
      0.8743       0.1536
      0.8818       0.2331
      0.8894       0.2927
       0.897       0.3324
      0.9045       0.3523
      0.9121       0.3324
      0.9196       0.2927
      0.9272       0.2529
      0.9423       0.1933
      0.9499       0.1337
      0.9575      0.07407
       0.965     -0.04517
      0.9726      -0.1247
      0.9802      -0.1843
      0.9953      -0.1843
       1.003     -0.08491
        1.01      0.07407
        1.01     -0.00542
       1.018       0.1734
       1.026       0.2331
       1.041       0.1933
       1.048       0.1337
       1.056      0.07407
       1.063      0.03433
       1.071     -0.00542
       1.086     -0.04517
       1.094     -0.08491
       1.109      -0.1445
       1.116      -0.1644
       1.124      -0.1644
       1.139       -0.224
       1.147      -0.2439
       1.154      -0.2836
       1.162      -0.3234
       1.177      -0.3433
       1.184      -0.3035
       1.192      -0.2042
         1.2      0.03433
         1.2     -0.06504
       1.207       0.1138
       1.215       0.2728
       1.222       0.4119
        1.23       0.4914
       1.245       0.4914
       1.253       0.4517
        1.26       0.3722
       1.268       0.3126
       1.275       0.2529
       1.283       0.1933
        1.29       0.1337
       1.305      0.09395
       1.313      0.07407
       1.321      0.01445
       1.328     -0.06504
       1.336      -0.1445
       1.343      -0.1644
       1.351      -0.1445
       1.358     -0.08491
       1.366     -0.02529
       1.374     -0.00542
       1.381     -0.00542
       1.389     -0.04517
       1.404     -0.08491
       1.411     -0.08491
       1.426     -0.08491
       1.442      -0.1247
       1.449      -0.1247
       1.457     -0.08491
       1.464     -0.04517
       1.479      0.01445
       1.487      0.03433
       1.502      0.03433
        1.51       0.0542
       1.525      0.01445
       1.532     -0.02529
        1.54     -0.06504
       1.548      -0.1048
       1.555      -0.1445
        1.57      -0.1247
       1.585      -0.1445
       1.593      -0.1644
         1.6      -0.1644
       1.608      -0.1445
       1.616     -0.08491
       1.623     -0.02529
       1.631      0.07407
       1.638       0.1138
       1.646       0.1734
       1.653       0.2132
       1.661       0.2529
       1.669       0.2728
       1.684       0.2132
       1.691       0.1734
       1.699       0.1138
       1.706       0.0542
       1.706     -0.00542
       1.714     -0.04517
       1.722      -0.1048
       1.729      -0.1644
       1.737       -0.224
       1.744      -0.2836
       1.759      -0.2836
       1.767       -0.224
       1.774      -0.1644
       1.782     -0.06504
        1.79      0.03433
       1.797       0.1337
       1.805       0.2132
       1.812       0.2529
       1.827       0.2132
       1.835       0.1536
       1.843       0.1138
       1.858      0.07407
       1.865      0.07407
       1.873       0.1138
       1.888       0.1337
       1.896      0.09395
       1.903      0.01445
       1.911     -0.06504
       1.918      -0.1247
       1.933      -0.1048
       1.941     -0.04517
       1.948      0.03433
       1.956      0.07407
       1.971       0.1138
       1.979       0.1138
       1.994       0.1536
       2.001       0.1337
       2.009      0.09395
       2.017      0.01445
       2.024     -0.08491
       2.032      -0.1445
       2.039      -0.1843
       2.054      -0.1843
       2.062      -0.1644
        2.07      -0.1048
       2.077     -0.06504
       2.085     -0.02529
       2.092      0.03433
         2.1      0.03433
       2.107       0.0542
       2.122     -0.00542
        2.13     -0.04517
       2.138     -0.08491
       2.145      -0.1048
        2.16     -0.08491
       2.168     -0.02529
       2.175       0.0542
       2.175     -0.00542
       2.183       0.1138
       2.191       0.1933
       2.198       0.2331
       2.213       0.2728
       2.221       0.2331
       2.228       0.1933
       2.244       0.1138
       2.251      0.07407
       2.259      0.01445
       2.266     -0.04517
       2.274     -0.08491
       2.281      -0.1048
       2.289      -0.1445
       2.296      -0.1843
       2.304       -0.224
       2.312      -0.2439
       2.327       -0.224
       2.334      -0.1843
       2.342      -0.1445
       2.357      -0.1048
       2.365     -0.08491
       2.372     -0.02529
        2.38       0.0542
        2.38     -0.00542
       2.387       0.1138
       2.395       0.1933
       2.402       0.2529
        2.41       0.3126
       2.418       0.3722
       2.425       0.3921
       2.433       0.3722
        2.44       0.3126
       2.448       0.2132
       2.455      0.09395
       2.455     -0.02529
       2.463      -0.1048
        2.47       -0.224
       2.478      -0.2836
       2.486      -0.2638
       2.493      -0.1843
       2.501     -0.06504
       2.508      0.07407
       2.508     -0.00542
       2.516       0.1337
       2.523       0.2132
       2.531       0.2728
       2.539       0.3523
       2.546       0.4318
       2.554       0.4914
       2.561       0.5113
       2.569       0.4715
       2.576       0.3523
       2.584       0.1933
       2.591      0.07407
       2.591     -0.08491
       2.599      -0.2638
       2.607      -0.4228
       2.614      -0.5619
       2.629      -0.5023
       2.629      -0.5619
       2.637      -0.4426
       2.644      -0.3234
       2.652      -0.1644
        2.66     -0.06504
       2.667      0.07407
       2.675       0.1536
       2.682       0.2132
        2.69       0.2331
       2.697       0.1933
       2.705       0.1536
       2.713      0.07407
        2.72      0.01445
       2.728     -0.04517
       2.735     -0.08491
       2.743      -0.1048
       2.758     -0.08491
       2.765     -0.02529
       2.773      0.07407
       2.781       0.1337
       2.788       0.1933
       2.803       0.1933
       2.811       0.1337
       2.818      0.07407
       2.826      0.03433
       2.826     -0.00542
       2.834     -0.04517
       2.841      -0.1048
       2.849      -0.1644
       2.856      -0.2042
       2.864       -0.224
       2.871       -0.224
       2.887      -0.1843
       2.894      -0.1445
       2.902     -0.08491
       2.909     -0.02529
       2.917       0.0542
       2.924       0.1138
       2.932       0.1933
       2.939       0.2728
       2.947       0.3324
       2.955       0.3523
       2.962       0.3126
        2.97       0.2132
       2.977       0.1138
       2.985      0.03433
       2.985     -0.06504
       2.992      -0.1445
           3      -0.2042
       3.015      -0.2042
       3.023      -0.1644
        3.03      -0.1247
       3.038     -0.06504
       3.045     -0.02529
       3.053      0.03433
       3.061       0.0542
       3.076      0.09395
       3.083      0.09395
       3.098      0.09395
       3.113      0.07407
       3.121      0.07407
       3.136       0.0542
       3.144      0.03433
       3.151     -0.00542
       3.159     -0.04517
       3.166     -0.08491
       3.174      -0.1445
       3.182      -0.1644
       3.197      -0.1843
       3.204      -0.1445
       3.212      -0.1247
       3.227      -0.1048
       3.235      -0.1644
       3.242       -0.224
        3.25      -0.2638
       3.257       -0.224
       3.265      -0.1247
       3.272      0.07407
       3.272     -0.02529
        3.28       0.1734
       3.287       0.2728
       3.295       0.3324
        3.31       0.3126
       3.318       0.2529
       3.325       0.1933
       3.333       0.1138
        3.34      0.07407
       3.348       0.0542
       3.363       0.0542
       3.371      0.07407
       3.386       0.0542
       3.393     -0.02529
       3.401      -0.1048
       3.409      -0.2042
       3.416      -0.2439
       3.424      -0.2042
       3.431      -0.1445
       3.439     -0.06504
       3.446     -0.02529
       3.454      0.01445
       3.461       0.0542
       3.477       0.0542
       3.484      0.03433
       3.492      0.01445
       3.507     -0.00542
       3.514     -0.00542
        3.53     -0.00542
       3.537     -0.02529
       3.552     -0.04517
        3.56      0.03433
        3.56     -0.00542
       3.567      0.09395
       3.575       0.1734
       3.582       0.2132
        3.59       0.1734
       3.598      0.09395
       3.598     -0.00542
       3.605     -0.06504
       3.613      -0.1644
        3.62       -0.224
       3.628      -0.1843
       3.635      -0.1247
       3.643     -0.06504
       3.651      0.03433
       3.651     -0.00542
       3.658      0.07407
       3.666       0.1337
       3.673       0.1933
       3.681       0.2331
       3.688       0.2927
       3.704       0.2728
       3.711       0.2132
       3.719      0.09395
       3.726      0.03433
       3.726     -0.04517
       3.734      -0.1247
       3.741      -0.2042
       3.756       -0.224
       3.764      -0.1843
       3.772      -0.1247
       3.779     -0.04517
       3.787     -0.00542
       3.794       0.0542
       3.802      0.07407
       3.809      0.09395
       3.817       0.1337
       3.825       0.2132
       3.832       0.2728
        3.84       0.3324
       3.847       0.3722
       3.862       0.3324
        3.87       0.2529
       3.878       0.1536
       3.885      0.01445
       3.893      -0.1247
         3.9      -0.2439
       3.908      -0.3631
       3.915      -0.4426
       3.923      -0.5023
        3.93       -0.542
       3.938      -0.5023
       3.946      -0.4426
       3.953      -0.3631
       3.961       -0.224
       3.968      -0.1048
       3.976      0.03433
       3.983       0.1536
       3.991       0.2529
       3.999       0.3324
       4.006       0.3722
       4.014       0.3523
       4.021       0.3126
       4.029       0.2331
       4.036       0.1337
       4.044      0.07407
       4.044     -0.00542
       4.052     -0.08491
       4.059      -0.2042
       4.067      -0.2638
       4.074      -0.3035
       4.082      -0.2638
       4.089      -0.2042
       4.097      -0.1048
       4.104      0.03433
       4.104     -0.02529
       4.112      0.07407
        4.12       0.1536
       4.127       0.1933
       4.142       0.2331
        4.15       0.2132
       4.165       0.2132
       4.173       0.2331
       4.188       0.2132
       4.195       0.2132
        4.21       0.1536
       4.218       0.1138
       4.226      0.01445
       4.233      -0.1247
       4.241      -0.2439
       4.248      -0.3234
       4.263      -0.2836
       4.271       -0.224
       4.278      -0.1644
       4.286      -0.1247
       4.294     -0.08491
       4.309     -0.04517
       4.316     -0.04517
       4.331     -0.02529
       4.347     -0.00542
       4.354      0.03433
       4.362       0.0542
       4.377       0.0542
       4.384      0.07407
         4.4       0.1138
       4.415       0.1734
       4.422       0.1933
       4.437       0.1734
       4.445       0.1337
       4.452      0.07407
        4.46      0.01445
       4.468     -0.02529
       4.475     -0.08491
       4.483      -0.1247
        4.49      -0.1843
       4.498       -0.224
       4.513      -0.2439
       4.521       -0.224
       4.528      -0.1843
       4.536      -0.1445
       4.551     -0.08491
       4.558     -0.06504
       4.566     -0.02529
       4.574     -0.00542
       4.581      0.03433
       4.589      0.01445
       4.604     -0.02529
       4.611     -0.04517
       4.626     -0.04517
       4.634     -0.06504
       4.642      -0.1048
       4.649      -0.1445
       4.657      -0.1644
       4.664      -0.1247
       4.672     -0.04517
       4.679      0.07407
       4.679     -0.00542
       4.687       0.1734
       4.695       0.2728
       4.702       0.3523
        4.71       0.3921
       4.717       0.3921
       4.725       0.3722
       4.732       0.3126
        4.74       0.2529
       4.747       0.1734
       4.755      0.07407
       4.763      0.03433
       4.763     -0.04517
        4.77      -0.1445
       4.778      -0.2638
       4.785       -0.383
       4.793      -0.4625
         4.8       -0.542
       4.816      -0.4625
       4.823      -0.3035
       4.831      -0.1445
       4.838      0.01445
       4.846      0.09395
       4.853       0.1536
       4.861       0.1734
       4.869       0.2132
       4.876       0.2728
       4.884       0.3324
       4.891       0.3921
       4.899       0.4517
       4.906       0.4715
       4.914       0.4318
       4.921       0.3523
       4.929       0.2132
       4.937      0.09395
       4.937     -0.02529
       4.944     -0.08491
       4.952      -0.2042
       4.959      -0.2439
       4.967      -0.2439
       4.974      -0.1843
       4.982      -0.1048
        4.99     -0.06504
       5.005     -0.02529
       5.012     -0.00542
        5.02       0.0542
       5.027       0.1138
       5.043       0.1337
        5.05       0.1138
       5.058       0.1138
       5.073      0.07407
        5.08      0.03433
       5.088     -0.02529
       5.095     -0.08491
       5.103      -0.1644
       5.111      -0.2638
       5.118      -0.3234
       5.133      -0.3035
       5.141       -0.224
       5.148      -0.1247
       5.156     -0.02529
       5.164       0.0542
       5.171      0.09395
       5.186       0.1138
       5.194       0.1138
       5.209      0.09395
       5.217      0.07407
       5.224      0.01445
       5.232     -0.02529
       5.239     -0.04517
       5.254     -0.06504
       5.262     -0.02529
       5.269       0.0542
       5.269     -0.00542
       5.277       0.1138
       5.285       0.1734
       5.292       0.2132
       5.307       0.2728
       5.315       0.2927
        5.33       0.3126
       5.338       0.2728
       5.345       0.1933
       5.353       0.1138
        5.36      0.01445
       5.368     -0.08491
       5.375      -0.1644
       5.383      -0.2439
       5.391      -0.3035
       5.406      -0.3035
       5.413      -0.2638
       5.421      -0.1843
       5.428      -0.1048
       5.436     -0.04517
       5.451     -0.04517
       5.459     -0.06504
       5.474      -0.1048
       5.481     -0.06504
       5.489     -0.04517
       5.496      0.01445
       5.504      0.09395
       5.512       0.1536
       5.519       0.2132
       5.527       0.2331
       5.534       0.2132
       5.542       0.1734
       5.549       0.1138
       5.557       0.0542
       5.565      0.03433
       5.572       0.0542
        5.58       0.1337
       5.587       0.1734
       5.595       0.2132
        5.61       0.1734
       5.617       0.1138
       5.625       0.0542
       5.625     -0.00542
       5.633     -0.06504
        5.64      -0.1445
       5.648      -0.2439
       5.655      -0.3234
       5.663      -0.3631
       5.678      -0.3234
       5.686      -0.2439
       5.693      -0.1644
       5.701     -0.06504
       5.708      0.01445
       5.716       0.0542
       5.723       0.0542
       5.731      0.07407
       5.746      0.09395
       5.754      0.09395
       5.769      0.09395
       5.776       0.1138
       5.791       0.1337
       5.799       0.1536
       5.822       0.1536
       5.829       0.1337
       5.844       0.1337
       5.852       0.1536
       5.867       0.1933
       5.875       0.1536
       5.882      0.09395
        5.89      0.03433
       5.897     -0.02529
       5.905     -0.04517
        5.92     -0.06504
       5.928     -0.06504
       5.943     -0.06504
        5.95     -0.06504
       5.965      -0.1247
       5.973      -0.1843
       5.981       -0.224
       5.988      -0.2638
       5.996      -0.2836
       6.011      -0.3035
       6.026      -0.2638
       6.034      -0.1644
       6.041       0.0542
       6.041     -0.04517
       6.049      0.09395
       6.056       0.1536
       6.064       0.1337
       6.071      0.09395
       6.079      0.07407
       6.094      0.01445
       6.102       0.0542
       6.109      0.07407
       6.117       0.1337
       6.124       0.1734
       6.132       0.1734
       6.147       0.1734
       6.162       0.1337
        6.17      0.09395
       6.177      0.01445
       6.185     -0.06504
       6.192      -0.1445
         6.2       -0.224
       6.208      -0.2638
       6.215      -0.2836
       6.223      -0.2439
        6.23      -0.1843
       6.238      -0.1048
       6.245      0.03433
       6.245     -0.02529
       6.253      0.07407
        6.26       0.1536
       6.268       0.2132
       6.283       0.2529
       6.291       0.2331
       6.298       0.1933
       6.306       0.1337
       6.313      0.09395
       6.321       0.0542
       6.329     -0.02529
       6.336     -0.08491
       6.344      -0.1644
       6.351      -0.2439
       6.366       -0.224
       6.374      -0.1445
       6.382     -0.04517
       6.389      0.07407
       6.389     -0.00542
       6.397       0.1337
       6.404       0.2132
       6.412       0.2927
       6.419       0.3523
       6.427       0.4318
       6.434       0.4715
       6.442       0.4715
        6.45       0.4318
       6.457       0.3722
       6.465       0.2927
       6.472       0.1933
        6.48      0.09395
       6.487      0.03433
       6.487     -0.04517
       6.495      -0.1445
       6.503      -0.2638
        6.51       -0.383
        6.51      -0.5023
       6.518      -0.5818
       6.518      -0.6811
       6.525      -0.7606
       6.533      -0.8202
        6.54      -0.7407
       6.548      -0.4824
       6.548      -0.6215
       6.556       -0.383
       6.563      -0.1644
       6.571      0.09395
       6.571     -0.02529
       6.578       0.2331
       6.586       0.3722
       6.593       0.4715
       6.601       0.5908
       6.608       0.6504
       6.624         0.71
       6.631       0.6703
       6.639       0.6107
       6.646       0.5113
       6.654       0.3722
       6.661       0.2132
       6.669      0.01445
       6.677      -0.1644
       6.684      -0.3234
       6.692      -0.4426
       6.699      -0.5221
       6.707      -0.5619
       6.714      -0.5023
       6.714       -0.542
       6.722      -0.4228
        6.73      -0.2836
       6.737      -0.1445
       6.745     -0.04517
       6.752       0.0542
        6.76      0.07407
       6.775       0.1138
       6.782       0.1337
       6.798       0.1337
       6.805       0.1138
        6.82      0.07407
       6.828      0.03433
       6.835     -0.00542
       6.843     -0.06504
       6.851      -0.1048
       6.858      -0.1247
       6.873     -0.08491
       6.881     -0.02529
       6.888       0.0542
       6.896      0.09395
       6.903      0.07407
       6.911      0.01445
       6.919     -0.06504
       6.926      -0.1048
       6.934      -0.1048
       6.941     -0.04517
       6.949       0.0542
       6.949     -0.00542
       6.956      0.07407
       6.972       0.0542
       6.972     -0.00542
       6.979     -0.02529
       6.987     -0.08491
       6.994      -0.1247
       7.002      -0.1644
       7.009      -0.1843
       7.025      -0.2439
       7.032      -0.2836
       7.047      -0.2836
       7.055       -0.224
       7.062      -0.1247
        7.07      0.03433
        7.07     -0.04517
       7.077      0.07407
       7.085       0.1536
         7.1       0.1933
       7.108       0.1734
       7.123       0.1536
        7.13       0.1734
       7.146       0.1933
       7.161       0.1337
       7.168      0.09395
       7.176       0.0542
       7.183       0.0542
       7.199       0.0542
       7.206       0.0542
       7.221      0.09395
       7.229       0.1536
       7.236       0.1933
       7.244       0.2331
       7.251       0.1734
       7.259      0.09395
       7.259     -0.00542
       7.267      -0.1048
       7.274      -0.2836
       7.282      -0.4228
       7.289      -0.5023
       7.289       -0.542
       7.304      -0.5023
       7.304       -0.542
       7.312      -0.4824
        7.32      -0.4426
       7.327      -0.3631
       7.335      -0.2638
       7.342      -0.1445
        7.35      0.01445
       7.357       0.1536
       7.365       0.2927
       7.373       0.3921
        7.38       0.4517
       7.395       0.4119
       7.403       0.3722
        7.41       0.3523
       7.425       0.3921
       7.433       0.4119
       7.448       0.4914
       7.456       0.4914
       7.463       0.4517
       7.471       0.3722
       7.478       0.2529
       7.486       0.1138
       7.494       0.0542
       7.494     -0.02529
       7.501      -0.1048
       7.509      -0.2042
       7.516      -0.2836
       7.524      -0.3433
       7.531      -0.3433
       7.539      -0.3234
       7.554      -0.3035
       7.562      -0.3035
       7.569      -0.2836
       7.577       -0.224
       7.584      -0.1644
       7.592     -0.08491
       7.599     -0.04517
       7.615     -0.04517
       7.622     -0.02529
       7.637       0.0542
       7.645       0.1138
       7.652       0.1933
        7.66       0.2331
       7.675       0.1734
       7.683      0.09395
        7.69       0.0542
        7.69     -0.00542
       7.698     -0.02529
       7.713     -0.08491
       7.721      -0.1048
       7.736      -0.1247
       7.743      -0.1247
       7.758      -0.1644
       7.766      -0.1843
       7.781      -0.1843
       7.789      -0.1843
       7.796      -0.1445
       7.811      -0.1048
       7.819     -0.08491
       7.834      -0.1048
       7.842      -0.1247
       7.849      -0.1048
       7.857     -0.06504
       7.864      0.03433
       7.864     -0.02529
       7.872      0.09395
       7.879       0.1734
       7.887       0.2529
       7.895       0.3324
       7.902       0.3722
       7.917       0.3921
       7.925       0.3523
       7.932       0.2927
        7.94       0.1933
       7.947      0.09395
       7.955     -0.02529
       7.963     -0.06504
        7.97      -0.1048
       7.985      -0.1247
       7.993      -0.1247
           8      -0.1048
       8.016      -0.1048
       8.023      -0.1048
       8.038      -0.1247
       8.046      -0.1048
       8.053     -0.06504
       8.061     -0.02529
       8.068      0.07407
       8.076       0.1337
       8.084       0.2331
       8.091       0.3126
       8.099       0.3921
       8.106       0.4318
       8.121       0.3921
       8.129       0.3126
       8.137       0.1933
       8.144      0.09395
       8.144     -0.00542
       8.152     -0.08491
       8.159      -0.2042
       8.167      -0.3035
       8.174      -0.3631
       8.182      -0.3433
        8.19      -0.2836
       8.197       -0.224
       8.205      -0.1247
       8.212     -0.04517
        8.22      0.01445
       8.235      0.03433
       8.242       0.0542
        8.25      0.09395
       8.258       0.1337
       8.265       0.1536
       8.273       0.1138
        8.28      0.07407
       8.288      0.03433
       8.295     -0.00542
       8.311      0.01445
       8.318      0.03433
       8.333       0.0542
       8.341       0.0542
       8.348      0.09395
       8.356       0.1138
       8.371       0.1337
       8.379      0.07407
       8.386      0.03433
       8.386     -0.02529
       8.394      -0.1247
       8.401      -0.2042
       8.409      -0.2638
       8.424      -0.3234
       8.432       -0.383
       8.439      -0.4625
       8.447      -0.5221
       8.454       -0.542
       8.462      -0.4426
       8.469      -0.3433
       8.477      -0.1843
       8.485      0.03433
       8.485     -0.06504
       8.492      0.09395
         8.5       0.1933
       8.507       0.2728
       8.515       0.3126
        8.53       0.3722
       8.538       0.3921
       8.553       0.3324
        8.56       0.2728
       8.568       0.2331
       8.583       0.1933
        8.59       0.1337
       8.598      0.07407
       8.598     -0.00542
       8.606     -0.06504
       8.613      -0.1843
       8.621      -0.2439
       8.636      -0.1843
       8.643      -0.1048
       8.651      0.03433
       8.651     -0.02529
       8.659      0.07407
       8.666       0.1536
       8.674       0.1933
       8.681       0.2529
       8.689       0.2728
       8.696       0.2331
       8.704       0.1734
       8.712      0.09395
       8.719       0.0542
       8.727     -0.00542
       8.734      0.03433
       8.742       0.0542
       8.749       0.1138
       8.757       0.1536
       8.764       0.1536
       8.772       0.1138
        8.78      0.01445
       8.787     -0.08491
       8.795      -0.1843
       8.802      -0.2439
        8.81      -0.2638
       8.825      -0.2042
       8.833      -0.1644
        8.84      -0.1247
       8.848     -0.08491
       8.855     -0.04517
        8.87     -0.02529
       8.878     -0.04517
       8.886     -0.02529
       8.901      0.07407
       8.908       0.1337
       8.916       0.2132
       8.923       0.2529
       8.931       0.2529
       8.938       0.1933
       8.946       0.1536
       8.954      0.07407
       8.961      0.03433
       8.961     -0.02529
       8.969     -0.06504
       8.976      -0.1247
