     0.01181     -0.09719
     0.02693      -0.1162
     0.04205      -0.1352
      0.0496      -0.1352
     0.06472      -0.1352
     0.07984      -0.1162
     0.09496     -0.09719
      0.1101     -0.05919
      0.1176     -0.04019
      0.1327     -0.04019
      0.1403     -0.05919
      0.1554     -0.09719
       0.163      -0.1162
      0.1781     -0.09719
      0.1932     -0.07819
      0.2008     -0.07819
      0.2083     -0.05919
      0.2235     -0.04019
       0.231    -0.002192
      0.2461       0.0548
      0.2537       0.0738
      0.2688       0.1308
      0.2764       0.1688
      0.2915       0.1878
       0.299       0.2068
      0.3066       0.2258
      0.3217       0.2448
      0.3293       0.2448
      0.3444       0.2448
      0.3595       0.2258
      0.3671       0.2068
      0.3746       0.2068
      0.3897       0.2068
      0.3973       0.2068
      0.4124       0.1878
        0.42       0.1688
      0.4275       0.1498
      0.4427       0.1118
      0.4502       0.0928
      0.4653       0.0548
      0.4804       0.0548
      0.4956      0.03581
      0.5031      0.01681
      0.5182     -0.02119
      0.5258     -0.04019
      0.5409     -0.04019
      0.5485     -0.02119
      0.5636    -0.002192
      0.5712      0.01681
      0.5863      0.03581
      0.5938       0.0738
      0.6089       0.0738
      0.6165       0.0738
      0.6316      0.03581
      0.6467      0.01681
      0.6619      0.03581
      0.6694       0.0548
       0.677       0.0738
      0.6921       0.0928
      0.6996       0.0928
      0.7072       0.0928
      0.7223       0.0548
      0.7299    -0.002192
       0.745     -0.04019
      0.7526     -0.05919
      0.7677     -0.09719
      0.7752      -0.1162
      0.7904      -0.1352
      0.8055      -0.1922
      0.8206      -0.2302
      0.8281      -0.2302
      0.8433      -0.2112
      0.8584      -0.2302
      0.8659      -0.2302
      0.8811      -0.1922
      0.8962      -0.1162
      0.9037     -0.09719
      0.9113     -0.05919
      0.9188     -0.02119
      0.9264       0.0548
       0.934       0.0928
      0.9415       0.1308
      0.9491       0.1688
      0.9566       0.2068
      0.9718       0.2448
      0.9869       0.2448
       1.002       0.1878
        1.01       0.1498
       1.017       0.1308
       1.017       0.0928
       1.025       0.0738
       1.032    -0.002192
        1.04     -0.04019
       1.047     -0.07819
       1.055     -0.09719
       1.062      -0.1352
        1.07      -0.1732
       1.078      -0.2112
       1.085      -0.2682
       1.093      -0.3252
       1.108      -0.3252
       1.115      -0.3062
       1.123      -0.2682
       1.138      -0.2492
       1.146      -0.2492
       1.153      -0.2302
       1.168      -0.1922
       1.176      -0.1542
       1.183      -0.1162
       1.191     -0.07819
       1.199     -0.02119
       1.206      0.01681
       1.214       0.0738
       1.221       0.1308
       1.229       0.1688
       1.236       0.2068
       1.244       0.2448
       1.251       0.3018
       1.259       0.3398
       1.267       0.3968
       1.274       0.4348
       1.282       0.4728
       1.289       0.4918
       1.297       0.5298
       1.304       0.5298
       1.319       0.5108
       1.327       0.4918
       1.335       0.4348
       1.342       0.3588
        1.35       0.2828
       1.357       0.2258
       1.365       0.1498
       1.372       0.0928
        1.38       0.0548
       1.387     -0.02119
       1.395     -0.07819
       1.403      -0.1542
        1.41      -0.2112
       1.418      -0.2682
       1.425      -0.2872
        1.44      -0.3252
       1.448      -0.3252
       1.463      -0.3252
       1.478      -0.2872
       1.493      -0.2872
       1.501      -0.2682
       1.508      -0.2302
       1.516      -0.2112
       1.524      -0.1732
       1.531      -0.1352
       1.539     -0.09719
       1.546     -0.05919
       1.561    -0.002192
       1.569    -0.002192
       1.584      0.03581
       1.592      0.03581
       1.607      0.01681
       1.614    -0.002192
       1.622    -0.002192
       1.637    -0.002192
       1.644    -0.002192
       1.652      0.03581
        1.66      0.03581
       1.675       0.0738
        1.69       0.1118
       1.697       0.1118
       1.713       0.0928
        1.72       0.0738
       1.735       0.0548
       1.743       0.0548
       1.758      0.03581
       1.765      0.03581
       1.788      0.01681
       1.803    -0.002192
       1.818      0.03581
       1.826       0.0548
       1.841       0.0738
       1.849       0.0738
       1.856       0.0548
       1.871    -0.002192
       1.879     -0.02119
       1.894    -0.002192
       1.901    -0.002192
       1.917      0.03581
       1.924       0.0548
       1.932       0.0928
       1.947       0.1308
       1.954       0.1308
       1.962       0.1498
       1.977       0.1688
       1.985       0.1688
       1.992       0.1878
       2.007       0.1878
       2.015       0.1878
       2.022       0.2068
       2.038       0.2068
       2.045       0.2068
        2.06       0.1878
       2.075       0.1688
       2.083       0.1498
       2.098       0.0738
       2.106      0.01681
       2.113     -0.04019
       2.121      -0.1162
       2.128      -0.1922
       2.136      -0.2492
       2.143      -0.3062
       2.151      -0.3442
       2.166      -0.3822
       2.174      -0.4012
       2.189      -0.3822
       2.196      -0.3632
       2.204      -0.3252
       2.211      -0.3062
       2.219      -0.2492
       2.226      -0.2302
       2.234      -0.1922
       2.242      -0.1352
       2.249     -0.09719
       2.257     -0.04019
       2.264      0.01681
       2.272       0.0548
       2.279       0.0738
       2.295       0.0738
       2.302       0.0738
        2.31       0.0928
       2.325       0.0928
       2.332       0.1118
       2.347       0.1118
       2.355       0.1118
       2.363       0.0738
       2.378      0.03581
       2.385      0.01681
         2.4     -0.04019
       2.408     -0.07819
       2.423      -0.1162
       2.431      -0.1162
       2.446      -0.1162
       2.453     -0.09719
       2.461     -0.05919
       2.476     -0.02119
       2.483     -0.02119
       2.499    -0.002192
       2.514       0.0548
       2.521       0.0928
       2.529       0.1498
       2.536       0.1878
       2.544       0.2448
       2.552       0.2828
       2.559       0.3018
       2.574       0.3398
       2.582       0.3588
       2.597       0.3968
       2.604       0.3778
       2.612       0.3778
        2.62       0.3398
       2.627       0.3208
       2.642       0.3018
        2.65       0.3208
       2.665       0.2638
       2.672       0.2258
        2.68       0.1688
       2.688       0.1118
       2.695       0.0738
       2.703       0.0548
        2.71     -0.02119
       2.718     -0.05919
       2.725     -0.09719
       2.733      -0.1542
        2.74      -0.1922
       2.756      -0.2492
       2.763      -0.2682
       2.771      -0.2682
       2.786      -0.3062
       2.793      -0.3252
       2.809      -0.3442
       2.816      -0.3442
       2.824      -0.3062
       2.831      -0.2872
       2.839      -0.2302
       2.846      -0.1732
       2.854      -0.1162
       2.861     -0.05919
       2.869     -0.02119
       2.877      0.01681
       2.892      0.03581
       2.899      0.01681
       2.914     -0.02119
       2.922     -0.04019
       2.929     -0.04019
       2.945     -0.04019
       2.952     -0.04019
       2.967     -0.07819
       2.975     -0.07819
        2.99     -0.09719
       2.997     -0.09719
       3.013     -0.07819
       3.028     -0.05919
       3.035     -0.04019
       3.043    -0.002192
        3.05    -0.002192
       3.058      0.03581
       3.066      0.03581
       3.073       0.0548
       3.088       0.0548
       3.096       0.0548
       3.111    -0.002192
       3.118     -0.04019
       3.126     -0.09719
       3.134      -0.1352
       3.141      -0.1732
       3.149      -0.2112
       3.164      -0.2492
       3.171      -0.2682
       3.179      -0.2682
       3.194      -0.2492
       3.202      -0.2112
       3.217      -0.1542
       3.224     -0.09719
       3.232     -0.04019
       3.239       0.0738
       3.247       0.1498
       3.254       0.2258
       3.262       0.3018
        3.27       0.3588
       3.277       0.3968
       3.285       0.4348
       3.292       0.4918
         3.3       0.5488
       3.307       0.6058
       3.315       0.6438
       3.323       0.6818
       3.338       0.7008
       3.345       0.7008
       3.353       0.7008
       3.368       0.6438
       3.375       0.6058
       3.383       0.5678
       3.391       0.4728
       3.398       0.4158
       3.406       0.3588
       3.413       0.3018
       3.421       0.2448
       3.428       0.1878
       3.436       0.1118
       3.443       0.0548
       3.451     -0.02119
       3.459     -0.07819
       3.466      -0.1542
       3.474      -0.1922
       3.481      -0.2302
       3.489      -0.2682
       3.496      -0.3252
       3.504      -0.3632
       3.519      -0.4012
       3.527      -0.3822
       3.542      -0.3442
       3.549      -0.3442
       3.564      -0.3442
       3.579      -0.3822
       3.587      -0.3632
       3.595      -0.3442
       3.602      -0.3062
        3.61      -0.2492
       3.617      -0.2112
       3.625      -0.1542
       3.632      -0.1162
        3.64     -0.05919
       3.655    -0.002192
       3.663      0.03581
       3.678       0.0738
       3.685       0.0738
       3.693       0.0928
       3.708       0.0548
       3.716      0.03581
       3.723      0.01681
       3.738     -0.02119
       3.746     -0.05919
       3.753     -0.09719
       3.761      -0.1542
       3.768      -0.1922
       3.776      -0.2492
       3.784      -0.2682
       3.791      -0.3062
       3.806      -0.3442
       3.814      -0.3442
       3.829      -0.3062
       3.836      -0.2492
       3.844      -0.2112
       3.852      -0.1732
       3.859      -0.1352
       3.867     -0.09719
       3.874     -0.05919
       3.882     -0.02119
       3.889       0.0738
       3.897       0.1308
       3.905       0.1688
       3.912       0.2258
        3.92       0.2448
       3.935       0.2638
       3.942       0.2448
        3.95       0.2638
       3.957       0.2828
       3.965       0.3208
       3.973       0.3588
       3.988       0.3968
       3.995       0.3968
        4.01       0.3588
       4.018       0.3208
       4.025       0.2828
       4.033       0.2448
       4.041       0.2068
       4.048       0.1688
       4.056       0.1308
       4.063       0.0928
       4.071       0.0548
       4.078    -0.002192
       4.086     -0.04019
       4.093     -0.09719
       4.101      -0.1542
       4.116      -0.1922
       4.124      -0.2112
       4.139      -0.2302
       4.154      -0.1922
       4.162      -0.1732
       4.177      -0.1352
       4.184      -0.1162
       4.199     -0.09719
       4.207     -0.07819
       4.222     -0.07819
        4.23     -0.05919
       4.245     -0.07819
       4.252     -0.07819
       4.267     -0.07819
       4.275     -0.07819
        4.29      -0.1162
       4.305      -0.1542
       4.313      -0.1542
       4.328      -0.1352
       4.335      -0.1352
        4.35      -0.1162
       4.358      -0.1162
       4.373     -0.09719
       4.381     -0.05919
       4.388     -0.02119
       4.396       0.0548
       4.396    -0.002192
       4.403       0.0738
       4.411       0.1118
       4.419       0.1498
       4.434       0.1688
       4.441       0.1878
       4.449       0.2258
       4.456       0.2828
       4.464       0.3208
       4.471       0.3588
       4.487       0.3968
       4.494       0.3968
       4.502       0.3968
       4.517       0.3588
       4.524       0.3208
       4.539       0.2638
       4.547       0.2258
       4.562       0.1498
        4.57       0.1118
       4.577       0.0738
       4.585      0.03581
       4.592    -0.002192
         4.6     -0.05919
       4.615      -0.1162
       4.623      -0.1352
       4.638      -0.1542
       4.645      -0.1732
        4.66      -0.1542
       4.676     -0.09719
       4.683     -0.05919
       4.691     -0.02119
       4.698    -0.002192
       4.713      0.03581
       4.721       0.0738
       4.728       0.0928
       4.736       0.1498
       4.744       0.1878
       4.759       0.1878
       4.766       0.1308
       4.781       0.0928
       4.789       0.0738
       4.796       0.0738
       4.812     -0.02119
       4.819     -0.05919
       4.827     -0.09719
       4.842      -0.1542
       4.849      -0.1542
       4.872      -0.1352
        4.88      -0.1352
       4.895      -0.1352
       4.902      -0.1352
       4.917      -0.1352
       4.925      -0.1352
        4.94      -0.1352
       4.948      -0.1162
       4.963     -0.07819
        4.97     -0.05919
       4.985     -0.04019
       4.993     -0.02119
       5.008    -0.002192
       5.016    -0.002192
       5.031      0.01681
       5.038      0.03581
       5.046       0.0548
       5.069       0.0928
       5.076       0.1118
       5.091       0.1118
       5.099       0.1308
       5.114       0.1308
       5.129       0.0928
       5.137       0.0738
       5.152       0.0928
       5.159       0.1118
       5.174       0.1688
       5.182       0.1878
       5.189       0.2258
       5.197       0.2448
       5.205       0.2638
        5.22       0.2448
       5.227       0.2258
       5.242       0.2068
        5.25       0.1688
       5.258       0.0928
       5.265      0.01681
       5.273     -0.05919
        5.28      -0.1162
       5.288      -0.1732
       5.295      -0.2302
       5.303      -0.2682
        5.31      -0.3252
       5.318      -0.3632
       5.333      -0.4202
       5.341      -0.4392
       5.348      -0.4392
       5.363      -0.4582
       5.371      -0.4392
       5.378      -0.4202
       5.394      -0.3442
       5.401      -0.2872
       5.409      -0.2302
       5.416      -0.1732
       5.424     -0.09719
       5.431     -0.04019
       5.439    -0.002192
       5.446       0.0548
       5.454       0.0928
       5.469       0.1308
       5.477       0.1498
       5.492       0.2068
       5.499       0.2258
       5.515       0.2638
        5.53       0.2448
       5.537       0.2068
       5.545       0.1688
       5.552       0.1308
        5.56       0.0928
       5.567       0.0738
       5.583      0.03581
        5.59      0.03581
       5.605      0.03581
       5.613      0.03581
       5.628      0.01681
       5.643    -0.002192
       5.658      0.03581
       5.673       0.0928
       5.681       0.1308
       5.688       0.1498
       5.703       0.1498
       5.719       0.1118
       5.726       0.1308
       5.741       0.1308
       5.749       0.1308
       5.764       0.1498
       5.779       0.1308
       5.787       0.1118
       5.802       0.1118
       5.809       0.1308
       5.824       0.1118
       5.832       0.1118
       5.847       0.0928
       5.855       0.0928
        5.87       0.0928
       5.877       0.0928
       5.885       0.1118
         5.9       0.1118
       5.908       0.0928
       5.915       0.0928
        5.93       0.0548
       5.938    -0.002192
       5.945     -0.02119
        5.96     -0.05919
       5.968     -0.07819
       5.983      -0.1352
       5.991      -0.1352
       6.006      -0.1352
       6.013      -0.1162
       6.029      -0.1162
       6.036     -0.09719
       6.044     -0.07819
       6.059     -0.04019
       6.066     -0.04019
       6.074     -0.04019
       6.089     -0.07819
       6.104     -0.09719
       6.112     -0.07819
       6.134     -0.04019
       6.142     -0.02119
       6.157    -0.002192
       6.165    -0.002192
        6.18     -0.02119
       6.187     -0.02119
       6.202     -0.02119
        6.21     -0.02119
       6.217     -0.02119
       6.233     -0.07819
        6.24     -0.09719
       6.255      -0.1352
        6.27      -0.1542
       6.278      -0.1542
       6.293      -0.1922
       6.301      -0.1922
       6.316      -0.1922
       6.323      -0.1732
       6.338      -0.1732
       6.346      -0.1542
       6.361      -0.1162
       6.369     -0.07819
       6.376     -0.04019
       6.384    -0.002192
       6.391       0.0548
       6.399       0.0738
       6.406       0.1118
       6.414       0.1688
       6.422       0.2068
       6.429       0.2448
       6.444       0.3018
       6.452       0.3018
       6.467       0.3398
       6.482       0.3778
        6.49       0.3588
       6.497       0.3588
       6.512       0.3208
        6.52       0.3208
       6.535       0.3018
       6.542       0.2828
        6.55       0.2448
       6.565       0.1878
       6.573       0.1498
        6.58       0.1118
       6.588       0.0738
       6.603      0.03581
       6.611      0.01681
       6.626    -0.002192
       6.633     -0.04019
       6.641     -0.05919
       6.656     -0.09719
       6.663      -0.1352
       6.671      -0.1922
       6.679      -0.2682
       6.686      -0.3442
       6.694      -0.4392
       6.701      -0.4772
       6.701      -0.5342
       6.709      -0.5722
       6.716      -0.6102
       6.724      -0.6292
       6.739      -0.6102
       6.747      -0.5912
       6.762      -0.5342
       6.769      -0.5152
       6.777      -0.4582
       6.784      -0.4202
       6.792      -0.3822
       6.799      -0.3252
       6.807      -0.2872
       6.822      -0.2112
        6.83      -0.1542
       6.837     -0.09719
       6.845     -0.02119
       6.852       0.0738
       6.852    -0.002192
        6.86       0.1308
       6.868       0.2258
       6.875       0.3018
       6.883       0.3778
        6.89       0.4158
       6.898       0.4728
       6.913       0.4918
        6.92       0.4918
       6.943       0.4918
       6.951       0.4918
       6.958       0.4918
       6.973       0.4728
       6.981       0.4728
       6.988       0.4728
       6.996       0.4348
       7.011       0.3778
       7.019       0.3398
       7.034       0.3018
       7.041       0.2638
       7.049       0.2258
       7.056       0.1688
       7.064       0.1308
       7.072       0.0738
       7.079      0.03581
       7.087    -0.002192
       7.102    -0.002192
       7.109    -0.002192
       7.125    -0.002192
        7.14    -0.002192
       7.147    -0.002192
       7.155       0.0548
        7.17       0.1118
       7.177       0.1308
       7.193       0.1498
         7.2       0.1498
       7.215       0.1308
       7.223       0.1308
       7.238       0.0928
       7.245       0.0738
       7.253       0.0548
       7.268      0.03581
       7.276      0.01681
       7.291    -0.002192
       7.306     -0.05919
       7.313     -0.07819
       7.329      -0.1162
       7.336      -0.1352
       7.351      -0.1542
       7.359      -0.1732
       7.374      -0.2302
       7.382      -0.2682
       7.389      -0.3062
       7.397      -0.3632
       7.404      -0.4202
       7.412      -0.4582
       7.419      -0.5152
       7.427      -0.5342
       7.442      -0.5532
        7.45      -0.5532
       7.465      -0.5532
       7.472      -0.5532
        7.48      -0.5342
       7.495      -0.4962
       7.502      -0.4392
        7.51      -0.3822
       7.518      -0.3252
       7.525      -0.2682
       7.533      -0.1922
        7.54      -0.1352
       7.548     -0.07819
       7.555      0.03581
       7.555     -0.02119
       7.563       0.0738
        7.57       0.1308
       7.578       0.1878
       7.586       0.2258
       7.593       0.2448
       7.608       0.2638
       7.616       0.2828
       7.631       0.3208
       7.638       0.3398
       7.654       0.3778
       7.661       0.3968
       7.669       0.4158
       7.684       0.4348
       7.691       0.4348
       7.707       0.4538
       7.722       0.4348
       7.729       0.4348
       7.737       0.4348
       7.752       0.3968
       7.759       0.3778
       7.775       0.3208
       7.782       0.3018
        7.79       0.2448
       7.797       0.2068
       7.805       0.1308
       7.812       0.0738
        7.82     -0.02119
       7.827     -0.07819
       7.835      -0.1542
       7.843      -0.2112
        7.85      -0.2492
       7.865      -0.2872
       7.873      -0.3252
       7.888      -0.3442
       7.903      -0.3442
       7.911      -0.3442
       7.918      -0.3252
       7.933      -0.3252
       7.941      -0.3252
       7.956      -0.3062
       7.971      -0.2872
       7.979      -0.2682
       7.994      -0.2492
       8.001      -0.2302
       8.016      -0.2112
       8.024      -0.1732
       8.039      -0.1352
       8.054     -0.05919
       8.062     -0.02119
       8.069      0.01681
       8.077       0.0738
       8.084       0.1118
       8.092       0.1498
         8.1       0.1878
       8.107       0.2068
       8.115       0.2448
       8.122       0.2638
       8.137       0.2638
       8.145       0.2638
        8.16       0.2638
       8.168       0.2828
       8.183       0.2638
        8.19       0.2448
       8.198       0.2068
       8.205       0.1878
       8.213       0.1498
       8.221       0.1308
       8.236       0.1118
       8.243       0.1308
       8.251       0.1498
       8.266       0.1688
       8.273       0.1688
       8.289       0.1878
       8.296       0.2068
       8.304       0.2448
       8.311       0.2828
       8.326       0.2828
       8.334       0.2638
       8.341       0.2638
       8.357       0.2638
       8.364       0.2638
       8.379       0.2638
       8.387       0.2448
       8.394       0.2448
       8.409       0.1878
       8.425       0.1308
       8.432       0.0928
        8.44       0.0548
       8.447    -0.002192
       8.455     -0.04019
       8.462     -0.09719
        8.47      -0.1162
       8.478      -0.1542
       8.493      -0.1922
         8.5      -0.2112
       8.508      -0.2112
       8.523      -0.2492
        8.53      -0.2682
       8.538      -0.2682
       8.553      -0.2872
       8.561      -0.2682
       8.576      -0.2492
       8.583      -0.2492
       8.591      -0.2302
       8.606      -0.2112
       8.614      -0.1732
       8.629      -0.1162
       8.636     -0.07819
       8.644     -0.04019
       8.651    -0.002192
       8.659      0.03581
       8.666       0.0738
       8.682       0.1118
       8.689       0.1118
       8.697       0.1308
       8.712       0.1308
       8.719       0.1118
       8.735       0.0928
       8.742       0.0738
       8.757      0.03581
       8.765      0.01681
        8.78     -0.02119
       8.787     -0.04019
       8.795     -0.04019
        8.81     -0.05919
       8.818     -0.05919
       8.833     -0.09719
        8.84      -0.1352
       8.848      -0.1732
       8.855      -0.2112
       8.863      -0.2492
       8.871      -0.3062
       8.878      -0.3442
       8.886      -0.3822
       8.893      -0.4392
       8.901      -0.4962
       8.916      -0.5532
       8.923      -0.5342
       8.939      -0.4962
       8.946      -0.4392
       8.954      -0.3822
       8.961      -0.3252
       8.969      -0.2682
       8.969      -0.3062
       8.976      -0.2302
