     0.01181     -0.03581
     0.03448     -0.09161
     0.04203      -0.1288
     0.04959       -0.166
     0.05714      -0.2032
      0.0647       -0.259
     0.07981      -0.2962
     0.08736      -0.2776
     0.09492      -0.2032
      0.1025      -0.1102
        0.11     -0.05441
      0.1176         0.02
      0.1251       0.0758
      0.1327        0.113
      0.1402       0.1502
      0.1478       0.1874
      0.1554       0.2432
      0.1629       0.2432
       0.178       0.2246
      0.1931       0.1688
      0.2007       0.1316
      0.2082       0.0944
      0.2158       0.0572
      0.2234     -0.01721
      0.2309     -0.07301
      0.2385      -0.1474
       0.246      -0.2218
      0.2536      -0.2962
      0.2611       -0.352
      0.2687      -0.4078
      0.2762       -0.445
      0.2913      -0.4822
      0.2989      -0.5008
       0.314      -0.4636
      0.3216       -0.445
      0.3291      -0.3892
      0.3367      -0.2962
      0.3442      -0.2218
      0.3518     -0.09161
      0.3593       0.0944
      0.3593     -0.01721
      0.3669       0.2246
      0.3745       0.4106
       0.382       0.5594
      0.3896       0.6524
      0.3971       0.6896
      0.4122       0.6338
      0.4198       0.5594
      0.4273       0.4664
      0.4349       0.3548
      0.4424       0.2246
        0.45       0.1316
      0.4576       0.0572
      0.4651     0.001395
      0.4802         0.02
      0.4878       0.0572
      0.4953        0.113
      0.5104       0.1874
       0.518       0.1874
      0.5256        0.206
      0.5407       0.1688
      0.5482        0.113
      0.5558       0.0572
      0.5633       0.0386
      0.5633     0.001395
      0.5709     -0.03581
      0.5784     -0.07301
       0.586      -0.1474
      0.5936      -0.2404
      0.6011      -0.3334
      0.6087      -0.4822
      0.6162      -0.6124
      0.6238       -0.724
      0.6313      -0.7798
      0.6389      -0.7798
      0.6464      -0.7426
       0.654      -0.6496
      0.6615      -0.5566
      0.6691      -0.4636
      0.6767      -0.3706
      0.6842      -0.2404
      0.6918     -0.09161
      0.6993       0.1316
      0.6993     0.001395
      0.7069       0.2618
      0.7144        0.392
       0.722        0.485
      0.7371        0.485
      0.7447       0.4478
      0.7522       0.3734
      0.7598        0.299
      0.7673        0.206
      0.7749       0.1316
      0.7824       0.0572
      0.7824     0.001395
        0.79     -0.03581
      0.7975     -0.09161
      0.8051      -0.1102
      0.8202     -0.09161
      0.8278     -0.05441
      0.8353     -0.01721
      0.8429       0.0572
       0.858        0.113
      0.8655        0.113
      0.8806        0.113
      0.8882        0.113
      0.9033       0.0944
      0.9109        0.113
      0.9184       0.1316
       0.926       0.1688
      0.9335       0.2246
      0.9411       0.2618
      0.9486       0.3176
      0.9562       0.3734
      0.9637       0.4106
      0.9789       0.4478
      0.9864       0.4292
       0.994       0.3362
       1.002       0.2432
       1.009        0.113
       1.017       0.0572
       1.017     -0.03581
       1.024      -0.1474
       1.032      -0.2776
       1.039      -0.3706
       1.047      -0.4264
       1.054      -0.4264
       1.062      -0.3892
        1.07       -0.352
       1.085      -0.3148
       1.092      -0.2776
         1.1      -0.2218
       1.107       -0.166
       1.115      -0.1102
       1.122     -0.03581
        1.13       0.0758
        1.13     0.001395
       1.138       0.1316
       1.145       0.2246
       1.153       0.3176
        1.16        0.392
       1.168       0.5036
       1.175       0.6152
       1.183       0.7082
        1.19       0.7826
       1.198       0.7454
       1.206        0.671
       1.213       0.5594
       1.221        0.392
       1.228       0.2432
       1.236        0.113
       1.236     0.001395
       1.243     -0.07301
       1.251      -0.2218
       1.258       -0.352
       1.266       -0.445
       1.274      -0.5194
       1.281      -0.5566
       1.289      -0.5938
       1.296      -0.5752
       1.311      -0.5752
       1.319      -0.5752
       1.334      -0.5752
       1.342       -0.538
       1.349      -0.5008
       1.357       -0.445
       1.364      -0.3334
       1.372      -0.2218
       1.379     -0.07301
       1.387       0.0944
       1.387     0.001395
       1.394       0.2246
       1.402       0.3362
       1.409       0.4478
       1.417       0.5036
       1.425       0.5408
        1.44       0.5594
       1.447       0.5222
       1.455        0.485
       1.462       0.4292
        1.47       0.3734
       1.477       0.3362
       1.485       0.2804
       1.493       0.2432
         1.5        0.206
       1.508       0.1688
       1.523       0.1316
        1.53       0.0944
       1.538       0.0572
       1.545         0.02
       1.553     -0.01721
       1.561     -0.07301
       1.568      -0.1288
       1.576      -0.2032
       1.583      -0.2776
       1.591      -0.3334
       1.598      -0.3892
       1.606      -0.4636
       1.613      -0.5194
       1.621      -0.5752
       1.636      -0.5194
       1.644      -0.3892
       1.651      -0.2218
       1.659       0.0386
       1.659     -0.07301
       1.666        0.113
       1.674       0.2246
       1.681       0.3176
       1.689       0.3734
       1.704        0.392
       1.712       0.3734
       1.719       0.3734
       1.734       0.4106
       1.742       0.4292
       1.757       0.4292
       1.765       0.4106
        1.78       0.3362
       1.787        0.299
       1.795       0.2618
       1.802        0.206
        1.81       0.1316
       1.817       0.0758
       1.825     -0.01721
       1.833     -0.09161
        1.84       -0.166
       1.848       -0.259
       1.855      -0.3706
       1.863      -0.5008
        1.87      -0.6496
       1.878      -0.7426
       1.885       -0.817
       1.893      -0.8356
       1.901       -0.817
       1.908      -0.7426
       1.916      -0.6868
       1.923       -0.631
       1.931       -0.538
       1.938      -0.4264
       1.938      -0.4822
       1.946      -0.3148
       1.953       -0.166
       1.961       0.0572
       1.961     -0.05441
       1.969       0.1316
       1.976       0.2432
       1.984       0.3548
       1.991       0.4478
       1.999        0.485
       2.006        0.578
       2.021       0.5966
       2.037       0.5036
       2.044       0.4664
       2.052        0.392
       2.059       0.3362
       2.067       0.2246
       2.074       0.1502
       2.082       0.0758
       2.089     -0.01721
       2.097     -0.03581
       2.105     -0.07301
        2.12      -0.1102
       2.127      -0.1474
       2.142      -0.1846
        2.15      -0.1846
       2.165      -0.1846
       2.173      -0.2032
       2.188      -0.2218
       2.195      -0.1846
       2.203      -0.1474
        2.21     -0.09161
       2.218     -0.03581
       2.225       0.0572
       2.225     0.001395
       2.233        0.113
       2.241       0.1874
       2.248       0.2618
       2.256       0.3176
       2.263       0.3548
       2.271       0.4106
       2.278       0.4106
       2.286       0.4106
       2.301        0.392
       2.309       0.3734
       2.316       0.3362
       2.324       0.2804
       2.331       0.2246
       2.339       0.1502
       2.346        0.113
       2.354       0.0758
       2.361       0.0572
       2.369     0.001395
       2.377     -0.03581
       2.384     -0.07301
       2.392      -0.1102
       2.399       -0.166
       2.407      -0.2032
       2.422      -0.2404
       2.429      -0.2218
       2.437      -0.2032
       2.445       -0.166
       2.452      -0.1102
        2.46     -0.05441
       2.467     -0.01721
       2.475         0.02
       2.482       0.0758
        2.49        0.113
       2.497       0.1316
       2.513       0.1874
        2.52       0.2246
       2.535        0.206
       2.543        0.206
        2.55       0.2246
       2.565       0.2618
       2.573       0.2618
       2.588        0.206
       2.596       0.1688
       2.603       0.0944
       2.611     0.001395
       2.618      -0.1102
       2.626       -0.259
       2.633      -0.4078
       2.641      -0.5008
       2.649      -0.5752
       2.664      -0.5752
       2.671       -0.538
       2.686      -0.5008
       2.694      -0.4636
       2.701      -0.4264
       2.709      -0.3892
       2.717       -0.352
       2.732      -0.2962
       2.739       -0.259
       2.747      -0.1474
       2.754       0.0386
       2.754     -0.05441
       2.762        0.113
       2.769       0.2246
       2.777       0.3362
       2.785       0.4106
       2.792        0.485
         2.8       0.5408
       2.807        0.578
       2.815       0.6152
       2.822       0.6524
       2.837       0.6524
       2.845       0.6152
       2.853       0.5594
        2.86       0.5036
       2.868       0.4292
       2.875        0.299
       2.883       0.1688
        2.89       0.0758
        2.89     -0.05441
       2.898       -0.166
       2.905      -0.3148
       2.913      -0.4078
       2.928      -0.4264
       2.936      -0.3706
       2.943      -0.3148
       2.951       -0.259
       2.958      -0.1846
       2.966      -0.1288
       2.973     -0.09161
       2.981     -0.03581
       2.989     0.001395
       2.996       0.0386
       3.004       0.0572
       3.019       0.0758
       3.026       0.0758
       3.041       0.0572
       3.049         0.02
       3.057     -0.05441
       3.064       -0.166
       3.072       -0.259
       3.079      -0.3892
       3.087      -0.5008
       3.094      -0.5752
       3.102       -0.631
       3.109      -0.6124
       3.117       -0.538
       3.124      -0.4078
       3.132       -0.259
        3.14      -0.1288
       3.147       0.0572
       3.147     -0.03581
       3.155       0.0944
       3.162       0.1874
        3.17       0.2618
       3.177       0.3362
       3.185        0.392
       3.192       0.4664
         3.2       0.5036
       3.215        0.485
       3.223       0.4478
       3.238       0.4106
       3.245        0.392
       3.253       0.3362
        3.26        0.299
       3.268       0.2804
       3.283       0.2432
       3.291       0.2246
       3.298       0.1316
       3.306     0.001395
       3.313       -0.166
       3.321      -0.3334
       3.328      -0.5008
       3.336      -0.6124
       3.344       -0.724
       3.351       -0.817
       3.359      -0.8728
       3.374      -0.8542
       3.381      -0.7984
       3.389      -0.7426
       3.396      -0.6682
       3.404      -0.5938
       3.412      -0.5194
       3.419      -0.4636
       3.427      -0.3706
       3.434      -0.2776
       3.442      -0.1288
       3.449       0.0386
       3.457       0.2432
       3.464       0.4292
       3.472        0.578
        3.48       0.7082
       3.487       0.8198
       3.495       0.8942
       3.502       0.9314
        3.51       0.9128
       3.517       0.9128
       3.525       0.8756
       3.532       0.8384
        3.54       0.7826
       3.548       0.7454
       3.555       0.6896
       3.563       0.6152
        3.57       0.5408
       3.578       0.4664
       3.585       0.3548
       3.593        0.206
         3.6       0.0386
       3.608      -0.1474
       3.616      -0.3706
       3.623      -0.5752
       3.631      -0.7612
       3.638      -0.8914
       3.646      -0.9472
       3.653      -0.9286
       3.661      -0.8542
       3.668       -0.724
       3.676      -0.6124
       3.684      -0.4822
       3.691      -0.3334
       3.699      -0.1846
       3.706       0.0386
       3.706     -0.05441
       3.714       0.0944
       3.721        0.206
       3.729        0.299
       3.736        0.392
       3.744       0.4478
       3.752        0.485
       3.759       0.5222
       3.767       0.5594
       3.782       0.6338
       3.789       0.6524
       3.804        0.671
       3.812       0.6524
        3.82       0.6152
       3.827        0.578
       3.835       0.5222
       3.842       0.4478
        3.85       0.3548
       3.857       0.2618
       3.865       0.1316
       3.872       0.0572
       3.872     -0.01721
        3.88     -0.09161
       3.888      -0.1846
       3.895      -0.2404
       3.903      -0.2962
        3.91      -0.3334
       3.918      -0.3706
       3.925       -0.445
       3.933      -0.4822
       3.933      -0.5194
        3.94      -0.5938
       3.948      -0.6682
       3.956      -0.7426
       3.963      -0.7798
       3.978      -0.7426
       3.986       -0.631
       3.993      -0.4822
       4.001      -0.3334
       4.008       -0.166
       4.016     -0.03581
       4.024       0.0572
       4.031        0.113
       4.039       0.1688
       4.046       0.2246
       4.054       0.2804
       4.061       0.3362
       4.069       0.4106
       4.076        0.485
       4.084       0.5408
       4.092        0.578
       4.107       0.5222
       4.114       0.4664
       4.122       0.3548
       4.129        0.206
       4.137       0.0944
       4.137     -0.01721
       4.144      -0.1102
       4.152      -0.2218
        4.16      -0.2962
       4.167      -0.3334
       4.175       -0.352
       4.182      -0.3148
        4.19      -0.2776
       4.197      -0.2404
       4.205      -0.1846
        4.22      -0.1474
       4.228      -0.1474
       4.243      -0.1288
       4.258      -0.1102
       4.265     -0.09161
        4.28     -0.09161
       4.288     -0.09161
       4.303     -0.05441
       4.311       0.0572
       4.311     -0.01721
       4.318       0.1316
       4.326       0.2618
       4.333       0.3548
       4.348        0.299
       4.356        0.206
       4.364        0.113
       4.371       0.0758
       4.379       0.0572
       4.394       0.0572
       4.401       0.0572
       4.409       0.0758
       4.424       0.0758
       4.432       0.0572
       4.447       0.0572
       4.454       0.0758
       4.469       0.0944
       4.477       0.0944
       4.492       0.0944
       4.507       0.0572
       4.515     0.001395
       4.522     -0.05441
        4.53      -0.1102
       4.537      -0.1846
       4.545      -0.2404
       4.552       -0.259
       4.568      -0.2776
       4.575      -0.2404
       4.583       -0.166
        4.59     -0.07301
       4.598       0.0944
       4.598     -0.01721
       4.605       0.1874
       4.613       0.3176
        4.62       0.4292
       4.628       0.5036
       4.636       0.5408
       4.643       0.5408
       4.651        0.485
       4.658       0.4106
       4.666       0.3176
       4.673        0.206
       4.681        0.113
       4.688       0.0386
       4.688     -0.05441
       4.696       -0.166
       4.704      -0.2776
       4.711      -0.3334
       4.719      -0.3706
       4.726      -0.3892
       4.741      -0.3334
       4.749      -0.3148
       4.756       -0.259
       4.764      -0.2218
       4.779      -0.1846
       4.787      -0.1846
       4.802       -0.166
       4.809      -0.1288
       4.817     -0.07301
       4.824       0.0572
       4.824     -0.01721
       4.832       0.0944
       4.839       0.1688
       4.847       0.2432
       4.855       0.3176
       4.862       0.3734
        4.87       0.4292
       4.877        0.485
       4.885       0.5222
       4.892       0.5222
         4.9        0.485
       4.907       0.4106
       4.915       0.3176
       4.923       0.1874
        4.93       0.0386
       4.938     -0.09161
       4.945      -0.2218
       4.953      -0.3334
        4.96      -0.4264
       4.968      -0.4822
       4.975      -0.5008
       4.991      -0.5194
       4.998      -0.4822
       5.006      -0.4636
       5.013      -0.4078
       5.021       -0.352
       5.028      -0.2962
       5.036      -0.2218
       5.043      -0.1474
       5.051     -0.05441
       5.059       0.0944
       5.059     0.001395
       5.066        0.206
       5.074       0.3362
       5.081       0.4478
       5.089       0.5222
       5.096       0.5594
       5.104       0.5222
       5.111       0.4664
       5.119       0.3734
       5.127       0.2804
       5.134        0.206
       5.142       0.1316
       5.149       0.0758
       5.157     0.001395
       5.164     -0.01721
       5.179     -0.05441
       5.187     -0.07301
       5.195      -0.1102
       5.202      -0.1474
        5.21       -0.166
       5.225      -0.2218
       5.232      -0.2218
       5.247      -0.2776
       5.255      -0.3148
        5.27      -0.3334
       5.278      -0.2962
       5.285      -0.2404
       5.293       -0.166
         5.3     -0.07301
       5.308       0.0386
       5.315       0.1316
       5.323       0.2246
       5.331       0.2804
       5.338        0.299
       5.353       0.3176
       5.361       0.3362
       5.376       0.3176
       5.383       0.2804
       5.391       0.2432
       5.399        0.206
       5.414       0.1688
       5.421       0.1688
       5.436       0.2246
       5.451       0.2618
       5.459       0.2804
       5.474        0.299
       5.482       0.2618
       5.489       0.1874
       5.497       0.0944
       5.504       0.0386
       5.504     -0.03581
       5.512      -0.1474
       5.519      -0.2218
       5.527      -0.3148
       5.535      -0.3706
       5.542      -0.3892
       5.557       -0.352
       5.565      -0.2776
       5.572      -0.1846
        5.58     -0.09161
       5.587     -0.01721
       5.595       0.0758
       5.603       0.1316
        5.61       0.1688
       5.625       0.1688
       5.633       0.1688
        5.64       0.1688
       5.655       0.1316
       5.663       0.0944
       5.671       0.0572
       5.678       0.0386
       5.678     0.001395
       5.686     -0.03581
       5.693     -0.07301
       5.701     -0.09161
       5.708     -0.07301
       5.723     -0.01721
       5.731     0.001395
       5.746         0.02
       5.761         0.02
       5.769     -0.01721
       5.776     -0.09161
       5.784      -0.1474
       5.791      -0.2032
       5.807      -0.2404
       5.814      -0.2404
       5.822      -0.2218
       5.829      -0.2032
       5.837       -0.166
       5.844      -0.1288
       5.859     -0.05441
       5.867     -0.01721
       5.875       0.0386
       5.882       0.0944
        5.89       0.1316
       5.897       0.1688
       5.905        0.206
        5.92       0.2246
       5.935       0.1874
       5.943        0.206
       5.958       0.2618
       5.965        0.299
       5.973       0.3362
       5.988       0.3734
       5.995       0.3734
       6.003       0.3548
       6.011       0.3176
       6.018       0.2618
       6.026       0.1874
       6.033       0.0944
       6.041       0.0386
       6.041     -0.01721
       6.048      -0.1102
       6.056      -0.2218
       6.063      -0.3148
       6.071      -0.3892
       6.079      -0.3892
       6.086       -0.352
       6.094      -0.2962
       6.101      -0.2404
       6.109      -0.2032
       6.116       -0.166
       6.124      -0.1288
       6.131      -0.1102
       6.147      -0.1102
       6.154      -0.1474
       6.162      -0.1846
       6.177      -0.2032
       6.184      -0.1288
       6.192       0.0572
       6.192     -0.05441
       6.199       0.1502
       6.207       0.2804
       6.215       0.3734
       6.222       0.4106
        6.23        0.392
       6.237       0.3362
       6.245       0.2618
       6.252       0.1688
        6.26       0.0758
        6.26     0.001395
       6.267     -0.03581
       6.275      -0.1102
       6.283      -0.1474
       6.298      -0.1846
       6.305      -0.1846
        6.32      -0.2218
       6.328      -0.2218
       6.343      -0.2032
       6.351      -0.1846
       6.358       -0.166
       6.366      -0.1288
       6.373     -0.07301
       6.381     -0.03581
       6.388         0.02
       6.396       0.0758
       6.403       0.1874
       6.411        0.299
       6.419       0.4292
       6.426       0.5222
       6.441       0.5036
       6.449       0.4664
       6.464       0.4106
       6.471       0.3734
       6.479       0.3362
       6.487       0.2804
       6.494        0.206
       6.502       0.1316
       6.509       0.0758
       6.509     0.001395
       6.517     -0.01721
       6.524     -0.09161
       6.532      -0.1288
       6.539       -0.166
       6.547      -0.2032
       6.555      -0.2404
       6.562       -0.259
       6.577      -0.2962
       6.585      -0.2962
       6.592      -0.3334
         6.6      -0.3892
       6.607      -0.4264
       6.615      -0.4822
       6.622      -0.5008
        6.63      -0.4822
       6.645      -0.4264
       6.653      -0.3706
        6.66      -0.2776
       6.668       -0.166
       6.675       0.0572
       6.675     -0.05441
       6.683       0.1316
        6.69       0.2432
       6.698        0.299
       6.706       0.3362
       6.713       0.3362
       6.728       0.3362
       6.736       0.3362
       6.743        0.299
       6.751       0.2432
       6.758       0.1874
       6.766       0.1316
       6.774       0.0758
       6.781         0.02
       6.789     0.001395
       6.804     -0.03581
       6.811     -0.03581
       6.826     -0.05441
       6.834     -0.07301
       6.849      -0.1102
       6.857      -0.1102
       6.872     -0.07301
       6.887     -0.05441
       6.894     -0.03581
        6.91     0.001395
       6.917       0.0386
       6.925       0.0572
        6.94       0.1688
       6.947       0.2618
       6.955       0.3548
       6.962       0.4292
        6.97       0.4664
       6.978       0.4478
       6.985        0.392
       6.993       0.3176
           7        0.206
       7.008        0.113
       7.015       0.0386
       7.023     -0.01721
        7.03     -0.07301
       7.038      -0.1102
       7.053      -0.1474
       7.061      -0.1474
       7.076       -0.166
       7.083       -0.166
       7.091      -0.1474
       7.106      -0.1288
       7.114      -0.1102
       7.136     -0.05441
       7.151     -0.01721
       7.159     0.001395
       7.166       0.0386
       7.174       0.0572
       7.189       0.0758
       7.197       0.0572
       7.204       0.0572
       7.219     -0.01721
       7.227     -0.07301
       7.234      -0.1474
       7.242      -0.2218
        7.25      -0.2776
       7.265      -0.3148
       7.272      -0.3334
        7.28      -0.3706
       7.287      -0.3892
       7.302      -0.3892
        7.31      -0.3334
       7.318      -0.2032
       7.325     -0.07301
       7.333        0.113
       7.333     0.001395
        7.34       0.2246
       7.348       0.3362
       7.355       0.4292
       7.363       0.4664
        7.37        0.485
       7.378       0.4478
       7.393        0.392
       7.401       0.3734
       7.416       0.3362
       7.423       0.3362
       7.438       0.2804
       7.454       0.2246
       7.461       0.1874
       7.469       0.1502
       7.476        0.113
       7.484       0.0572
       7.484     0.001395
       7.491     -0.03581
       7.499      -0.1288
       7.506      -0.2032
       7.514      -0.2776
       7.522      -0.3334
       7.529      -0.3706
       7.537      -0.3892
       7.552      -0.3706
       7.559      -0.3334
       7.567       -0.259
       7.574      -0.1846
       7.582     -0.07301
        7.59         0.02
       7.597        0.113
       7.605       0.1874
       7.612       0.2432
        7.62        0.299
       7.627       0.3548
       7.635       0.3548
       7.642       0.3548
        7.65       0.3176
       7.658       0.2804
       7.665       0.2618
        7.68       0.2246
       7.688        0.206
       7.703       0.1688
        7.71       0.1502
       7.726       0.1316
       7.733        0.113
       7.741       0.0758
       7.748         0.02
       7.756     -0.07301
       7.763       -0.166
       7.771      -0.2404
       7.778      -0.2776
       7.786      -0.2218
       7.794      -0.1288
       7.801       0.0572
       7.801     -0.03581
       7.809        0.113
       7.816       0.2246
       7.824       0.3176
       7.831       0.3734
       7.839        0.392
       7.846        0.392
       7.862       0.3548
       7.869       0.3176
       7.884       0.2432
       7.892       0.1874
       7.899        0.113
       7.907         0.02
       7.914     -0.05441
       7.922      -0.1102
        7.93      -0.1474
       7.937      -0.2032
       7.945      -0.2404
       7.952       -0.259
        7.96      -0.2962
       7.975      -0.3706
       7.982      -0.4078
        7.99       -0.445
       7.998      -0.4636
       8.005      -0.4636
       8.013      -0.3892
        8.02      -0.3148
       8.028      -0.2032
       8.035     -0.07301
       8.043         0.02
        8.05        0.113
       8.058       0.1502
       8.066       0.1688
       8.081       0.1688
       8.088       0.1688
       8.096       0.1688
       8.103       0.1316
       8.111       0.0944
       8.118       0.0572
       8.134     0.001395
       8.141     0.001395
       8.156     -0.03581
       8.164     -0.07301
       8.171      -0.1102
       8.179      -0.1474
       8.186       -0.166
       8.202      -0.1846
       8.209      -0.1846
       8.224      -0.1846
       8.232      -0.1846
       8.247      -0.2404
       8.254       -0.259
        8.27       -0.259
       8.277       -0.259
       8.285      -0.2404
         8.3      -0.2032
       8.307      -0.1474
       8.315     -0.09161
       8.322     -0.01721
        8.33       0.0572
       8.337       0.1316
       8.345       0.2432
       8.353       0.3734
        8.36       0.5222
       8.368       0.7082
       8.375        0.857
       8.383       0.9686
        8.39        1.024
       8.398       0.9872
       8.405       0.9128
       8.413       0.8198
       8.421       0.6896
       8.428        0.578
       8.436        0.485
       8.443       0.4106
       8.451       0.3362
       8.458       0.2432
       8.466       0.1316
       8.473       0.0572
       8.473     -0.03581
       8.481      -0.1102
       8.489      -0.1846
       8.496      -0.2404
       8.504      -0.2776
       8.511      -0.3334
       8.519      -0.3892
       8.526      -0.4636
       8.534       -0.538
       8.541      -0.5752
       8.557      -0.5566
       8.564      -0.4822
       8.572      -0.4264
       8.579      -0.3892
       8.587      -0.3334
       8.594      -0.2962
       8.602       -0.259
       8.609      -0.2218
       8.617      -0.1846
       8.632      -0.1102
        8.64     -0.09161
       8.655     -0.03581
       8.662     -0.01721
        8.67     -0.01721
       8.685     -0.05441
       8.693     -0.05441
       8.708      -0.1102
       8.715      -0.1288
       8.723       -0.166
        8.73      -0.1846
       8.745      -0.2032
       8.753       -0.166
       8.761      -0.1102
       8.768     -0.03581
       8.776       0.0572
       8.776     0.001395
       8.783       0.0944
       8.791       0.0758
       8.798     0.001395
       8.806     -0.01721
       8.813     -0.07301
       8.821      -0.1102
       8.836      -0.1288
       8.844      -0.1102
       8.851     -0.07301
       8.859     -0.01721
       8.874       0.0386
       8.881       0.0572
       8.897       0.0944
       8.904        0.113
       8.912       0.1316
       8.927       0.1502
       8.934       0.1874
       8.949        0.206
       8.965       0.1688
