     0.01186      -0.2764
     0.01942       -0.181
     0.02698      -0.1238
     0.03454     -0.04748
      0.0421    -0.009322
     0.05723      0.02883
     0.06479     0.009756
     0.07991      -0.0284
     0.09503    -0.009322
      0.1102    -0.009322
      0.1177      0.02883
      0.1253      0.06699
      0.1328       0.1051
       0.148       0.1242
      0.1555       0.1433
      0.1706       0.1815
      0.1782       0.2387
      0.1858       0.2769
      0.2009       0.3341
      0.2085       0.3341
       0.216       0.3341
      0.2236       0.2959
      0.2311       0.2387
      0.2387       0.2005
      0.2463       0.1433
      0.2538       0.1051
      0.2614      0.06699
      0.2689      0.04791
      0.2916     0.009756
      0.2992     0.009756
      0.3143     -0.04748
      0.3294     -0.08564
       0.337     -0.06656
      0.3521      -0.0284
      0.3597      -0.0284
      0.3748    -0.009322
      0.3899     0.009756
      0.3975     0.009756
       0.405    -0.009322
      0.4202     -0.04748
      0.4277     -0.06656
      0.4353      -0.1047
      0.4429      -0.1238
      0.4504       -0.162
      0.4655      -0.2001
      0.4731      -0.2001
      0.4882       -0.181
      0.4958      -0.1429
      0.5033      -0.1047
      0.5109     -0.06656
      0.5185      -0.0284
       0.526    -0.009322
      0.5336      0.04791
      0.5411      0.06699
      0.5487       0.1051
      0.5563       0.1624
      0.5714       0.1815
       0.579       0.1815
      0.5941       0.1624
      0.6016       0.1242
      0.6168      0.06699
      0.6243      0.04791
      0.6319    -0.009322
      0.6394     -0.04748
       0.647     -0.06656
      0.6621     -0.08564
      0.6697     -0.08564
      0.6773     -0.06656
      0.6924      -0.0284
      0.6999     0.009756
      0.7151      0.02883
      0.7226      0.02883
      0.7302     0.009756
      0.7377      -0.0284
      0.7453     -0.06656
      0.7529      -0.1047
      0.7604       -0.162
       0.768       -0.181
      0.7831      -0.2192
      0.7907      -0.2192
      0.8058      -0.2001
      0.8134       -0.181
      0.8285      -0.1047
       0.836     -0.06656
      0.8436      -0.0284
      0.8512     0.009756
      0.8663      0.02883
      0.8738      0.04791
       0.889       0.1051
      0.8965       0.1433
      0.9041       0.1815
      0.9117       0.2196
      0.9192       0.2578
      0.9343       0.2959
      0.9419       0.2578
      0.9495       0.2196
       0.957       0.2005
      0.9646       0.1624
      0.9721       0.1433
      0.9873       0.1242
      0.9948      0.08607
       1.002      0.02883
        1.01    -0.009322
       1.018     -0.06656
       1.025      -0.1047
       1.033       -0.162
        1.04      -0.2383
       1.048      -0.3146
       1.055      -0.3718
       1.063      -0.3909
        1.07      -0.3718
       1.078      -0.3527
       1.086      -0.2955
       1.093      -0.2192
       1.101       -0.162
       1.108      -0.1047
       1.116     -0.06656
       1.123     -0.04748
       1.138     -0.04748
       1.154     -0.06656
       1.161     -0.06656
       1.176     -0.08564
       1.184      -0.1047
       1.191     -0.08564
       1.207     -0.04748
       1.214      -0.0284
       1.222    -0.009322
       1.237     0.009756
       1.244      0.02883
       1.259      0.08607
       1.267       0.1051
       1.275       0.1624
       1.282       0.2196
        1.29       0.2578
       1.297       0.2769
       1.312       0.2959
        1.32        0.315
       1.335        0.315
        1.35       0.2769
       1.358       0.2387
       1.365       0.1815
       1.373       0.1051
        1.38      0.02883
       1.388     -0.04748
       1.396      -0.1047
       1.403      -0.1429
       1.411       -0.181
       1.418      -0.2001
       1.433      -0.2192
       1.441      -0.2001
       1.456      -0.1429
       1.464      -0.1238
       1.479     -0.06656
       1.494     -0.04748
       1.509      -0.0284
       1.517    -0.009322
       1.532    -0.009322
       1.539    -0.009322
       1.554      0.02883
       1.569      0.04791
       1.577      0.06699
       1.592      0.08607
         1.6       0.1242
       1.615       0.1242
       1.622       0.1242
        1.63       0.1433
       1.645       0.1433
       1.653       0.1433
       1.668       0.1433
       1.675       0.1433
        1.69       0.1624
       1.706       0.1433
       1.713       0.1051
       1.721      0.06699
       1.728    -0.009322
       1.736     -0.08564
       1.743      -0.1429
       1.751       -0.181
       1.759      -0.2001
       1.774      -0.2001
       1.781       -0.181
       1.796       -0.162
       1.804      -0.1429
       1.819      -0.1047
       1.834      -0.1047
       1.842     -0.06656
       1.857      -0.0284
       1.864      -0.0284
       1.872    -0.009322
       1.887      0.04791
       1.895      0.08607
       1.902       0.1242
       1.917       0.1433
       1.925       0.1624
        1.94       0.1624
       1.955       0.1242
       1.963       0.1242
       1.978       0.1433
       1.993       0.1433
           2       0.1433
       2.016       0.1051
       2.023      0.08607
       2.038      0.04791
       2.046      0.02883
       2.061    -0.009322
       2.069      -0.0284
       2.084      -0.0284
       2.091    -0.009322
       2.106     0.009756
       2.114    -0.009322
       2.121    -0.009322
       2.137     -0.06656
       2.152      -0.1047
       2.159      -0.1238
       2.167      -0.1047
       2.174     -0.08564
        2.19    -0.009322
       2.197     0.009756
       2.212     0.009756
        2.22    -0.009322
       2.235     -0.04748
        2.25     -0.04748
       2.265     -0.04748
       2.273     -0.04748
       2.288     -0.04748
       2.295      -0.0284
        2.31    -0.009322
       2.318    -0.009322
       2.326     0.009756
       2.341      0.04791
       2.348      0.06699
       2.363       0.1242
       2.371       0.1433
       2.386       0.1433
       2.394       0.1242
       2.401      0.08607
       2.409      0.04791
       2.416     0.009756
       2.431     -0.04748
       2.439      -0.1047
       2.447       -0.162
       2.454      -0.2001
       2.462       -0.181
       2.477      -0.1429
       2.492      -0.1238
         2.5      -0.1047
       2.515     -0.06656
       2.522     -0.04748
       2.537    -0.009322
       2.545     0.009756
        2.56     0.009756
       2.568     0.009756
       2.583    -0.009322
        2.59     0.009756
       2.605      0.04791
       2.613      0.08607
       2.621       0.1051
       2.628       0.1433
       2.636       0.1433
       2.651       0.1624
       2.666       0.1815
       2.673       0.2005
       2.689       0.2005
       2.696       0.1624
       2.704       0.1242
       2.711      0.08607
       2.726      0.02883
       2.734      -0.0284
       2.741     -0.08564
       2.749      -0.1429
       2.757      -0.2001
       2.764      -0.2573
       2.779      -0.2955
       2.787      -0.2764
       2.794      -0.2383
       2.802       -0.181
        2.81      -0.1429
       2.817     -0.08564
       2.825      -0.0284
       2.832      0.02883
        2.84      0.06699
       2.847       0.1051
       2.855       0.1433
       2.862       0.1815
        2.87       0.2387
       2.885       0.2578
       2.893       0.2578
         2.9       0.2196
       2.908       0.1624
       2.915       0.1242
       2.923       0.1051
       2.938      0.06699
       2.946      0.04791
       2.961    -0.009322
       2.968    -0.009322
       2.983     -0.04748
       2.991     -0.06656
       2.999     -0.04748
       3.006      -0.0284
       3.014      0.06699
       3.021       0.1242
       3.029       0.1815
       3.036       0.1815
       3.044       0.1815
       3.059       0.1624
       3.067       0.1624
       3.089       0.1624
       3.097       0.1624
       3.104       0.1815
        3.12       0.1242
       3.127      0.06699
       3.135      0.04791
       3.142    -0.009322
        3.15     -0.08564
       3.157      -0.1429
       3.165      -0.2192
       3.172      -0.2764
        3.18      -0.3527
       3.195      -0.3909
       3.203      -0.3718
        3.21      -0.3337
       3.218      -0.2955
       3.225      -0.2383
       3.233       -0.181
       3.241      -0.1238
       3.248     -0.08564
       3.256     -0.06656
       3.271     -0.06656
       3.286     -0.08564
       3.293     -0.08564
       3.301     -0.06656
       3.316     -0.06656
       3.324     -0.04748
       3.331    -0.009322
       3.339     0.009756
       3.354      0.02883
       3.362      0.04791
       3.369      0.06699
       3.384      0.06699
       3.392      0.06699
       3.407       0.1242
       3.422       0.1433
        3.43       0.1433
       3.445       0.1242
       3.452       0.1051
       3.467       0.1051
       3.475       0.1051
        3.49       0.1051
       3.498       0.1051
       3.505       0.1051
        3.52      0.08607
       3.528      0.04791
       3.535    -0.009322
       3.551      -0.0284
       3.558    -0.009322
       3.573      0.02883
       3.581      0.02883
       3.596    -0.009322
       3.603      -0.0284
       3.611      -0.0284
       3.626     -0.04748
       3.634     -0.04748
       3.649     -0.08564
       3.656     -0.08564
       3.664      -0.1238
       3.672       -0.162
       3.679      -0.2001
       3.694       -0.181
       3.702       -0.162
       3.709      -0.1238
       3.717     -0.06656
       3.724     0.009756
       3.732      0.04791
       3.747      0.04791
       3.755      0.02883
        3.77     0.009756
       3.777     0.009756
       3.793      -0.0284
         3.8    -0.009322
       3.815     0.009756
       3.823     0.009756
        3.83      -0.0284
       3.838     -0.06656
       3.845      -0.1238
       3.853      -0.1429
       3.868       -0.181
       3.876       -0.181
       3.891      -0.1429
       3.898      -0.1238
       3.913      -0.1047
       3.921     -0.08564
       3.936     -0.06656
       3.944     -0.04748
       3.959      -0.0284
       3.966      -0.0284
       3.982      -0.0284
       3.989     -0.04748
       4.004      -0.0284
       4.012    -0.009322
       4.019      0.02883
       4.034      0.06699
       4.042       0.1051
        4.05       0.1624
       4.057       0.2005
       4.072       0.2196
        4.08       0.2196
       4.095       0.2005
       4.103       0.1815
        4.11       0.1433
       4.118       0.1051
       4.125      0.06699
       4.133     0.009756
        4.14    -0.009322
       4.155      -0.0284
       4.163    -0.009322
       4.171      0.02883
       4.178      0.08607
       4.186       0.1242
       4.201       0.1433
       4.208       0.1433
       4.223       0.1433
       4.239      0.06699
       4.246      0.02883
       4.254      -0.0284
       4.261     -0.08564
       4.269       -0.162
       4.276      -0.2383
       4.284      -0.2955
       4.292      -0.3146
       4.307      -0.3337
       4.314      -0.3146
       4.322      -0.2955
       4.337      -0.2573
       4.344      -0.2573
        4.36      -0.2192
       4.367      -0.2192
       4.375      -0.2001
        4.39       -0.162
       4.397      -0.1429
       4.405     -0.08564
       4.413     -0.04748
        4.42    -0.009322
       4.435      0.02883
       4.443     0.009756
       4.458    -0.009322
       4.465    -0.009322
       4.481     0.009756
       4.488      0.02883
       4.496      0.04791
       4.511       0.1051
       4.526       0.1624
       4.541       0.2387
       4.541       0.2005
       4.549       0.2578
       4.564       0.2959
       4.571       0.2959
       4.579       0.2578
       4.586       0.2005
       4.594       0.1433
       4.602       0.1051
       4.609      0.08607
       4.624      0.02883
       4.632     0.009756
       4.647      -0.0284
       4.654     -0.04748
        4.67     -0.04748
       4.677     -0.04748
       4.685      -0.0284
         4.7      -0.0284
       4.707      -0.0284
       4.723      -0.0284
        4.73      -0.0284
       4.745     -0.04748
        4.76     -0.04748
       4.768      -0.0284
       4.783      0.04791
       4.791      0.06699
       4.806      0.08607
       4.813      0.08607
       4.828      0.06699
       4.836      0.04791
       4.851      0.04791
       4.859      0.04791
       4.866      0.04791
       4.874     0.009756
       4.881      -0.0284
       4.889      -0.0284
       4.904      -0.0284
       4.912    -0.009322
       4.919      0.02883
       4.934      0.06699
       4.942      0.08607
       4.957      0.08607
       4.965      0.08607
        4.98      0.06699
       4.987      0.06699
       5.002      0.06699
        5.01      0.06699
       5.025     0.009756
       5.033    -0.009322
       5.048    -0.009322
       5.055     0.009756
        5.07      0.02883
       5.085      0.04791
       5.101      0.06699
       5.108      0.08607
       5.116       0.1242
       5.123       0.1624
       5.138       0.2196
       5.146       0.2387
       5.161       0.2196
       5.169       0.1815
       5.184       0.1433
       5.191       0.1433
       5.199       0.1433
       5.214       0.1051
       5.222       0.1051
       5.229      0.06699
       5.244     0.009756
       5.252     -0.04748
       5.267     -0.06656
       5.275     -0.06656
        5.29      -0.0284
       5.305     0.009756
       5.312      0.02883
        5.32      0.02883
       5.335    -0.009322
       5.343     -0.04748
        5.35     -0.08564
       5.358      -0.1429
       5.365       -0.162
        5.38      -0.2001
       5.388      -0.2192
       5.403      -0.2001
       5.418       -0.181
       5.426       -0.162
       5.433      -0.1238
       5.441      -0.1047
       5.448     -0.08564
       5.464     -0.04748
       5.471      -0.0284
       5.486     0.009756
       5.494      0.04791
       5.509      0.08607
       5.516      0.08607
       5.524       0.1051
       5.539      0.04791
       5.547      0.02883
       5.562     0.009756
       5.569     0.009756
       5.585     0.009756
       5.592    -0.009322
         5.6      -0.0284
       5.615     -0.04748
       5.622     -0.04748
       5.637     -0.04748
       5.645     -0.04748
       5.653      -0.0284
        5.66      0.02883
       5.668      0.08607
       5.675       0.1242
       5.683       0.1433
       5.698       0.1242
       5.706       0.1051
       5.721      0.06699
       5.728      0.04791
       5.743      0.04791
       5.751      0.04791
       5.766      0.04791
       5.774      0.04791
       5.789    -0.009322
       5.796      -0.0284
       5.811      -0.0284
       5.819     0.009756
       5.826      0.06699
       5.834       0.1051
       5.842       0.1433
       5.857       0.2005
       5.864       0.2005
       5.887       0.1624
       5.895       0.1242
       5.902      0.06699
        5.91     0.009756
       5.917     -0.04748
       5.925      -0.1238
       5.932       -0.181
        5.94      -0.2192
       5.955      -0.2764
       5.963      -0.2764
       5.978      -0.2573
       5.985      -0.2383
       5.993      -0.2001
           6       -0.162
       6.008      -0.1238
       6.016     -0.06656
       6.023      -0.0284
       6.031      0.02883
       6.038       0.1051
       6.046       0.1433
       6.053       0.1815
       6.068       0.2387
       6.084       0.2005
       6.091       0.1433
       6.099      0.08607
       6.106      0.04791
       6.114    -0.009322
       6.121     -0.04748
       6.137     -0.08564
       6.144      -0.1047
       6.159      -0.1238
       6.167      -0.1047
       6.182     -0.06656
       6.189     -0.04748
       6.205      -0.0284
       6.212     0.009756
       6.227      0.02883
       6.235      0.04791
        6.25      0.06699
       6.257      0.08607
       6.265       0.1433
       6.273       0.1815
        6.28       0.1815
       6.288       0.1433
       6.295       0.1051
       6.303      0.08607
       6.318      0.06699
       6.326      0.06699
       6.341    -0.009322
       6.348     -0.04748
       6.356     -0.08564
       6.363      -0.1429
       6.371      -0.2001
       6.386      -0.2383
       6.394      -0.2001
       6.401       -0.181
       6.409      -0.1429
       6.416      -0.1047
       6.431     -0.06656
       6.439     -0.06656
       6.447      -0.0284
       6.462    -0.009322
       6.469    -0.009322
       6.484      0.04791
       6.492      0.06699
       6.507       0.1051
       6.515       0.1051
        6.53      0.06699
       6.537      0.04791
       6.552      0.06699
        6.56      0.08607
       6.575       0.1051
       6.583       0.1051
       6.598       0.1051
       6.605       0.1051
        6.62       0.1051
       6.628       0.1051
       6.636      0.06699
       6.651     0.009756
       6.658     0.009756
       6.666      -0.0284
       6.681     -0.06656
       6.688     -0.06656
       6.704      -0.1047
       6.711      -0.1047
       6.719     -0.08564
       6.734      -0.0284
       6.741    -0.009322
       6.749      0.02883
       6.757      0.04791
       6.764      0.06699
       6.779       0.1433
       6.787       0.1815
       6.802       0.2005
       6.809       0.1815
       6.825       0.1433
       6.832       0.1242
        6.84       0.1242
       6.847      0.08607
       6.855      0.04791
        6.87    -0.009322
       6.878     -0.04748
       6.885     -0.08564
       6.893      -0.1238
       6.908       -0.162
       6.915      -0.1429
       6.923      -0.1047
        6.93     -0.08564
       6.938     -0.04748
       6.946    -0.009322
       6.953      0.02883
       6.961      0.06699
       6.968       0.1051
       6.983       0.1051
       6.991       0.1051
       7.006       0.1051
       7.021      0.06699
       7.029      0.04791
       7.044      0.02883
       7.051      0.02883
       7.067      0.04791
       7.082      0.06699
       7.097      0.08607
       7.104      0.08607
       7.119      0.06699
       7.127      0.04791
       7.142     0.009756
        7.15     0.009756
       7.165     0.009756
       7.172      0.02883
       7.188      0.02883
       7.195      0.02883
        7.21      0.02883
       7.218      0.02883
       7.233      0.02883
        7.24      0.02883
       7.256    -0.009322
       7.271     -0.06656
       7.286     -0.08564
       7.293      -0.1047
       7.301      -0.1429
       7.316       -0.181
       7.324       -0.181
       7.339      -0.1429
       7.346      -0.1238
       7.354      -0.1047
       7.361     -0.06656
       7.369      -0.0284
       7.384    -0.009322
       7.392    -0.009322
       7.407      -0.0284
       7.414      -0.0284
       7.429      -0.0284
       7.437     -0.04748
       7.445     -0.08564
       7.452      -0.1238
       7.467      -0.1238
       7.475      -0.1238
       7.482      -0.1047
       7.498      -0.1047
       7.505      -0.1238
        7.52      -0.1238
       7.528      -0.1047
       7.543      -0.1047
        7.55      -0.1047
       7.566      -0.1238
       7.573      -0.1047
       7.588     -0.08564
       7.596     -0.06656
       7.611     -0.06656
       7.619     -0.06656
       7.634     -0.04748
       7.641      -0.0284
       7.649     0.009756
       7.656      0.04791
       7.671      0.06699
       7.679      0.06699
       7.687      0.08607
       7.702      0.08607
       7.709      0.08607
       7.717       0.1051
       7.732      0.08607
       7.739      0.08607
       7.747       0.1051
       7.755       0.1624
       7.762       0.2196
        7.77       0.2578
       7.785       0.2769
       7.792       0.2387
         7.8       0.1815
       7.808       0.1624
       7.815       0.1242
       7.823       0.1051
        7.83      0.06699
       7.838      0.02883
       7.845    -0.009322
       7.853     -0.04748
        7.86     -0.06656
       7.868      -0.1047
       7.883      -0.1238
       7.898      -0.1429
       7.906      -0.1429
       7.921       -0.162
       7.929      -0.1429
       7.944      -0.1047
       7.951     -0.08564
       7.966      -0.0284
       7.974    -0.009322
       7.981      0.02883
       7.989      0.06699
       7.997       0.1242
       8.004       0.1624
       8.012       0.1624
       8.019       0.1624
       8.034       0.1242
       8.042       0.1051
       8.057      0.08607
       8.065       0.1051
        8.08       0.1624
       8.087       0.1624
       8.102       0.1815
        8.11       0.1815
       8.125       0.1815
       8.133       0.2005
       8.148       0.1815
       8.155       0.1433
        8.17      0.08607
       8.178      0.04791
       8.186     0.009756
       8.193      -0.0284
       8.201     -0.08564
       8.208      -0.1429
       8.216       -0.181
       8.223      -0.2001
       8.239      -0.2383
       8.246      -0.2383
       8.254      -0.2192
       8.269       -0.162
       8.276      -0.1429
       8.284      -0.1047
       8.299      -0.1047
       8.307      -0.1047
       8.314     -0.08564
       8.329     -0.04748
       8.337     0.009756
       8.344      0.04791
       8.352      0.08607
       8.367       0.1242
       8.375       0.1433
       8.382       0.1624
       8.397       0.1433
       8.405       0.1242
       8.412       0.1242
       8.428       0.1051
       8.435       0.1051
        8.45       0.1051
       8.458       0.1051
       8.465      0.04791
       8.473     0.009756
       8.481     -0.04748
       8.488      -0.1047
       8.496      -0.1429
       8.503       -0.181
       8.511      -0.2192
       8.518      -0.2573
       8.526      -0.2764
       8.533      -0.3146
       8.549      -0.3527
       8.556      -0.3718
       8.571      -0.3909
       8.579      -0.3718
       8.594      -0.3337
       8.601      -0.2764
       8.609      -0.2001
       8.617      -0.1047
       8.624    -0.009322
       8.632      0.04791
       8.639       0.1051
       8.647       0.1433
       8.662       0.1433
        8.67       0.1433
       8.677       0.1433
       8.685      0.08607
         8.7      0.04791
       8.707      0.02883
       8.722      -0.0284
        8.73      -0.0284
       8.745     -0.06656
       8.753     -0.08564
       8.768      -0.1047
       8.775      -0.1047
       8.783     -0.08564
       8.798     -0.04748
       8.806    -0.009322
       8.813      0.04791
       8.821      0.08607
       8.836       0.1242
       8.843       0.1242
       8.859       0.1242
       8.866       0.1433
       8.881       0.1051
       8.889       0.1051
       8.904       0.1624
       8.919       0.2005
       8.927       0.2005
       8.942       0.2005
       8.949       0.2005
       8.964       0.2005
