     0.01186       0.2005
     0.03455       0.2222
     0.04212       0.2005
     0.05725       0.1355
     0.06481       0.1138
     0.07238      0.07046
     0.07994       0.0271
     0.08751      0.00542
     0.09507     -0.03794
      0.1026      -0.0813
      0.1178      -0.1247
      0.1253      -0.1247
      0.1329       -0.103
       0.148      -0.0813
      0.1556      -0.0813
      0.1707     -0.05962
      0.1859     -0.03794
      0.1934      0.00542
      0.2085      0.04878
      0.2237       0.1138
      0.2312       0.1355
      0.2464       0.1572
      0.2539       0.1572
      0.2691       0.1355
      0.2766       0.1138
      0.2918       0.1138
      0.2993       0.1138
      0.3145      0.09214
       0.322      0.07046
      0.3371      0.07046
      0.3447      0.07046
      0.3598      0.07046
      0.3674      0.07046
       0.375       0.0271
      0.3901     -0.03794
      0.3977     -0.05962
      0.4128       -0.103
      0.4204       -0.103
      0.4279      -0.0813
      0.4431     -0.03794
      0.4506     -0.03794
      0.4658     -0.03794
      0.4733     -0.03794
      0.4884     -0.01626
       0.496      0.00542
      0.5036       0.0271
      0.5187       0.0271
      0.5263      0.04878
      0.5414      0.07046
       0.549      0.09214
      0.5641      0.07046
      0.5717       0.0271
      0.5792     -0.03794
      0.5868      -0.0813
      0.5944      -0.1463
      0.6095      -0.1897
      0.6171      -0.1897
      0.6322      -0.1463
      0.6473      -0.1463
      0.6549       -0.168
        0.67       -0.168
      0.6776      -0.1463
      0.6927      -0.1463
      0.7003       -0.168
      0.7078      -0.2114
      0.7154      -0.2331
      0.7305      -0.2331
      0.7381      -0.2331
      0.7532       -0.168
      0.7608      -0.1463
      0.7759      -0.0813
      0.7835     -0.05962
       0.791     -0.03794
      0.8062     -0.01626
      0.8137      0.00542
      0.8289      0.04878
      0.8364      0.07046
      0.8516       0.1138
      0.8591       0.1355
      0.8743       0.1572
      0.8818       0.1572
       0.897       0.1355
      0.9045       0.1355
      0.9121       0.1355
      0.9272       0.1138
      0.9348       0.1138
      0.9423       0.1138
      0.9575      0.07046
       0.965       0.0271
      0.9802      0.00542
      0.9877     -0.01626
      0.9953     -0.03794
        1.01       -0.103
       1.018      -0.1463
       1.026      -0.1897
       1.041      -0.2547
       1.048      -0.2547
       1.063      -0.2114
       1.071      -0.1897
       1.086      -0.1463
       1.094      -0.1247
       1.109      -0.0813
       1.116      -0.0813
       1.131     -0.03794
       1.139     -0.03794
       1.154     -0.01626
       1.162      0.00542
       1.169       0.0271
       1.184      0.04878
       1.192      0.04878
       1.207      0.00542
       1.215     -0.01626
        1.23     -0.05962
       1.237      -0.0813
       1.253      -0.0813
       1.268      -0.1247
       1.275      -0.1463
        1.29      -0.1897
       1.298      -0.1897
       1.313       -0.168
       1.321      -0.1463
       1.336      -0.1463
       1.343      -0.1247
       1.351       -0.103
       1.366     -0.01626
       1.374      0.00542
       1.389      0.00542
       1.396      0.00542
       1.411     -0.01626
       1.419      0.00542
       1.434      0.04878
       1.442      0.09214
       1.449       0.1355
       1.464       0.2005
       1.472       0.2439
       1.487       0.2873
       1.495       0.3089
        1.51       0.3089
       1.517       0.3089
       1.532       0.2656
       1.548       0.2222
       1.555       0.1789
        1.57       0.1572
       1.585       0.1355
       1.593       0.1355
       1.608       0.1138
       1.616       0.1138
       1.631      0.07046
       1.638       0.0271
       1.646     -0.01626
       1.653     -0.03794
       1.661      -0.0813
       1.669       -0.103
       1.676      -0.1463
       1.684       -0.168
       1.699      -0.1897
       1.706      -0.1897
       1.722      -0.1897
       1.729      -0.1897
       1.744       -0.168
       1.759      -0.1463
       1.767      -0.1247
       1.774      -0.0813
       1.782     -0.05962
       1.797      0.00542
       1.805       0.0271
       1.812      0.04878
       1.827      0.04878
       1.835      0.04878
        1.85      0.00542
       1.858     -0.01626
       1.873     -0.03794
        1.88     -0.03794
       1.896       -0.103
       1.903       -0.103
       1.918      -0.1247
       1.926      -0.1247
       1.941       -0.103
       1.956      -0.1247
       1.964      -0.1463
       1.979      -0.1463
       1.994      -0.1463
       2.001      -0.1463
       2.017       -0.168
       2.024      -0.1463
       2.039      -0.1463
       2.047      -0.1463
       2.062       -0.168
        2.07      -0.1463
       2.085      -0.1463
       2.092      -0.1463
       2.107       -0.168
       2.115      -0.1463
        2.13      -0.1247
       2.138       -0.103
       2.153     -0.05962
        2.16     -0.03794
       2.175      0.00542
       2.183       0.0271
       2.191      0.07046
       2.206       0.1138
       2.221       0.1572
       2.228       0.1572
       2.244       0.1138
       2.251      0.09214
       2.266       0.1138
       2.281       0.1572
       2.289       0.1789
       2.304       0.2222
       2.312       0.2222
       2.334       0.2222
       2.342       0.2222
       2.349       0.2439
       2.365       0.2439
       2.372       0.2222
        2.38       0.1789
       2.387       0.1355
       2.395      0.07046
        2.41       0.0271
       2.418     -0.01626
       2.433     -0.05962
        2.44     -0.05962
       2.455     -0.05962
       2.463     -0.05962
       2.478      -0.0813
       2.486       -0.103
       2.501      -0.1463
       2.508       -0.168
       2.523      -0.2114
       2.531      -0.2331
       2.546      -0.2331
       2.554      -0.2331
       2.561      -0.2331
       2.576      -0.2547
       2.584      -0.2764
       2.599      -0.3415
       2.607      -0.3631
       2.614      -0.3631
       2.629      -0.3198
       2.637      -0.2981
       2.644      -0.2547
       2.652      -0.2114
        2.66      -0.1897
       2.667      -0.1463
       2.675       -0.103
       2.682     -0.05962
        2.69      0.00542
       2.697       0.0271
       2.713      0.09214
        2.72      0.09214
       2.735       0.1138
        2.75      0.07046
       2.758       0.0271
       2.765     -0.01626
       2.781     -0.05962
       2.788      -0.0813
       2.803     -0.05962
       2.818     -0.05962
       2.826     -0.05962
       2.841      -0.0813
       2.849       -0.103
       2.864      -0.0813
       2.879     -0.05962
       2.887     -0.03794
       2.894     -0.01626
       2.902      0.04878
       2.909      0.09214
       2.924       0.1138
       2.932       0.1355
       2.939       0.1572
       2.955       0.2005
       2.962       0.2222
       2.977       0.2439
       2.992       0.1789
           3       0.1138
       3.008      0.07046
       3.023       0.0271
        3.03      0.00542
       3.045       0.0271
       3.053      0.04878
       3.068      0.09214
       3.083      0.07046
       3.091      0.07046
       3.098      0.07046
       3.113      0.04878
       3.121      0.04878
       3.136      0.04878
       3.144      0.07046
       3.159      0.07046
       3.166      0.09214
       3.182      0.09214
       3.189      0.09214
       3.204      0.04878
       3.212      0.04878
       3.227      0.04878
       3.235      0.00542
       3.242     -0.05962
        3.25      -0.1247
       3.257      -0.1897
       3.265      -0.2547
        3.28      -0.2981
       3.287      -0.2981
       3.303      -0.2981
        3.31      -0.2981
       3.325      -0.2764
       3.333      -0.2331
       3.348       -0.168
       3.356      -0.1247
       3.371     -0.05962
       3.378     -0.01626
       3.393       0.0271
       3.401      0.04878
       3.416      0.07046
       3.424      0.09214
       3.431       0.1138
       3.446       0.1572
       3.454       0.1572
       3.469       0.1355
       3.477       0.1138
       3.492       0.1138
       3.507      0.07046
       3.514      0.04878
        3.53      0.00542
       3.537     -0.01626
       3.545     -0.05962
       3.552       -0.103
        3.56       -0.168
       3.567      -0.2114
       3.575      -0.2764
       3.582      -0.3198
       3.598      -0.2981
       3.605      -0.2764
        3.62      -0.2331
       3.628      -0.2114
       3.643       -0.168
       3.651      -0.1463
       3.666       -0.103
       3.681     -0.03794
       3.688       0.0271
       3.704      0.07046
       3.711      0.07046
       3.726      0.07046
       3.734      0.04878
       3.749      0.00542
       3.756     -0.01626
       3.772     -0.01626
       3.779     -0.01626
       3.794     -0.01626
       3.802      0.00542
       3.817      0.00542
       3.825      0.00542
        3.84     -0.01626
       3.847     -0.01626
       3.862     -0.01626
       3.878     -0.05962
       3.885      -0.0813
         3.9       -0.103
       3.908       -0.103
        3.93     -0.05962
       3.938     -0.03794
       3.946       0.0271
       3.953      0.04878
       3.968       0.1138
       3.976       0.1572
       3.983       0.1789
       3.999       0.2439
       4.006       0.2656
       4.021       0.2656
       4.029       0.2656
       4.044       0.2005
       4.052       0.1789
       4.067       0.1789
       4.074       0.2005
       4.089       0.2005
       4.097       0.1789
       4.104       0.1789
        4.12       0.1355
       4.135       0.1138
       4.142       0.1138
       4.157      0.04878
       4.165     -0.01626
       4.173      -0.0813
        4.18       -0.168
       4.188      -0.2547
       4.195      -0.3198
       4.203      -0.3631
       4.218      -0.3848
       4.226      -0.3848
       4.241      -0.3631
       4.256      -0.3415
       4.263      -0.2981
       4.271      -0.2764
       4.278      -0.2114
       4.286       -0.168
       4.294      -0.1247
       4.301      -0.0813
       4.309     -0.05962
       4.324     -0.01626
       4.331       0.0271
       4.347      0.04878
       4.354      0.07046
       4.369      0.04878
       4.377      0.07046
       4.392      0.07046
         4.4      0.07046
       4.415      0.09214
        4.43       0.1138
       4.437       0.1138
       4.452      0.07046
        4.46       0.0271
       4.468     -0.01626
       4.475     -0.03794
       4.483      -0.0813
        4.49       -0.103
       4.505      -0.1247
       4.513       -0.103
       4.528      -0.0813
       4.536      -0.0813
       4.551      -0.0813
       4.566       -0.103
       4.574      -0.1247
       4.589      -0.1247
       4.604      -0.1247
       4.611      -0.1247
       4.619       -0.103
       4.634      -0.0813
       4.642      -0.0813
       4.649     -0.05962
       4.664     -0.03794
       4.672     -0.03794
       4.687     -0.03794
       4.695     -0.03794
        4.71     -0.03794
       4.717     -0.01626
       4.732     -0.01626
        4.74     -0.01626
       4.755     -0.03794
       4.763     -0.03794
       4.778     -0.05962
       4.785     -0.05962
       4.793     -0.05962
       4.808       -0.103
       4.816       -0.103
       4.831       -0.168
       4.838      -0.1897
       4.853      -0.2331
       4.861      -0.2547
       4.876      -0.2547
       4.884      -0.2114
       4.899       -0.168
       4.906      -0.1463
       4.921       -0.103
       4.929     -0.05962
       4.937      0.00542
       4.944      0.04878
       4.959      0.09214
       4.967       0.1138
       4.982       0.1355
       4.997       0.1572
       5.005       0.1572
        5.02       0.2005
       5.027       0.2222
       5.043       0.2439
        5.05       0.2439
       5.065       0.2005
       5.073       0.1789
        5.08       0.1355
       5.088      0.07046
       5.095       0.0271
       5.111     -0.01626
       5.118     -0.01626
       5.133     -0.03794
       5.141      0.00542
       5.156      0.07046
       5.171       0.1572
       5.179       0.1789
       5.194       0.2005
       5.201       0.2005
       5.217       0.2222
       5.224       0.2222
       5.239       0.2439
       5.247       0.2656
       5.262       0.2656
       5.269       0.2656
       5.285       0.2222
       5.292       0.1789
         5.3       0.1572
       5.315      0.09214
        5.33      0.04878
       5.338      0.00542
       5.345      0.00542
        5.36     -0.03794
       5.368     -0.05962
       5.375      -0.1247
       5.383      -0.1897
       5.391      -0.2547
       5.398      -0.3415
       5.406      -0.4065
       5.413      -0.4282
       5.428      -0.4715
       5.436      -0.4715
       5.451      -0.4932
       5.459      -0.4932
       5.474      -0.4932
       5.481      -0.4715
       5.496      -0.4282
       5.504      -0.3848
       5.512      -0.3415
       5.527      -0.2764
       5.534      -0.2547
       5.549      -0.2114
       5.557      -0.1897
       5.572       -0.168
        5.58       -0.168
       5.587      -0.1463
       5.602       -0.103
        5.61      -0.0813
       5.625     -0.05962
       5.633     -0.03794
       5.648     -0.03794
       5.655     -0.01626
        5.67      0.00542
       5.678      0.00542
       5.693      0.00542
       5.701       0.0271
       5.716      0.04878
       5.723      0.07046
       5.739      0.09214
       5.754      0.07046
       5.761      0.04878
       5.776     -0.01626
       5.791     -0.05962
       5.799      -0.0813
       5.814       -0.103
       5.822       -0.103
       5.829      -0.0813
       5.837     -0.05962
       5.844     -0.01626
       5.852       0.0271
        5.86      0.07046
       5.867       0.1355
       5.882       0.2222
        5.89       0.2439
       5.905       0.2656
       5.912       0.2656
       5.928       0.2873
       5.943       0.2873
        5.95       0.2656
       5.965       0.2005
       5.973       0.2005
       5.981       0.2222
       5.996       0.2439
       6.003       0.2439
       6.018       0.2222
       6.026       0.2005
       6.041       0.1355
       6.049      0.09214
       6.056      0.07046
       6.071      0.00542
       6.079     -0.01626
       6.094     -0.01626
       6.102      0.00542
       6.117     -0.01626
       6.124     -0.03794
       6.139      -0.0813
       6.147      -0.0813
       6.162      -0.0813
        6.17     -0.05962
       6.185      0.00542
       6.192      0.00542
       6.208      0.00542
       6.215      0.00542
        6.23      0.00542
       6.238      0.00542
       6.253     -0.05962
        6.26       -0.103
       6.276      -0.1463
       6.283      -0.1897
       6.291      -0.2331
       6.298      -0.2764
       6.306      -0.3198
       6.313      -0.3631
       6.329      -0.3198
       6.344      -0.2547
       6.351      -0.2114
       6.359      -0.1897
       6.374      -0.1247
       6.382      -0.1247
       6.389       -0.103
       6.404      -0.0813
       6.412     -0.05962
       6.427      0.00542
       6.434       0.0271
        6.45      0.07046
       6.457      0.07046
       6.465      0.09214
        6.48      0.07046
       6.487      0.07046
       6.495      0.07046
        6.51      0.00542
       6.518     -0.03794
       6.525      -0.0813
       6.533      -0.1247
       6.548      -0.1463
       6.556      -0.1247
       6.571      -0.1247
       6.578       -0.103
       6.593       -0.103
       6.601       -0.103
       6.608      -0.0813
       6.624     -0.03794
       6.631     -0.03794
       6.646     -0.05962
       6.654     -0.05962
       6.669      -0.0813
       6.677       -0.103
       6.684      -0.1247
       6.699       -0.168
       6.707      -0.1897
       6.714      -0.1897
        6.73       -0.168
       6.737      -0.1463
        6.76      -0.0813
       6.767     -0.05962
       6.775     -0.03794
        6.79     -0.03794
       6.798     -0.01626
       6.813     -0.03794
        6.82     -0.03794
       6.828     -0.03794
       6.843     -0.01626
       6.851      0.00542
       6.858       0.0271
       6.873      0.09214
       6.881      0.09214
       6.896       0.1355
       6.903       0.1789
       6.911       0.2005
       6.926       0.2439
       6.934       0.2656
       6.941       0.2873
       6.956       0.3089
       6.964       0.3089
       6.979       0.3089
       6.994       0.2873
       7.002       0.2656
       7.017       0.2005
       7.025       0.1572
       7.032      0.09214
        7.04       0.0271
       7.055     -0.03794
       7.062     -0.05962
       7.077       -0.103
       7.085       -0.103
         7.1      -0.0813
       7.115      -0.0813
        7.13      -0.0813
       7.138     -0.05962
       7.153     -0.03794
       7.161     -0.01626
       7.176     -0.03794
       7.183     -0.03794
       7.199      -0.0813
       7.206       -0.103
       7.221      -0.1247
       7.229       -0.103
       7.244     -0.05962
       7.251     -0.05962
       7.267     -0.05962
       7.282      -0.0813
       7.289      -0.0813
       7.297     -0.05962
       7.312     -0.03794
        7.32     -0.01626
       7.335     -0.01626
       7.342     -0.03794
        7.35     -0.03794
       7.365       -0.103
       7.373       -0.103
       7.388       -0.103
       7.403      -0.1463
        7.41       -0.168
       7.425      -0.1897
       7.433       -0.168
       7.448      -0.1247
       7.456       -0.103
       7.471      -0.0813
       7.478      -0.0813
       7.494      -0.0813
       7.509      -0.1247
       7.516      -0.1463
       7.531      -0.1897
       7.539       -0.168
       7.554      -0.1463
       7.562      -0.1463
       7.577       -0.103
       7.584      -0.0813
       7.599      -0.0813
       7.607      -0.0813
       7.615      -0.0813
        7.63       -0.103
       7.637       -0.103
       7.652      -0.0813
        7.66     -0.03794
       7.675      0.00542
       7.683       0.0271
       7.698      0.09214
       7.705       0.1138
       7.728       0.1355
       7.736       0.1355
       7.751       0.1355
       7.758       0.1355
       7.773       0.1355
       7.789       0.1138
       7.796       0.1138
       7.811      0.09214
       7.819      0.09214
       7.834      0.09214
       7.842      0.09214
       7.857      0.09214
       7.864      0.09214
       7.879      0.09214
       7.895      0.07046
       7.902      0.04878
       7.917      0.00542
       7.925     -0.01626
       7.932     -0.01626
       7.947     -0.05962
       7.955     -0.05962
        7.97      0.00542
       7.985      0.04878
       7.993      0.07046
           8      0.09214
       8.016      0.09214
       8.023      0.09214
       8.038      0.09214
       8.046      0.07046
       8.053      0.04878
       8.068     -0.01626
       8.076     -0.03794
       8.084      -0.0813
       8.091       -0.103
       8.106      -0.1463
       8.114       -0.168
       8.129      -0.1897
       8.137      -0.1897
       8.144      -0.1897
       8.159      -0.2114
       8.167      -0.2114
       8.182      -0.2114
        8.19      -0.1897
       8.205      -0.1463
       8.212      -0.1247
        8.22       -0.103
       8.235     -0.05962
       8.242     -0.03794
       8.258      0.00542
       8.265      0.00542
       8.273      0.00542
       8.288     -0.03794
       8.295     -0.05962
       8.311     -0.05962
       8.318     -0.05962
       8.333     -0.01626
       8.348       0.0271
       8.356      0.04878
       8.371       0.0271
       8.379      0.00542
       8.386     -0.03794
       8.394      -0.0813
       8.409      -0.1247
       8.416      -0.1463
       8.424      -0.1463
       8.439      -0.1463
       8.447      -0.1463
       8.454      -0.1247
       8.469       -0.103
       8.477      -0.0813
       8.492     -0.03794
         8.5      0.00542
       8.507       0.0271
       8.515      0.04878
        8.53      0.07046
       8.538      0.07046
       8.553      0.09214
        8.56      0.09214
       8.575      0.04878
       8.583      0.04878
       8.598       0.0271
       8.606       0.0271
       8.621       0.0271
       8.628       0.0271
       8.643      0.04878
       8.651      0.07046
       8.666       0.1572
       8.674       0.2005
       8.689       0.2656
       8.696       0.2656
       8.712       0.2005
       8.719       0.1572
       8.727      0.09214
       8.734      0.00542
       8.742     -0.05962
       8.749      -0.1247
       8.757       -0.168
       8.764      -0.2114
       8.772      -0.2331
       8.787      -0.2547
       8.795      -0.2764
        8.81      -0.2764
       8.817      -0.2764
       8.825      -0.2764
        8.84      -0.2981
       8.848      -0.2764
       8.863      -0.2114
        8.87      -0.1897
       8.886       -0.103
       8.893     -0.05962
       8.901     -0.01626
       8.908       0.0271
       8.923      0.07046
       8.931      0.09214
       8.938       0.1138
       8.954       0.1789
       8.976       0.2439
