     0.01186      -0.1789
     0.01942      -0.1789
     0.03455      -0.1789
     0.04212      -0.1604
     0.05725      -0.1236
     0.06481      -0.1051
     0.07994     -0.04986
     0.08751     -0.03144
      0.1026     -0.01301
      0.1102      0.02385
      0.1178      0.04228
      0.1329      0.07913
      0.1405      0.09756
      0.1556        0.116
      0.1632        0.116
      0.1707        0.116
      0.1859      0.09756
      0.1934      0.07913
       0.201      0.07913
      0.2161      0.04228
      0.2237      0.04228
      0.2388      0.04228
      0.2464      0.04228
      0.2615      0.02385
      0.2691     -0.01301
      0.2842     -0.04986
      0.2918     -0.04986
      0.3069     -0.01301
       0.322      0.02385
      0.3296      0.04228
      0.3447      0.02385
      0.3523     -0.01301
      0.3598     -0.01301
       0.375     -0.01301
      0.3825      0.02385
      0.3901      0.04228
      0.3977      0.07913
      0.4052        0.116
      0.4204       0.1528
      0.4279       0.1528
      0.4431        0.116
      0.4582      0.07913
      0.4658       0.0607
      0.4809       0.0607
      0.4884       0.0607
      0.5036      0.04228
      0.5111      0.04228
      0.5263      0.04228
      0.5338      0.02385
      0.5565      0.00542
      0.5641      0.02385
      0.5717      0.04228
      0.5868      0.07913
      0.5944      0.07913
      0.6019      0.07913
      0.6171      0.02385
      0.6246     -0.01301
      0.6322     -0.04986
      0.6473      -0.1051
      0.6549      -0.1236
        0.67      -0.1789
      0.6776      -0.1973
      0.6927      -0.2157
      0.7003      -0.2157
      0.7154      -0.1789
       0.723      -0.1604
      0.7305      -0.1236
      0.7381      -0.1051
      0.7457     -0.06829
      0.7532     -0.04986
      0.7683     -0.03144
      0.7759     -0.01301
       0.791      0.00542
      0.8062      0.00542
      0.8213     -0.01301
      0.8364     -0.03144
       0.844     -0.03144
      0.8516     -0.03144
      0.8667     -0.04986
      0.8743     -0.04986
      0.8894     -0.03144
       0.897     -0.01301
      0.9045      0.02385
      0.9121      0.04228
      0.9272       0.0607
      0.9348       0.0607
      0.9499       0.0607
      0.9575       0.0607
      0.9726      0.09756
      0.9877        0.116
      0.9953        0.116
        1.01        0.116
       1.018      0.09756
       1.026      0.07913
       1.041      0.04228
       1.048      0.02385
       1.063     -0.01301
       1.071     -0.01301
       1.086     -0.01301
       1.109      0.04228
       1.124      0.09756
       1.131        0.116
       1.147        0.116
       1.154        0.116
       1.169       0.1344
       1.184       0.1528
       1.192       0.1528
       1.207       0.1528
       1.222        0.116
        1.23      0.07913
       1.245      0.04228
       1.253      0.02385
       1.268      0.02385
       1.283      0.02385
        1.29      0.04228
       1.305       0.0607
       1.313      0.07913
       1.328      0.07913
       1.343      0.04228
       1.351      0.02385
       1.374      0.02385
       1.381      0.02385
       1.389      0.04228
       1.404      0.02385
       1.411      0.00542
       1.426     -0.03144
       1.434     -0.04986
       1.449     -0.06829
       1.457     -0.06829
       1.464     -0.08672
       1.472      -0.1236
       1.479      -0.1604
       1.487      -0.2157
       1.495      -0.2341
       1.502      -0.2157
        1.51      -0.1973
       1.525       -0.142
       1.532       -0.142
       1.548      -0.1604
       1.555      -0.1789
        1.57      -0.1973
       1.578      -0.1973
       1.593      -0.1973
         1.6      -0.1973
       1.616      -0.1789
       1.631      -0.1789
       1.638      -0.1604
       1.646       -0.142
       1.661       -0.142
       1.676       -0.142
       1.691       -0.142
       1.699      -0.1236
       1.706     -0.08672
       1.714     -0.06829
       1.729     -0.01301
       1.737      0.00542
       1.752      0.04228
       1.767      0.07913
       1.774      0.09756
        1.79       0.1344
       1.797        0.116
       1.805        0.116
       1.812      0.07913
        1.82       0.0607
       1.835      0.04228
       1.843      0.04228
       1.858      0.04228
       1.865      0.04228
        1.88      0.02385
       1.888      0.02385
       1.911     -0.01301
       1.918      0.00542
       1.926      0.04228
       1.933      0.09756
       1.941        0.116
       1.956       0.1344
       1.964       0.1344
       1.979       0.1344
       1.986       0.1344
       2.001       0.1344
       2.017      0.09756
       2.024      0.09756
       2.039      0.07913
       2.047       0.0607
       2.054       0.0607
       2.077      0.04228
       2.085      0.04228
       2.092       0.0607
       2.107        0.116
       2.115       0.1344
        2.13       0.1713
       2.138       0.1713
       2.153       0.1344
        2.16        0.116
       2.175       0.0607
       2.183      0.04228
       2.198     -0.01301
       2.206     -0.03144
       2.213     -0.03144
       2.228     -0.04986
       2.236     -0.04986
       2.251     -0.06829
       2.259     -0.08672
       2.274       -0.142
       2.281      -0.1604
       2.296       -0.142
       2.312     -0.08672
       2.319     -0.08672
       2.334     -0.08672
       2.342     -0.08672
       2.357      -0.1051
       2.365      -0.1051
        2.38      -0.1236
       2.387      -0.1051
       2.402     -0.06829
        2.41     -0.04986
       2.425     -0.03144
       2.433     -0.01301
        2.44      0.02385
       2.455       0.0607
       2.463       0.0607
       2.478      0.09756
       2.493       0.1344
       2.501       0.1528
       2.516        0.116
       2.523      0.07913
       2.531      0.04228
       2.539      0.02385
       2.546     -0.01301
       2.554     -0.03144
       2.569     -0.04986
       2.584     -0.04986
       2.591     -0.01301
       2.607     -0.01301
       2.614     -0.03144
       2.629     -0.08672
       2.637      -0.1051
       2.644     -0.08672
        2.66     -0.04986
       2.667     -0.04986
       2.682     -0.04986
        2.69     -0.03144
       2.705      0.02385
       2.713      0.04228
       2.728       0.0607
       2.735      0.04228
        2.75      0.02385
       2.758      0.04228
       2.773      0.07913
       2.788       0.0607
       2.796      0.04228
       2.811      0.02385
       2.818      0.02385
       2.834      0.02385
       2.841      0.02385
       2.856      0.02385
       2.864      0.00542
       2.879     -0.01301
       2.887     -0.03144
       2.902     -0.06829
       2.909      -0.1051
       2.924       -0.142
       2.932      -0.1604
       2.939       -0.142
       2.947      -0.1236
       2.955     -0.08672
       2.962     -0.04986
       2.977     -0.03144
       2.985     -0.03144
           3     -0.01301
       3.008     -0.01301
       3.015      0.02385
       3.023      0.04228
       3.038       0.0607
       3.053      0.04228
       3.061      0.04228
       3.076      0.04228
       3.083      0.04228
       3.091       0.0607
       3.106      0.04228
       3.113      0.02385
       3.129     -0.01301
       3.136     -0.01301
       3.151     -0.01301
       3.159     -0.01301
       3.166      0.02385
       3.174      0.04228
       3.182      0.07913
       3.189       0.1344
       3.204       0.1897
       3.212       0.1897
       3.227       0.1528
       3.235       0.1528
        3.25        0.116
       3.257        0.116
       3.272       0.0607
        3.28      0.04228
       3.295      0.00542
       3.303     -0.01301
        3.31     -0.01301
       3.325     -0.03144
       3.333     -0.01301
       3.348     -0.01301
       3.356     -0.01301
       3.371     -0.03144
       3.386     -0.03144
       3.393     -0.01301
       3.409     -0.01301
       3.416     -0.01301
       3.431     -0.01301
       3.439     -0.01301
       3.446     -0.01301
       3.461     -0.01301
       3.469     -0.01301
       3.484     -0.01301
       3.492     -0.01301
       3.507     -0.03144
       3.514     -0.04986
       3.522     -0.04986
       3.537     -0.06829
       3.545     -0.06829
        3.56     -0.06829
       3.567     -0.06829
       3.582     -0.06829
        3.59     -0.06829
       3.598     -0.04986
       3.613     -0.03144
        3.62     -0.04986
       3.635     -0.06829
       3.651     -0.04986
       3.658     -0.03144
       3.681     -0.01301
       3.688     -0.01301
       3.704     -0.01301
       3.711     -0.01301
       3.726     -0.01301
       3.741     -0.03144
       3.749     -0.03144
       3.764     -0.04986
       3.772     -0.04986
       3.779     -0.08672
       3.794      -0.1236
       3.802      -0.1236
       3.809     -0.08672
       3.825     -0.04986
        3.84      0.02385
       3.847      0.04228
       3.862       0.0607
        3.87      0.04228
       3.878      0.04228
       3.885     -0.01301
       3.893     -0.01301
       3.908     -0.01301
       3.915      0.00542
       3.923      0.04228
        3.93       0.0607
       3.946       0.0607
       3.953       0.0607
       3.968       0.0607
       3.976       0.0607
       3.991       0.0607
       4.006      0.02385
       4.014      0.02385
       4.021     -0.01301
       4.029     -0.01301
       4.036     -0.01301
       4.052     -0.04986
       4.059     -0.06829
       4.074     -0.06829
       4.082     -0.03144
       4.097     -0.01301
       4.104      0.02385
        4.12      0.02385
       4.127      0.02385
       4.142      0.02385
        4.15      0.04228
       4.165       0.0607
       4.173       0.0607
       4.188      0.07913
       4.203      0.07913
        4.21      0.07913
       4.226      0.07913
       4.241      0.04228
       4.248      0.04228
       4.263      0.02385
       4.278     -0.01301
       4.286     -0.01301
       4.301      0.04228
       4.309       0.0607
       4.324      0.09756
       4.331      0.07913
       4.339      0.04228
       4.347      0.00542
       4.362     -0.04986
       4.369     -0.04986
       4.377     -0.04986
       4.392     -0.04986
         4.4     -0.06829
       4.407     -0.06829
       4.422      -0.1051
        4.43      -0.1236
       4.445      -0.1604
       4.452       -0.142
       4.468      -0.1051
       4.475     -0.08672
        4.49     -0.06829
       4.498     -0.04986
       4.505     -0.03144
       4.521     -0.01301
       4.528      0.02385
       4.543      0.04228
       4.551      0.04228
       4.566      0.02385
       4.574      0.02385
       4.581      0.00542
       4.596     -0.03144
       4.604     -0.06829
       4.611     -0.06829
       4.626     -0.06829
       4.634     -0.06829
       4.649     -0.03144
       4.657     -0.01301
       4.687      0.02385
       4.695      0.02385
       4.717      0.02385
       4.725      0.02385
        4.74       0.0607
       4.747      0.09756
       4.763       0.1344
        4.77       0.1344
       4.785      0.09756
       4.793      0.07913
         4.8      0.07913
       4.816       0.0607
       4.823       0.0607
       4.838      0.02385
       4.846      0.00542
       4.861     -0.03144
       4.876     -0.03144
       4.891     -0.04986
       4.899     -0.04986
       4.914     -0.03144
       4.921     -0.01301
       4.937      0.00542
       4.952      0.02385
       4.967      0.04228
       4.982      0.04228
        4.99       0.0607
       5.005       0.0607
       5.012       0.0607
       5.027      0.07913
       5.035      0.07913
        5.05      0.07913
       5.058      0.09756
       5.073      0.09756
        5.08      0.09756
       5.095       0.0607
       5.103      0.04228
       5.118      0.00542
       5.126     -0.01301
       5.141     -0.06829
       5.148      -0.1051
       5.156       -0.142
       5.171      -0.1789
       5.179      -0.2157
       5.194      -0.2341
       5.201      -0.2157
       5.217      -0.1973
       5.224      -0.1789
       5.239      -0.1789
       5.247      -0.1604
       5.254       -0.142
       5.262     -0.08672
       5.269     -0.04986
       5.277      0.00542
       5.292      0.04228
         5.3      0.04228
       5.315      0.04228
       5.322      0.04228
       5.338      0.04228
       5.345      0.04228
       5.353       0.0607
       5.368       0.0607
       5.375       0.0607
       5.383       0.0607
       5.398      0.04228
       5.406       0.0607
       5.421      0.07913
       5.428      0.07913
       5.436      0.07913
       5.451      0.02385
       5.459     -0.01301
       5.474     -0.03144
       5.481     -0.03144
       5.496      0.02385
       5.504       0.0607
       5.512      0.09756
       5.519       0.1344
       5.534       0.1344
       5.542        0.116
       5.557      0.09756
       5.565      0.09756
        5.58      0.09756
       5.587      0.09756
       5.602      0.09756
       5.617      0.07913
       5.625       0.0607
       5.633       0.0607
       5.648      0.02385
       5.655     -0.01301
       5.663     -0.01301
       5.678     -0.04986
       5.686     -0.04986
       5.701     -0.06829
       5.716     -0.08672
       5.723     -0.06829
       5.739     -0.04986
       5.746     -0.03144
       5.754     -0.01301
       5.769     -0.03144
       5.776     -0.03144
       5.791     -0.04986
       5.799     -0.06829
       5.814      -0.1051
       5.822      -0.1236
       5.837      -0.1051
       5.844     -0.08672
        5.86     -0.06829
       5.867     -0.06829
       5.875     -0.06829
       5.882      -0.1051
       5.897       -0.142
       5.905      -0.1236
        5.92     -0.08672
       5.928     -0.06829
       5.943     -0.04986
        5.95     -0.03144
       5.965     -0.03144
       5.973     -0.03144
       5.981     -0.01301
       5.996     -0.01301
       6.003     -0.01301
       6.018     -0.03144
       6.026     -0.03144
       6.034     -0.03144
       6.049     -0.04986
       6.056     -0.06829
       6.064     -0.04986
       6.079     -0.01301
       6.086      0.02385
       6.094      0.04228
       6.109      0.07913
       6.117        0.116
       6.132       0.1344
       6.139       0.1344
       6.155       0.1344
       6.162       0.1344
       6.177      0.09756
       6.185      0.07913
         6.2      0.04228
       6.208      0.04228
       6.223     -0.01301
        6.23     -0.01301
       6.245     -0.03144
       6.253     -0.03144
       6.276     -0.03144
       6.283     -0.03144
       6.298     -0.01301
       6.313      0.00542
       6.321      0.02385
       6.336      0.04228
       6.351      0.04228
       6.359      0.04228
       6.374      0.02385
       6.382      0.00542
       6.397     -0.01301
       6.404     -0.01301
       6.419     -0.01301
       6.427     -0.01301
        6.45      0.04228
       6.465      0.07913
       6.472      0.09756
        6.48       0.1344
       6.495       0.1528
       6.503       0.1713
       6.518       0.1713
       6.525       0.1713
        6.54       0.1344
       6.548      0.09756
       6.563       0.0607
       6.571      0.04228
       6.586      0.00542
       6.593     -0.01301
       6.608     -0.01301
       6.616     -0.01301
       6.631      0.02385
       6.639      0.04228
       6.646       0.0607
       6.661      0.04228
       6.677      0.02385
       6.692      0.02385
       6.699      0.00542
       6.714     -0.01301
        6.73     -0.03144
       6.737     -0.01301
       6.752     -0.03144
        6.76     -0.03144
       6.775     -0.08672
        6.79      -0.1236
       6.798       -0.142
       6.813      -0.1604
        6.82      -0.1604
       6.835      -0.1789
       6.843      -0.1604
       6.858      -0.1236
       6.873     -0.08672
       6.881     -0.08672
       6.896       -0.142
       6.903      -0.1789
       6.911      -0.1973
       6.926      -0.1973
       6.934      -0.1789
       6.949      -0.1604
       6.956       -0.142
       6.972      -0.1051
       6.987     -0.08672
       6.994     -0.08672
       7.009      -0.1051
       7.017      -0.1051
       7.025     -0.06829
        7.04     -0.01301
       7.055      0.04228
       7.085      0.09756
       7.093      0.09756
       7.108      0.09756
       7.115      0.09756
       7.123        0.116
       7.138        0.116
       7.146        0.116
       7.161        0.116
       7.176      0.09756
       7.183      0.07913
       7.199      0.07913
       7.206      0.07913
       7.221      0.07913
       7.229      0.07913
       7.236      0.09756
       7.251        0.116
       7.259        0.116
       7.274        0.116
       7.282        0.116
       7.297      0.07913
       7.304       0.0607
        7.32      0.00542
       7.327     -0.01301
       7.335     -0.03144
        7.35     -0.06829
       7.357     -0.08672
       7.373     -0.06829
       7.388     -0.03144
       7.403      0.04228
        7.41      0.07913
       7.425        0.116
       7.433       0.1344
       7.441       0.1528
       7.456       0.1344
       7.463      0.09756
       7.478      0.04228
       7.486      0.02385
       7.486     -0.01301
       7.494     -0.04986
       7.501     -0.08672
       7.509       -0.142
       7.524      -0.1789
       7.531      -0.1789
       7.547      -0.1604
       7.554       -0.142
       7.569      -0.1604
       7.577      -0.1604
       7.592      -0.1604
       7.599      -0.1789
       7.615      -0.1604
        7.63      -0.1236
       7.637     -0.08672
       7.645     -0.04986
       7.652     -0.01301
       7.668      0.02385
       7.675       0.0607
       7.683      0.07913
       7.698       0.1344
       7.705       0.1344
       7.721        0.116
       7.736      0.07913
       7.743      0.07913
       7.751      0.07913
       7.766       0.0607
       7.773      0.04228
       7.789      0.04228
       7.796       0.0607
       7.811       0.0607
       7.819      0.04228
       7.834     -0.01301
       7.842     -0.01301
       7.857     -0.04986
       7.872     -0.06829
       7.887     -0.03144
       7.902      0.00542
        7.91      0.02385
       7.917      0.04228
       7.932      0.04228
        7.94      0.04228
       7.947       0.0607
       7.963      0.07913
        7.97      0.07913
       7.978      0.07913
       7.993      0.04228
           8      0.04228
       8.016      0.04228
       8.023       0.0607
       8.038      0.09756
       8.046        0.116
       8.061      0.09756
       8.068       0.0607
       8.076      0.04228
       8.091     -0.01301
       8.099     -0.01301
       8.114      0.00542
       8.121      0.02385
       8.129      0.04228
       8.144      0.07913
       8.152      0.09756
       8.167      0.09756
       8.174      0.07913
        8.19      0.07913
       8.205       0.0607
       8.212      0.04228
       8.227      0.00542
       8.235     -0.01301
        8.25     -0.01301
       8.258      0.02385
       8.273      0.02385
        8.28     -0.01301
       8.288     -0.04986
       8.295     -0.08672
       8.303      -0.1236
       8.318      -0.1604
       8.326      -0.1604
       8.333      -0.1604
       8.348       -0.142
       8.356      -0.1236
       8.364     -0.08672
       8.371     -0.04986
       8.386     -0.04986
       8.394     -0.06829
       8.401     -0.06829
       8.416      -0.1236
       8.424       -0.142
       8.439      -0.1789
       8.447      -0.1789
       8.462      -0.1789
       8.477      -0.1604
       8.492      -0.1236
         8.5     -0.08672
       8.515     -0.04986
       8.522     -0.04986
       8.538     -0.04986
       8.545     -0.03144
        8.56     -0.03144
       8.568     -0.03144
       8.583     -0.04986
        8.59     -0.04986
       8.606     -0.06829
       8.613     -0.06829
       8.628     -0.04986
       8.643     -0.03144
       8.651     -0.01301
       8.659      0.04228
       8.674      0.09756
       8.689       0.1528
       8.696       0.1713
       8.712       0.1897
       8.719       0.1897
       8.734       0.1713
       8.742       0.1528
       8.757      0.09756
       8.764      0.09756
        8.78      0.07913
       8.787      0.07913
       8.802       0.0607
       8.817      0.02385
       8.825      0.02385
       8.833      0.04228
       8.848       0.0607
       8.855      0.07913
       8.878      0.04228
       8.886      0.02385
       8.901     -0.01301
       8.908     -0.01301
       8.923     -0.01301
       8.931     -0.01301
       8.961     -0.01301
       8.976      0.00542
