     0.01186       0.1463
     0.01942       0.2033
     0.02699       0.2412
     0.04212       0.2791
     0.04968       0.2222
     0.05725       0.1843
     0.06481       0.1084
     0.07238      0.05149
     0.07238     -0.00542
     0.07994     -0.04336
     0.08751      -0.1382
     0.09507      -0.1951
      0.1026      -0.2331
      0.1102      -0.2331
      0.1178      -0.1951
      0.1253      -0.1382
      0.1329     -0.04336
      0.1405      0.07046
      0.1405     -0.00542
       0.148       0.1274
      0.1556       0.1653
      0.1632       0.1653
      0.1707       0.1084
      0.1783      0.03252
      0.1859     -0.06233
      0.1934      -0.1192
      0.2085      -0.1192
      0.2161      -0.1003
      0.2312     -0.06233
      0.2388     -0.06233
      0.2539      -0.0813
      0.2615      -0.1382
      0.2691      -0.1951
      0.2766       -0.252
      0.2842      -0.3089
      0.2993       -0.271
      0.3069      -0.1951
      0.3145      -0.1003
       0.322      0.08943
       0.322     -0.02439
      0.3296       0.2222
      0.3371        0.393
      0.3447       0.5257
      0.3523       0.6016
      0.3598       0.6585
       0.375       0.6775
      0.3825       0.6585
      0.3901       0.6585
      0.3977       0.6016
      0.4052       0.5447
      0.4052       0.4878
      0.4128       0.4309
      0.4204       0.3171
      0.4279       0.2033
      0.4355      0.08943
      0.4431     -0.04336
      0.4506      -0.1382
      0.4582      -0.2331
      0.4658        -0.29
      0.4733      -0.3089
      0.4884      -0.3089
       0.496        -0.29
      0.5036      -0.2331
      0.5111      -0.1762
      0.5187      -0.1382
      0.5263      -0.1003
      0.5414      -0.0813
       0.549     -0.04336
      0.5641     -0.00542
      0.5717     -0.00542
      0.5792     -0.02439
      0.5868     -0.06233
      0.6019      -0.1003
      0.6095      -0.1192
      0.6246      -0.1382
      0.6322      -0.1382
      0.6473      -0.1003
      0.6549      -0.0813
      0.6624     -0.04336
        0.67      0.01355
      0.6776      0.05149
      0.6851      0.08943
      0.7003       0.1084
      0.7078       0.1274
      0.7154       0.1463
      0.7305       0.1653
      0.7457       0.1274
      0.7532      0.08943
      0.7608      0.01355
      0.7683     -0.06233
      0.7759      -0.1192
      0.7835      -0.1762
       0.791      -0.1951
      0.8137      -0.1951
      0.8213      -0.1951
       0.844      -0.1572
      0.8516      -0.1382
      0.8591     -0.06233
      0.8667     -0.06233
      0.8818      -0.0813
      0.8894      -0.0813
       0.897     -0.06233
      0.9045      0.03252
      0.9045     -0.00542
      0.9121      0.07046
      0.9196       0.1084
      0.9272       0.1274
      0.9423       0.1463
      0.9499       0.1653
       0.965       0.2222
      0.9726       0.2412
      0.9877       0.2222
      0.9953       0.1463
       1.003      0.03252
        1.01      -0.1003
       1.018      -0.1762
       1.026      -0.2141
       1.033      -0.1762
       1.041      -0.1192
       1.048      -0.0813
       1.063      -0.0813
       1.071      -0.1003
       1.086      -0.1192
       1.094      -0.1192
       1.109      -0.1192
       1.124      -0.0813
       1.131     -0.06233
       1.139     -0.02439
       1.147      0.03252
       1.147     -0.00542
       1.154      0.05149
       1.162       0.1084
       1.169       0.1653
       1.177       0.2033
       1.192       0.2412
         1.2       0.2602
       1.215       0.2791
       1.222       0.2602
        1.23       0.2412
       1.237       0.2033
       1.245       0.1274
       1.253      0.07046
        1.26     -0.04336
       1.268      -0.1192
       1.275      -0.1951
       1.283       -0.252
        1.29      -0.3089
       1.298      -0.3469
       1.313      -0.3469
       1.321      -0.3089
       1.328       -0.252
       1.336      -0.1572
       1.343     -0.06233
       1.351      0.07046
       1.351     -0.00542
       1.358       0.1463
       1.366       0.2222
       1.374       0.2791
       1.381       0.3171
       1.389        0.355
       1.404        0.393
       1.411        0.355
       1.419       0.2981
       1.426       0.2033
       1.434      0.08943
       1.442      0.03252
       1.442     -0.04336
       1.449      -0.1382
       1.457       -0.252
       1.464      -0.3659
       1.472      -0.4797
       1.479      -0.5935
       1.487      -0.6314
       1.502      -0.5556
        1.51      -0.4417
        1.51      -0.5176
       1.517      -0.3469
       1.525      -0.2141
       1.532      -0.0813
        1.54       0.1084
        1.54     -0.00542
       1.548       0.2412
       1.555       0.4119
       1.563       0.5068
        1.57       0.5637
       1.578       0.5447
       1.578       0.4878
       1.585       0.4499
       1.593        0.374
         1.6       0.3171
       1.608       0.2602
       1.616       0.2033
       1.623       0.1463
       1.631      0.08943
       1.638      0.03252
       1.638     -0.02439
       1.646      -0.0813
       1.653      -0.1762
       1.661      -0.2331
       1.676       -0.252
       1.684      -0.2141
       1.691      -0.1951
       1.699      -0.1572
       1.706      -0.1192
       1.714     -0.06233
       1.722      0.03252
       1.722     -0.02439
       1.729      0.08943
       1.737       0.2033
       1.744       0.2981
       1.752        0.393
       1.759       0.4119
       1.767        0.393
       1.774       0.3171
       1.782       0.2412
        1.79       0.1653
       1.797      0.07046
       1.797     -0.00542
       1.805     -0.06233
       1.812      -0.1762
        1.82       -0.252
       1.827        -0.29
       1.835       -0.271
       1.843      -0.2331
        1.85      -0.1951
       1.865      -0.2331
       1.873      -0.2331
       1.888      -0.2141
       1.903      -0.1572
       1.911      -0.1762
       1.926      -0.1951
       1.941      -0.1192
       1.948     -0.04336
       1.956      0.07046
       1.964       0.1463
       1.971       0.1653
       1.986       0.1463
       2.001       0.1274
       2.009       0.1463
       2.017       0.2033
       2.024       0.2981
       2.032        0.374
       2.039       0.4499
       2.047       0.4878
       2.054       0.4878
        2.07       0.5068
       2.077       0.4878
       2.085       0.4688
       2.092       0.4119
         2.1        0.336
       2.107       0.2412
       2.115       0.1463
       2.122      0.07046
        2.13     -0.00542
       2.138     -0.06233
       2.145      -0.1382
       2.153      -0.1951
        2.16       -0.252
       2.175       -0.252
       2.183       -0.252
       2.191       -0.252
       2.206        -0.29
       2.213        -0.29
       2.221       -0.252
       2.228      -0.2141
       2.236      -0.1382
       2.244     -0.06233
       2.251     -0.02439
       2.259     -0.00542
       2.274     -0.02439
       2.281     -0.02439
       2.296     -0.02439
       2.304     -0.00542
       2.319     -0.06233
       2.327      -0.1382
       2.334      -0.1951
       2.342      -0.2141
       2.349      -0.1951
       2.357      -0.1382
       2.365      -0.0813
       2.372      0.01355
        2.38       0.1084
       2.387       0.1843
       2.395       0.2602
       2.402        0.336
        2.41        0.393
       2.418       0.4309
       2.433       0.4499
        2.44       0.4119
       2.448        0.336
       2.455       0.2602
       2.463       0.1843
        2.47       0.1084
       2.478      0.03252
       2.486      -0.0813
       2.493      -0.1762
       2.501        -0.29
       2.508      -0.4038
       2.516      -0.4986
       2.523      -0.5745
       2.531      -0.5935
       2.539      -0.5366
       2.546      -0.4228
       2.546      -0.5176
       2.554      -0.3089
       2.561      -0.1762
       2.569      -0.0813
       2.576      0.01355
       2.584      0.08943
       2.591       0.1463
       2.599       0.1843
       2.607       0.2222
       2.614       0.2602
       2.629       0.3171
       2.637       0.3171
       2.644       0.3171
       2.652       0.2602
        2.66       0.2222
       2.667       0.1653
       2.675       0.1084
       2.682      0.07046
        2.69      0.05149
       2.705       0.1084
        2.72       0.1653
       2.728       0.1274
       2.735      0.07046
       2.743      0.03252
       2.743     -0.00542
        2.75     -0.04336
       2.758      -0.0813
       2.765      -0.1192
       2.773      -0.1192
       2.788      -0.1003
       2.796      -0.1192
       2.803      -0.1572
       2.811      -0.2331
       2.818        -0.29
       2.826      -0.3469
       2.834      -0.3848
       2.841      -0.4038
       2.849      -0.3848
       2.864      -0.3469
       2.871        -0.29
       2.879      -0.2141
       2.887      -0.1192
       2.894      0.05149
       2.894     -0.02439
       2.902       0.1084
       2.909       0.2033
       2.917       0.3171
       2.924       0.4119
       2.932       0.4688
       2.939       0.4878
       2.947       0.4309
       2.955        0.336
       2.962       0.2412
        2.97       0.1463
       2.977      0.07046
       2.985      0.03252
           3     -0.00542
       3.008     -0.00542
       3.023     -0.06233
        3.03      -0.1003
       3.038      -0.1192
       3.045      -0.1572
       3.053      -0.1762
       3.068      -0.1572
       3.076      -0.1003
       3.083     -0.06233
       3.091     -0.00542
       3.098      0.05149
       3.106      0.08943
       3.113       0.1274
       3.121       0.1653
       3.136       0.1274
       3.144      0.08943
       3.151      0.05149
       3.159     -0.02439
       3.174      -0.0813
       3.182      -0.1003
       3.197     -0.06233
       3.204     -0.06233
       3.212      -0.1003
       3.219      -0.1382
       3.227      -0.1572
       3.242      -0.1572
        3.25      -0.1572
       3.265      -0.1192
       3.272      -0.0813
        3.28     -0.02439
       3.287      0.03252
       3.287     -0.00542
       3.295      0.07046
       3.303       0.1084
        3.31       0.1274
       3.318       0.1653
       3.325       0.2033
        3.34       0.2033
       3.348       0.2033
       3.363       0.1843
       3.371       0.2033
       3.386       0.2222
       3.393       0.2033
       3.401       0.1653
       3.409       0.1274
       3.416      0.08943
       3.431      0.07046
       3.439      0.07046
       3.454       0.1084
       3.461      0.07046
       3.469     -0.02439
       3.477      -0.0813
       3.484      -0.1382
       3.492      -0.1762
       3.507      -0.2141
       3.514      -0.2141
       3.522      -0.1951
       3.537      -0.1382
       3.545     -0.06233
       3.552     -0.02439
        3.56      0.05149
       3.567      0.08943
       3.575       0.1463
       3.582       0.2033
        3.59       0.2602
       3.598       0.2981
       3.605        0.336
       3.613        0.374
       3.628        0.393
       3.635        0.374
       3.643        0.374
       3.651        0.336
       3.658       0.2981
       3.666       0.2222
       3.673       0.1084
       3.681      0.05149
       3.681     -0.04336
       3.688      -0.1572
       3.696       -0.271
       3.704      -0.3659
       3.711      -0.4417
       3.719      -0.4797
       3.734      -0.4607
       3.741      -0.4038
       3.749      -0.3279
       3.756      -0.2331
       3.764      -0.1192
       3.772     -0.04336
       3.779      0.03252
       3.787      0.08943
       3.794       0.1463
       3.802       0.1843
       3.809       0.2033
       3.817       0.1653
       3.825       0.1084
       3.832      0.05149
        3.84      0.01355
       3.847     -0.02439
       3.855     -0.06233
       3.862      -0.1003
       3.878      -0.1382
       3.885      -0.1572
         3.9      -0.1192
       3.915      -0.0813
       3.923     -0.04336
        3.93      0.01355
       3.938      0.05149
       3.946       0.1084
       3.953       0.1653
       3.961       0.2222
       3.976       0.2412
       3.983       0.2412
       3.991       0.1843
       3.999       0.1463
       4.006      0.07046
       4.014      0.03252
       4.014     -0.04336
       4.021      -0.1003
       4.029      -0.1951
       4.036       -0.271
       4.044      -0.3469
       4.052      -0.4038
       4.067      -0.4038
       4.074      -0.3848
       4.082      -0.3279
       4.089       -0.271
       4.097      -0.1762
       4.104      -0.1003
       4.112     -0.02439
        4.12      0.05149
       4.127       0.1084
       4.135       0.1653
       4.142       0.2033
       4.157       0.1843
       4.165       0.1463
       4.173       0.1084
       4.188      0.07046
       4.195      0.07046
       4.203      0.08943
       4.218      0.05149
       4.226      0.03252
       4.241      0.05149
       4.256      0.08943
       4.263      0.08943
       4.271      0.08943
       4.278      0.05149
       4.286     -0.02439
       4.294     -0.06233
       4.301      -0.1003
       4.309      -0.1003
       4.316      -0.0813
       4.324     -0.04336
       4.331     -0.00542
       4.339      0.03252
       4.347      0.05149
       4.362      0.05149
       4.369     -0.00542
       4.377     -0.00542
       4.392      0.01355
         4.4      0.03252
       4.407      0.05149
       4.422      0.07046
        4.43      0.08943
       4.445      0.05149
       4.452      0.03252
       4.468     -0.00542
       4.475     -0.00542
        4.49     -0.00542
       4.498     -0.04336
       4.505      -0.0813
       4.513      -0.1382
       4.521      -0.1951
       4.543      -0.1762
       4.551      -0.1003
       4.558      0.03252
       4.558     -0.02439
       4.566      0.08943
       4.574       0.1653
       4.581       0.2412
       4.589       0.2791
       4.596       0.2981
       4.611       0.3171
       4.619       0.3171
       4.626       0.2602
       4.634       0.2222
       4.642       0.2033
       4.657       0.1653
       4.664       0.1274
       4.672      0.07046
       4.672     -0.00542
       4.679     -0.06233
       4.687      -0.1762
       4.695       -0.271
       4.702      -0.3469
        4.71      -0.4038
       4.725      -0.3848
       4.732      -0.3279
        4.74       -0.252
       4.747      -0.1951
       4.755      -0.1192
       4.763     -0.06233
        4.77     -0.02439
       4.778      0.05149
       4.785       0.1084
       4.793       0.2033
         4.8       0.2791
       4.808        0.355
       4.816        0.393
       4.823       0.4309
       4.831       0.4309
       4.838        0.393
       4.846        0.336
       4.853       0.2981
       4.861       0.2412
       4.869       0.1843
       4.876      0.08943
       4.884      0.05149
       4.884     -0.04336
       4.891      -0.1572
       4.899       -0.271
       4.906      -0.3659
       4.914      -0.4228
       4.921      -0.4607
       4.937      -0.4038
       4.944      -0.3279
       4.952       -0.252
       4.959      -0.1762
       4.967      -0.0813
       4.974      0.01355
       4.982       0.1084
        4.99       0.2222
       4.997       0.2791
       5.005        0.336
        5.02        0.336
       5.027       0.3171
       5.035       0.2981
       5.043       0.2602
        5.05       0.2222
       5.058       0.1843
       5.065       0.1463
       5.073      0.08943
        5.08      0.05149
       5.088     -0.02439
       5.095      -0.1003
       5.103      -0.1762
       5.111      -0.2331
       5.126      -0.2141
       5.133      -0.1572
       5.141      -0.1003
       5.156      -0.1003
       5.164      -0.1192
       5.171      -0.1192
       5.186      -0.1382
       5.194      -0.1572
       5.209      -0.1951
       5.217      -0.1951
       5.232      -0.1382
       5.239      -0.0813
       5.247     -0.02439
       5.254      0.05149
       5.262      0.08943
       5.269       0.1463
       5.277       0.1843
       5.285       0.2222
       5.292       0.2412
       5.307       0.1843
       5.315       0.1463
       5.322      0.07046
        5.33     -0.00542
       5.338      -0.0813
       5.345      -0.1382
       5.353      -0.1762
       5.368      -0.2331
       5.375       -0.252
       5.383        -0.29
       5.391      -0.3279
       5.398      -0.3659
       5.413      -0.3848
       5.421      -0.3089
       5.428      -0.2141
       5.436      -0.1003
       5.443      0.05149
       5.443     -0.02439
       5.451      0.08943
       5.459       0.1843
       5.466       0.2791
       5.474        0.355
       5.481       0.4309
       5.489       0.4878
       5.496       0.4878
       5.512       0.4878
       5.519       0.4309
       5.527        0.374
       5.534       0.2981
       5.542       0.2222
       5.549       0.1274
       5.557      0.07046
       5.565     -0.00542
       5.572     -0.02439
       5.587     -0.02439
       5.595     -0.02439
       5.602     -0.04336
        5.61      -0.0813
       5.617      -0.1572
       5.625      -0.2141
       5.633      -0.2331
       5.648      -0.2141
       5.655      -0.1572
       5.663      -0.1003
        5.67      0.03252
        5.67     -0.02439
       5.678      0.08943
       5.686       0.1843
       5.693       0.2602
       5.701       0.2981
       5.708       0.3171
       5.723       0.2602
       5.731       0.2222
       5.739       0.1653
       5.746      0.08943
       5.754      0.01355
       5.761     -0.04336
       5.769      -0.0813
       5.776      -0.1192
       5.791      -0.1003
       5.807      -0.0813
       5.814      -0.0813
       5.822      -0.1003
       5.829      -0.1382
       5.844      -0.1762
       5.852      -0.1572
        5.86      -0.1382
       5.875      -0.1382
       5.882      -0.1382
       5.897      -0.1762
       5.905      -0.1762
        5.92      -0.1382
       5.928      -0.0813
       5.935      0.03252
       5.935     -0.02439
       5.943      0.08943
        5.95       0.1843
       5.958       0.2981
       5.965        0.374
       5.973       0.4499
       5.981       0.4878
       5.988       0.4309
       5.996        0.374
       6.003       0.2981
       6.011       0.2412
       6.026       0.2222
       6.034       0.1843
       6.041       0.1084
       6.049      0.07046
       6.049     -0.00542
       6.056     -0.04336
       6.064      -0.1192
       6.071      -0.2331
       6.079      -0.3279
       6.086      -0.4038
       6.094      -0.4797
       6.102      -0.5176
       6.117      -0.4417
       6.124      -0.3659
       6.132       -0.252
       6.139      -0.1382
       6.147     -0.04336
       6.155      0.07046
       6.162       0.1274
        6.17       0.2033
       6.177       0.2791
       6.185       0.3171
       6.192       0.2981
         6.2       0.2412
       6.208       0.1653
       6.215       0.1084
       6.223      0.05149
        6.23     -0.02439
       6.238      -0.0813
       6.245      -0.1382
       6.253      -0.1951
        6.26       -0.252
       6.268       -0.271
       6.276      -0.2331
       6.283      -0.1572
       6.291     -0.06233
       6.298      0.07046
       6.298     -0.00542
       6.306       0.1653
       6.313       0.2602
       6.321        0.336
       6.329        0.393
       6.336       0.4119
       6.351       0.4119
       6.359       0.4119
       6.374        0.355
       6.382       0.2791
       6.389       0.1653
       6.397      0.03252
       6.404      -0.1003
       6.412      -0.2331
       6.419      -0.3279
       6.427      -0.4228
       6.434      -0.4797
       6.442      -0.5176
        6.45      -0.5366
       6.465      -0.5176
       6.472      -0.4797
        6.48      -0.4228
       6.487      -0.3659
       6.495      -0.3089
       6.503       -0.252
        6.51      -0.1572
       6.518     -0.06233
       6.525      0.08943
       6.525     -0.00542
       6.533       0.2033
        6.54        0.355
       6.548       0.4499
       6.556       0.5447
       6.571       0.5068
       6.578       0.4309
       6.586        0.374
       6.593       0.2981
       6.601       0.2222
       6.608       0.1463
       6.616      0.07046
       6.616     -0.00542
       6.624     -0.06233
       6.631      -0.1382
       6.639      -0.1951
       6.654      -0.1951
       6.661      -0.1762
       6.677      -0.1192
       6.684     -0.06233
       6.692     -0.02439
       6.699      0.05149
       6.714      0.07046
       6.722      0.05149
        6.73      0.01355
       6.737     -0.04336
       6.745      -0.1192
       6.752      -0.1762
        6.76      -0.1951
       6.775      -0.1762
       6.782      -0.1192
        6.79     -0.06233
       6.798      0.05149
       6.798     -0.02439
       6.805      0.08943
       6.813       0.1653
        6.82       0.2412
       6.828       0.2981
       6.835        0.336
       6.843        0.374
       6.851       0.4119
       6.866        0.393
       6.873        0.355
       6.881       0.2791
       6.888       0.2033
       6.896       0.1274
       6.903      0.07046
       6.911     -0.02439
       6.926      -0.0813
       6.941      -0.1572
       6.949      -0.1951
       6.956       -0.252
       6.972       -0.271
       6.979      -0.2331
       6.987      -0.1762
       6.994      -0.0813
       7.002      0.03252
       7.002     -0.02439
       7.009      0.07046
       7.017       0.1274
       7.025       0.1653
        7.04       0.2222
       7.047       0.2222
       7.055       0.1843
       7.062      0.08943
        7.07      0.05149
        7.07     -0.04336
       7.077      -0.1192
       7.085      -0.1951
       7.093      -0.2141
       7.108      -0.2141
       7.115      -0.2331
        7.13       -0.252
       7.138      -0.2141
       7.153      -0.1762
       7.161      -0.1382
       7.168      -0.1003
       7.176     -0.02439
       7.183      0.05149
       7.183     -0.00542
       7.191       0.1084
       7.199       0.1653
       7.206       0.2222
       7.221       0.2222
       7.229       0.2222
       7.236       0.1843
       7.244       0.1084
       7.251      0.01355
       7.259      -0.0813
       7.267      -0.1572
       7.274      -0.2331
       7.282       -0.271
       7.297        -0.29
       7.304       -0.252
       7.312      -0.2331
        7.32      -0.1762
       7.327      -0.1003
       7.335      0.05149
       7.335     -0.02439
       7.342      0.08943
        7.35       0.1843
       7.357       0.2602
       7.365        0.355
       7.373       0.4119
        7.38       0.4499
       7.388       0.4309
       7.395        0.393
       7.403        0.336
        7.41       0.2602
       7.418       0.1843
       7.425       0.1084
       7.433      0.03252
       7.441      -0.0813
       7.448      -0.1762
       7.456      -0.3089
       7.463      -0.3848
       7.471      -0.4417
       7.478      -0.4228
       7.486      -0.3848
       7.494      -0.3089
       7.501      -0.2141
       7.509      -0.1382
       7.516     -0.06233
       7.524     -0.00542
       7.531      0.03252
       7.547      0.07046
       7.554      0.08943
       7.569       0.1084
       7.577       0.1274
       7.584       0.1463
       7.592       0.2222
       7.599       0.2602
       7.607       0.2981
       7.622        0.336
        7.63       0.3171
       7.637       0.2791
       7.645       0.2033
       7.652       0.1084
        7.66      0.03252
       7.668     -0.06233
       7.675      -0.1572
       7.683      -0.2141
        7.69       -0.271
       7.698        -0.29
       7.713        -0.29
       7.721       -0.271
       7.728      -0.2331
       7.736      -0.1762
       7.743      -0.1382
       7.751      -0.0813
       7.758     -0.04336
       7.766      0.01355
       7.773      0.07046
       7.781       0.1463
       7.789       0.1843
       7.796       0.2222
       7.811       0.2222
       7.819       0.1843
       7.826       0.1463
       7.834       0.1274
       7.849      0.05149
       7.857      0.01355
       7.864     -0.06233
       7.872      -0.1382
       7.879      -0.1951
       7.887      -0.2331
       7.895       -0.271
        7.91      -0.2331
       7.917      -0.1762
       7.925      -0.1003
       7.932     -0.04336
        7.94     -0.00542
       7.947      0.03252
       7.955      0.03252
       7.963      0.05149
       7.978      0.08943
       7.985       0.1084
           8       0.1084
       8.008      0.08943
       8.016      0.08943
       8.031      0.05149
       8.038      0.03252
       8.038     -0.00542
       8.046     -0.02439
       8.053     -0.06233
       8.061      -0.1003
       8.076      -0.1192
       8.084      -0.1003
       8.091      -0.0813
       8.106     -0.00542
       8.114      0.07046
       8.121       0.1274
       8.129       0.2033
       8.137       0.2412
       8.144       0.2981
       8.152       0.2981
       8.159       0.2981
       8.167       0.2602
       8.174       0.2222
       8.182       0.1843
       8.197       0.2033
       8.205       0.2412
        8.22       0.2412
       8.227       0.1843
       8.235       0.1084
       8.242     -0.00542
        8.25      -0.1003
       8.258      -0.2141
       8.265      -0.3089
       8.273      -0.3848
        8.28      -0.4228
       8.295      -0.4038
       8.303      -0.3469
       8.311       -0.252
       8.318      -0.1762
       8.326      -0.1003
       8.333     -0.06233
       8.348     -0.00542
       8.356      0.03252
       8.364      0.07046
       8.379       0.1084
       8.386       0.1084
       8.401       0.1084
       8.409       0.1084
       8.416      0.07046
       8.424     -0.00542
       8.432     -0.02439
       8.439      -0.0813
       8.447      -0.1192
       8.462      -0.1003
       8.469      -0.0813
       8.485     -0.00542
       8.492      0.05149
         8.5       0.1084
       8.507       0.1653
       8.515       0.2222
       8.538       0.2791
       8.545       0.2981
        8.56       0.3171
       8.568       0.2602
       8.575       0.1843
       8.583       0.1084
        8.59      0.05149
       8.598      0.01355
       8.613     -0.00542
       8.621     -0.00542
       8.636     -0.00542
       8.643     -0.04336
       8.651      -0.1192
       8.659      -0.1762
       8.666      -0.2141
       8.681      -0.1572
       8.689      -0.1003
       8.696     -0.04336
       8.704      0.01355
       8.712      0.05149
       8.727      0.07046
       8.734      0.07046
       8.742      0.05149
       8.749     -0.02439
       8.757      -0.0813
       8.764      -0.1572
       8.772      -0.1951
       8.787      -0.1951
       8.795      -0.1382
       8.802      -0.0813
        8.81     -0.02439
       8.817      0.05149
       8.833     -0.00542
        8.84     -0.02439
       8.855     -0.06233
       8.863     -0.02439
       8.878      0.03252
       8.886      0.05149
       8.893      0.07046
       8.908       0.1274
       8.916       0.1463
       8.923       0.1274
       8.931      0.08943
       8.938      0.07046
       8.954      0.03252
       8.969      0.05149
       8.976      0.07046
