     0.01181      -0.1483
     0.03448      -0.1841
     0.04203       -0.202
     0.05714       -0.202
      0.0647      -0.1841
     0.07981      -0.1304
     0.08736      -0.1125
     0.09492     -0.09463
      0.1025     -0.05882
        0.11     -0.02302
      0.1176      0.01279
      0.1251      0.04859
      0.1327       0.0665
      0.1478       0.1381
      0.1554        0.156
      0.1705       0.1739
       0.178        0.156
      0.1856       0.1381
      0.2007       0.0844
      0.2082      0.04859
      0.2234      0.01279
      0.2309    -0.005115
       0.246      0.01279
      0.2536      0.03069
      0.2687       0.0665
      0.2762       0.0844
      0.2913       0.1023
      0.2989       0.1023
       0.314       0.1023
      0.3216       0.1023
      0.3367       0.1023
      0.3442       0.0665
      0.3518      0.03069
      0.3593    -0.005115
      0.3669     -0.04092
      0.3745     -0.07673
       0.382     -0.09463
      0.4047      -0.1483
      0.4122      -0.1483
      0.4273      -0.1662
      0.4349      -0.1662
        0.45      -0.1483
      0.4651      -0.1125
      0.4727     -0.09463
      0.4878     -0.04092
      0.4953     -0.02302
      0.5104     -0.02302
       0.518    -0.005115
      0.5331    -0.005115
      0.5407    -0.005115
      0.5558    -0.005115
      0.5633    -0.005115
      0.5784     -0.02302
       0.586     -0.02302
      0.6011     -0.02302
      0.6087    -0.005115
      0.6238      0.03069
      0.6313      0.04859
      0.6389       0.0665
       0.654       0.0665
      0.6615       0.0844
      0.6691       0.1202
      0.6842        0.156
      0.6918       0.1739
      0.7069        0.156
      0.7144       0.1202
       0.722       0.0844
      0.7371      0.04859
      0.7447      0.01279
      0.7598     -0.02302
      0.7673     -0.02302
      0.7824    -0.005115
        0.79    -0.005115
      0.8051    -0.005115
      0.8126    -0.005115
      0.8278    -0.005115
      0.8353    -0.005115
      0.8504      0.01279
       0.858      0.03069
      0.8731      0.04859
      0.8806      0.04859
      0.8882      0.04859
      0.9033      0.04859
      0.9109      0.04859
       0.926      0.04859
      0.9335      0.03069
      0.9486      0.01279
      0.9562    -0.005115
      0.9713    -0.005115
      0.9864     -0.02302
       0.994     -0.04092
       1.002     -0.04092
       1.017     -0.05882
       1.024     -0.07673
       1.039     -0.07673
       1.047     -0.07673
       1.062     -0.04092
       1.077     -0.02302
       1.085    -0.005115
         1.1      0.04859
       1.107       0.0665
       1.122       0.1023
        1.13       0.1202
       1.145       0.1023
       1.153       0.0844
       1.168      0.04859
       1.175      0.03069
        1.19    -0.005115
       1.206     -0.04092
       1.221     -0.05882
       1.228     -0.05882
       1.243      -0.1125
       1.258      -0.1483
       1.266      -0.1841
       1.274      -0.1841
       1.289      -0.1483
       1.296      -0.1304
       1.304     -0.09463
       1.311     -0.05882
       1.326      0.01279
       1.334      0.03069
       1.342      0.04859
       1.357       0.1023
       1.364       0.1202
       1.379       0.1381
       1.387        0.156
       1.402       0.1739
       1.417       0.1381
       1.425       0.1023
       1.432       0.0665
        1.44      0.04859
       1.455      0.01279
       1.462    -0.005115
       1.477     -0.04092
       1.485     -0.04092
         1.5     -0.04092
       1.508     -0.04092
       1.523    -0.005115
        1.53      0.01279
       1.545      0.01279
       1.553      0.01279
       1.568      0.01279
       1.576      0.03069
       1.591      0.03069
       1.598      0.03069
       1.613      0.03069
       1.621      0.01279
       1.629      0.03069
       1.644      0.03069
       1.651      0.03069
       1.666      0.03069
       1.674      0.03069
       1.689      0.03069
       1.697      0.03069
       1.712      0.03069
       1.719      0.03069
       1.727      0.04859
       1.742      0.04859
       1.749      0.04859
       1.765      0.01279
        1.78     -0.02302
       1.787     -0.04092
       1.802     -0.09463
        1.81     -0.09463
       1.825      -0.1125
       1.833      -0.1125
        1.84     -0.09463
       1.855     -0.07673
       1.863     -0.05882
       1.878    -0.005115
       1.885      0.01279
       1.901      0.04859
       1.916      0.04859
       1.931       0.0665
       1.946       0.0844
       1.961       0.0844
       1.976       0.1023
       1.999       0.0665
       2.006       0.0665
       2.021      0.04859
       2.029      0.04859
       2.044      0.03069
       2.059    -0.005115
       2.067     -0.02302
       2.082     -0.07673
       2.089     -0.09463
       2.097     -0.09463
       2.112      -0.1125
        2.12      -0.1304
       2.127      -0.1304
       2.142      -0.1483
        2.15      -0.1662
       2.165      -0.1483
       2.173      -0.1304
        2.18     -0.09463
       2.195     -0.05882
       2.203     -0.02302
        2.21      0.01279
       2.218      0.04859
       2.225       0.0844
       2.233       0.1023
       2.248       0.1381
       2.256        0.156
       2.271       0.1739
       2.278       0.1918
       2.293       0.1918
       2.301       0.1918
       2.316       0.1739
       2.331       0.1381
       2.339       0.1202
       2.354       0.1023
       2.361       0.1023
       2.377       0.1023
       2.384       0.1023
       2.399       0.1202
       2.407       0.1202
       2.422       0.1023
       2.429       0.0844
       2.445      0.04859
       2.452      0.01279
       2.467     -0.02302
       2.475     -0.04092
       2.482     -0.04092
       2.497     -0.05882
       2.505     -0.07673
        2.52     -0.09463
       2.535      -0.1125
       2.543     -0.09463
       2.558     -0.07673
       2.565     -0.05882
       2.581     -0.05882
       2.588     -0.05882
       2.603     -0.05882
       2.611     -0.05882
       2.626     -0.05882
       2.641     -0.09463
       2.649      -0.1125
       2.664      -0.1125
       2.679      -0.1125
       2.686     -0.09463
       2.701     -0.05882
       2.709     -0.04092
       2.724     -0.02302
       2.732     -0.02302
       2.747    -0.005115
       2.762    -0.005115
       2.769    -0.005115
       2.785      0.03069
       2.792      0.04859
       2.807      0.04859
       2.815       0.0665
        2.83       0.1202
       2.837       0.1381
       2.853        0.156
        2.86        0.156
       2.875        0.156
        2.89       0.1202
       2.898       0.0844
       2.905       0.0844
       2.921      0.04859
       2.928      0.03069
       2.936      0.01279
       2.943     -0.02302
       2.958     -0.05882
       2.966     -0.07673
       2.981      -0.1125
       2.989      -0.1125
       3.004     -0.09463
       3.019     -0.05882
       3.026     -0.04092
       3.041    -0.005115
       3.049      0.03069
       3.064       0.0665
       3.072       0.0665
       3.079       0.0665
       3.094      0.04859
       3.102      0.04859
       3.109      0.04859
       3.124      0.01279
       3.132    -0.005115
       3.147     -0.04092
       3.155     -0.05882
        3.17     -0.07673
       3.185     -0.07673
       3.192     -0.07673
       3.208     -0.04092
       3.223     -0.04092
        3.23     -0.05882
       3.245     -0.07673
       3.253     -0.07673
        3.26     -0.04092
       3.276    -0.005115
       3.283      0.03069
       3.298       0.0665
       3.306       0.0844
       3.321       0.1023
       3.328       0.1202
       3.344       0.1202
       3.351       0.1202
       3.359       0.1202
       3.374       0.1202
       3.381       0.1202
       3.396       0.1023
       3.404       0.0665
       3.419      0.03069
       3.427      0.01279
       3.442     -0.02302
       3.449     -0.02302
       3.457     -0.02302
       3.472     -0.02302
        3.48     -0.02302
       3.495     -0.02302
       3.502    -0.005115
       3.517    -0.005115
       3.525    -0.005115
        3.54      0.01279
       3.548      0.01279
       3.555      0.03069
        3.57      0.03069
       3.578      0.04859
       3.593       0.0665
         3.6       0.0844
       3.616       0.1023
       3.623       0.0844
       3.631      0.04859
       3.638    -0.005115
       3.646     -0.04092
       3.653     -0.07673
       3.668      -0.1304
       3.676      -0.1304
       3.691      -0.1304
       3.699      -0.1125
       3.714      -0.1125
       3.721      -0.1125
       3.736      -0.1125
       3.744     -0.09463
       3.759     -0.04092
       3.767    -0.005115
       3.774      0.04859
       3.782       0.0844
       3.797       0.1202
       3.804       0.1202
        3.82       0.0844
       3.827       0.0844
       3.842      0.04859
        3.85      0.04859
       3.865    -0.005115
       3.872     -0.02302
       3.888     -0.05882
       3.895     -0.07673
        3.91     -0.07673
       3.925     -0.09463
       3.933     -0.07673
       3.948     -0.04092
       3.956     -0.02302
       3.963      0.01279
       3.971      0.04859
       3.978       0.0844
       3.986       0.1023
       4.001       0.1202
       4.008       0.1202
       4.024       0.1381
       4.031       0.1381
       4.039       0.1381
       4.046       0.1023
       4.061      0.04859
       4.069      0.03069
       4.084    -0.005115
       4.092     -0.02302
       4.107     -0.02302
       4.114     -0.02302
       4.122    -0.005115
       4.137      0.01279
       4.144      0.03069
        4.16      0.03069
       4.167      0.01279
       4.182      0.01279
       4.197    -0.005115
       4.205    -0.005115
        4.22    -0.005115
       4.228      0.01279
       4.243      0.03069
        4.25      0.03069
       4.265      0.03069
        4.28    -0.005115
       4.288    -0.005115
       4.303     -0.02302
       4.318     -0.05882
       4.326     -0.05882
       4.333     -0.05882
       4.348     -0.07673
       4.356     -0.07673
       4.371     -0.07673
       4.386     -0.09463
       4.401     -0.07673
       4.416     -0.07673
       4.424     -0.07673
       4.439     -0.05882
       4.454     -0.04092
       4.462     -0.02302
       4.477    -0.005115
       4.484    -0.005115
       4.492      0.01279
       4.507      0.03069
       4.515      0.03069
       4.522      0.04859
       4.537       0.0665
       4.545       0.0665
        4.56       0.1023
       4.568       0.1202
       4.583       0.1381
        4.59       0.1381
       4.598        0.156
       4.613        0.156
        4.62       0.1381
       4.628       0.1023
       4.636       0.0665
       4.651      0.01279
       4.658    -0.005115
       4.673    -0.005115
       4.681      0.01279
       4.688      0.03069
       4.704      0.03069
       4.711      0.03069
       4.726    -0.005115
       4.734    -0.005115
       4.749     -0.04092
       4.756     -0.07673
       4.764     -0.07673
       4.779     -0.07673
       4.787     -0.05882
       4.802     -0.04092
       4.809     -0.02302
       4.824     -0.05882
       4.832     -0.07673
       4.847      -0.1304
       4.855      -0.1304
        4.87      -0.1483
       4.877      -0.1304
       4.885     -0.09463
       4.892     -0.07673
         4.9     -0.04092
       4.907    -0.005115
       4.915      0.03069
       4.923       0.0665
       4.938       0.1202
       4.945       0.1381
       4.953       0.1739
        4.96       0.2097
       4.968       0.2455
       4.975       0.2634
       4.998       0.2992
       5.006       0.2813
       5.013       0.2813
       5.021       0.2455
       5.036       0.1739
       5.043       0.1381
       5.051       0.0844
       5.059      0.04859
       5.074      0.01279
       5.081    -0.005115
       5.089     -0.02302
       5.096     -0.05882
       5.104     -0.09463
       5.111      -0.1483
       5.119      -0.1841
       5.127       -0.202
       5.142      -0.2379
       5.149      -0.2379
       5.157      -0.2199
       5.172      -0.2199
       5.179      -0.2199
       5.195      -0.1841
       5.202      -0.1483
        5.21      -0.1125
       5.217     -0.09463
       5.232     -0.02302
        5.24    -0.005115
       5.255      0.01279
       5.263      0.03069
       5.278       0.0665
       5.285       0.0844
       5.293       0.1023
       5.308       0.1023
       5.315       0.1023
       5.331       0.1023
       5.338       0.1023
       5.346       0.1023
       5.361       0.0665
       5.368       0.0665
       5.383      0.03069
       5.399      0.03069
       5.414      0.04859
       5.421      0.04859
       5.436       0.0665
       5.451       0.1023
       5.459       0.1023
       5.474       0.1023
       5.482       0.0844
       5.489       0.0844
       5.504      0.04859
       5.512      0.03069
       5.527    -0.005115
       5.535     -0.02302
        5.55     -0.02302
       5.557     -0.02302
       5.572     -0.02302
        5.58     -0.04092
       5.595     -0.05882
       5.603     -0.05882
       5.618     -0.05882
       5.625     -0.05882
       5.633     -0.04092
       5.648     -0.02302
       5.655     -0.02302
       5.671      0.01279
       5.678      0.04859
       5.686       0.0665
       5.701       0.0665
       5.708      0.04859
       5.716      0.01279
       5.731     -0.04092
       5.739     -0.05882
       5.754     -0.07673
       5.761     -0.07673
       5.769     -0.05882
       5.784     -0.05882
       5.791     -0.05882
       5.799     -0.04092
       5.814     -0.02302
       5.822     -0.02302
       5.837     -0.02302
       5.844     -0.02302
       5.859     -0.02302
       5.867    -0.005115
       5.882    -0.005115
        5.89    -0.005115
       5.897    -0.005115
       5.912     -0.02302
        5.92     -0.02302
       5.935    -0.005115
        5.95    -0.005115
       5.958    -0.005115
       5.965    -0.005115
        5.98     -0.02302
       5.988     -0.02302
       6.003     -0.04092
       6.011     -0.04092
       6.026     -0.02302
       6.041    -0.005115
       6.048    -0.005115
       6.056      0.01279
       6.071      0.04859
       6.079      0.04859
       6.094       0.0844
       6.109       0.0844
       6.116       0.0844
       6.131       0.0844
       6.139       0.0844
       6.154       0.0844
       6.162       0.1023
       6.177       0.1023
       6.184       0.1023
       6.199       0.1023
       6.207       0.1202
       6.222       0.1381
        6.23       0.1381
       6.245        0.156
       6.252       0.1739
       6.267       0.1381
       6.275       0.1202
        6.29       0.0844
       6.298       0.0665
       6.313      0.03069
        6.32      0.01279
       6.328     -0.02302
       6.343     -0.07673
       6.351     -0.09463
       6.366      -0.1483
       6.373      -0.1483
       6.388      -0.1662
       6.396      -0.1662
       6.411      -0.1662
       6.419      -0.1483
       6.426      -0.1304
       6.441      -0.1304
       6.449      -0.1125
       6.464      -0.1125
       6.471      -0.1125
       6.487     -0.09463
       6.494     -0.09463
       6.509     -0.09463
       6.517     -0.07673
       6.532     -0.07673
       6.539     -0.07673
       6.547     -0.05882
       6.562     -0.02302
        6.57    -0.005115
       6.585      0.01279
       6.592      0.04859
       6.607       0.0665
       6.615       0.0844
        6.63       0.0844
       6.638       0.0844
       6.653      0.04859
        6.66      0.04859
       6.675       0.0665
       6.683       0.0844
       6.698       0.1023
       6.706       0.1023
       6.721       0.1023
       6.728       0.0844
       6.736      0.04859
       6.751    -0.005115
       6.758     -0.02302
       6.766     -0.02302
       6.781     -0.02302
       6.789     -0.02302
       6.804    -0.005115
       6.819    -0.005115
       6.826    -0.005115
       6.842    -0.005115
       6.857    -0.005115
       6.864      0.01279
       6.879      0.03069
       6.887      0.03069
       6.902      0.03069
       6.917    -0.005115
       6.925      0.01279
       6.932      0.03069
       6.947       0.0665
       6.955       0.1023
       6.962       0.1202
       6.978       0.1739
       6.993        0.156
           7       0.1202
       7.008       0.1023
       7.023       0.0665
        7.03      0.04859
       7.046      0.01279
       7.053    -0.005115
       7.061     -0.04092
       7.068     -0.05882
       7.068     -0.09463
       7.076      -0.1125
       7.091      -0.1483
       7.098      -0.1662
       7.114      -0.1483
       7.121      -0.1304
       7.136     -0.09463
       7.144     -0.09463
       7.159      -0.1125
       7.166      -0.1125
       7.189     -0.09463
       7.197     -0.07673
       7.212     -0.04092
       7.219     -0.02302
       7.234      0.01279
        7.25       0.0665
       7.257       0.0844
       7.272       0.1023
        7.28       0.1202
       7.295        0.156
       7.302        0.156
       7.318       0.1381
       7.333       0.1023
        7.34       0.0665
       7.348      0.04859
       7.363    -0.005115
       7.378     -0.04092
       7.386     -0.07673
       7.393     -0.07673
       7.408      -0.1125
       7.416      -0.1304
       7.431      -0.1841
       7.438      -0.1841
       7.446      -0.1662
       7.461      -0.1483
       7.469      -0.1304
       7.484     -0.09463
       7.491     -0.07673
       7.506     -0.05882
       7.514     -0.04092
       7.529    -0.005115
       7.537      0.01279
       7.544      0.04859
       7.552       0.0665
       7.567       0.1023
       7.574       0.1202
       7.582        0.156
        7.59       0.1918
       7.597       0.2455
       7.605       0.2813
       7.612        0.335
        7.62       0.3529
       7.635       0.3529
       7.642        0.335
       7.658       0.2992
       7.673       0.2455
        7.68       0.2097
       7.688       0.1739
       7.695       0.1381
       7.703       0.1023
        7.71       0.0665
       7.718      0.04859
       7.726      0.01279
       7.733     -0.02302
       7.741     -0.05882
       7.748     -0.09463
       7.756      -0.1483
       7.763      -0.1841
       7.771       -0.202
       7.786      -0.2379
       7.794      -0.2558
       7.809      -0.2737
       7.816      -0.2737
       7.824      -0.2379
       7.839      -0.1841
       7.846      -0.1483
       7.854      -0.1125
       7.862     -0.05882
       7.869     -0.02302
       7.877      0.01279
       7.892      0.03069
       7.899      0.04859
       7.907       0.0665
       7.922       0.0844
        7.93       0.0844
       7.945       0.0844
        7.96       0.0665
       7.967       0.0665
       7.982       0.0665
        7.99       0.0665
       8.005       0.0665
       8.013       0.0665
        8.02       0.0844
       8.035       0.1023
       8.043       0.1023
        8.05       0.1202
       8.066       0.1023
       8.073       0.1023
       8.088       0.1023
       8.096       0.1023
       8.111       0.1023
       8.118       0.1023
       8.126       0.0844
       8.141      0.03069
       8.149    -0.005115
       8.164     -0.02302
       8.179     -0.04092
       8.186     -0.04092
       8.194     -0.02302
       8.209     -0.02302
       8.217     -0.04092
       8.224     -0.04092
       8.239     -0.07673
       8.247      -0.1125
       8.262      -0.1483
        8.27      -0.1662
       8.285      -0.1841
       8.292      -0.1662
       8.307      -0.1483
       8.315      -0.1304
        8.33      -0.1304
       8.337      -0.1125
       8.353     -0.07673
        8.36     -0.05882
       8.375     -0.04092
        8.39     -0.02302
       8.398     -0.02302
       8.413      0.03069
       8.421       0.0665
       8.428       0.0844
       8.443       0.1023
       8.451       0.0844
       8.458       0.0844
       8.473       0.0665
       8.481       0.0665
       8.489       0.0844
       8.504       0.0844
       8.511       0.0844
       8.526       0.0844
       8.534       0.0844
       8.549      0.04859
       8.557      0.03069
       8.572     -0.02302
       8.587     -0.05882
       8.594     -0.07673
       8.609      -0.1304
       8.617      -0.1304
       8.632      -0.1304
        8.64      -0.1304
       8.647      -0.1125
       8.662     -0.09463
        8.67     -0.09463
       8.685     -0.05882
         8.7    -0.005115
       8.708      0.01279
       8.723      0.04859
        8.73       0.0665
       8.745       0.0844
       8.753       0.0844
       8.768       0.1023
       8.783       0.1023
       8.791       0.1023
       8.806       0.1023
       8.813       0.1023
       8.821       0.1023
       8.836       0.0844
       8.844       0.0665
       8.859       0.0844
       8.874       0.0665
       8.881      0.04859
       8.897      0.04859
       8.904      0.04859
       8.919       0.0665
       8.927       0.0665
       8.942      0.03069
       8.957    -0.005115
       8.965    -0.005115
