     0.01181      0.03581
     0.02693      0.03581
     0.03449      0.01876
     0.04205      0.01876
     0.05716     -0.01535
     0.06472     -0.01535
     0.07228     -0.01535
      0.0874      -0.0324
     0.09496      -0.0324
      0.1101      -0.0665
      0.1176     -0.08355
      0.1327      -0.1006
      0.1403     -0.08355
      0.1554     -0.04945
      0.1705     -0.01535
      0.1781     -0.01535
      0.1857     0.001705
      0.2008     0.001705
      0.2083      0.01876
      0.2235      0.03581
       0.231      0.05286
      0.2386      0.06991
      0.2537      0.06991
      0.2612      0.06991
      0.2764      0.06991
      0.2839      0.06991
      0.2915      0.08696
      0.3066      0.08696
      0.3142      0.08696
      0.3293      0.06991
      0.3368      0.06991
       0.352      0.03581
      0.3595     0.001705
      0.3671     0.001705
      0.3822     -0.01535
      0.3897     -0.01535
      0.4049      0.03581
        0.42      0.05286
      0.4275      0.05286
      0.4427      0.03581
      0.4578     -0.01535
      0.4653     -0.01535
      0.4804     -0.04945
       0.488     -0.04945
      0.5031     -0.01535
      0.5107     0.001705
      0.5258      0.03581
      0.5334      0.03581
      0.5485     0.001705
      0.5636      -0.0324
      0.5712     -0.01535
      0.5787      0.01876
      0.5863      0.05286
      0.6014        0.104
      0.6089      0.08696
      0.6241      0.08696
      0.6392      0.06991
      0.6467      0.05286
      0.6619      0.03581
      0.6694      0.01876
      0.6845     0.001705
      0.6996      -0.0324
      0.7072      -0.0324
      0.7223      -0.0324
      0.7299      -0.0324
       0.745      -0.0324
      0.7526      -0.0324
      0.7677      -0.0324
      0.7752     -0.01535
      0.7904     -0.01535
      0.7979     -0.01535
      0.8055     -0.01535
      0.8206     0.001705
      0.8281     0.001705
      0.8357      0.01876
      0.8508      0.01876
      0.8584      0.01876
      0.8659      0.03581
      0.8811      0.06991
      0.8886      0.06991
      0.9037      0.05286
      0.9113      0.03581
      0.9188      0.03581
       0.934      0.03581
      0.9415      0.03581
      0.9491      0.03581
      0.9642      0.01876
      0.9718     0.001705
      0.9869     0.001705
      0.9944     0.001705
        1.01      -0.0324
       1.017      -0.0324
       1.032     -0.01535
        1.04     -0.01535
       1.047     0.001705
       1.062     0.001705
        1.07      0.01876
       1.078      0.03581
       1.093      0.03581
         1.1      0.01876
       1.115     0.001705
       1.123     0.001705
        1.13     0.001705
       1.146     -0.01535
       1.153      -0.0324
       1.168      -0.0324
       1.176     -0.01535
       1.183     0.001705
       1.199      0.03581
       1.206      0.05286
       1.221      0.05286
       1.229      0.06991
       1.244      0.05286
       1.251      0.03581
       1.267     0.001705
       1.274     0.001705
       1.289     0.001705
       1.297     0.001705
       1.312      -0.0324
       1.319      -0.0324
       1.327     -0.01535
       1.342      0.01876
        1.35      0.03581
       1.365      0.06991
       1.372      0.08696
        1.38        0.104
       1.395      0.08696
       1.403      0.06991
        1.41      0.06991
       1.425      0.06991
       1.433      0.06991
        1.44      0.08696
       1.456      0.08696
       1.463        0.104
       1.478        0.104
       1.486      0.08696
       1.501      0.05286
       1.508      0.01876
       1.524      -0.0324
       1.531     -0.04945
       1.546      -0.1006
       1.554      -0.1006
       1.569      -0.1176
       1.576      -0.1006
       1.592     -0.08355
       1.599      -0.0665
       1.614      -0.0665
       1.622      -0.0665
       1.637     -0.08355
       1.644     -0.08355
        1.66      -0.0665
       1.667     -0.04945
       1.675     -0.01535
        1.69      0.01876
       1.697      0.01876
       1.713     0.001705
        1.72     0.001705
       1.735      0.01876
       1.743      0.01876
       1.758      0.03581
       1.773      0.03581
       1.781      0.05286
       1.796      0.05286
       1.803      0.05286
       1.818      0.05286
       1.833      0.03581
       1.841      0.03581
       1.856      0.03581
       1.864      0.03581
       1.879      0.03581
       1.886      0.05286
       1.901      0.05286
       1.909      0.03581
       1.917      0.03581
       1.932     0.001705
       1.939     0.001705
       1.954     0.001705
       1.962      0.01876
       1.977      0.03581
       1.985      0.05286
           2      0.05286
       2.007      0.05286
       2.022      0.06991
        2.03      0.06991
       2.045      0.06991
        2.06      0.08696
       2.068        0.104
       2.083       0.1381
        2.09       0.1381
       2.106        0.104
       2.113      0.06991
       2.128      0.01876
       2.136     0.001705
       2.151      -0.0324
       2.158     -0.04945
       2.166     -0.04945
       2.181      -0.0665
       2.189     -0.08355
       2.204     -0.08355
       2.219      -0.1176
       2.226      -0.1347
       2.242      -0.1517
       2.249      -0.1347
       2.257      -0.1176
       2.264     -0.08355
       2.272     -0.08355
       2.279     -0.04945
       2.295      -0.0324
       2.302     -0.01535
        2.31     0.001705
       2.325      0.01876
       2.332      0.01876
       2.347      0.03581
       2.355      0.05286
        2.37      0.06991
       2.378      0.08696
       2.393       0.1211
       2.408        0.104
       2.415      0.08696
       2.431      0.06991
       2.446      0.05286
       2.453      0.06991
       2.468      0.08696
       2.476      0.08696
       2.483      0.08696
       2.499      0.05286
       2.506      0.03581
       2.514      0.01876
       2.529      -0.0324
       2.536     -0.04945
       2.544     -0.04945
       2.559      -0.0665
       2.567      -0.0665
       2.582      -0.0665
       2.589      -0.0665
       2.604      -0.0665
       2.612     -0.04945
       2.627      -0.0324
       2.635      -0.0324
        2.65      -0.0324
       2.657     -0.01535
       2.672     0.001705
        2.68     0.001705
       2.688      0.03581
       2.695      0.05286
       2.703        0.104
        2.71        0.104
       2.725      0.08696
        2.74      0.05286
       2.748      0.03581
       2.763      0.01876
       2.771     0.001705
       2.786     0.001705
       2.793     0.001705
       2.809     0.001705
       2.816     0.001705
       2.831     0.001705
       2.846     -0.01535
       2.854     -0.01535
       2.861     0.001705
       2.877      0.01876
       2.884      0.01876
       2.892      0.03581
       2.907      0.01876
       2.914     0.001705
       2.929      -0.0324
       2.937     -0.04945
       2.945      -0.0324
        2.96      -0.0324
       2.967     -0.01535
       2.975     0.001705
       2.982      0.05286
        2.99      0.06991
       3.005      0.08696
       3.013      0.06991
       3.028      0.03581
       3.035      0.03581
        3.05      0.05286
       3.058      0.06991
       3.073      0.06991
       3.081      0.06991
       3.096      0.06991
       3.111      0.01876
       3.126     -0.01535
       3.134      -0.0324
       3.149     -0.04945
       3.156     -0.04945
       3.171      -0.0324
       3.186     0.001705
       3.194      0.03581
       3.209      0.05286
       3.217      0.05286
       3.232      0.05286
       3.247      0.03581
       3.254      0.01876
        3.27      0.01876
       3.277      0.03581
       3.292      0.01876
       3.307     -0.01535
       3.315     -0.01535
       3.323     0.001705
        3.33      0.01876
       3.338      0.05286
       3.345      0.08696
        3.36      0.08696
       3.368      0.06991
       3.383      0.03581
       3.391      0.03581
       3.406      0.05286
       3.413      0.05286
       3.421      0.05286
       3.436      0.01876
       3.443      0.01876
       3.459      0.01876
       3.466      0.01876
       3.474      0.03581
       3.489      0.05286
       3.496      0.05286
       3.511      0.05286
       3.519      0.05286
       3.534      0.03581
       3.542      0.01876
       3.557     0.001705
       3.564     -0.01535
       3.579     -0.01535
       3.595      -0.0324
       3.602     -0.04945
       3.617     -0.04945
       3.625     -0.04945
        3.64     -0.04945
       3.648     -0.04945
       3.663     -0.04945
       3.678     -0.04945
       3.693      -0.0324
         3.7      -0.0324
       3.716      -0.0324
       3.723      -0.0324
       3.738     -0.04945
       3.746     -0.04945
       3.761      -0.1006
       3.768      -0.1006
       3.784      -0.0665
       3.791     -0.04945
       3.799     -0.01535
       3.806     0.001705
       3.814      0.03581
       3.821      0.05286
       3.836      0.06991
       3.844      0.08696
       3.852        0.104
       3.867        0.104
       3.874        0.104
       3.889        0.104
       3.905      0.08696
       3.912      0.08696
       3.927      0.06991
       3.935      0.05286
        3.95      0.05286
       3.965      0.05286
       3.973      0.05286
       3.988      0.05286
       3.995      0.03581
       4.003      0.03581
       4.018     0.001705
       4.025     0.001705
       4.041     -0.01535
       4.056     -0.04945
       4.063     -0.04945
       4.078      -0.0324
       4.086      -0.0324
       4.101     -0.01535
       4.116      0.03581
       4.124      0.05286
       4.139      0.06991
       4.146      0.05286
       4.162      0.03581
       4.169      0.03581
       4.184      0.03581
       4.192      0.03581
       4.207      0.03581
       4.214      0.03581
        4.23      0.03581
       4.237      0.03581
       4.252      0.03581
        4.26      0.01876
       4.275     0.001705
        4.29     -0.01535
       4.298     -0.01535
       4.313     -0.04945
        4.32      -0.0665
       4.335      -0.1176
       4.343      -0.1347
       4.358      -0.1347
       4.373      -0.1176
       4.381      -0.1006
       4.396      -0.0665
       4.403     -0.04945
       4.419     0.001705
       4.434      0.03581
       4.441      0.03581
       4.456      0.03581
       4.471      0.05286
       4.487      0.06991
       4.502      0.08696
       4.509        0.104
       4.524       0.1381
       4.532       0.1552
       4.547       0.1552
       4.555       0.1381
        4.57        0.104
       4.577        0.104
       4.592      0.06991
         4.6      0.03581
       4.607      0.01876
       4.623     -0.01535
        4.63     -0.01535
       4.645     -0.01535
       4.653     -0.01535
       4.676     -0.01535
       4.683     0.001705
       4.698     0.001705
       4.706     0.001705
       4.721      -0.0324
       4.736      -0.0665
       4.744      -0.0665
       4.751     -0.04945
       4.766     -0.01535
       4.774     -0.01535
       4.789     0.001705
       4.796      0.01876
       4.812      0.05286
       4.819      0.06991
       4.827      0.08696
       4.842      0.06991
       4.849      0.05286
       4.857     0.001705
       4.864      -0.0324
       4.872      -0.0665
       4.887     -0.08355
       4.895     -0.08355
        4.91     -0.08355
       4.917      -0.0665
       4.925      -0.0324
       4.932     0.001705
        4.94      0.03581
       4.948      0.05286
       4.963      0.06991
       4.978      0.05286
       4.985      0.03581
       5.001      0.01876
       5.008      0.01876
       5.023      0.01876
       5.031      0.03581
       5.046      0.06991
       5.061      0.05286
       5.069      0.05286
       5.084      0.03581
       5.091      0.03581
       5.106      0.01876
       5.114      0.01876
       5.129     0.001705
       5.144      -0.0324
       5.152      -0.0324
       5.167      -0.0665
       5.174     -0.08355
       5.189     -0.04945
       5.197      -0.0324
       5.212     0.001705
        5.22      0.03581
       5.235      0.05286
       5.242      0.06991
       5.258      0.08696
       5.265        0.104
       5.273       0.1211
       5.288       0.1211
       5.295       0.1211
        5.31       0.1211
       5.318       0.1211
       5.333      0.08696
       5.341      0.05286
       5.348      0.01876
       5.356     0.001705
       5.363      -0.0324
       5.371     -0.04945
       5.386     -0.08355
       5.394      -0.1006
       5.401      -0.1006
       5.416     -0.08355
       5.424     -0.04945
       5.431     -0.01535
       5.439      0.01876
       5.454      0.03581
       5.462      0.01876
       5.469      0.01876
       5.484     0.001705
       5.492     0.001705
       5.507      0.01876
       5.515      0.01876
        5.53      0.03581
       5.537      0.05286
       5.552      0.05286
        5.56      0.05286
       5.575      0.05286
       5.583      0.05286
       5.598      0.05286
       5.613      0.03581
        5.62     0.001705
       5.628      -0.0324
       5.643      -0.0665
       5.651     -0.08355
       5.673      -0.1006
       5.681     -0.08355
       5.696      -0.0665
       5.703     -0.04945
       5.719     -0.04945
       5.726     -0.04945
       5.734     -0.04945
       5.749     -0.04945
       5.756      -0.0324
       5.772     0.001705
       5.779      0.01876
       5.794      0.01876
       5.802      0.01876
       5.817      0.01876
       5.832      0.05286
        5.84      0.06991
       5.855       0.1211
       5.862       0.1381
        5.87       0.1552
       5.885       0.1552
       5.892       0.1381
       5.908       0.1211
       5.915       0.1211
        5.93       0.1211
       5.945      0.08696
       5.953      0.05286
       5.968     0.001705
       5.976     0.001705
       5.991      -0.0324
       5.998     -0.04945
       6.013     -0.04945
       6.021      -0.0324
       6.036     0.001705
       6.051     0.001705
       6.059     0.001705
       6.074      -0.0324
       6.081     -0.04945
       6.097      -0.0665
       6.104      -0.0665
       6.112     -0.04945
       6.127     -0.01535
       6.134     0.001705
       6.149      0.03581
       6.157      0.05286
       6.172      0.06991
        6.18      0.06991
       6.187      0.06991
       6.202      0.05286
        6.21      0.03581
       6.217      0.03581
       6.233     0.001705
        6.24     0.001705
       6.248     0.001705
       6.263     -0.01535
        6.27     -0.01535
       6.285     -0.01535
       6.293     0.001705
       6.301      0.01876
       6.316      0.01876
       6.323     0.001705
       6.338      -0.0324
       6.346     -0.04945
       6.361      -0.0665
       6.369      -0.0665
       6.384     -0.04945
       6.399     0.001705
       6.406      0.01876
       6.422      0.05286
       6.429      0.05286
       6.444      0.08696
       6.459      0.08696
       6.467      0.06991
       6.482      0.03581
        6.49      0.03581
       6.497      0.05286
       6.512      0.06991
        6.52      0.06991
       6.535      0.05286
       6.542      0.05286
       6.558      0.06991
       6.573      0.05286
        6.58      0.01876
       6.595     -0.01535
       6.603     -0.01535
       6.618      -0.0324
       6.626     -0.04945
       6.641     -0.08355
       6.648      -0.1006
       6.656      -0.1006
       6.671      -0.1176
       6.679      -0.1006
       6.694      -0.0665
       6.701      -0.0324
       6.709     0.001705
       6.724      0.01876
       6.731     0.001705
       6.747      0.01876
       6.754      0.01876
       6.769      0.01876
       6.777      0.01876
       6.792      0.03581
       6.799      0.05286
       6.807      0.06991
       6.822      0.06991
        6.83      0.08696
       6.845      0.08696
       6.852      0.06991
       6.868      0.03581
       6.883     0.001705
        6.89     0.001705
       6.905     0.001705
       6.913      0.01876
       6.928      0.01876
       6.936      0.01876
       6.951      0.01876
       6.966      0.01876
       6.973      0.01876
       6.988      0.01876
       6.996     0.001705
       7.011     0.001705
       7.026      -0.0324
       7.034     -0.04945
       7.049     -0.08355
       7.056     -0.08355
       7.064      -0.0665
       7.072     -0.04945
       7.087     0.001705
       7.094     0.001705
       7.109      0.01876
       7.125      0.03581
       7.132      0.03581
        7.14      0.05286
       7.155      0.05286
       7.162      0.05286
       7.177      0.05286
       7.185      0.05286
       7.193      0.06991
       7.208      0.06991
       7.215      0.06991
       7.238     0.001705
       7.245     0.001705
       7.261     -0.01535
       7.268     0.001705
       7.276      0.01876
       7.291      0.01876
       7.298      0.01876
       7.313      0.01876
       7.321      0.01876
       7.336      0.01876
       7.344     0.001705
       7.359     -0.01535
       7.374      -0.0324
       7.382      -0.0324
       7.397     0.001705
       7.404      0.01876
       7.419      0.06991
       7.427      0.08696
       7.442      0.08696
        7.45      0.08696
       7.465      0.06991
       7.472      0.05286
        7.48      0.06991
       7.495      0.06991
       7.502      0.06991
       7.518      0.06991
       7.525      0.08696
        7.54      0.08696
       7.548      0.06991
       7.555      0.06991
        7.57      0.05286
       7.578      0.05286
       7.593      0.05286
       7.608      0.01876
       7.616     0.001705
       7.631      -0.0324
       7.638     -0.04945
       7.654     -0.08355
       7.661      -0.1006
       7.676      -0.1006
       7.684      -0.1006
       7.699     -0.08355
       7.707      -0.0665
       7.722     -0.04945
       7.729     -0.04945
       7.744     -0.04945
       7.752     -0.04945
       7.759     -0.04945
       7.775      -0.0665
       7.782     -0.04945
       7.797     0.001705
       7.805      0.01876
        7.82      0.06991
       7.827      0.05286
       7.843      0.01876
       7.858     -0.01535
       7.865      0.01876
       7.873      0.05286
        7.88      0.08696
       7.895      0.08696
       7.903      0.06991
       7.918      0.05286
       7.926      0.03581
       7.933      0.03581
       7.948     0.001705
       7.956     -0.01535
       7.971     -0.04945
       7.979     -0.04945
       7.994     -0.04945
       8.001      -0.0324
       8.016     0.001705
       8.024     0.001705
       8.032     0.001705
       8.047     -0.01535
       8.054     -0.01535
       8.069     0.001705
       8.077      0.01876
       8.092      0.03581
         8.1      0.03581
       8.115      0.05286
       8.122      0.08696
       8.137       0.1211
       8.145       0.1381
        8.16       0.1552
       8.168       0.1722
       8.183       0.1381
       8.198        0.104
       8.205      0.08696
       8.213      0.08696
       8.228      0.05286
       8.236      0.03581
       8.243     0.001705
       8.251     -0.01535
       8.266      -0.0665
       8.273     -0.08355
       8.289      -0.1176
       8.296      -0.1176
       8.311     -0.08355
       8.319      -0.0665
       8.334     -0.08355
       8.341     -0.08355
       8.357     -0.08355
       8.364      -0.0665
       8.379     -0.04945
       8.387      -0.0324
       8.394     0.001705
       8.409      0.05286
       8.417      0.06991
       8.432      0.06991
        8.44      0.06991
       8.455      0.06991
        8.47      0.06991
       8.478      0.06991
       8.493      0.05286
         8.5      0.05286
       8.508      0.06991
       8.523      0.06991
        8.53      0.05286
       8.546      0.03581
       8.553      0.01876
       8.568      0.01876
       8.583     0.001705
       8.591     0.001705
       8.598     0.001705
       8.614     0.001705
       8.621     -0.01535
       8.629     -0.01535
       8.644     -0.04945
       8.651      -0.0665
       8.666      -0.0665
       8.682     -0.04945
       8.689      -0.0324
       8.704      -0.0324
       8.712      -0.0324
       8.727     -0.01535
       8.735      -0.0324
       8.742      -0.0324
       8.757     -0.01535
       8.765     0.001705
       8.772      0.05286
        8.78      0.06991
       8.795      0.06991
       8.803      0.05286
       8.818      0.05286
       8.825      0.05286
        8.84      0.05286
       8.848      0.05286
       8.863      0.06991
       8.878      0.05286
       8.886      0.05286
       8.901      0.01876
       8.908     0.001705
       8.923     -0.01535
       8.931     -0.01535
       8.954      -0.0324
       8.961      -0.0324
       8.976     -0.01535
