     0.01181      0.07673
     0.02694       0.1586
     0.03451       0.1995
     0.04207       0.2609
     0.04964       0.3427
      0.0572       0.4041
     0.06477       0.4655
     0.07233       0.5882
      0.0799        0.711
     0.08746       0.7928
      0.1026       0.6496
      0.1102       0.3427
      0.1177       0.1176
      0.1177      -0.1483
      0.1253      -0.4143
      0.1329      -0.7008
      0.1404      -0.9054
       0.148       -1.008
      0.1555       -1.049
      0.1631       -1.008
      0.1707      -0.9258
      0.1782      -0.8235
      0.1858      -0.7212
      0.1934      -0.6394
      0.2009      -0.5985
      0.2085      -0.5166
      0.2161      -0.4552
      0.2236       -0.312
      0.2312      -0.1279
      0.2388       0.1586
      0.2388     -0.02558
      0.2463       0.3836
      0.2539       0.6496
      0.2615       0.9156
       0.269        1.141
      0.2766        1.284
      0.2842        1.345
      0.2917        1.243
      0.2993        1.018
      0.3068       0.7315
      0.3144        0.445
       0.322        0.179
      0.3295      0.05627
      0.3295     -0.04604
      0.3371      -0.1483
      0.3447      -0.2711
      0.3522      -0.3529
      0.3598      -0.4143
      0.3674      -0.4348
      0.3749      -0.4143
      0.3825      -0.3325
      0.3901      -0.2506
      0.3976      -0.1279
      0.4052      0.03581
      0.4052     -0.02558
      0.4128      0.07673
      0.4203       0.1586
      0.4279       0.2199
       0.443       0.1586
      0.4506      0.01535
      0.4581      -0.1688
      0.4657      -0.3325
      0.4733      -0.4348
      0.4884      -0.4348
       0.496      -0.3939
      0.5035      -0.3529
      0.5111       -0.312
      0.5262      -0.2711
      0.5338      -0.2506
      0.5414      -0.2302
      0.5489      -0.1688
      0.5565      -0.0665
      0.5641      0.03581
      0.5716        0.179
      0.5792       0.3223
      0.5868       0.4655
      0.5943       0.6087
      0.6019       0.7315
      0.6094       0.8133
       0.617       0.7519
      0.6246       0.6087
      0.6321       0.3223
      0.6397      0.01535
      0.6473      -0.2097
      0.6548      -0.3529
      0.6624      -0.4143
      0.6775      -0.4757
      0.6851      -0.5166
      0.6927      -0.5575
      0.7002      -0.5575
      0.7154      -0.4962
      0.7229      -0.4552
      0.7305      -0.3939
      0.7381       -0.312
      0.7456      -0.1893
      0.7532      0.01535
      0.7607       0.2609
      0.7683       0.4859
      0.7759       0.6701
      0.7834       0.7724
       0.791       0.8133
      0.7986       0.7315
      0.8061       0.5882
      0.8137       0.4041
      0.8213       0.1995
      0.8288      0.07673
      0.8288      -0.0665
      0.8364      -0.1688
       0.844      -0.2916
      0.8515      -0.3734
      0.8591      -0.4552
      0.8667      -0.4757
      0.8818      -0.4348
      0.8894      -0.3529
      0.8969      -0.2711
      0.9045      -0.1483
      0.9121      0.03581
      0.9121     -0.04604
      0.9196      0.09719
      0.9272       0.2199
      0.9347       0.3427
      0.9423       0.4655
      0.9499       0.5473
      0.9574       0.5882
       0.965       0.5678
      0.9726       0.5064
      0.9801       0.3632
      0.9877        0.179
      0.9953      0.05627
      0.9953     -0.08696
       1.003      -0.2506
        1.01      -0.3939
       1.018      -0.4552
       1.026      -0.4348
       1.033      -0.3734
       1.041       -0.312
       1.048      -0.2302
       1.056      -0.1893
       1.063      -0.1279
       1.071      -0.0665
       1.078     -0.02558
       1.086      0.07673
       1.094       0.1586
       1.101       0.2609
       1.109       0.3836
       1.116       0.4859
       1.124       0.5473
       1.139       0.5678
       1.147       0.5269
       1.154       0.4246
       1.162       0.2404
       1.169      0.03581
       1.177      -0.2302
       1.184      -0.4348
       1.192      -0.5575
         1.2      -0.6394
       1.215      -0.5985
       1.222      -0.5371
        1.23      -0.4552
       1.237      -0.3529
       1.245      -0.2302
       1.252      -0.1279
        1.26      0.03581
        1.26     -0.02558
       1.268      0.07673
       1.275        0.179
       1.283       0.2813
        1.29       0.3836
       1.298       0.4859
       1.305       0.6087
       1.313       0.7315
       1.321       0.8133
       1.328       0.7519
       1.336       0.5473
       1.343       0.2404
       1.343     -0.04604
       1.351      -0.2302
       1.358      -0.5575
       1.366      -0.7621
       1.374       -0.844
       1.381      -0.7621
       1.389      -0.6394
       1.396      -0.5371
       1.404      -0.4143
       1.411      -0.2916
       1.419      -0.1688
       1.426      0.03581
       1.426      -0.0665
       1.434      0.09719
       1.442       0.2199
       1.449       0.3427
       1.457       0.4246
       1.464       0.5269
       1.472       0.6292
       1.479       0.7315
       1.487       0.8338
       1.495       0.9361
        1.51       0.8542
       1.517       0.6292
       1.525       0.3223
       1.532      0.01535
        1.54      -0.2916
       1.548      -0.5166
       1.555      -0.6598
       1.563      -0.7212
       1.578      -0.7621
       1.585      -0.7826
         1.6      -0.7212
       1.608      -0.5985
       1.616      -0.4552
       1.623      -0.2711
       1.631      0.03581
       1.631     -0.08696
       1.638       0.1381
       1.638    -0.005115
       1.646       0.3223
       1.653       0.5064
       1.661       0.6905
       1.669       0.8133
       1.676       0.8951
       1.684       0.8542
       1.691       0.7315
       1.699       0.5473
       1.706       0.3427
       1.714       0.1381
       1.722      0.03581
       1.722     -0.04604
       1.729      -0.1279
       1.737      -0.1893
       1.744      -0.2506
       1.752      -0.2916
       1.767      -0.3325
       1.774      -0.3325
       1.782       -0.312
        1.79      -0.2916
       1.797      -0.2302
       1.805      -0.1279
       1.812      0.03581
       1.812     -0.04604
        1.82      0.09719
       1.827       0.1586
       1.835       0.1995
       1.843       0.1381
        1.85      0.07673
        1.85    -0.005115
       1.858     -0.08696
       1.865      -0.2302
       1.873      -0.3734
        1.88      -0.4757
       1.888      -0.5575
       1.896      -0.5575
       1.903      -0.5166
       1.911      -0.4348
       1.918       -0.312
       1.926      -0.1893
       1.933      0.05627
       1.933      -0.0665
       1.941       0.1381
       1.948       0.2813
       1.956        0.445
       1.964       0.5882
       1.971        0.711
       1.979       0.7928
       1.986       0.8338
       1.994       0.7724
       2.001       0.6496
       2.009       0.4246
       2.017       0.1995
       2.017    -0.005115
       2.024      0.05627
       2.024      -0.1279
       2.032      -0.3325
       2.039      -0.4962
       2.047      -0.5985
       2.054      -0.6394
        2.07      -0.6394
       2.077      -0.6189
       2.085      -0.5575
       2.092      -0.4962
         2.1      -0.3939
       2.107      -0.2506
       2.115      -0.1279
       2.122      0.01535
        2.13       0.1381
       2.138       0.2609
       2.145       0.3427
       2.153       0.3836
        2.16       0.4041
       2.168       0.3836
       2.175       0.3018
       2.183        0.179
       2.191    -0.005115
       2.198      -0.1893
       2.206      -0.3734
       2.213      -0.4552
       2.221      -0.4348
       2.228      -0.3325
       2.236      -0.1688
       2.243      0.05627
       2.243     -0.04604
       2.251       0.1176
       2.259       0.1995
       2.266       0.2404
       2.281       0.2609
       2.289       0.2404
       2.304       0.2199
       2.312        0.179
       2.319       0.1381
       2.327      0.07673
       2.327    -0.005115
       2.334     -0.04604
       2.342      -0.1279
       2.349      -0.2302
       2.357      -0.2916
       2.372      -0.3529
        2.38      -0.3529
       2.387      -0.3939
       2.395      -0.4552
       2.402      -0.4962
        2.41      -0.4552
       2.417      -0.3325
       2.425      -0.1483
       2.433      0.09719
       2.433     -0.04604
        2.44       0.2199
       2.448       0.3836
       2.455       0.5064
       2.463       0.6701
        2.47       0.8133
       2.478       0.9361
       2.493       0.8542
       2.501        0.711
       2.508       0.5269
       2.516       0.3427
       2.523        0.179
       2.531      0.01535
       2.539      -0.1074
       2.546      -0.2097
       2.554       -0.312
       2.561      -0.3734
       2.569      -0.3939
       2.584      -0.4143
       2.591      -0.3734
       2.599      -0.3325
       2.607      -0.2711
       2.614      -0.1688
       2.622      -0.0665
       2.629      0.01535
       2.637      0.07673
       2.644       0.1176
        2.66       0.1176
       2.667      0.07673
       2.675    -0.005115
       2.682     -0.04604
        2.69      -0.1279
       2.697      -0.2097
       2.705      -0.2916
       2.713      -0.3529
        2.72      -0.4143
       2.735      -0.4348
       2.743      -0.3939
        2.75      -0.2506
       2.758      0.03581
       2.758      -0.1074
       2.765       0.1586
       2.773       0.3632
       2.781       0.5269
       2.788       0.5882
       2.796       0.5473
       2.803       0.4655
       2.811       0.3427
       2.818       0.2199
       2.826      0.09719
       2.834      0.05627
       2.834     -0.02558
       2.841      -0.0665
       2.849      -0.1483
       2.856      -0.1893
       2.864      -0.2506
       2.871       -0.312
       2.879      -0.3734
       2.887      -0.4348
       2.894      -0.4552
       2.902      -0.4143
       2.909      -0.3529
       2.917      -0.2711
       2.924      -0.1483
       2.932      0.05627
       2.932     -0.04604
       2.939       0.1586
       2.947       0.3427
       2.955       0.5269
       2.962       0.6496
        2.97       0.7315
       2.977       0.6701
       2.985       0.5473
       2.992       0.4246
           3       0.3223
       3.008       0.2404
       3.015       0.1586
       3.023      0.07673
       3.023    -0.005115
        3.03     -0.04604
       3.038      -0.1279
       3.045      -0.1688
       3.061      -0.1893
       3.068      -0.1893
       3.076      -0.1483
       3.083     -0.08696
       3.091      0.05627
       3.091     -0.02558
       3.098       0.1176
       3.106       0.2404
       3.113       0.3427
       3.121       0.4246
       3.129       0.4859
       3.136       0.4859
       3.144       0.4655
       3.151       0.3836
       3.159       0.2813
       3.166       0.1381
       3.174      0.05627
       3.174      -0.0665
       3.182      -0.2097
       3.189      -0.3529
       3.197      -0.4757
       3.204      -0.5166
       3.212      -0.4962
       3.219      -0.4348
       3.227      -0.3325
       3.235      -0.2506
       3.242      -0.1893
        3.25     -0.08696
       3.257      0.01535
       3.265       0.1176
       3.272       0.1995
        3.28       0.3018
       3.287       0.4041
       3.295       0.5269
       3.303       0.6087
       3.318       0.5473
       3.325       0.3632
       3.333       0.1586
       3.333     -0.02558
        3.34      -0.1483
       3.348      -0.4348
       3.356      -0.6598
       3.363      -0.8031
       3.371      -0.8645
       3.378      -0.8235
       3.386      -0.7621
       3.393      -0.6394
       3.401      -0.5166
       3.409      -0.3734
       3.416      -0.2302
       3.424     -0.08696
       3.431      0.09719
       3.431    -0.005115
       3.439       0.2404
       3.446       0.3836
       3.454       0.5269
       3.461       0.6496
       3.469       0.7315
       3.477       0.7928
       3.484       0.7928
       3.492       0.7315
       3.499       0.6701
       3.507       0.5473
       3.514       0.3836
       3.522        0.179
       3.522    -0.005115
        3.53      0.03581
        3.53      -0.1279
       3.537      -0.3529
       3.545      -0.4757
       3.552      -0.5371
        3.56      -0.5371
       3.567      -0.5166
       3.575      -0.4552
       3.583      -0.3734
        3.59      -0.2506
       3.598     -0.08696
       3.605      0.09719
       3.605    -0.005115
       3.613       0.1995
        3.62       0.3632
       3.628        0.445
       3.643       0.4246
       3.651       0.3018
       3.658       0.1586
       3.666      0.05627
       3.666     -0.04604
       3.673      -0.1483
       3.681      -0.2302
       3.688      -0.2711
       3.696      -0.2506
       3.704      -0.1893
       3.711      -0.1483
       3.719     -0.08696
       3.726     -0.02558
       3.734      0.03581
       3.741       0.1176
       3.749       0.2404
       3.757       0.3427
       3.764       0.4655
       3.772       0.5473
       3.787       0.5473
       3.794       0.4655
       3.802       0.3836
       3.809       0.2813
       3.817       0.1586
       3.825      0.01535
       3.832      -0.1483
        3.84       -0.312
       3.847      -0.4143
       3.855      -0.4757
       3.862      -0.4757
        3.87      -0.4552
       3.878      -0.4348
       3.885      -0.3734
       3.893      -0.2916
         3.9      -0.1688
       3.908      0.03581
       3.908      -0.0665
       3.915      0.07673
       3.923       0.1586
        3.93       0.1995
       3.938        0.179
       3.946       0.1176
       3.953      0.01535
       3.961      -0.1074
       3.968      -0.2302
       3.976      -0.3325
       3.983      -0.3939
       3.991      -0.4143
       4.006      -0.3939
       4.014      -0.3529
       4.021      -0.2916
       4.029      -0.2302
       4.036      -0.1279
       4.044     -0.04604
       4.052      0.01535
       4.059      0.05627
       4.067      0.09719
       4.082      0.09719
       4.089      0.09719
       4.097      0.09719
       4.112      0.05627
        4.12      0.07673
       4.127       0.1176
       4.135       0.1586
       4.142       0.2199
       4.157       0.2404
       4.165       0.1995
       4.173       0.1586
        4.18       0.1176
       4.188      0.07673
       4.195      0.07673
       4.203       0.1176
        4.21       0.1995
       4.218       0.2813
       4.226       0.3427
       4.241       0.2609
       4.248       0.1176
       4.248     -0.02558
       4.256      -0.1688
       4.263      -0.3939
       4.271      -0.5575
       4.278      -0.6598
       4.286      -0.6394
       4.294      -0.5371
       4.301      -0.4143
       4.309      -0.2916
       4.316      -0.1688
       4.324      -0.1074
       4.331     -0.02558
       4.339    -0.005115
       4.354    -0.005115
       4.362    -0.005115
       4.377      0.01535
       4.384      0.03581
       4.392      0.07673
         4.4       0.1586
       4.407       0.2404
       4.415       0.3018
       4.422       0.2813
        4.43       0.1995
       4.437      0.09719
       4.445      0.03581
       4.445    -0.005115
        4.46     -0.02558
       4.468      0.05627
       4.468    -0.005115
       4.475       0.1176
       4.483       0.1995
        4.49       0.2609
       4.498       0.3223
       4.505       0.3836
       4.521       0.4041
       4.528       0.3632
       4.536       0.3223
       4.543       0.2813
       4.551       0.1995
       4.558      0.09719
       4.566      0.03581
       4.566      -0.0665
       4.574      -0.1893
       4.581      -0.3325
       4.589      -0.4143
       4.596      -0.4757
       4.604      -0.4757
       4.611      -0.4143
       4.619      -0.3529
       4.626      -0.2506
       4.634      -0.1688
       4.642     -0.04604
       4.649      0.05627
       4.649    -0.005115
       4.657      0.07673
       4.664       0.1381
       4.672       0.1586
       4.687       0.2199
       4.695       0.2609
        4.71       0.3018
       4.725       0.3427
       4.732       0.3223
        4.74       0.2813
       4.748       0.2199
       4.755       0.1381
       4.763      0.07673
        4.77      0.03581
        4.77     -0.02558
       4.778     -0.08696
       4.785      -0.1688
       4.793      -0.2302
         4.8      -0.2916
       4.808       -0.312
       4.823      -0.2711
       4.831      -0.2302
       4.838      -0.1688
       4.846      -0.1074
       4.853     -0.04604
       4.861    -0.005115
       4.869      0.01535
       4.876      0.05627
       4.884      0.07673
       4.891       0.1176
       4.899        0.179
       4.906       0.1995
       4.914       0.2609
       4.922       0.3223
       4.929       0.3836
       4.937       0.4246
       4.944       0.3836
       4.952       0.2813
       4.959       0.1381
       4.967      0.03581
       4.967      -0.0665
       4.974      -0.2097
       4.982      -0.3529
        4.99      -0.4348
       5.005      -0.3734
       5.012      -0.2506
        5.02      -0.1279
       5.027     -0.02558
       5.035      0.05627
       5.043      0.07673
       5.058      0.09719
       5.065      0.09719
       5.073      0.09719
       5.088      0.07673
       5.096      0.07673
       5.111      0.09719
       5.118       0.1176
       5.133        0.179
       5.141        0.179
       5.148      0.09719
       5.148    -0.005115
       5.156      -0.1279
       5.164      -0.3529
       5.171      -0.5371
       5.179      -0.6598
       5.194      -0.5575
       5.201      -0.4143
       5.209      -0.2302
       5.217     -0.08696
       5.224      0.07673
       5.224    -0.005115
       5.232       0.1381
       5.239       0.1995
       5.247       0.2404
       5.262       0.2813
        5.27       0.2609
       5.285       0.2404
         5.3       0.2199
       5.307       0.2404
       5.322       0.1995
        5.33      0.09719
        5.33    -0.005115
       5.338      -0.1074
       5.345      -0.2711
       5.353      -0.4348
        5.36      -0.5166
       5.368      -0.4962
       5.375      -0.4348
       5.383      -0.3325
       5.391      -0.2302
       5.398      -0.1483
       5.406      -0.0665
       5.413     -0.02558
       5.421      0.05627
       5.428      0.09719
       5.436       0.2199
       5.444       0.3427
       5.451       0.4655
       5.459       0.5882
       5.466       0.6701
       5.481       0.6292
       5.489       0.4655
       5.496       0.2199
       5.504      0.07673
       5.504     -0.08696
       5.512      -0.2302
       5.519       -0.312
       5.527      -0.3734
       5.534      -0.3529
       5.549       -0.312
       5.565      -0.2506
        5.58      -0.2506
       5.587      -0.2302
       5.595      -0.1688
       5.602     -0.08696
        5.61      0.01535
       5.618       0.1381
       5.625       0.3018
       5.633       0.4655
        5.64       0.6292
       5.648       0.7519
       5.655       0.8133
       5.663        0.711
        5.67       0.4655
       5.678       0.1995
       5.678      -0.0665
       5.686      -0.2302
       5.693      -0.4962
       5.701      -0.6394
       5.716      -0.6394
       5.723       -0.578
       5.731      -0.4757
       5.739      -0.3939
       5.746      -0.3325
       5.754      -0.2711
       5.761      -0.1893
       5.769     -0.08696
       5.776      0.09719
       5.776     -0.02558
       5.784       0.1995
       5.791       0.3018
       5.799       0.4041
       5.807       0.4859
       5.814       0.5882
       5.822       0.6905
       5.829       0.8133
       5.837       0.8951
       5.844       0.8747
       5.852        0.711
        5.86       0.4041
       5.867      0.01535
       5.875      -0.3325
       5.882      -0.5985
        5.89      -0.7212
       5.897      -0.7008
       5.905       -0.578
       5.913      -0.4348
        5.92       -0.312
       5.928      -0.2097
       5.935      -0.1279
       5.943      -0.0665
        5.95     -0.02558
       5.958      0.05627
       5.965      0.09719
       5.973       0.1381
       5.981        0.179
       5.988       0.2199
       5.996       0.2813
       6.003       0.3223
       6.011       0.3427
       6.018       0.2813
       6.026       0.1381
       6.034      0.05627
       6.034      -0.1074
       6.041       -0.312
       6.049      -0.5575
       6.056      -0.7621
       6.064      -0.8645
       6.071       -0.844
       6.079      -0.7212
       6.087      -0.5371
       6.094      -0.3325
       6.102      -0.1074
       6.109      0.09719
       6.109     -0.02558
       6.117       0.2404
       6.124       0.3836
       6.132       0.5064
       6.139       0.5882
       6.147       0.6292
       6.162       0.6701
        6.17       0.6701
       6.177       0.6087
       6.185       0.4655
       6.192       0.2199
         6.2      0.07673
         6.2      -0.1279
       6.208      -0.3734
       6.215      -0.6189
       6.223      -0.7826
        6.23      -0.8849
       6.238      -0.8849
       6.245      -0.8235
       6.253      -0.7008
       6.261      -0.5371
       6.268      -0.3325
       6.276      -0.1279
       6.283      0.09719
       6.283     -0.02558
       6.291       0.2199
       6.298       0.3632
       6.306       0.5064
       6.313       0.6292
       6.321        0.711
       6.329       0.7724
       6.336       0.7519
       6.344       0.6905
       6.351       0.5678
       6.359       0.3836
       6.366       0.1586
       6.366    -0.005115
       6.374      0.03581
       6.374      -0.1074
       6.382      -0.2916
       6.389      -0.4143
       6.397      -0.4757
       6.404      -0.4757
       6.412      -0.4348
       6.419      -0.3529
       6.427      -0.2506
       6.435      -0.1483
       6.442      -0.0665
        6.45      0.01535
       6.457      0.05627
       6.465      0.09719
       6.472       0.1381
        6.48        0.179
       6.487        0.179
       6.495        0.179
       6.503       0.1381
        6.51      0.09719
       6.518      0.05627
       6.518    -0.005115
       6.525     -0.02558
       6.533      -0.0665
        6.54     -0.08696
       6.548     -0.04604
       6.556      0.07673
       6.556    -0.005115
       6.563       0.1586
       6.571       0.2404
       6.578       0.2813
       6.593       0.3018
       6.601       0.3018
       6.609       0.3018
       6.616       0.2609
       6.631       0.1995
       6.639        0.179
       6.646       0.1381
       6.654      0.09719
       6.661      0.05627
       6.669     -0.04604
       6.677      -0.1688
       6.684      -0.2916
       6.692      -0.4552
       6.699      -0.4962
       6.699      -0.5575
       6.707      -0.5575
       6.722      -0.3325
       6.722      -0.4348
        6.73      -0.2506
       6.737     -0.08696
       6.745      0.09719
       6.745    -0.005115
       6.752        0.179
        6.76       0.2813
       6.767       0.3223
       6.775       0.2813
       6.783       0.2199
        6.79       0.1586
       6.798       0.1176
       6.805      0.07673
       6.813      0.05627
        6.82    -0.005115
       6.828     -0.04604
       6.835     -0.08696
       6.843      -0.1688
       6.851      -0.2302
       6.858       -0.312
       6.866      -0.3325
       6.873       -0.312
       6.881      -0.2506
       6.888      -0.1688
       6.896     -0.08696
       6.904      0.03581
       6.904     -0.02558
       6.911      0.07673
       6.919       0.1381
       6.926       0.1995
       6.934       0.2404
       6.941       0.3018
       6.957       0.3427
       6.964       0.3223
       6.972       0.2609
       6.979        0.179
       6.987      0.07673
       6.987     -0.02558
       6.994      -0.1074
       7.002      -0.2302
       7.009      -0.3325
       7.017      -0.4348
       7.025      -0.4962
        7.04      -0.4552
       7.047      -0.3529
       7.055      -0.2097
       7.062     -0.08696
        7.07      0.09719
        7.07    -0.005115
       7.078       0.2199
       7.085       0.3018
       7.093       0.3427
       7.108       0.3632
       7.115       0.3632
       7.123       0.3223
       7.131       0.2609
       7.138       0.1586
       7.146      0.07673
       7.146    -0.005115
       7.153      -0.0665
       7.161      -0.1893
       7.168      -0.2916
       7.176      -0.3529
       7.183      -0.3529
       7.191      -0.2916
       7.199      -0.1893
       7.206      -0.1074
       7.214     -0.02558
       7.221      0.01535
       7.229      0.07673
       7.236       0.1176
       7.244       0.1381
       7.259       0.1586
       7.267       0.1586
       7.282       0.1586
       7.297      0.09719
       7.305      0.07673
       7.312      0.07673
       7.327     -0.02558
       7.335     -0.08696
       7.342      -0.1483
        7.35      -0.1688
       7.357      -0.1483
       7.365     -0.08696
       7.373     -0.02558
        7.38      0.07673
       7.388        0.179
       7.395       0.2813
       7.403       0.3836
        7.41        0.445
       7.418       0.4246
       7.426       0.3427
       7.433       0.2404
       7.441       0.1176
       7.448      0.03581
       7.448     -0.04604
       7.456      -0.1279
       7.463      -0.2097
       7.471      -0.2711
       7.486      -0.2916
       7.494      -0.2916
       7.501      -0.2711
       7.516      -0.2302
       7.524      -0.2097
       7.531      -0.1483
       7.539     -0.08696
       7.547     -0.02558
       7.554      0.05627
       7.562       0.1176
       7.569        0.179
       7.577       0.2199
       7.584       0.2609
         7.6       0.2199
       7.607       0.1586
       7.615       0.1381
        7.63      0.09719
       7.637      0.07673
       7.652    -0.005115
        7.66     -0.04604
       7.668     -0.08696
       7.683      -0.1688
        7.69      -0.2097
       7.705      -0.2302
       7.713      -0.2097
       7.721      -0.1893
       7.728      -0.1074
       7.736      0.03581
       7.743       0.1995
       7.751       0.3836
       7.758       0.4859
       7.766       0.5473
       7.774       0.4859
       7.781       0.3632
       7.789        0.179
       7.796      0.01535
       7.804      -0.1279
       7.811      -0.2302
       7.819      -0.2916
       7.834       -0.312
       7.842      -0.2916
       7.849      -0.2302
       7.857      -0.1688
       7.864      -0.1074
       7.872      0.03581
       7.872     -0.02558
       7.879      0.09719
       7.887       0.1995
       7.895       0.3223
       7.902       0.4246
        7.91       0.4859
       7.925       0.4246
       7.932       0.3018
        7.94       0.1995
       7.948       0.1381
       7.955      0.09719
       7.963      0.09719
        7.97      0.05627
       7.978     -0.04604
       7.985      -0.1483
       7.993      -0.2711
           8      -0.3529
       8.008      -0.4143
       8.016      -0.4348
       8.023      -0.4143
       8.031      -0.3939
       8.038      -0.3529
       8.046      -0.2916
       8.053      -0.2302
       8.061      -0.1893
       8.069      -0.1279
       8.076      -0.0665
       8.084    -0.005115
       8.091      0.07673
       8.099       0.1586
       8.106       0.2813
       8.114       0.3836
       8.122       0.5064
       8.129       0.5882
       8.137       0.6701
       8.144        0.711
       8.152       0.6701
       8.159       0.5678
       8.167       0.3632
       8.174       0.1586
       8.174     -0.04604
       8.182      -0.2302
        8.19      -0.5166
       8.197      -0.7417
       8.205       -0.844
       8.212      -0.8645
        8.22      -0.7826
       8.227      -0.6394
       8.235      -0.4757
       8.243      -0.3325
        8.25      -0.1893
       8.258      -0.0665
       8.265      0.09719
       8.273       0.1995
        8.28       0.3223
       8.288        0.445
       8.296       0.6087
       8.303       0.7928
       8.311       0.9361
       8.318        1.038
       8.326        0.977
       8.333       0.7724
       8.341        0.445
       8.348        0.179
       8.348     -0.04604
       8.356      -0.2097
       8.364      -0.4757
       8.371      -0.6394
       8.379      -0.7212
       8.386      -0.7417
       8.394      -0.7008
       8.401      -0.5985
       8.409      -0.4962
       8.417      -0.3939
       8.424       -0.312
       8.432      -0.2097
       8.439      -0.1074
       8.447      0.03581
       8.447     -0.02558
       8.454       0.1176
       8.462       0.2404
        8.47       0.3836
       8.477       0.5473
       8.485        0.711
       8.492       0.8133
       8.507       0.6905
       8.515       0.3836
       8.522      0.03581
        8.53      -0.2711
       8.538      -0.5166
       8.545      -0.6598
       8.553      -0.7008
        8.56      -0.6598
       8.568      -0.5575
       8.575      -0.4552
       8.583       -0.312
       8.591      -0.1688
       8.598      0.03581
       8.598     -0.04604
       8.606       0.1176
       8.613       0.2609
       8.621       0.3836
       8.628       0.5064
       8.636       0.6496
       8.644       0.8133
       8.651        0.977
       8.659        1.161
       8.666        1.304
       8.674        1.366
       8.681        1.202
       8.689       0.8747
       8.696       0.4041
       8.704       0.1176
       8.704      -0.2506
       8.712      -0.6803
       8.719        -1.09
       8.727       -1.376
       8.734       -1.499
       8.742       -1.458
       8.749       -1.355
       8.757       -1.192
       8.765       -1.028
       8.772       -0.844
        8.78      -0.6598
       8.787      -0.4552
       8.795      -0.2506
       8.802      0.07673
       8.802      -0.0665
        8.81        0.179
       8.818       0.3632
       8.825       0.5269
       8.833       0.6292
        8.84       0.6496
       8.848       0.6292
       8.855       0.5678
       8.863       0.4655
        8.87       0.3223
       8.878       0.1586
       8.878    -0.005115
       8.886      -0.1279
       8.893      -0.3529
       8.901      -0.5371
       8.908      -0.6394
       8.916      -0.6189
       8.923       -0.578
       8.931      -0.4962
       8.939      -0.4348
       8.946      -0.3529
       8.954      -0.2711
       8.961      -0.1893
       8.969     -0.08696
       8.976      0.01535
