     0.01186      0.00542
     0.02699      0.02493
     0.04212     -0.01409
     0.05725     -0.05312
     0.06481     -0.09214
     0.07238     -0.09214
     0.08751     -0.07263
     0.09507     -0.05312
      0.1102      -0.0336
      0.1178     -0.01409
      0.1329      0.00542
      0.1405      0.02493
      0.1556      0.06396
      0.1632      0.08347
      0.1783        0.103
      0.1859        0.103
       0.201      0.04444
      0.2085      0.02493
      0.2237      0.02493
      0.2312      0.02493
      0.2464      0.04444
      0.2539      0.04444
      0.2615      0.06396
      0.2766        0.103
      0.2842        0.142
      0.2993        0.142
      0.3069       0.1615
       0.322       0.1615
      0.3371       0.1225
      0.3447        0.103
      0.3523        0.103
      0.3674      0.06396
       0.375      0.04444
      0.3825      0.00542
      0.3977     -0.05312
      0.4052     -0.09214
      0.4128      -0.1312
      0.4279      -0.1702
      0.4355      -0.1897
      0.4506      -0.2287
      0.4658      -0.2678
      0.4809      -0.2287
       0.496      -0.1702
      0.5111      -0.1507
      0.5187      -0.1312
      0.5338      -0.1117
      0.5414     -0.07263
      0.5565      -0.0336
      0.5641      0.00542
      0.5717      0.04444
      0.5868      0.08347
      0.5944      0.08347
      0.6095      0.08347
      0.6171      0.08347
      0.6246        0.103
      0.6397        0.103
      0.6473        0.103
      0.6549        0.103
        0.67      0.06396
      0.6776      0.04444
      0.6927      0.02493
      0.7003      0.02493
      0.7078      0.02493
       0.723      0.00542
      0.7305      0.00542
      0.7457      0.00542
      0.7532      0.00542
      0.7683      0.02493
      0.7759      0.02493
       0.791     -0.01409
      0.7986     -0.01409
      0.8062      0.00542
      0.8213      0.04444
      0.8364      0.06396
      0.8516      0.06396
      0.8591      0.04444
      0.8743      0.04444
      0.8894      0.02493
       0.897      0.02493
      0.9045      0.02493
      0.9196     -0.01409
      0.9272      -0.0336
      0.9348      -0.0336
      0.9499     -0.07263
      0.9575     -0.09214
      0.9726     -0.09214
      0.9802     -0.09214
      0.9953     -0.07263
        1.01     -0.01409
       1.018      0.00542
       1.033      0.02493
       1.041      0.02493
       1.048     -0.01409
       1.056      -0.0336
       1.071     -0.07263
       1.079     -0.09214
       1.094      -0.1117
       1.101     -0.09214
       1.116     -0.05312
       1.124      -0.0336
       1.139     -0.01409
       1.147     -0.01409
       1.162      0.02493
       1.169      0.04444
       1.184      0.04444
       1.192      0.06396
       1.207      0.08347
       1.215      0.08347
        1.23      0.04444
       1.237      0.04444
       1.245      0.00542
       1.253     -0.01409
       1.268     -0.05312
       1.275     -0.05312
        1.29     -0.05312
       1.298     -0.05312
       1.313     -0.05312
       1.321     -0.05312
       1.336     -0.05312
       1.343     -0.05312
       1.351      -0.0336
       1.366      -0.0336
       1.374      -0.0336
       1.389     -0.01409
       1.396     -0.01409
       1.404      0.00542
       1.419      0.02493
       1.426      0.04444
       1.434      0.06396
       1.449        0.103
       1.457        0.142
       1.472       0.1615
       1.479       0.1615
       1.495        0.142
       1.502        0.142
       1.517       0.1225
       1.525       0.1225
        1.54        0.103
       1.548        0.103
       1.563        0.103
        1.57      0.08347
       1.578      0.06396
       1.593      0.02493
         1.6      0.00542
       1.608      0.00542
       1.616      -0.0336
       1.623     -0.07263
       1.631      -0.1507
       1.638      -0.2092
       1.646      -0.2482
       1.653      -0.2678
       1.669      -0.2678
       1.676      -0.2287
       1.684      -0.1897
       1.691      -0.1507
       1.706     -0.07263
       1.714     -0.05312
       1.729      -0.0336
       1.737      -0.0336
       1.752     -0.01409
       1.767      0.02493
       1.774      0.04444
        1.79        0.103
       1.797        0.103
       1.805      0.06396
       1.812      0.02493
        1.82     -0.01409
       1.835      -0.0336
        1.85     -0.05312
       1.858      -0.0336
       1.873      0.00542
        1.88      0.04444
       1.888      0.08347
       1.903        0.103
       1.911      0.08347
       1.918      0.08347
       1.933      0.06396
       1.941      0.06396
       1.956      0.06396
       1.964      0.06396
       1.979      0.02493
       1.986      0.04444
       2.001      0.04444
       2.009      0.06396
       2.024      0.06396
       2.039      0.06396
       2.054      0.04444
       2.062      0.04444
       2.077      0.04444
       2.085      0.06396
         2.1      0.08347
       2.107      0.08347
       2.122      0.06396
        2.13      0.04444
       2.145      0.04444
       2.153      0.04444
       2.168      0.02493
       2.175      0.00542
       2.191     -0.01409
       2.206      -0.0336
       2.213      -0.0336
       2.228      -0.0336
       2.236      -0.0336
       2.251     -0.05312
       2.259     -0.05312
       2.274     -0.05312
       2.281      -0.0336
       2.296     -0.01409
       2.304     -0.01409
       2.319     -0.07263
       2.334      -0.1117
       2.342      -0.1312
       2.349      -0.1117
       2.365      -0.1117
       2.372      -0.1117
        2.38      -0.1117
       2.395      -0.1312
       2.402      -0.1507
        2.41      -0.1507
       2.425      -0.1312
       2.433      -0.1117
        2.44     -0.07263
       2.455      -0.0336
       2.463     -0.01409
       2.478      0.00542
       2.486      0.00542
       2.501      0.00542
       2.516     -0.01409
       2.523     -0.01409
       2.539      0.02493
       2.546      0.04444
       2.561      0.08347
       2.569        0.103
       2.584        0.103
       2.591        0.103
       2.607      0.06396
       2.614      0.04444
       2.622      0.00542
       2.629      -0.0336
       2.637     -0.05312
       2.652     -0.09214
        2.66     -0.07263
       2.667     -0.05312
       2.682      0.00542
        2.69      0.02493
       2.705      0.02493
       2.713      0.02493
       2.728      0.02493
       2.735      0.02493
        2.75      0.02493
       2.758      0.00542
       2.773      -0.0336
       2.781     -0.07263
       2.796     -0.07263
       2.811     -0.07263
       2.818     -0.05312
       2.834     -0.01409
       2.841      0.00542
       2.849      0.04444
       2.856      0.06396
       2.871      0.08347
       2.879      0.08347
       2.894      0.04444
       2.902      0.02493
       2.917      0.02493
       2.924      0.02493
       2.939      0.00542
       2.947      0.00542
       2.962      0.04444
       2.977      0.08347
       2.985        0.103
           3        0.142
       3.008        0.142
       3.015       0.1225
       3.023      0.08347
        3.03      0.04444
       3.038      0.02493
       3.053     -0.01409
       3.061     -0.01409
       3.068     -0.01409
       3.083     -0.07263
       3.098      -0.1117
       3.106      -0.1117
       3.121      -0.1117
       3.129     -0.09214
       3.136     -0.07263
       3.151     -0.05312
       3.159     -0.05312
       3.174      -0.0336
       3.189      -0.0336
       3.197     -0.05312
       3.212     -0.09214
       3.219      -0.1117
       3.235     -0.09214
        3.25     -0.09214
       3.257     -0.07263
       3.265     -0.05312
        3.28     -0.01409
       3.287      0.00542
       3.303      0.02493
        3.31      0.02493
       3.318      0.02493
       3.333      0.00542
        3.34      0.02493
       3.356      0.02493
       3.363      0.04444
       3.371      0.06396
       3.386      0.08347
       3.393        0.103
       3.409       0.1225
       3.416       0.1225
       3.439       0.1225
       3.454        0.103
       3.461      0.08347
       3.469      0.06396
       3.484      0.00542
       3.499     -0.05312
       3.507     -0.07263
       3.514     -0.07263
        3.53     -0.05312
       3.537      -0.0336
       3.552      -0.0336
        3.56      -0.0336
       3.567      -0.0336
       3.582     -0.05312
        3.59     -0.05312
       3.605     -0.07263
       3.613     -0.07263
        3.62     -0.05312
       3.635     -0.01409
       3.643      0.00542
       3.651      0.04444
       3.658      0.06396
       3.666        0.103
       3.673        0.142
       3.688        0.142
       3.696        0.142
       3.711        0.103
       3.719      0.08347
       3.726      0.08347
       3.741      0.04444
       3.749      0.02493
       3.764     -0.01409
       3.772     -0.01409
       3.787     -0.05312
       3.794     -0.05312
       3.809     -0.07263
       3.817     -0.07263
       3.832      -0.1117
        3.84      -0.1117
       3.855      -0.1117
       3.862     -0.09214
       3.878     -0.05312
       3.885     -0.05312
         3.9     -0.09214
       3.908     -0.09214
       3.923     -0.09214
        3.93     -0.09214
       3.938     -0.05312
       3.946      -0.0336
       3.953      0.02493
       3.961      0.06396
       3.968        0.103
       3.983        0.103
       3.991      0.06396
       4.006      0.02493
       4.014     -0.01409
       4.036     -0.05312
       4.044     -0.07263
       4.059     -0.07263
       4.067     -0.07263
       4.082     -0.07263
       4.097      -0.1117
       4.104      -0.1312
        4.12      -0.1117
       4.135     -0.07263
       4.142     -0.07263
       4.157     -0.07263
       4.173      -0.1312
        4.18      -0.1507
       4.195      -0.1312
       4.203     -0.09214
        4.21     -0.07263
       4.226     -0.07263
       4.233     -0.05312
       4.248      -0.0336
       4.256      -0.0336
       4.271     -0.01409
       4.278     -0.01409
       4.294     -0.01409
       4.301      0.00542
       4.316      0.02493
       4.324      0.02493
       4.339      0.02493
       4.354     -0.01409
       4.362     -0.01409
       4.369     -0.01409
       4.384     -0.01409
       4.392      0.00542
       4.407      0.04444
       4.415      0.06396
       4.437        0.103
       4.445       0.1225
       4.452        0.142
       4.468        0.142
       4.475       0.1615
        4.49       0.2005
       4.498       0.2201
       4.505       0.2591
       4.513       0.2786
       4.528       0.2786
       4.536       0.2591
       4.551       0.2396
       4.558       0.2396
       4.566       0.2591
       4.581       0.2786
       4.589       0.2786
       4.604       0.3176
       4.619       0.3176
       4.626       0.2786
       4.634       0.2591
       4.642       0.2201
       4.649        0.181
       4.664        0.142
       4.672       0.1225
       4.679        0.142
       4.695        0.181
       4.702        0.181
        4.71       0.2005
       4.725       0.2201
       4.732       0.2201
        4.74       0.2201
       4.755       0.1615
        4.77       0.1225
       4.778      0.08347
       4.793      0.04444
         4.8      0.04444
       4.816      0.02493
       4.823      0.00542
       4.838     -0.01409
       4.853     -0.07263
       4.861     -0.09214
       4.869      -0.1117
       4.884      -0.1507
       4.891      -0.1702
       4.906      -0.1897
       4.914      -0.2092
       4.929      -0.2287
       4.944      -0.2678
       4.952      -0.3068
       4.959      -0.3068
       4.974      -0.3263
       4.982      -0.3263
       4.997      -0.3458
       5.005      -0.3068
        5.02      -0.2482
       5.027      -0.2092
       5.035      -0.1702
        5.05      -0.1117
       5.058      -0.1117
       5.073      -0.1117
        5.08      -0.1117
       5.095      -0.1117
       5.103     -0.09214
       5.118     -0.05312
       5.126      -0.0336
       5.133      0.00542
       5.141      0.04444
       5.156      0.06396
       5.164      0.04444
       5.171      0.00542
       5.179      -0.0336
       5.186     -0.07263
       5.194      -0.1117
       5.201      -0.1507
       5.209      -0.1897
       5.217      -0.2092
       5.232      -0.2092
       5.239      -0.2092
       5.254      -0.1897
       5.262      -0.1702
       5.277      -0.1507
       5.285      -0.1312
         5.3      -0.1117
       5.307     -0.09214
       5.322     -0.05312
        5.33      -0.0336
       5.345      0.00542
       5.353      0.00542
       5.368     -0.01409
       5.375     -0.01409
       5.391     -0.01409
       5.398     -0.01409
       5.413     -0.01409
       5.436     -0.05312
       5.443      -0.0336
       5.459     -0.01409
       5.466      0.00542
       5.481      0.04444
       5.496      0.08347
       5.504      0.08347
       5.519      0.08347
       5.527        0.103
       5.534        0.142
       5.542       0.2005
       5.549       0.2786
       5.557       0.3176
       5.572       0.3176
        5.58       0.2591
       5.587       0.2201
       5.595       0.2005
       5.602       0.1615
        5.61        0.142
       5.633      0.08347
       5.648      0.04444
       5.663     -0.01409
        5.67     -0.01409
       5.686     -0.01409
       5.693      0.00542
       5.708      0.00542
       5.716      0.00542
       5.731     -0.01409
       5.739     -0.01409
       5.754      -0.0336
       5.761      -0.0336
       5.776      -0.0336
       5.784     -0.01409
       5.799      0.00542
       5.807      0.02493
       5.822      0.06396
       5.837        0.103
       5.844        0.103
        5.86       0.1225
       5.875        0.103
       5.882        0.103
       5.897      0.06396
       5.905      0.04444
        5.92      0.02493
       5.935      -0.0336
       5.943     -0.05312
        5.95     -0.09214
       5.965      -0.1312
       5.973      -0.1507
       5.981      -0.1702
       5.996      -0.2092
       6.003      -0.2092
       6.018      -0.1897
       6.034      -0.1507
       6.049      -0.1507
       6.056      -0.1312
       6.064      -0.1117
       6.071     -0.07263
       6.079     -0.05312
       6.094     -0.01409
       6.102      0.00542
       6.117      0.04444
       6.124      0.06396
       6.139        0.103
       6.147        0.103
       6.155        0.103
        6.17      0.04444
       6.185     -0.01409
       6.192      -0.0336
       6.208     -0.05312
       6.223     -0.05312
        6.23     -0.05312
       6.238      -0.0336
       6.253      -0.0336
        6.26      -0.0336
       6.276      -0.0336
       6.291     -0.01409
       6.298     -0.01409
       6.306      0.02493
       6.321      0.06396
       6.329      0.06396
       6.336      0.08347
       6.351        0.103
       6.359        0.103
       6.374        0.103
       6.382        0.103
       6.389        0.103
       6.404      0.08347
       6.412      0.08347
       6.427      0.08347
       6.434        0.103
        6.45      0.06396
       6.457      0.04444
       6.472     -0.01409
        6.48     -0.01409
       6.487     -0.01409
       6.503      -0.0336
        6.51      -0.0336
       6.525     -0.05312
       6.533      -0.0336
        6.54      0.00542
       6.548      0.04444
       6.556      0.06396
       6.571      0.06396
       6.578      0.06396
       6.586      0.06396
       6.601      0.06396
       6.608      0.06396
       6.616      0.08347
       6.631      0.06396
       6.639      0.04444
       6.654      0.06396
       6.669      0.08347
       6.677      0.08347
       6.692      0.08347
       6.707      0.06396
       6.714      0.04444
       6.722      0.02493
        6.73     -0.01409
       6.737     -0.07263
       6.745      -0.1117
       6.752      -0.1312
        6.76      -0.1702
       6.767      -0.1897
       6.782      -0.2287
        6.79      -0.2287
       6.805      -0.2092
        6.82      -0.2092
       6.835      -0.2092
       6.851      -0.1702
       6.858      -0.1312
       6.873     -0.07263
       6.881     -0.05312
       6.896     -0.01409
       6.903      0.00542
       6.919      0.02493
       6.926      0.02493
       6.941      0.06396
       6.949      0.08347
       6.964        0.103
       6.972        0.103
       6.987        0.103
       6.994        0.103
       7.009      0.08347
       7.017      0.08347
       7.032       0.1225
       7.047       0.1225
       7.055        0.103
       7.062        0.103
       7.077      0.06396
       7.085      0.04444
         7.1      0.02493
       7.108      0.02493
       7.123      0.06396
       7.138        0.103
       7.146       0.1225
       7.161       0.1615
       7.176        0.142
       7.183        0.142
       7.191        0.142
       7.206        0.103
       7.214      0.08347
       7.229      0.04444
       7.236      0.02493
       7.244     -0.01409
       7.251      -0.0336
       7.267     -0.05312
       7.274     -0.05312
       7.289     -0.09214
       7.297      -0.1117
       7.312      -0.1507
        7.32      -0.1702
       7.327      -0.1702
       7.342      -0.1702
        7.35      -0.1702
       7.365      -0.1897
       7.373      -0.2092
       7.388      -0.2287
       7.395      -0.2287
       7.403      -0.2092
       7.418      -0.1702
       7.425      -0.1312
       7.433     -0.09214
       7.441     -0.05312
       7.456     -0.01409
       7.463     -0.01409
       7.478     -0.01409
       7.486     -0.01409
       7.501     -0.01409
       7.509      0.00542
       7.524      0.04444
       7.531      0.06396
       7.539      0.08347
       7.554      0.08347
       7.562      0.08347
       7.577      0.08347
       7.584      0.08347
       7.592      0.08347
       7.607      0.04444
       7.615      0.02493
        7.63     -0.01409
       7.637     -0.01409
       7.652     -0.07263
        7.66      -0.1117
       7.668      -0.1702
       7.675      -0.2092
       7.683      -0.2482
        7.69      -0.2873
       7.705      -0.2678
       7.713      -0.2482
       7.721      -0.1897
       7.728      -0.1507
       7.736      -0.1117
       7.743     -0.05312
       7.751      -0.0336
       7.766     -0.01409
       7.773      0.02493
       7.789      0.06396
       7.796      0.08347
       7.804        0.103
       7.819        0.142
       7.834        0.181
       7.849        0.181
       7.857        0.181
       7.864       0.2005
       7.879       0.2005
       7.887       0.2005
       7.902        0.181
        7.91       0.1615
       7.917       0.1615
       7.932        0.103
        7.94      0.06396
       7.947      0.02493
       7.955     -0.01409
       7.963      -0.0336
       7.978     -0.09214
       7.985      -0.1117
           8      -0.1507
       8.008      -0.1507
       8.016      -0.1312
       8.031     -0.09214
       8.046      -0.0336
       8.053     -0.01409
       8.068     -0.01409
       8.076     -0.01409
       8.091      0.00542
       8.106      0.00542
       8.114      0.02493
       8.129      0.06396
       8.137      0.08347
       8.152        0.103
       8.159      0.08347
       8.174      0.08347
       8.182      0.06396
        8.19      0.06396
       8.205      0.00542
       8.212     -0.01409
        8.22     -0.05312
       8.227     -0.07263
       8.235     -0.07263
        8.25     -0.09214
       8.258     -0.09214
       8.265     -0.07263
        8.28     -0.07263
       8.288     -0.05312
       8.303      -0.0336
       8.311     -0.01409
       8.326      0.02493
       8.333      0.04444
       8.348      0.04444
       8.356      0.04444
       8.371      0.04444
       8.379      0.04444
       8.394      0.00542
       8.401      0.00542
       8.416      0.02493
       8.424      0.04444
       8.439      0.06396
       8.447      0.06396
       8.462      0.06396
       8.469      0.06396
       8.485      0.04444
         8.5      0.02493
       8.507      0.02493
       8.515      0.02493
        8.53     -0.01409
       8.538     -0.01409
       8.553     -0.01409
        8.56     -0.01409
       8.575      -0.0336
       8.583     -0.05312
        8.59      -0.0336
       8.606      -0.0336
       8.613      -0.0336
       8.636     -0.05312
       8.643     -0.07263
       8.651     -0.07263
       8.666     -0.07263
       8.674     -0.05312
       8.689     -0.01409
       8.696     -0.01409
       8.712     -0.01409
       8.719     -0.01409
       8.734      -0.0336
       8.742      -0.0336
       8.757     -0.05312
       8.764     -0.07263
        8.78     -0.05312
       8.795      -0.0336
       8.802     -0.01409
       8.817      0.02493
       8.825      0.02493
        8.84      0.06396
       8.855        0.103
       8.863        0.142
       8.878        0.142
       8.886       0.1225
       8.901      0.08347
       8.908      0.06396
       8.923      0.06396
       8.931      0.08347
       8.946       0.1225
       8.954        0.142
       8.976        0.103
