     0.01186       0.0813
     0.01942      0.04517
     0.03455    -0.009033
     0.04212      -0.0271
     0.05725     -0.06323
     0.06481      -0.0813
     0.07994      -0.0813
     0.08751     -0.06323
      0.1026     -0.04517
      0.1102     -0.04517
      0.1178      -0.0271
      0.1329    -0.009033
      0.1405    -0.009033
      0.1556    -0.009033
      0.1632    -0.009033
      0.1783    -0.009033
      0.1934    -0.009033
       0.201     0.009033
      0.2085       0.0271
      0.2237       0.0271
      0.2312       0.0271
      0.2464       0.0271
      0.2539       0.0271
      0.2615       0.0271
      0.2766    -0.009033
      0.2842    -0.009033
      0.2993      -0.0271
      0.3069     -0.04517
       0.322     -0.06323
      0.3296      -0.0813
      0.3447      -0.0813
      0.3523     -0.06323
      0.3674     -0.04517
       0.375     -0.04517
      0.3825      -0.0271
      0.3977      -0.0271
      0.4052    -0.009033
      0.4128     0.009033
      0.4279       0.0271
      0.4355      0.04517
      0.4506       0.0813
      0.4582      0.09937
      0.4658       0.1174
      0.4809       0.1174
      0.4884       0.1174
       0.496       0.1174
      0.5111       0.0813
      0.5187      0.06323
      0.5338     0.009033
      0.5414    -0.009033
      0.5565    -0.009033
      0.5717      -0.0271
      0.5792      -0.0271
      0.5868    -0.009033
      0.6019      -0.0271
      0.6095      -0.0271
      0.6171    -0.009033
      0.6322    -0.009033
      0.6397    -0.009033
      0.6549    -0.009033
      0.6624    -0.009033
      0.6776    -0.009033
      0.6851    -0.009033
      0.7003    -0.009033
      0.7078    -0.009033
       0.723    -0.009033
      0.7381    -0.009033
      0.7457     0.009033
      0.7532      0.04517
      0.7683      0.06323
      0.7759      0.04517
       0.791     0.009033
      0.7986    -0.009033
      0.8137     -0.04517
      0.8213     -0.06323
      0.8364     -0.04517
      0.8516      -0.0271
      0.8591    -0.009033
      0.8743    -0.009033
      0.8818    -0.009033
       0.897    -0.009033
      0.9045    -0.009033
      0.9196    -0.009033
      0.9272    -0.009033
      0.9423    -0.009033
      0.9499    -0.009033
      0.9575    -0.009033
      0.9726    -0.009033
      0.9802     0.009033
      0.9953       0.0271
       1.003       0.0271
       1.018       0.0271
       1.033    -0.009033
       1.041      -0.0271
       1.056     0.009033
       1.063       0.0271
       1.079      0.06323
       1.086      0.06323
       1.101       0.0271
       1.109       0.0271
       1.124    -0.009033
       1.131    -0.009033
       1.147    -0.009033
       1.154    -0.009033
       1.162     0.009033
       1.177    -0.009033
       1.184    -0.009033
       1.192    -0.009033
       1.207    -0.009033
       1.215    -0.009033
        1.23    -0.009033
       1.237    -0.009033
       1.253      -0.0271
        1.26      -0.0271
       1.275      -0.0271
        1.29      -0.0271
       1.298    -0.009033
       1.313     0.009033
       1.321       0.0271
       1.336       0.0271
       1.343      0.04517
       1.358       0.0271
       1.366       0.0271
       1.381       0.0271
       1.396     0.009033
       1.404     0.009033
       1.419       0.0271
       1.426       0.0271
       1.434       0.0271
       1.449     0.009033
       1.457    -0.009033
       1.472    -0.009033
       1.479      -0.0271
       1.495      -0.0271
       1.502      -0.0271
       1.517      -0.0271
       1.525      -0.0271
        1.54      -0.0271
       1.548    -0.009033
       1.563     0.009033
        1.57       0.0271
       1.578      0.04517
       1.593      0.06323
         1.6      0.04517
       1.616       0.0271
       1.623       0.0271
       1.638     0.009033
       1.646     0.009033
       1.653     0.009033
       1.669      -0.0271
       1.676      -0.0271
       1.691     -0.04517
       1.699     -0.06323
       1.714     -0.04517
       1.729    -0.009033
       1.737     0.009033
       1.752    -0.009033
       1.759    -0.009033
       1.774    -0.009033
       1.782    -0.009033
       1.797    -0.009033
       1.805    -0.009033
        1.82     0.009033
       1.835       0.0271
       1.843       0.0271
       1.858      0.06323
       1.873       0.0813
        1.88       0.0813
       1.888      0.09937
       1.903      0.06323
       1.911      0.04517
       1.918       0.0271
       1.933    -0.009033
       1.941      -0.0271
       1.948     -0.06323
       1.956      -0.0813
       1.971     -0.09937
       1.979     -0.09937
       1.994     -0.09937
       2.001      -0.0813
       2.017     -0.06323
       2.024     -0.04517
       2.032      -0.0271
       2.047    -0.009033
       2.054     0.009033
        2.07      0.04517
       2.085      0.04517
       2.092      0.04517
       2.107      0.04517
       2.115      0.04517
        2.13      0.04517
       2.138      0.04517
       2.153      0.04517
        2.16      0.06323
       2.175      0.06323
       2.183      0.06323
       2.198       0.0271
       2.206     0.009033
       2.221    -0.009033
       2.236      -0.0271
       2.244     -0.04517
       2.251     -0.04517
       2.266     -0.06323
       2.274     -0.04517
       2.289     -0.04517
       2.296      -0.0271
       2.304    -0.009033
       2.319     0.009033
       2.327     0.009033
       2.342       0.0271
       2.349       0.0271
       2.365       0.0271
       2.372       0.0271
       2.387      0.04517
       2.402      0.04517
        2.41      0.04517
       2.425       0.0271
       2.433       0.0271
       2.448      -0.0271
       2.455     -0.04517
       2.463     -0.04517
       2.478     -0.06323
       2.486     -0.06323
       2.501     -0.06323
       2.508     -0.06323
       2.531      -0.0271
       2.546    -0.009033
       2.554    -0.009033
       2.569    -0.009033
       2.576    -0.009033
       2.591    -0.009033
       2.599    -0.009033
       2.607     0.009033
       2.622      0.04517
       2.629      0.04517
       2.637      0.06323
       2.652      0.06323
        2.66      0.06323
       2.675      0.04517
       2.682       0.0271
       2.697    -0.009033
       2.705    -0.009033
        2.72    -0.009033
       2.728    -0.009033
       2.743     0.009033
       2.758     0.009033
       2.765       0.0271
       2.773      0.04517
       2.788      0.06323
       2.796       0.0813
       2.811      0.06323
       2.818      0.06323
       2.834      0.04517
       2.841      0.04517
       2.849      0.04517
       2.864       0.0271
       2.871       0.0271
       2.887     0.009033
       2.894    -0.009033
       2.909     -0.04517
       2.917     -0.06323
       2.932     -0.09937
       2.939      -0.1174
       2.955     -0.09937
        2.97      -0.0813
       2.977      -0.0813
       2.985     -0.06323
           3     -0.04517
       3.008      -0.0271
       3.023    -0.009033
        3.03     0.009033
       3.045       0.0271
       3.053       0.0271
       3.068      0.06323
       3.076       0.0813
       3.091      0.09937
       3.098      0.09937
       3.113      0.09937
       3.136      0.06323
       3.144      0.04517
       3.159     0.009033
       3.174    -0.009033
       3.182      -0.0271
       3.197      -0.0271
       3.204     -0.04517
       3.219     -0.04517
       3.235     -0.06323
       3.242     -0.04517
       3.257      -0.0271
       3.272      -0.0271
        3.28    -0.009033
       3.295       0.0271
       3.303      0.04517
       3.318      0.04517
       3.333      0.04517
        3.34      0.06323
       3.356      0.06323
       3.363       0.0813
       3.378      0.09937
       3.386      0.09937
       3.401      0.09937
       3.416      0.06323
       3.424       0.0271
       3.431    -0.009033
       3.439     -0.04517
       3.446      -0.0813
       3.454     -0.09937
       3.469      -0.1536
       3.477      -0.1536
       3.484      -0.1355
       3.499      -0.1174
       3.507      -0.1174
       3.514     -0.09937
        3.53     -0.09937
       3.537      -0.0813
       3.552      -0.0813
        3.56      -0.0813
       3.575      -0.0813
       3.582     -0.06323
       3.598     -0.06323
       3.605     -0.04517
        3.62      -0.0271
       3.635     0.009033
       3.643     0.009033
       3.658       0.0271
       3.666       0.0271
       3.681      0.04517
       3.696      0.06323
       3.704       0.0813
       3.711       0.1174
       3.719       0.1355
       3.734       0.1536
       3.741       0.1355
       3.756      0.09937
       3.764       0.0813
       3.779      0.04517
       3.787       0.0271
       3.802    -0.009033
       3.809    -0.009033
       3.825      -0.0271
       3.832      -0.0271
        3.84      -0.0271
       3.855      -0.0271
       3.862      -0.0271
        3.87    -0.009033
       3.885    -0.009033
       3.893    -0.009033
       3.908     0.009033
       3.923      0.04517
        3.93      0.04517
       3.938      0.06323
       3.953      0.06323
       3.961      0.06323
       3.976       0.0813
       3.983       0.0813
       3.991       0.0813
       4.006      0.06323
       4.014      0.04517
       4.021      0.04517
       4.036       0.0271
       4.044       0.0271
       4.059    -0.009033
       4.067    -0.009033
       4.082      -0.0271
       4.089     -0.04517
       4.104     -0.04517
        4.12     -0.06323
       4.135     -0.06323
        4.15     -0.06323
       4.157     -0.06323
       4.173     -0.06323
        4.18     -0.06323
       4.195     -0.06323
       4.203     -0.04517
       4.218    -0.009033
       4.226     0.009033
       4.241      0.04517
       4.248      0.06323
       4.256       0.0813
       4.271       0.0813
       4.278       0.0813
       4.294       0.0813
       4.309      0.04517
       4.316       0.0271
       4.331    -0.009033
       4.339    -0.009033
       4.354    -0.009033
       4.369    -0.009033
       4.377      -0.0271
       4.392      -0.0271
         4.4      -0.0271
       4.415      -0.0271
       4.422      -0.0271
       4.437      -0.0271
       4.445      -0.0271
        4.46      -0.0271
       4.475     -0.04517
       4.483     -0.04517
       4.498      -0.0271
       4.513     0.009033
       4.521       0.0271
       4.536      0.06323
       4.543       0.0813
       4.558      0.09937
       4.566      0.09937
       4.581      0.09937
       4.589      0.09937
       4.596      0.06323
       4.611     0.009033
       4.619    -0.009033
       4.626     -0.04517
       4.634     -0.06323
       4.649      -0.0813
       4.657      -0.0813
       4.672      -0.0813
       4.679      -0.0813
       4.695     -0.06323
       4.702     -0.06323
        4.71     -0.04517
       4.725     -0.04517
       4.732     -0.04517
       4.747     -0.04517
       4.755     -0.04517
        4.77      -0.0271
       4.785      -0.0271
       4.793      -0.0271
       4.808    -0.009033
       4.823     0.009033
       4.831       0.0271
       4.846       0.0271
       4.853      0.04517
       4.869      0.04517
       4.876      0.04517
       4.891       0.0813
       4.906       0.0813
       4.914      0.09937
       4.929       0.0813
       4.937      0.06323
       4.952       0.0271
       4.959     0.009033
       4.974     0.009033
        4.99    -0.009033
       4.997    -0.009033
       5.012      -0.0271
        5.02      -0.0271
       5.035      -0.0271
       5.043      -0.0271
       5.058    -0.009033
       5.073    -0.009033
        5.08    -0.009033
       5.095    -0.009033
       5.103    -0.009033
       5.118    -0.009033
       5.133     0.009033
       5.148     0.009033
       5.156     0.009033
       5.171      0.04517
       5.179      0.06323
       5.194      0.04517
       5.201       0.0271
       5.217    -0.009033
       5.224    -0.009033
       5.239      -0.0271
       5.247      -0.0271
       5.262     -0.04517
       5.269     -0.04517
       5.285     -0.04517
       5.292     -0.04517
       5.307     -0.04517
       5.315     -0.04517
        5.33     -0.04517
       5.338      -0.0271
       5.353      -0.0271
        5.36    -0.009033
       5.375    -0.009033
       5.383     0.009033
       5.398       0.0271
       5.406      0.04517
       5.421       0.0813
       5.428       0.1174
       5.443       0.1355
       5.451       0.1355
       5.466      0.09937
       5.474       0.0813
       5.489      0.04517
       5.496     0.009033
       5.512    -0.009033
       5.519    -0.009033
       5.534    -0.009033
       5.542    -0.009033
       5.557    -0.009033
       5.565    -0.009033
        5.58    -0.009033
       5.587    -0.009033
       5.602    -0.009033
        5.61    -0.009033
       5.625     0.009033
       5.633     0.009033
       5.648    -0.009033
       5.655    -0.009033
        5.67    -0.009033
       5.678    -0.009033
       5.693     0.009033
       5.701     0.009033
       5.716       0.0271
       5.723       0.0271
       5.739      0.04517
       5.746      0.04517
       5.761      0.04517
       5.776       0.0271
       5.784     0.009033
       5.799      -0.0271
       5.807     -0.04517
       5.822     -0.06323
       5.829      -0.0813
       5.844      -0.0813
       5.852     -0.06323
       5.867     -0.04517
       5.875     -0.04517
       5.882      -0.0271
       5.897      -0.0271
       5.905      -0.0271
        5.92    -0.009033
       5.935    -0.009033
       5.943     0.009033
       5.958     0.009033
       5.965       0.0271
       5.981      0.04517
       5.988      0.06323
       5.996       0.0813
       6.011      0.06323
       6.018      0.04517
       6.026      0.04517
       6.041      0.04517
       6.049      0.04517
       6.064      0.04517
       6.079     0.009033
       6.086      -0.0271
       6.102      -0.0813
       6.109      -0.0813
       6.124      -0.0813
       6.132     -0.06323
       6.147      -0.0271
       6.162    -0.009033
        6.17    -0.009033
       6.177    -0.009033
       6.192      -0.0271
         6.2      -0.0271
       6.208    -0.009033
       6.223    -0.009033
        6.23    -0.009033
       6.245    -0.009033
       6.253    -0.009033
       6.268    -0.009033
       6.276    -0.009033
       6.291     0.009033
       6.298       0.0271
       6.306      0.04517
       6.321      0.04517
       6.329      0.04517
       6.344      0.04517
       6.359       0.0271
       6.366     0.009033
       6.374     0.009033
       6.389    -0.009033
       6.397    -0.009033
       6.412    -0.009033
       6.419    -0.009033
       6.434      -0.0271
       6.442      -0.0271
       6.457      -0.0271
       6.465      -0.0271
       6.472    -0.009033
       6.487       0.0271
       6.495      0.04517
        6.51      0.06323
       6.518      0.06323
       6.533      0.06323
        6.54      0.06323
       6.548      0.06323
       6.563      0.04517
       6.571       0.0271
       6.578      0.04517
       6.593       0.0271
       6.601     0.009033
       6.616      -0.0271
       6.624      -0.0271
       6.639     -0.04517
       6.646     -0.04517
       6.661     -0.04517
       6.669     -0.04517
       6.684     -0.04517
       6.692     -0.04517
       6.707      -0.0271
        6.73      -0.0271
       6.737      -0.0271
       6.752      -0.0271
        6.76      -0.0271
       6.775    -0.009033
       6.782    -0.009033
       6.798       0.0271
       6.813      0.06323
        6.82       0.0813
       6.835       0.0813
       6.843       0.0813
       6.858       0.0813
       6.873       0.0271
       6.881     0.009033
       6.896     0.009033
       6.903    -0.009033
       6.919    -0.009033
       6.926    -0.009033
       6.941    -0.009033
       6.949    -0.009033
       6.964      -0.0271
       6.972      -0.0271
       6.979    -0.009033
       6.994     0.009033
       7.002     0.009033
       7.017     0.009033
       7.032    -0.009033
        7.04    -0.009033
       7.055    -0.009033
       7.062    -0.009033
       7.077       0.0271
       7.085      0.04517
         7.1       0.0271
       7.108    -0.009033
       7.123     -0.04517
        7.13     -0.04517
       7.146     -0.06323
       7.153     -0.06323
       7.168     -0.04517
       7.176     -0.04517
       7.191     -0.04517
       7.199     -0.04517
       7.206      -0.0271
       7.221    -0.009033
       7.229    -0.009033
       7.244     0.009033
       7.259       0.0271
       7.267      0.04517
       7.282      0.06323
       7.289      0.06323
       7.304      0.06323
       7.312      0.06323
       7.327      0.06323
       7.335      0.06323
        7.35      0.06323
       7.365       0.0271
       7.373     0.009033
        7.38     0.009033
       7.395      -0.0271
       7.403      -0.0271
        7.41      -0.0271
       7.425     -0.04517
       7.433     -0.04517
       7.448     -0.04517
       7.456     -0.04517
       7.471     -0.04517
       7.478     -0.04517
       7.494     -0.04517
       7.501      -0.0271
       7.516      -0.0271
       7.524      -0.0271
       7.539    -0.009033
       7.554    -0.009033
       7.562     0.009033
       7.577       0.0271
       7.584      0.04517
       7.599      0.04517
       7.607      0.04517
       7.622      0.04517
        7.63      0.04517
       7.637      0.04517
       7.652    -0.009033
        7.66      -0.0271
       7.675     -0.04517
       7.683     -0.04517
       7.698     -0.04517
       7.705     -0.04517
       7.721     -0.04517
       7.728      -0.0271
       7.743    -0.009033
       7.751    -0.009033
       7.766     0.009033
       7.773     0.009033
       7.789     0.009033
       7.796       0.0271
       7.811       0.0271
       7.819      0.04517
       7.834      0.06323
       7.849      0.06323
       7.857      0.06323
       7.872      0.04517
       7.879      0.04517
       7.895      0.06323
       7.902      0.06323
       7.917      0.09937
       7.925      0.09937
        7.94      0.09937
       7.955      0.04517
        7.97    -0.009033
       7.978      -0.0271
       7.993     -0.04517
       8.008      -0.0813
       8.016      -0.0813
       8.031     -0.09937
       8.038      -0.0813
       8.053      -0.0813
       8.061      -0.0813
       8.068     -0.06323
       8.084     -0.06323
       8.091     -0.06323
       8.106     -0.04517
       8.129    -0.009033
       8.137    -0.009033
       8.144     0.009033
       8.159     0.009033
       8.167     0.009033
       8.182     0.009033
        8.19       0.0271
       8.205      0.04517
        8.22      0.04517
       8.227      0.04517
       8.242       0.0271
        8.25       0.0271
       8.258       0.0271
       8.273    -0.009033
        8.28    -0.009033
       8.295      -0.0271
       8.303      -0.0271
       8.326      -0.0271
       8.333      -0.0271
       8.348      -0.0271
       8.356    -0.009033
       8.371    -0.009033
       8.379    -0.009033
       8.394    -0.009033
       8.401    -0.009033
       8.409     0.009033
       8.424     0.009033
       8.432       0.0271
       8.447      0.04517
       8.462      0.04517
       8.469      0.04517
       8.485      0.04517
       8.492      0.06323
       8.507      0.04517
       8.515      0.04517
        8.53       0.0271
       8.538       0.0271
       8.553     0.009033
       8.568    -0.009033
       8.575    -0.009033
        8.59    -0.009033
       8.598    -0.009033
       8.613      -0.0271
       8.621      -0.0271
       8.636    -0.009033
       8.651     0.009033
       8.659       0.0271
       8.674       0.0271
       8.681       0.0271
       8.689      0.04517
       8.704      0.06323
       8.712      0.06323
       8.727      0.04517
       8.742    -0.009033
       8.749      -0.0271
       8.764     -0.04517
       8.772     -0.04517
       8.787     -0.04517
       8.795      -0.0271
        8.81     0.009033
       8.817       0.0271
       8.833       0.0271
        8.84       0.0271
       8.855       0.0271
       8.863      0.04517
       8.878      0.04517
       8.886      0.04517
       8.901      0.04517
       8.916       0.0271
       8.923       0.0271
       8.938     0.009033
       8.946    -0.009033
       8.954    -0.009033
       8.969      -0.0271
       8.976      -0.0271
