     0.01181      -0.1483
     0.01937     -0.05563
     0.01937      -0.1113
     0.02693     -0.01854
     0.03449      0.05563
     0.04205       0.1113
      0.0496       0.1483
     0.05716       0.1483
     0.07228       0.1669
      0.0874        0.204
     0.09496       0.2225
      0.1025        0.241
      0.1176       0.2967
      0.1252       0.3152
      0.1327       0.3523
      0.1479       0.3894
      0.1554       0.3708
       0.163       0.2967
      0.1705       0.1669
      0.1781  -4.441e-016
      0.1857      -0.1669
      0.1932      -0.2967
      0.2008      -0.3708
      0.2083      -0.4079
      0.2235      -0.4079
       0.231      -0.3894
      0.2461      -0.3523
      0.2537      -0.3152
      0.2612      -0.2596
      0.2688       -0.204
      0.2764      -0.1298
      0.2839     -0.07417
      0.2915     -0.01854
       0.299      0.03708
      0.3142      0.03708
      0.3217  -4.441e-016
      0.3293  -4.441e-016
      0.3444     -0.01854
       0.352  -4.441e-016
      0.3595      0.03708
      0.3671      0.07417
      0.3822       0.1298
      0.3897       0.1298
      0.4049      0.09271
      0.4124      0.07417
      0.4275      0.03708
      0.4351      0.01854
      0.4502      0.01854
      0.4578      0.03708
      0.4653      0.07417
      0.4729       0.1113
       0.488       0.1669
      0.5031       0.1483
      0.5182       0.1298
      0.5258       0.1483
      0.5334        0.204
      0.5409        0.241
      0.5485        0.204
       0.556       0.1483
      0.5636      0.01854
      0.5712      -0.1113
      0.5787      -0.2225
      0.5863      -0.3338
      0.5938      -0.4079
      0.6089      -0.4265
      0.6165      -0.4079
      0.6241      -0.3894
      0.6316      -0.3338
      0.6392      -0.2781
      0.6467      -0.2225
      0.6543      -0.1483
      0.6619     -0.07417
      0.6694     -0.01854
       0.677      0.05563
      0.6845      0.09271
      0.6996       0.1483
      0.7148       0.1854
      0.7223       0.2225
      0.7299       0.2596
      0.7374       0.2967
       0.745       0.3338
      0.7601       0.3708
      0.7677       0.3523
      0.7752       0.3152
      0.7828       0.2781
      0.7904        0.204
      0.7979       0.1298
      0.8055      0.05563
       0.813     -0.01854
      0.8281     -0.03708
      0.8357     -0.01854
      0.8433      0.01854
      0.8508      0.05563
      0.8584      0.09271
      0.8659       0.1298
      0.8811       0.1483
      0.8886       0.1113
      0.8962      0.05563
      0.9037     -0.01854
      0.9113     -0.05563
      0.9188     -0.07417
       0.934      -0.1113
      0.9415     -0.09271
      0.9566      -0.1298
      0.9642      -0.1669
      0.9718      -0.1669
      0.9869      -0.1113
      0.9944     -0.09271
        1.01      -0.1113
       1.017      -0.1113
       1.025     -0.09271
       1.032     -0.03708
        1.04      0.09271
       1.047       0.1669
       1.055       0.2596
       1.062       0.2967
       1.078       0.3152
       1.085       0.3152
         1.1        0.241
       1.108       0.1669
       1.115       0.1113
       1.123      0.07417
       1.138  -4.441e-016
       1.146  -4.441e-016
       1.161     -0.01854
       1.168     -0.01854
       1.183  -4.441e-016
       1.191  -4.441e-016
       1.206      0.01854
       1.214  -4.441e-016
       1.229  -4.441e-016
       1.244  -4.441e-016
       1.251  -4.441e-016
       1.267  -4.441e-016
       1.274     -0.03708
       1.282     -0.09271
       1.289      -0.1483
       1.297      -0.1669
       1.312       -0.204
       1.319       -0.204
       1.327      -0.1854
       1.335      -0.1669
       1.342      -0.1298
        1.35     -0.07417
       1.357     -0.03708
       1.365      0.01854
       1.372      0.07417
        1.38       0.1298
       1.387        0.204
       1.395        0.241
       1.403       0.2967
        1.41       0.2967
       1.418       0.2967
       1.433       0.2967
        1.44       0.3338
       1.456       0.3152
       1.463        0.241
       1.471       0.1298
       1.478      0.05563
       1.478     -0.05563
       1.486      -0.1854
       1.493      -0.2967
       1.501      -0.3894
       1.508       -0.445
       1.516      -0.4821
       1.531      -0.5192
       1.539      -0.5192
       1.546      -0.5006
       1.554       -0.445
       1.561      -0.4079
       1.569      -0.3523
       1.576      -0.3152
       1.584      -0.2596
       1.592      -0.2225
       1.599       -0.204
       1.607      -0.1669
       1.614      -0.1483
       1.622      -0.1113
       1.629     -0.05563
       1.637     -0.01854
       1.644      0.05563
       1.652       0.1298
        1.66       0.1669
       1.667       0.2225
       1.682       0.2225
        1.69       0.1854
       1.697       0.1669
       1.713       0.1113
        1.72       0.1113
       1.735       0.1483
        1.75       0.1854
       1.765        0.241
       1.773       0.2596
       1.788       0.3152
       1.796       0.3152
       1.803       0.3152
       1.818       0.2596
       1.826        0.204
       1.833       0.1113
       1.841      0.01854
       1.849     -0.05563
       1.856      -0.1298
       1.864      -0.1669
       1.879      -0.1854
       1.886      -0.1669
       1.901      -0.1113
       1.909     -0.09271
       1.924     -0.03708
       1.932     -0.01854
       1.939      0.01854
       1.947      0.05563
       1.962       0.1113
        1.97       0.1298
       1.985       0.1483
       1.992       0.1483
       2.007       0.1483
       2.015       0.1298
       2.022      0.09271
        2.03      0.05563
       2.038     -0.01854
       2.053     -0.05563
       2.068     -0.05563
       2.075     -0.03708
       2.098     -0.05563
       2.106     -0.03708
       2.121  -4.441e-016
       2.128  -4.441e-016
       2.136      0.03708
       2.143      0.03708
       2.158      0.01854
       2.174  -4.441e-016
       2.189     -0.01854
       2.196     -0.01854
       2.204  -4.441e-016
       2.219      0.05563
       2.226      0.07417
       2.242       0.1113
       2.249       0.1298
       2.264       0.1483
       2.272       0.1483
       2.287       0.1113
       2.295      0.07417
        2.31      0.07417
       2.325       0.1113
       2.332      0.09271
        2.34      0.05563
        2.34  -4.441e-016
       2.347     -0.03708
       2.355     -0.09271
       2.363      -0.1483
       2.378      -0.1669
       2.385      -0.1669
       2.393      -0.1483
         2.4      -0.1113
       2.408     -0.07417
       2.415     -0.01854
       2.423      0.01854
       2.438      0.09271
       2.446       0.1113
       2.461      0.07417
       2.476  -4.441e-016
       2.483     -0.01854
       2.499     -0.01854
       2.506  -4.441e-016
       2.521      0.01854
       2.529      0.03708
       2.536      0.05563
       2.552      0.05563
       2.559      0.05563
       2.574      0.03708
       2.582      0.01854
       2.597     -0.03708
       2.604     -0.09271
       2.612      -0.1298
        2.62      -0.1854
       2.627       -0.241
       2.642      -0.2781
        2.65      -0.2596
       2.657       -0.204
       2.665      -0.1298
       2.672     -0.07417
        2.68     -0.03708
       2.688  -4.441e-016
       2.695      0.05563
       2.703      0.07417
        2.71       0.1113
       2.718       0.1483
       2.725        0.204
       2.733       0.2225
       2.748       0.2225
       2.756       0.1854
       2.763       0.1298
       2.771      0.09271
       2.778      0.05563
       2.786      0.03708
       2.801      0.05563
       2.809      0.09271
       2.824       0.1298
       2.831       0.1669
       2.846       0.1669
       2.854       0.1669
       2.869       0.1669
       2.877       0.1483
       2.884       0.1483
       2.899       0.1113
       2.907       0.1113
       2.922       0.1113
       2.929       0.1113
       2.937      0.07417
       2.945      0.01854
       2.952     -0.07417
        2.96      -0.1669
       2.967      -0.2225
       2.982       -0.241
        2.99      -0.2596
       3.005      -0.2781
       3.013      -0.2781
       3.028      -0.3152
       3.035      -0.3152
        3.05      -0.2596
       3.058       -0.204
       3.066      -0.1483
       3.073      -0.1113
       3.081     -0.07417
       3.088     -0.03708
       3.096  -4.441e-016
       3.103      0.05563
       3.111      0.09271
       3.118       0.1483
       3.126       0.1854
       3.134       0.2225
       3.141       0.2596
       3.149       0.2967
       3.164       0.2596
       3.171       0.2225
       3.179       0.1669
       3.186       0.1113
       3.194      0.05563
       3.202      0.03708
       3.202  -4.441e-016
       3.217     -0.03708
       3.224     -0.05563
       3.232     -0.03708
       3.247  -4.441e-016
       3.254      0.03708
        3.27      0.03708
       3.277      0.05563
       3.292       0.1113
         3.3       0.1669
       3.307       0.2225
       3.315       0.2596
        3.33       0.2596
       3.338        0.241
       3.345        0.241
        3.36       0.1854
       3.368       0.1298
       3.375      0.07417
       3.375  -4.441e-016
       3.383     -0.03708
       3.391      -0.1298
       3.398      -0.2225
       3.406      -0.2781
       3.413      -0.2967
       3.428      -0.3338
       3.436      -0.3338
       3.451      -0.3152
       3.459      -0.2967
       3.466      -0.2596
       3.474      -0.2225
       3.481      -0.1854
       3.489      -0.1483
       3.496      -0.1113
       3.504     -0.07417
       3.511     -0.03708
       3.519     -0.01854
       3.534      0.05563
       3.542      0.07417
       3.557       0.1298
       3.564       0.1483
       3.579       0.1483
       3.587       0.1298
       3.595       0.1298
       3.602      0.09271
        3.61      0.05563
       3.617      0.03708
       3.617  -4.441e-016
       3.625  -4.441e-016
        3.64  -4.441e-016
       3.648      0.05563
       3.655      0.07417
        3.67       0.1483
       3.678       0.1854
       3.693        0.204
         3.7       0.1669
       3.708      0.09271
       3.716      0.05563
       3.716     -0.03708
       3.723     -0.09271
       3.731      -0.1854
       3.738      -0.2225
       3.753      -0.2596
       3.761      -0.2596
       3.768       -0.241
       3.784      -0.1854
       3.791      -0.1298
       3.799     -0.09271
       3.806     -0.05563
       3.821  -4.441e-016
       3.829      0.03708
       3.836      0.05563
       3.852      0.09271
       3.859       0.1113
       3.867       0.1483
       3.874       0.1669
       3.897        0.204
       3.905        0.204
        3.92        0.204
       3.927       0.1854
       3.935       0.1483
       3.942       0.1113
       3.957      0.05563
       3.965     -0.01854
       3.973     -0.05563
        3.98     -0.09271
       3.988      -0.1298
       3.995      -0.1483
        4.01      -0.1854
       4.018      -0.1669
       4.033      -0.1298
       4.041     -0.09271
       4.048     -0.05563
       4.056  -4.441e-016
       4.063      0.03708
       4.071      0.05563
       4.093      0.01854
       4.101  -4.441e-016
       4.116      0.01854
       4.124      0.03708
       4.139      0.03708
       4.146      0.05563
       4.162       0.1113
       4.169       0.1113
       4.184       0.1113
       4.192       0.1113
       4.207       0.1298
       4.222       0.1483
        4.23       0.1669
       4.237        0.204
       4.252        0.204
        4.26       0.1854
       4.275       0.1483
       4.282       0.1483
       4.298       0.1298
       4.305       0.1113
       4.313      0.05563
        4.32      0.01854
       4.328     -0.01854
       4.335     -0.05563
       4.343     -0.09271
       4.358      -0.1298
       4.366      -0.1483
       4.381      -0.1298
       4.396      -0.1113
       4.403     -0.09271
       4.419     -0.05563
       4.434     -0.03708
       4.441     -0.01854
       4.456  -4.441e-016
       4.464  -4.441e-016
       4.471      0.03708
       4.479      0.05563
       4.494      0.05563
       4.502      0.05563
       4.509      0.05563
       4.524      0.05563
       4.532      0.07417
       4.547       0.1113
       4.562       0.1483
        4.57       0.1298
       4.577       0.1113
       4.592      0.07417
         4.6      0.05563
       4.615  -4.441e-016
       4.623     -0.01854
       4.638     -0.03708
       4.645     -0.01854
        4.66  -4.441e-016
       4.668      0.01854
       4.683      0.03708
       4.691      0.05563
       4.698      0.09271
       4.706       0.1113
       4.721       0.1483
       4.728       0.1483
       4.736      0.09271
       4.744      0.05563
       4.751      0.03708
       4.751  -4.441e-016
       4.759     -0.03708
       4.766     -0.07417
       4.774      -0.1113
       4.789      -0.1483
       4.796      -0.1298
       4.804     -0.09271
       4.812     -0.07417
       4.827     -0.03708
       4.834     -0.05563
       4.849     -0.03708
       4.857     -0.01854
       4.872     -0.03708
        4.88     -0.05563
       4.895     -0.03708
       4.902     -0.01854
       4.917     -0.07417
       4.932     -0.09271
        4.94      -0.1113
       4.948     -0.09271
       4.963     -0.07417
        4.97     -0.03708
       4.978     -0.01854
       4.985      0.01854
       4.993      0.05563
       5.001       0.1113
       5.008       0.1483
       5.016       0.1854
       5.023        0.204
       5.031       0.1669
       5.038       0.1113
       5.046      0.05563
       5.053  -4.441e-016
       5.069     -0.03708
       5.076     -0.03708
       5.091     -0.03708
       5.106     -0.09271
       5.114     -0.07417
       5.129     -0.05563
       5.137     -0.01854
       5.152  -4.441e-016
       5.174      0.03708
       5.182      0.05563
       5.189      0.09271
       5.197       0.1483
       5.205       0.1854
       5.212       0.2225
       5.227        0.204
       5.235       0.1669
       5.242       0.1113
        5.25      0.05563
       5.265  -4.441e-016
       5.273  -4.441e-016
       5.288  -4.441e-016
       5.295  -4.441e-016
        5.31      0.03708
       5.318      0.05563
       5.333      0.05563
       5.341      0.03708
       5.356      0.05563
       5.363      0.07417
       5.371       0.1113
       5.378       0.1669
       5.394       0.1854
       5.401       0.1483
       5.409      0.07417
       5.416      0.03708
       5.416     -0.03708
       5.424      -0.1298
       5.431       -0.241
       5.439      -0.3523
       5.446      -0.4265
       5.454      -0.4636
       5.469       -0.445
       5.477      -0.3894
       5.484      -0.3338
       5.492      -0.2781
       5.499       -0.241
       5.507      -0.1669
       5.515      -0.1113
       5.522     -0.03708
        5.53      0.05563
        5.53  -4.441e-016
       5.537      0.09271
       5.545       0.1483
       5.552       0.1669
       5.567       0.1669
       5.575       0.1483
       5.583       0.1298
       5.598      0.09271
       5.605      0.07417
        5.62      0.07417
       5.628      0.07417
       5.635      0.07417
       5.651      0.07417
       5.658      0.07417
       5.666      0.09271
       5.681       0.1298
       5.688       0.1483
       5.696       0.1854
       5.703        0.204
       5.719       0.2596
       5.726       0.2781
       5.741       0.2967
       5.749       0.3152
       5.764       0.3523
       5.772       0.3708
       5.779       0.3523
       5.787       0.2967
       5.794       0.1669
       5.802      0.03708
       5.809      -0.1298
       5.817      -0.2596
       5.824      -0.3708
       5.832      -0.4265
       5.847      -0.4636
       5.855      -0.4821
        5.87       -0.445
       5.877      -0.4265
       5.885      -0.3894
       5.892      -0.3523
         5.9      -0.2967
       5.908      -0.2225
       5.915      -0.1298
       5.923     -0.03708
        5.93      0.05563
        5.93  -4.441e-016
       5.938       0.1113
       5.945       0.1669
       5.953        0.204
        5.96        0.204
       5.968       0.1483
       5.976       0.1113
       5.983      0.09271
       5.998      0.05563
       6.006      0.07417
       6.021      0.09271
       6.029       0.1113
       6.044      0.09271
       6.051      0.07417
       6.066      0.05563
       6.081      0.05563
       6.097      0.09271
       6.112       0.1298
       6.119       0.1483
       6.134       0.1669
       6.142       0.1669
       6.149       0.1669
       6.157       0.1298
       6.165      0.07417
       6.172     -0.05563
        6.18      -0.1669
       6.187      -0.2781
       6.195      -0.3523
        6.21      -0.3523
       6.217      -0.3152
       6.225       -0.241
       6.233      -0.1669
        6.24     -0.09271
       6.248     -0.05563
       6.263     -0.01854
        6.27  -4.441e-016
       6.285      0.03708
       6.293      0.07417
       6.301       0.1298
       6.308       0.1669
       6.323       0.2225
       6.331        0.241
       6.346       0.2596
       6.354        0.241
       6.361       0.1854
       6.369       0.1298
       6.376      0.07417
       6.384  -4.441e-016
       6.391     -0.01854
       6.406     -0.03708
       6.414     -0.01854
       6.429  -4.441e-016
       6.437      0.03708
       6.444      0.05563
       6.452      0.09271
       6.459       0.1113
       6.474       0.1298
        6.49       0.1669
       6.505       0.1854
       6.512       0.1483
        6.52       0.1113
       6.527      0.05563
       6.527  -4.441e-016
       6.535     -0.03708
       6.542     -0.09271
        6.55      -0.1298
       6.565      -0.1483
       6.573      -0.1113
        6.58     -0.09271
       6.595     -0.03708
       6.603     -0.03708
       6.618     -0.07417
       6.626     -0.07417
       6.641     -0.03708
       6.648     -0.01854
       6.663     -0.01854
       6.671     -0.01854
       6.686     -0.03708
       6.694     -0.03708
       6.709     -0.03708
       6.716     -0.01854
       6.731     -0.01854
       6.739     -0.03708
       6.754     -0.05563
       6.769     -0.07417
       6.777     -0.05563
       6.792     -0.03708
       6.799     -0.01854
       6.815     -0.01854
       6.822  -4.441e-016
        6.83      0.01854
       6.837      0.05563
       6.845      0.09271
        6.86       0.1113
       6.868      0.07417
       6.875      0.01854
       6.883     -0.03708
        6.89     -0.09271
       6.905      -0.1113
       6.913     -0.09271
       6.928     -0.09271
       6.936     -0.09271
       6.943     -0.07417
       6.951     -0.03708
       6.958  -4.441e-016
       6.966      0.05563
       6.973      0.07417
       6.988      0.07417
       6.996      0.09271
       7.004       0.1113
       7.019       0.1854
       7.026       0.1854
       7.034        0.204
       7.049       0.1854
       7.056       0.1854
       7.072       0.1669
       7.079       0.1669
       7.094        0.204
       7.109       0.2225
       7.117        0.241
       7.132       0.2225
        7.14       0.1854
       7.155       0.1298
       7.162      0.09271
       7.177      0.03708
       7.185      0.01854
         7.2     -0.01854
       7.208     -0.07417
       7.215      -0.1483
       7.223       -0.204
        7.23      -0.2596
       7.245      -0.2781
       7.253      -0.2781
       7.268       -0.241
       7.276       -0.204
       7.283      -0.1669
       7.291      -0.1298
       7.306     -0.07417
       7.313     -0.05563
       7.329     -0.03708
       7.336     -0.01854
       7.351  -4.441e-016
       7.366  -4.441e-016
       7.374  -4.441e-016
       7.382      0.03708
       7.397      0.07417
       7.412      0.07417
       7.419      0.05563
       7.419  -4.441e-016
       7.427     -0.03708
       7.434     -0.07417
       7.442     -0.09271
        7.45     -0.07417
       7.465     -0.01854
       7.472  -4.441e-016
       7.487      0.03708
       7.495      0.03708
        7.51      0.07417
       7.518      0.09271
       7.533       0.1113
        7.54       0.1298
       7.548       0.1298
       7.563       0.1113
        7.57       0.1113
       7.578       0.1483
       7.586       0.1669
       7.593        0.204
       7.601        0.241
       7.616       0.2781
       7.623       0.2596
       7.631       0.2225
       7.638        0.204
       7.646       0.1669
       7.654       0.1483
       7.669       0.1113
       7.676      0.09271
       7.691      0.05563
       7.699      0.03708
       7.707  -4.441e-016
       7.714     -0.01854
       7.722     -0.03708
       7.737     -0.09271
       7.744      -0.1113
       7.759     -0.09271
       7.767     -0.03708
       7.775  -4.441e-016
       7.782      0.01854
       7.797     -0.05563
       7.805     -0.09271
       7.812      -0.1483
        7.82       -0.204
       7.827       -0.241
       7.835      -0.2596
        7.85      -0.2781
       7.858      -0.2596
       7.865       -0.241
       7.888      -0.1669
       7.895      -0.1669
       7.903      -0.1298
       7.918     -0.07417
       7.926     -0.03708
       7.933     -0.01854
       7.941      0.01854
       7.948      0.07417
       7.956       0.1298
       7.964        0.204
       7.971       0.2596
       7.986        0.204
       7.994       0.1113
       8.001      0.01854
       8.009     -0.05563
       8.016      -0.1298
       8.024      -0.1854
       8.039      -0.2225
       8.047       -0.204
       8.054      -0.1854
       8.062      -0.1298
       8.069     -0.07417
       8.077     -0.01854
       8.092      0.05563
         8.1       0.1113
       8.107       0.1483
       8.115       0.1854
        8.13        0.204
       8.137       0.2225
       8.152        0.241
        8.16       0.2225
       8.168       0.1854
       8.175       0.1113
       8.183      0.01854
        8.19     -0.07417
       8.198      -0.1483
       8.205       -0.204
       8.213       -0.241
       8.228       -0.241
       8.236       -0.204
       8.243      -0.1483
       8.251     -0.09271
       8.258     -0.05563
       8.266  -4.441e-016
       8.289      0.07417
       8.311       0.1483
       8.319       0.1669
       8.334        0.204
       8.341       0.2225
       8.357        0.241
       8.364        0.241
       8.372        0.204
       8.379       0.1483
       8.387      0.09271
       8.394      0.05563
       8.402  -4.441e-016
       8.409  -4.441e-016
       8.425     -0.01854
       8.432     -0.01854
       8.447     -0.01854
       8.455  -4.441e-016
        8.47  -4.441e-016
       8.493      0.03708
         8.5      0.05563
       8.515      0.05563
       8.523      0.05563
       8.538      0.07417
       8.553      0.07417
       8.561      0.05563
       8.576  -4.441e-016
       8.583     -0.01854
       8.598     -0.05563
       8.606     -0.07417
       8.621      -0.1113
       8.629      -0.1483
       8.636      -0.1854
       8.644      -0.2225
       8.651       -0.241
       8.666      -0.2781
       8.674      -0.2596
       8.689      -0.1854
       8.697      -0.1113
       8.704     -0.07417
       8.719     -0.03708
       8.727     -0.03708
       8.735     -0.01854
        8.75      0.03708
       8.757      0.05563
       8.772      0.09271
        8.78      0.09271
       8.795      0.09271
       8.803      0.09271
        8.81      0.05563
       8.818      0.03708
       8.833  -4.441e-016
        8.84  -4.441e-016
       8.863      0.01854
       8.878      0.01854
       8.886      0.05563
       8.893      0.07417
       8.901       0.1113
       8.908       0.1483
       8.923       0.1669
       8.931       0.1483
       8.946       0.1483
       8.969       0.1483
       8.976       0.1483
