     0.01186        0.168
     0.01942       0.1295
     0.02699      0.07167
     0.03455      0.05239
     0.04212      0.01385
     0.05725     -0.02469
     0.06481     -0.06323
     0.07994      -0.1018
     0.08751      -0.1403
      0.1026      -0.1403
      0.1178     -0.08251
      0.1253     -0.06323
      0.1329     -0.02469
      0.1405     -0.00542
      0.1556      0.05239
      0.1632      0.07167
      0.1783      0.07167
      0.1859      0.07167
       0.201      0.03312
      0.2085      0.03312
      0.2161      0.05239
      0.2312      0.09094
      0.2388       0.1102
      0.2539       0.1102
      0.2615       0.1295
      0.2766       0.1295
      0.2842       0.1295
      0.2993      0.07167
      0.3145      0.03312
       0.322      0.01385
      0.3296     -0.02469
      0.3371     -0.06323
      0.3447       -0.121
      0.3523      -0.1596
      0.3674      -0.1789
       0.375      -0.1789
      0.3901      -0.1789
      0.3977      -0.1596
      0.4128       -0.121
      0.4204      -0.1018
      0.4355     -0.08251
      0.4431     -0.04396
      0.4582      0.01385
      0.4658      0.05239
      0.4809      0.09094
      0.4884       0.1102
      0.5036       0.1488
      0.5111       0.1873
      0.5187       0.2258
      0.5338       0.2451
      0.5414       0.2258
       0.549       0.1873
      0.5565       0.1488
      0.5641       0.1102
      0.5717      0.07167
      0.5868      0.01385
      0.5944     -0.02469
      0.6095     -0.06323
      0.6171     -0.08251
      0.6322     -0.08251
      0.6397     -0.06323
      0.6549     -0.02469
        0.67      0.03312
      0.6776      0.03312
      0.6927      0.01385
      0.7003      0.01385
      0.7154      0.03312
       0.723      0.05239
      0.7381       0.1102
      0.7457       0.1102
      0.7608       0.1102
      0.7759      0.05239
      0.7835      0.03312
      0.7986     -0.00542
      0.8062     -0.02469
      0.8137     -0.02469
      0.8289     -0.06323
      0.8364     -0.08251
      0.8516       -0.121
      0.8591       -0.121
      0.8743      -0.1403
      0.8818      -0.1403
       0.897      -0.1403
      0.9045       -0.121
      0.9121      -0.1018
      0.9196     -0.06323
      0.9272     -0.02469
      0.9423      0.03312
      0.9499      0.03312
      0.9575      0.03312
      0.9726     -0.00542
      0.9802     -0.04396
      0.9953     -0.02469
        1.01      0.01385
       1.018      0.07167
       1.026       0.1102
       1.033        0.168
       1.048       0.2258
       1.056       0.2258
       1.063       0.1873
       1.079       0.1295
       1.086       0.1102
       1.101      0.07167
       1.109      0.05239
       1.116      0.01385
       1.124     -0.02469
       1.139     -0.06323
       1.147     -0.06323
       1.154     -0.04396
       1.169     -0.02469
       1.177     -0.00542
       1.192      0.01385
         1.2      0.03312
       1.215      0.01385
       1.222     -0.00542
       1.237     -0.02469
       1.245     -0.02469
       1.253     -0.00542
       1.268     -0.00542
       1.275     -0.00542
       1.283     -0.00542
       1.298     -0.02469
       1.305     -0.04396
       1.321     -0.06323
       1.328     -0.08251
       1.336     -0.06323
       1.351     -0.04396
       1.358     -0.02469
       1.374      0.01385
       1.381      0.03312
       1.396      0.03312
       1.404      0.03312
       1.419     -0.00542
       1.426     -0.04396
       1.442     -0.08251
       1.449      -0.1018
       1.457      -0.1018
       1.472       -0.121
       1.479       -0.121
       1.495      -0.1018
       1.502      -0.1018
        1.51     -0.08251
       1.525     -0.06323
       1.532     -0.04396
       1.548     -0.00542
       1.555      0.01385
        1.57      0.05239
       1.585      0.03312
       1.593      0.03312
       1.608      0.05239
       1.623      0.07167
       1.631      0.09094
       1.646      0.09094
       1.653      0.09094
       1.661       0.1102
       1.676       0.1295
       1.684       0.1295
       1.699       0.1295
       1.706       0.1295
       1.714       0.1295
       1.729      0.07167
       1.737      0.05239
       1.752      0.03312
       1.767     -0.02469
       1.774     -0.04396
        1.79     -0.06323
       1.797     -0.06323
       1.812     -0.02469
        1.82     -0.00542
       1.827      0.01385
       1.843      0.03312
        1.85      0.03312
       1.865      0.01385
       1.873      0.01385
       1.888     -0.00542
       1.896     -0.02469
       1.911     -0.02469
       1.918     -0.00542
       1.926      0.01385
       1.941      0.05239
       1.948      0.09094
       1.956       0.1102
       1.971       0.1488
       1.979       0.1488
       1.986       0.1295
       1.994      0.09094
       2.001      0.05239
       2.009     -0.00542
       2.017     -0.04396
       2.024     -0.08251
       2.039      -0.1018
       2.047      -0.1018
       2.054      -0.1018
        2.07       -0.121
       2.077       -0.121
       2.085      -0.1018
         2.1     -0.08251
       2.107     -0.06323
       2.122     -0.04396
       2.138     -0.06323
       2.153      -0.1018
       2.168     -0.06323
       2.175     -0.04396
       2.183      0.01385
       2.191      0.03312
       2.198      0.05239
       2.213      0.09094
       2.221       0.1102
       2.228       0.1295
       2.244       0.1873
       2.251       0.1873
       2.266       0.1873
       2.281       0.1488
       2.289       0.1295
       2.304      0.09094
       2.312      0.07167
       2.327      0.01385
       2.334     -0.00542
       2.349     -0.04396
       2.357     -0.08251
       2.372      -0.1018
        2.38      -0.1018
       2.395      -0.1018
       2.402      -0.1018
        2.41     -0.08251
       2.425     -0.04396
       2.433     -0.02469
       2.448      0.03312
       2.455      0.05239
        2.47      0.09094
       2.478       0.1102
       2.486       0.1295
       2.493        0.168
       2.501       0.1873
       2.508       0.2066
       2.523        0.168
       2.531       0.1488
       2.539       0.1102
       2.554      0.07167
       2.561      0.03312
       2.569      0.01385
       2.576     -0.02469
       2.584     -0.06323
       2.599       -0.121
       2.607       -0.121
       2.622       -0.121
       2.637      -0.1403
       2.644       -0.121
        2.66     -0.08251
       2.675     -0.02469
       2.682     -0.00542
        2.69      0.01385
       2.697      0.05239
       2.705      0.07167
        2.72       0.1102
       2.728       0.1295
       2.743       0.1295
        2.75       0.1488
       2.765       0.1295
       2.773       0.1295
       2.788      0.09094
       2.796      0.07167
       2.811      0.05239
       2.826     -0.02469
       2.834     -0.06323
       2.841       -0.121
       2.849      -0.1596
       2.856      -0.1981
       2.871      -0.2367
       2.879      -0.2174
       2.894      -0.1596
       2.902      -0.1403
       2.917     -0.08251
       2.924     -0.06323
       2.932     -0.04396
       2.947      0.01385
       2.955      0.03312
       2.962      0.05239
       2.977      0.07167
       2.985      0.07167
       2.992       0.1102
       3.008        0.168
       3.015       0.1873
        3.03       0.1873
       3.038       0.1873
       3.045       0.1873
       3.061       0.1102
       3.068      0.03312
       3.076     -0.04396
       3.083       -0.121
       3.091      -0.1789
       3.106      -0.2367
       3.113      -0.2367
       3.129      -0.2174
       3.136      -0.1981
       3.151       -0.121
       3.159     -0.08251
       3.174     -0.04396
       3.182     -0.02469
       3.189     -0.00542
       3.204      0.03312
       3.212      0.05239
       3.227       0.1102
       3.235       0.1295
        3.25       0.1488
       3.257        0.168
       3.265       0.1873
        3.28       0.2066
       3.287       0.2066
       3.303        0.168
        3.31       0.1295
       3.318      0.09094
       3.325      0.05239
       3.333      0.01385
       3.348     -0.02469
       3.356     -0.04396
       3.363     -0.04396
       3.378     -0.08251
       3.386      -0.1018
       3.401      -0.1596
       3.416      -0.1981
       3.424      -0.1789
       3.431      -0.1596
       3.439      -0.1018
       3.446     -0.04396
       3.454     -0.00542
       3.461      0.03312
       3.477      0.09094
       3.484       0.1102
       3.492       0.1295
       3.507       0.1102
       3.514       0.1102
        3.53       0.1295
       3.552       0.1295
        3.56       0.1488
       3.575       0.1488
       3.582       0.1295
        3.59       0.1295
       3.605      0.09094
       3.613      0.05239
        3.62      0.01385
       3.628     -0.04396
       3.635     -0.08251
       3.643       -0.121
       3.651      -0.1596
       3.658      -0.1789
       3.673      -0.1789
       3.681      -0.1596
       3.688       -0.121
       3.696     -0.08251
       3.704     -0.06323
       3.719     -0.02469
       3.726     -0.02469
       3.741     -0.04396
       3.749     -0.04396
       3.764     -0.04396
       3.772     -0.00542
       3.787      0.03312
       3.794      0.05239
       3.809      0.09094
       3.817      0.09094
       3.825       0.1102
        3.84       0.1102
       3.847      0.09094
       3.855      0.07167
       3.862      0.03312
        3.87     -0.00542
       3.878     -0.02469
       3.893     -0.06323
         3.9     -0.06323
       3.908     -0.04396
       3.923     -0.04396
        3.93     -0.02469
       3.946     -0.02469
       3.953     -0.02469
       3.968     -0.08251
       3.976     -0.08251
       3.991     -0.08251
       3.999     -0.06323
       4.014     -0.02469
       4.021     -0.04396
       4.029     -0.04396
       4.044     -0.08251
       4.052     -0.06323
       4.067     -0.00542
       4.074      0.01385
       4.089      0.07167
       4.097      0.07167
       4.112      0.07167
       4.127      0.03312
       4.135      0.03312
        4.15      0.01385
       4.157     -0.00542
       4.173     -0.00542
       4.188     -0.02469
       4.195     -0.02469
       4.203     -0.00542
       4.218      0.05239
       4.226      0.09094
       4.241       0.1102
       4.248       0.1102
       4.263      0.07167
       4.271      0.05239
       4.286      0.03312
       4.294      0.03312
       4.301      0.05239
       4.316      0.07167
       4.324      0.05239
       4.339      0.07167
       4.354      0.05239
       4.362      0.05239
       4.377      0.03312
       4.384      0.03312
         4.4      0.03312
       4.407      0.03312
       4.422      0.01385
        4.43      0.01385
       4.445     -0.00542
       4.452     -0.04396
       4.468     -0.06323
       4.475     -0.06323
       4.483     -0.04396
       4.498     -0.00542
       4.505      0.03312
       4.521      0.07167
       4.528      0.09094
       4.536       0.1295
       4.543       0.1295
       4.551        0.168
       4.558       0.2066
       4.566       0.2451
       4.581       0.2644
       4.589       0.2644
       4.596       0.2644
       4.611       0.2258
       4.619       0.1873
       4.626       0.1295
       4.634      0.07167
       4.642     -0.02469
       4.649      -0.1018
       4.657      -0.1596
       4.664      -0.2174
       4.672      -0.2559
       4.679      -0.2752
       4.695      -0.2945
       4.702      -0.2752
       4.717      -0.2752
       4.725      -0.2752
       4.732      -0.2367
        4.74      -0.2174
       4.747      -0.1789
       4.755       -0.121
       4.763     -0.08251
        4.77     -0.04396
       4.785      0.01385
       4.793      0.05239
         4.8      0.09094
       4.808       0.1295
       4.823        0.168
       4.831        0.168
       4.838       0.1873
       4.853       0.1873
       4.861        0.168
       4.869       0.1295
       4.876      0.09094
       4.884      0.03312
       4.891     -0.02469
       4.899     -0.06323
       4.906     -0.08251
       4.921       -0.121
       4.929       -0.121
       4.937      -0.1018
       4.952     -0.06323
       4.959     -0.04396
       4.974     -0.04396
       4.982     -0.04396
        4.99     -0.04396
       5.005     -0.06323
       5.012     -0.06323
       5.027     -0.06323
       5.035     -0.04396
        5.05     -0.00542
       5.058     -0.00542
       5.073     -0.00542
        5.08      0.01385
       5.088      0.05239
       5.095      0.09094
       5.103       0.1295
       5.118       0.1488
       5.126       0.1488
       5.141      0.09094
       5.148      0.07167
       5.164      0.03312
       5.171      0.03312
       5.186      0.01385
       5.194      0.01385
       5.209      0.01385
       5.217      0.01385
       5.232      0.01385
       5.239      0.01385
       5.254     -0.02469
       5.262     -0.06323
       5.269     -0.06323
       5.285      -0.1018
       5.292      -0.1018
       5.307      -0.1403
       5.315      -0.1403
        5.33      -0.1018
       5.338     -0.06323
       5.345     -0.00542
       5.353      0.05239
        5.36       0.1102
       5.368       0.1488
       5.383        0.168
       5.391        0.168
       5.406       0.1295
       5.413       0.1102
       5.428      0.09094
       5.436      0.09094
       5.451      0.07167
       5.459      0.03312
       5.466     -0.00542
       5.474     -0.02469
       5.489     -0.04396
       5.496     -0.06323
       5.512     -0.08251
       5.519     -0.08251
       5.534     -0.06323
       5.549     -0.06323
       5.557     -0.04396
       5.572     -0.02469
        5.58     -0.02469
       5.595     -0.00542
       5.602      0.01385
        5.61      0.05239
       5.617      0.07167
       5.633       0.1295
        5.64       0.1295
       5.655       0.1102
       5.663       0.1102
       5.678      0.05239
       5.686      0.01385
       5.701     -0.02469
       5.708     -0.04396
       5.723     -0.04396
       5.731     -0.02469
       5.746      0.01385
       5.754      0.01385
       5.769      0.01385
       5.776     -0.00542
       5.791     -0.00542
       5.799     -0.00542
       5.814     -0.00542
       5.822     -0.00542
       5.829      0.01385
       5.844      0.01385
       5.852      0.01385
       5.867     -0.02469
       5.875     -0.04396
        5.89     -0.02469
       5.905     -0.02469
       5.912     -0.04396
        5.92     -0.08251
       5.928      -0.1018
       5.943      -0.1018
        5.95     -0.06323
       5.965     -0.00542
       5.973      0.01385
       5.981      0.05239
       5.988      0.07167
       5.996       0.1102
       6.003       0.1295
       6.018       0.1488
       6.026       0.1488
       6.041       0.1102
       6.049      0.09094
       6.064      0.05239
       6.071      0.01385
       6.086     -0.00542
       6.094     -0.00542
       6.102     -0.00542
       6.117     -0.06323
       6.124      -0.1018
       6.132      -0.1403
       6.147      -0.1789
       6.162      -0.1981
        6.17      -0.1596
       6.185       -0.121
       6.192       -0.121
         6.2      -0.1018
       6.215     -0.08251
       6.223     -0.04396
       6.238      0.01385
       6.245      0.05239
       6.253      0.09094
        6.26       0.1295
       6.276       0.1488
       6.283       0.1488
       6.291        0.168
       6.306       0.1873
       6.313       0.1873
       6.329       0.1488
       6.336       0.1295
       6.351       0.1102
       6.359       0.1102
       6.374       0.1102
       6.389      0.07167
       6.397      0.05239
       6.404      0.01385
       6.412     -0.02469
       6.419     -0.06323
       6.434       -0.121
       6.442       -0.121
       6.457      -0.1018
       6.472      -0.1018
        6.48      -0.1018
       6.487      -0.1018
       6.503      -0.1403
        6.51      -0.1403
       6.525      -0.1018
       6.533     -0.06323
        6.54     -0.02469
       6.548      0.01385
       6.556      0.05239
       6.563      0.09094
       6.571       0.1295
       6.578        0.168
       6.593       0.1488
       6.601       0.1295
       6.608       0.1295
       6.624       0.1102
       6.631      0.09094
       6.639      0.05239
       6.654     -0.00542
       6.661     -0.02469
       6.677     -0.04396
       6.684     -0.06323
       6.692     -0.06323
       6.707      -0.1018
       6.714      -0.1018
        6.73      -0.1018
       6.737     -0.06323
       6.752     -0.02469
       6.767      0.03312
       6.775      0.05239
        6.79      0.09094
       6.798       0.1102
       6.805       0.1295
        6.82       0.1295
       6.828       0.1102
       6.835      0.07167
       6.843      0.05239
       6.858      0.07167
       6.866       0.1102
       6.873       0.1295
       6.888       0.1295
       6.896       0.1102
       6.911      0.05239
       6.919      0.03312
       6.926      0.03312
       6.949     -0.00542
       6.956     -0.02469
       6.979      0.01385
       6.994     -0.00542
       7.009     -0.02469
       7.025     -0.06323
       7.032     -0.08251
       7.047       -0.121
       7.055      -0.1018
        7.07     -0.06323
       7.077     -0.00542
       7.085      0.03312
         7.1      0.07167
       7.108      0.05239
       7.115      0.05239
        7.13     -0.00542
       7.146     -0.04396
       7.161     -0.00542
       7.168      0.03312
       7.183      0.05239
       7.191      0.03312
       7.199      0.03312
       7.214     -0.00542
       7.221     -0.00542
       7.236     -0.00542
       7.251     -0.00542
       7.259     -0.00542
       7.274      0.01385
       7.282      0.01385
       7.297     -0.00542
       7.304     -0.00542
       7.312      0.01385
       7.327      0.03312
       7.335      0.03312
        7.35      0.07167
       7.357       0.1102
       7.365       0.1295
        7.38        0.168
       7.388        0.168
       7.403       0.1295
        7.41       0.1102
       7.425      0.07167
       7.433      0.05239
       7.441      0.01385
       7.448     -0.02469
       7.456     -0.06323
       7.463      -0.1018
       7.471      -0.1403
       7.486      -0.1789
       7.494      -0.1789
       7.509      -0.1789
       7.516      -0.1789
       7.531      -0.1596
       7.547      -0.1596
       7.554      -0.1403
       7.569       -0.121
       7.577      -0.1018
       7.584     -0.08251
       7.592     -0.04396
       7.599      0.01385
       7.607      0.07167
       7.615       0.1295
       7.622        0.168
        7.63       0.2258
       7.645       0.2258
       7.652       0.2258
       7.668       0.1873
       7.675       0.1873
        7.69       0.1488
       7.698      0.09094
       7.705      0.05239
       7.713     -0.00542
       7.728     -0.02469
       7.736     -0.02469
       7.743     -0.00542
       7.758     -0.00542
       7.766     -0.00542
       7.773     -0.00542
       7.789     -0.06323
       7.796     -0.08251
       7.811       -0.121
       7.819      -0.1403
       7.834      -0.1403
       7.842       -0.121
       7.849      -0.1018
       7.864     -0.02469
       7.872      0.01385
       7.887      0.05239
       7.895      0.05239
        7.91      0.05239
       7.925      0.07167
       7.932      0.07167
       7.947      0.07167
       7.963      0.01385
        7.97     -0.04396
       7.978     -0.08251
       7.985      -0.1403
       7.993      -0.1981
       8.008      -0.2174
       8.016      -0.1981
       8.023      -0.1596
       8.031      -0.1018
       8.038     -0.04396
       8.046     -0.00542
       8.061      0.01385
       8.068      0.01385
       8.084      0.01385
       8.091      0.03312
       8.099      0.05239
       8.114       0.1102
       8.121       0.1295
       8.137       0.1488
       8.144       0.1488
       8.152        0.168
       8.167       0.1488
       8.174       0.1102
       8.182      0.07167
        8.19      0.05239
       8.197      0.01385
       8.205     -0.00542
        8.22     -0.04396
       8.227     -0.04396
       8.242     -0.06323
        8.25     -0.06323
       8.265     -0.06323
       8.273     -0.04396
       8.288     -0.00542
       8.303      0.01385
       8.311      0.03312
       8.326      0.05239
       8.333      0.07167
       8.348      0.07167
       8.356      0.07167
       8.364      0.09094
       8.379       0.1102
       8.386       0.1295
       8.401       0.1488
       8.409       0.1295
       8.416      0.09094
       8.424      0.05239
       8.432      0.03312
       8.447     -0.00542
       8.454     -0.04396
       8.469     -0.08251
       8.477      -0.1018
       8.492     -0.08251
       8.507     -0.08251
       8.515     -0.08251
        8.53     -0.08251
       8.545     -0.08251
        8.56     -0.08251
       8.568     -0.04396
       8.583     -0.00542
        8.59      0.05239
       8.598      0.07167
       8.613       0.1488
       8.621       0.1488
       8.628        0.168
       8.643        0.168
       8.651        0.168
       8.666        0.168
       8.674        0.168
       8.681       0.1295
       8.689      0.09094
       8.696      0.05239
       8.712      0.01385
       8.719     -0.00542
       8.734     -0.02469
       8.742     -0.04396
       8.749     -0.04396
       8.764     -0.06323
       8.772     -0.08251
       8.787       -0.121
       8.795      -0.1403
       8.802       -0.121
       8.817      -0.1018
       8.825      -0.1018
       8.833     -0.08251
       8.848     -0.06323
       8.855     -0.04396
        8.87     -0.04396
       8.878     -0.04396
       8.893     -0.02469
       8.901      0.01385
       8.908      0.05239
       8.916      0.09094
       8.923       0.1102
       8.946       0.1295
       8.954      0.09094
       8.969      0.01385
       8.976     -0.00542
