     0.01181       0.1381
     0.01937       0.1765
     0.02693       0.2148
     0.04205       0.1957
     0.05716       0.1573
     0.06472       0.1189
     0.07984       0.1381
     0.09496       0.1189
      0.1025      0.09974
      0.1176      0.06138
      0.1252       0.0422
      0.1327      0.06138
      0.1479      0.09974
      0.1554       0.1189
      0.1705       0.1381
      0.1781       0.1381
      0.1932      0.09974
      0.2008      0.08056
      0.2159      0.08056
       0.231      0.06138
      0.2386      0.06138
      0.2537      0.08056
      0.2688      0.08056
      0.2764      0.08056
      0.2915      0.06138
       0.299      0.08056
      0.3142       0.1189
      0.3217       0.1189
      0.3368      0.06138
      0.3444      0.02302
       0.352     -0.01535
      0.3671     -0.05371
      0.3746     -0.05371
      0.3897     -0.03453
      0.3973     -0.01535
      0.4124     -0.03453
        0.42     -0.05371
      0.4351     -0.09207
      0.4427      -0.1113
      0.4502     -0.09207
      0.4653     -0.07289
      0.4729     -0.09207
      0.4804     -0.09207
      0.4956      -0.1496
      0.5031      -0.1688
      0.5182      -0.1496
      0.5258      -0.1304
      0.5334     -0.09207
      0.5409     -0.05371
       0.556     -0.01535
      0.5636     0.003836
      0.5787     0.003836
      0.5863     0.003836
      0.6014     -0.01535
      0.6089     0.003836
      0.6241       0.0422
      0.6316      0.08056
      0.6467       0.1189
      0.6543       0.1381
      0.6619       0.1765
      0.6694       0.2148
      0.6845       0.2532
      0.6921        0.234
      0.6996       0.1957
      0.7072       0.1573
      0.7148      0.09974
      0.7223      0.06138
      0.7299     0.003836
      0.7374     -0.03453
       0.745     -0.07289
      0.7526     -0.09207
      0.7677      -0.1113
      0.7752      -0.1113
      0.7828     -0.09207
      0.7904     -0.07289
      0.7979     -0.03453
      0.8055      0.02302
       0.813      0.08056
      0.8206       0.1381
      0.8357       0.1573
      0.8433       0.1189
      0.8508      0.08056
      0.8584      0.02302
      0.8659     0.003836
      0.8735     -0.05371
      0.8811     -0.07289
      0.8962      -0.1113
      0.9037      -0.1113
      0.9188     -0.07289
       0.934     -0.01535
      0.9415     0.003836
      0.9566      0.06138
      0.9642      0.09974
      0.9718       0.1381
      0.9793       0.1765
      0.9944       0.1381
       1.002      0.08056
        1.01     0.003836
       1.025     -0.05371
       1.032     -0.05371
        1.04     -0.05371
       1.055     -0.07289
       1.062     -0.07289
       1.078     -0.09207
       1.085     -0.09207
         1.1      -0.1304
       1.108      -0.1496
       1.123      -0.1688
        1.13      -0.1496
       1.146      -0.1304
       1.153      -0.1304
       1.168     -0.09207
       1.176     -0.05371
       1.183     -0.01535
       1.191      0.06138
       1.199      0.09974
       1.214       0.1189
       1.221       0.1189
       1.236       0.1381
       1.251       0.1573
       1.267       0.1957
       1.274        0.234
       1.282       0.2724
       1.297       0.2532
       1.304       0.2148
       1.319       0.1765
       1.327       0.1573
       1.342       0.1189
        1.35      0.09974
       1.365       0.0422
       1.372     0.003836
       1.387     -0.05371
       1.395     -0.09207
        1.41      -0.1304
       1.418      -0.1688
       1.425      -0.1688
        1.44      -0.1496
       1.456     -0.07289
       1.463     -0.01535
       1.471       0.0422
       1.478      0.08056
       1.493      0.09974
       1.501      0.08056
       1.516       0.0422
       1.524      0.02302
       1.531     -0.01535
       1.539     -0.05371
       1.546      -0.1113
       1.554      -0.1304
       1.569      -0.1113
       1.576     -0.09207
       1.584     -0.05371
       1.592     -0.01535
       1.599      0.02302
       1.607      0.06138
       1.622       0.1381
       1.629       0.1573
       1.644       0.1381
       1.652      0.08056
        1.66      0.02302
       1.667     -0.03453
       1.675     -0.07289
       1.682      -0.1113
       1.697      -0.1304
       1.705      -0.1304
       1.713      -0.1113
       1.728     -0.07289
       1.735     -0.01535
       1.743      0.02302
       1.758      0.06138
       1.765      0.06138
       1.781      0.09974
       1.788       0.1189
       1.803       0.1573
       1.811       0.1765
       1.818       0.1765
       1.833       0.1189
       1.841      0.09974
       1.864      0.06138
       1.871     0.003836
       1.886     -0.05371
       1.894     -0.07289
       1.909     -0.07289
       1.917     -0.07289
       1.924     -0.05371
       1.939     -0.01535
       1.947     0.003836
       1.954      0.06138
        1.97      0.06138
       1.977     0.003836
       1.985     -0.05371
       1.992      -0.1113
           2      -0.1496
       2.015       -0.188
       2.022       -0.188
        2.03      -0.1688
       2.038      -0.1496
       2.045      -0.1113
       2.053     -0.07289
        2.06     -0.03453
       2.068      0.02302
       2.083      0.09974
        2.09       0.1189
       2.106       0.1765
       2.113       0.1957
       2.128       0.1957
       2.143       0.1381
       2.158      0.09974
       2.166      0.09974
       2.181      0.09974
       2.189       0.1189
       2.204       0.1189
       2.211       0.1189
       2.219       0.1381
       2.234       0.1381
       2.242       0.1189
       2.249      0.08056
       2.257       0.0422
       2.264     0.003836
       2.272     -0.03453
       2.279     -0.07289
       2.287     -0.09207
       2.302      -0.1113
        2.31     -0.09207
       2.325     -0.05371
       2.332     -0.03453
       2.347     -0.01535
       2.355     -0.01535
       2.363     0.003836
       2.378       0.0422
       2.385      0.06138
       2.393      0.08056
       2.408       0.1381
       2.415       0.1189
       2.423      0.08056
       2.431     0.003836
       2.438     -0.01535
       2.446     -0.05371
       2.453     -0.09207
       2.468      -0.1304
       2.476      -0.1113
       2.491     -0.09207
       2.499     -0.07289
       2.514     -0.09207
       2.521      -0.1113
       2.536      -0.1113
       2.544     -0.09207
       2.559     -0.07289
       2.567     -0.05371
       2.582     -0.01535
       2.589     -0.01535
       2.597     -0.01535
       2.604     -0.05371
       2.612     -0.07289
       2.627     -0.07289
       2.635     -0.03453
       2.642     0.003836
        2.65      0.06138
       2.657       0.1189
       2.665       0.1573
        2.68       0.1765
       2.688       0.1765
       2.695       0.1381
        2.71      0.09974
       2.718      0.08056
       2.733      0.09974
       2.748      0.09974
       2.756      0.08056
       2.763      0.08056
       2.778      0.06138
       2.786      0.06138
       2.801      0.06138
       2.809      0.06138
       2.824      0.06138
       2.839       0.0422
       2.846       0.0422
       2.861     0.003836
       2.869     0.003836
       2.884       0.0422
       2.892       0.0422
       2.907      0.02302
       2.914     0.003836
       2.929       0.0422
       2.937      0.08056
       2.945      0.09974
        2.96       0.1573
       2.967       0.1957
       2.982       0.1957
        2.99       0.1765
       2.997       0.1381
       3.013      0.08056
        3.02      0.06138
       3.035     0.003836
       3.043     0.003836
       3.058     -0.01535
       3.066     -0.01535
       3.081     -0.03453
       3.088     -0.05371
       3.096     -0.05371
       3.111     -0.03453
       3.118     0.003836
       3.126       0.0422
       3.134      0.06138
       3.149      0.06138
       3.156      0.02302
       3.164     -0.01535
       3.171     -0.05371
       3.186      -0.1113
       3.194      -0.1304
       3.209       -0.188
       3.217      -0.2072
       3.224      -0.2072
       3.239       -0.188
       3.247      -0.1688
       3.262     -0.09207
        3.27     -0.05371
       3.277     0.003836
       3.292     0.003836
         3.3     -0.01535
       3.315     -0.03453
       3.323     -0.05371
        3.33     -0.05371
       3.345     -0.07289
       3.353     -0.07289
       3.368     -0.07289
       3.383     -0.09207
       3.391     -0.09207
       3.406     -0.07289
       3.421     -0.03453
       3.428     -0.01535
       3.443     0.003836
       3.451       0.0422
       3.466      0.06138
       3.474      0.08056
       3.489      0.08056
       3.496      0.08056
       3.511      0.02302
       3.527       0.0422
       3.534      0.06138
       3.549      0.09974
       3.564       0.1573
       3.572       0.1957
       3.587        0.234
       3.595       0.2148
        3.61       0.1765
       3.617       0.1381
       3.625       0.1189
        3.64      0.08056
       3.648      0.06138
       3.663     0.003836
        3.67     0.003836
       3.685     0.003836
       3.693     0.003836
       3.708      0.02302
       3.716      0.06138
       3.731       0.1189
       3.746       0.1765
       3.753       0.1765
       3.761       0.1765
       3.768       0.1381
       3.776      0.09974
       3.784      0.08056
       3.799     0.003836
       3.806     -0.01535
       3.821     -0.03453
       3.829     -0.05371
       3.844     -0.03453
       3.859     -0.01535
       3.867     0.003836
       3.874       0.0422
       3.889      0.08056
       3.897      0.08056
       3.905      0.08056
        3.92     0.003836
       3.927     -0.01535
       3.935     -0.01535
        3.95     -0.05371
       3.957     -0.05371
       3.973     -0.07289
        3.98     -0.09207
       3.995      -0.1113
       4.003     -0.09207
       4.018     -0.09207
       4.025     -0.09207
       4.041      -0.1304
       4.048      -0.1304
       4.063     -0.07289
       4.071     -0.03453
       4.078     -0.01535
       4.093     -0.01535
       4.101     -0.03453
       4.116     -0.07289
       4.124     -0.07289
       4.139     -0.07289
       4.146     -0.05371
       4.162     -0.05371
       4.169     -0.03453
       4.184     0.003836
       4.192      0.02302
       4.207      0.02302
       4.222      0.02302
       4.237      0.06138
        4.26      0.06138
       4.267      0.06138
       4.282       0.0422
        4.29      0.02302
       4.305     0.003836
       4.313     0.003836
        4.32       0.0422
       4.328      0.06138
       4.343       0.1189
        4.35       0.1381
       4.366       0.1765
       4.373       0.1957
       4.388        0.234
       4.396        0.234
       4.403        0.234
       4.411       0.1957
       4.419       0.1381
       4.426      0.08056
       4.441     0.003836
       4.449     0.003836
       4.464     -0.01535
       4.471     -0.01535
       4.487     -0.01535
       4.494     -0.01535
       4.502     0.003836
       4.517     0.003836
       4.524     0.003836
       4.547      0.02302
       4.555     0.003836
        4.57     -0.01535
       4.577     0.003836
       4.592     0.003836
         4.6     0.003836
       4.607      0.02302
       4.623      0.06138
        4.63      0.09974
       4.645       0.1189
        4.66       0.1381
       4.668       0.1573
       4.683       0.1765
       4.691       0.1957
       4.706       0.1957
       4.713       0.1765
       4.721       0.1381
       4.728      0.09974
       4.736      0.06138
       4.744     0.003836
       4.751     -0.01535
       4.766     -0.05371
       4.774     -0.09207
       4.781      -0.1304
       4.789      -0.1496
       4.796       -0.188
       4.804      -0.2072
       4.819      -0.2455
       4.827      -0.2455
       4.834      -0.2263
       4.849       -0.188
       4.857      -0.1688
       4.872      -0.1496
        4.88      -0.1496
       4.887      -0.1496
       4.902      -0.1688
        4.91      -0.1496
       4.917      -0.1304
       4.932     -0.09207
        4.94     -0.09207
       4.948     -0.07289
       4.955     -0.05371
        4.97      0.02302
       4.978      0.08056
       4.985       0.1573
       4.993       0.1957
       5.008       0.2532
       5.016       0.2532
       5.023       0.2148
       5.031       0.1765
       5.038       0.1381
       5.046      0.08056
       5.053      0.02302
       5.061     0.003836
       5.076     -0.03453
       5.084     -0.05371
       5.099     -0.05371
       5.106     -0.03453
       5.121     -0.01535
       5.129     0.003836
       5.144     -0.01535
       5.152     -0.03453
       5.167     -0.03453
       5.174     -0.01535
       5.189       0.0422
       5.197      0.06138
       5.205      0.08056
        5.22      0.08056
       5.227      0.08056
       5.235      0.09974
       5.242       0.1189
       5.258       0.1765
       5.265       0.2148
        5.28       0.2724
       5.288       0.2724
       5.295        0.234
       5.303       0.1957
        5.31       0.1573
       5.318      0.09974
       5.326      0.08056
       5.341       0.0422
       5.348      0.02302
       5.363     0.003836
       5.378     -0.01535
       5.386     -0.03453
       5.401     -0.05371
       5.409     -0.05371
       5.416     -0.09207
       5.424      -0.1304
       5.431      -0.1688
       5.446      -0.2263
       5.462       -0.188
       5.477      -0.1113
       5.484     -0.07289
       5.492     -0.03453
       5.499      0.02302
       5.507      0.06138
       5.515      0.09974
        5.53       0.1573
       5.537       0.1765
       5.552       0.1957
        5.56       0.1957
       5.567       0.1573
       5.583       0.1189
        5.59      0.08056
       5.605      0.08056
        5.62      0.08056
       5.628      0.08056
       5.643      0.08056
       5.658      0.08056
       5.673      0.06138
       5.681       0.0422
       5.688     -0.01535
       5.696     -0.05371
       5.703      -0.1113
       5.711      -0.1688
       5.726      -0.2072
       5.734      -0.2072
       5.741       -0.188
       5.756      -0.1496
       5.764      -0.1304
       5.779     -0.09207
       5.787     -0.09207
       5.802     -0.07289
       5.809     -0.03453
       5.817       0.0422
       5.817     0.003836
       5.824      0.08056
       5.832       0.1189
        5.84       0.1381
       5.847       0.1573
       5.862       0.1573
        5.87       0.1573
       5.885       0.1573
         5.9       0.1765
       5.915       0.1381
       5.923       0.1189
       5.938      0.06138
       5.953     -0.01535
        5.96     -0.05371
       5.976     -0.09207
       5.983      -0.1113
       5.998      -0.1496
       6.006      -0.1496
       6.021      -0.1113
       6.036     -0.09207
       6.044     -0.05371
       6.059     -0.01535
       6.074      0.06138
       6.081      0.08056
       6.097       0.1573
       6.104       0.1765
       6.119       0.1381
       6.127      0.09974
       6.134      0.08056
       6.149     0.003836
       6.157     -0.03453
       6.165     -0.07289
       6.172      -0.1113
       6.187      -0.1688
       6.195      -0.1688
        6.21      -0.1304
       6.225     -0.07289
       6.233     -0.01535
        6.24      0.02302
       6.248      0.06138
       6.263      0.08056
        6.27      0.08056
       6.285      0.08056
       6.293      0.08056
       6.308      0.06138
       6.316      0.06138
       6.331     0.003836
       6.346     -0.03453
       6.354     -0.07289
       6.361     -0.05371
       6.376     -0.01535
       6.384      0.02302
       6.391      0.06138
       6.406      0.09974
       6.414       0.1381
       6.429       0.1573
       6.437       0.1573
       6.452       0.1381
       6.459       0.1189
       6.467      0.08056
       6.482       0.0422
        6.49      0.02302
       6.505       0.0422
       6.512       0.0422
       6.527      0.08056
       6.542       0.1189
        6.55       0.1573
       6.565       0.1765
       6.573       0.1765
       6.588       0.1381
       6.595      0.09974
       6.611      0.06138
       6.618       0.0422
       6.633       0.0422
       6.641       0.0422
       6.656       0.0422
       6.663     0.003836
       6.679     0.003836
       6.686     0.003836
       6.694       0.0422
       6.701      0.06138
       6.716      0.06138
       6.724      0.06138
       6.731      0.06138
       6.739     -0.01535
       6.747     -0.05371
       6.754      -0.1113
       6.762      -0.1304
       6.777      -0.1688
       6.784       -0.188
       6.799       -0.188
       6.807       -0.188
       6.822       -0.188
        6.83      -0.2072
       6.845      -0.2072
       6.852      -0.2072
       6.868      -0.2072
       6.875      -0.2072
        6.89       -0.188
       6.905      -0.1496
       6.913      -0.1113
        6.92     -0.05371
       6.936     -0.03453
       6.943     -0.03453
       6.951     -0.03453
       6.966     -0.01535
       6.973     0.003836
       6.981      0.06138
       6.996      0.08056
       7.004      0.08056
       7.019     0.003836
       7.026     -0.01535
       7.034     -0.01535
       7.056      0.02302
       7.064      0.06138
       7.079      0.08056
       7.087      0.08056
       7.094      0.08056
       7.109      0.08056
       7.117       0.1189
       7.125       0.1381
        7.14       0.1957
       7.147       0.2148
       7.162       0.2148
        7.17       0.2148
       7.185       0.1957
       7.193       0.1765
       7.208       0.1573
       7.223       0.1381
        7.23       0.1381
       7.238       0.1573
       7.253       0.1573
       7.261       0.1573
       7.276       0.1573
       7.283       0.1765
       7.298       0.1765
       7.306       0.1765
       7.321       0.1189
       7.329      0.08056
       7.336      0.06138
       7.344     0.003836
       7.351     -0.01535
       7.359     -0.05371
       7.366     -0.07289
       7.382      -0.1304
       7.389      -0.1688
       7.397      -0.2072
       7.412      -0.2455
       7.419      -0.2455
       7.427      -0.2263
       7.442      -0.2263
       7.457       -0.188
       7.465      -0.1496
       7.472      -0.1304
       7.487     -0.07289
       7.495     -0.05371
        7.51     0.003836
       7.518       0.0422
       7.525      0.08056
        7.54      0.09974
       7.548      0.09974
       7.555      0.09974
        7.57      0.08056
       7.578      0.06138
       7.593     0.003836
       7.601     0.003836
       7.616     0.003836
       7.623     0.003836
       7.631       0.0422
       7.638      0.06138
       7.654      0.09974
       7.661       0.1189
       7.676      0.09974
       7.684      0.09974
       7.691      0.06138
       7.699       0.0422
       7.707     0.003836
       7.714     0.003836
       7.722     -0.03453
       7.729     -0.05371
       7.744     -0.09207
       7.752     -0.07289
       7.767     -0.03453
       7.775     -0.01535
        7.79       0.0422
       7.797      0.06138
       7.812       0.1189
        7.82       0.1189
       7.835       0.1189
       7.843       0.1189
       7.858       0.1189
       7.865       0.1189
        7.88       0.1573
       7.895       0.1573
       7.903       0.1381
       7.911       0.1189
       7.926      0.08056
       7.933      0.06138
       7.948      0.06138
       7.956      0.06138
       7.964      0.06138
       7.971      0.02302
       7.986     -0.01535
       7.994     -0.05371
       8.001     -0.05371
       8.016     -0.09207
       8.024      -0.1113
       8.039      -0.1496
       8.047      -0.1688
       8.062      -0.1496
       8.069      -0.1113
       8.077     -0.07289
       8.084     -0.01535
         8.1      0.02302
       8.107     0.003836
       8.115     -0.01535
        8.13     -0.07289
       8.137     -0.07289
       8.152     -0.05371
        8.16     -0.03453
       8.175     0.003836
       8.183     0.003836
       8.198     -0.01535
       8.205     -0.01535
       8.221     0.003836
       8.228       0.0422
       8.243       0.0422
       8.251     0.003836
       8.258     -0.03453
       8.273     -0.09207
       8.281     -0.09207
       8.289     -0.07289
       8.304     -0.03453
       8.319     -0.01535
       8.326     -0.01535
       8.341     -0.05371
       8.349     -0.03453
       8.364     0.003836
       8.372      0.02302
       8.387      0.06138
       8.402      0.08056
       8.409      0.09974
       8.425      0.09974
       8.432      0.09974
       8.455      0.09974
       8.462       0.1189
        8.47       0.1573
       8.485       0.1573
       8.493      0.09974
         8.5      0.06138
       8.508     0.003836
       8.523     -0.03453
        8.53     -0.03453
       8.546     -0.01535
       8.553     0.003836
       8.568     0.003836
       8.576     0.003836
       8.598       0.0422
       8.606      0.06138
       8.621      0.08056
       8.629      0.08056
       8.644       0.0422
       8.651     0.003836
       8.666      0.06138
       8.674       0.1189
       8.682       0.1765
       8.689       0.2532
       8.697       0.3107
       8.712       0.3299
       8.719       0.2916
       8.727        0.234
       8.735       0.1765
       8.742       0.1381
        8.75      0.09974
       8.765      0.06138
       8.772     0.003836
       8.787     -0.05371
       8.803      -0.1113
        8.81      -0.1304
       8.825      -0.1688
       8.833      -0.1304
       8.848     -0.09207
       8.855     -0.05371
       8.863     -0.01535
       8.871      0.02302
       8.886      0.06138
       8.893      0.06138
       8.908     0.003836
       8.923     -0.03453
       8.931     -0.05371
       8.946     -0.07289
       8.954     -0.07289
       8.969     -0.05371
       8.976     -0.01535
