     0.01181      0.07673
     0.03448      0.05627
     0.04959    -0.005115
     0.05714    -0.005115
     0.07225     -0.02558
     0.07981     -0.02558
     0.09492    -0.005115
      0.1025    -0.005115
        0.11      0.03581
      0.1176      0.07673
      0.1327      0.09719
      0.1402      0.09719
      0.1554      0.05627
      0.1629      0.01535
      0.1705     -0.02558
       0.178      -0.0665
      0.1856      -0.1074
      0.1931      -0.1279
      0.2007      -0.1279
      0.2158      -0.1279
      0.2234      -0.1074
      0.2385      -0.1074
       0.246     -0.08696
      0.2611      -0.1074
      0.2687      -0.1074
      0.2762     -0.08696
      0.2913      -0.0665
      0.2989      -0.0665
      0.3065     -0.04604
      0.3216     -0.04604
      0.3291     -0.04604
      0.3442     -0.02558
      0.3518    -0.005115
      0.3669    -0.005115
      0.3745    -0.005115
       0.382      0.03581
      0.3896      0.07673
      0.4047      0.09719
      0.4122      0.07673
      0.4273      0.03581
      0.4349      0.01535
        0.45     -0.02558
      0.4576     -0.04604
      0.4651     -0.04604
      0.4802     -0.02558
      0.4878     -0.02558
      0.5029      0.01535
      0.5104      0.05627
       0.518      0.07673
      0.5407       0.1176
      0.5482       0.1176
      0.5709       0.1381
      0.5784       0.1381
      0.5936       0.1586
      0.6087        0.179
      0.6162        0.179
      0.6313        0.179
      0.6389       0.1381
      0.6464      0.09719
       0.654      0.05627
      0.6615    -0.005115
      0.6691    -0.005115
      0.6842      -0.0665
      0.6918      -0.0665
      0.7069      -0.0665
      0.7144      -0.0665
      0.7371      -0.0665
      0.7447     -0.04604
      0.7522     -0.02558
      0.7673    -0.005115
      0.7749      0.01535
        0.79      0.05627
      0.8051      0.09719
      0.8126       0.1176
      0.8278       0.1176
      0.8353       0.1176
      0.8504      0.05627
       0.858      0.03581
      0.8731      0.01535
      0.8806    -0.005115
      0.8958    -0.005115
      0.9033    -0.005115
      0.9184     -0.04604
       0.926     -0.04604
      0.9411     -0.08696
      0.9486      -0.1279
      0.9637      -0.1483
      0.9789      -0.1688
      0.9864      -0.1688
       1.002      -0.1279
       1.009     -0.08696
       1.017     -0.04604
       1.032    -0.005115
       1.039    -0.005115
       1.047    -0.005115
       1.062     -0.04604
        1.07      -0.0665
       1.085      -0.1074
         1.1      -0.1279
       1.107      -0.1074
       1.115     -0.08696
        1.13     -0.02558
       1.138      0.01535
       1.145      0.05627
       1.153      0.07673
       1.168       0.1176
       1.175       0.1176
        1.19       0.1176
       1.198       0.1176
       1.213      0.09719
       1.221      0.07673
       1.236      0.03581
       1.243      0.03581
       1.258      0.01535
       1.266      0.01535
       1.289    -0.005115
       1.296     -0.02558
       1.311     -0.08696
       1.319      -0.1074
       1.334      -0.1279
       1.342      -0.1074
       1.357     -0.08696
       1.364      -0.0665
       1.379      -0.0665
       1.387     -0.04604
       1.402     -0.04604
       1.409     -0.04604
       1.425     -0.02558
       1.432    -0.005115
        1.44      0.03581
       1.455      0.05627
       1.462      0.07673
       1.477      0.09719
       1.485      0.09719
       1.493       0.1176
       1.508       0.1176
       1.515       0.1381
       1.523       0.1586
       1.538        0.179
       1.545        0.179
       1.561       0.1586
       1.576       0.1381
       1.583       0.1176
       1.591      0.09719
       1.606      0.05627
       1.613      0.03581
       1.636    -0.005115
       1.644    -0.005115
       1.659     -0.02558
       1.666     -0.04604
       1.681     -0.04604
       1.689     -0.04604
       1.697     -0.02558
       1.712    -0.005115
       1.719      0.03581
       1.734      0.05627
       1.742      0.05627
       1.757      0.05627
       1.765      0.05627
        1.78      0.05627
       1.787      0.05627
       1.795      0.05627
        1.81      0.01535
       1.817    -0.005115
       1.833     -0.04604
        1.84      -0.0665
       1.848      -0.0665
       1.863      -0.1074
        1.87      -0.1074
       1.885     -0.08696
       1.901      -0.0665
       1.908     -0.04604
       1.923     -0.04604
       1.938     -0.04604
       1.946     -0.02558
       1.961     -0.04604
       1.969     -0.04604
       1.984     -0.02558
       1.999    -0.005115
       2.014      0.03581
       2.029      0.03581
       2.037      0.03581
       2.052      0.03581
       2.059      0.01535
       2.074    -0.005115
       2.082      0.03581
       2.097      0.07673
       2.112       0.1381
        2.12       0.1586
       2.135        0.179
       2.142        0.179
        2.15        0.179
       2.165       0.1381
       2.173       0.1381
       2.188       0.1176
       2.195       0.1176
        2.21       0.1176
       2.218      0.09719
       2.225      0.07673
       2.233    -0.005115
       2.241     -0.02558
       2.256      -0.0665
       2.263      -0.1074
       2.271      -0.1279
       2.286      -0.1688
       2.293      -0.1893
       2.309      -0.1893
       2.324      -0.2097
       2.339      -0.2302
       2.354      -0.2302
       2.361      -0.2302
       2.369      -0.2097
       2.384      -0.1688
       2.392      -0.1074
       2.399      -0.0665
       2.414    -0.005115
       2.422    -0.005115
       2.437    -0.005115
       2.445    -0.005115
       2.452      0.03581
        2.46      0.05627
       2.475      0.05627
       2.482      0.07673
       2.497      0.07673
       2.505      0.07673
       2.513      0.09719
       2.535      0.09719
       2.543      0.07673
        2.55      0.07673
       2.565      0.07673
       2.573      0.07673
       2.588       0.1176
       2.596       0.1381
       2.611       0.1586
       2.618       0.1586
       2.626       0.1586
       2.641       0.1176
       2.649      0.09719
       2.664      0.05627
       2.671    -0.005115
       2.679    -0.005115
       2.694     -0.02558
       2.701     -0.02558
       2.709    -0.005115
       2.724    -0.005115
       2.739    -0.005115
       2.754    -0.005115
       2.762    -0.005115
       2.777    -0.005115
       2.792     -0.02558
         2.8     -0.02558
       2.815     -0.02558
       2.822     -0.02558
       2.837     -0.02558
       2.845     -0.02558
        2.86    -0.005115
       2.875      0.01535
        2.89      0.03581
       2.898      0.05627
       2.913      0.05627
       2.921      0.05627
       2.936      0.01535
       2.943    -0.005115
       2.951    -0.005115
       2.966     -0.04604
       2.973      -0.0665
       2.989      -0.1279
       2.996      -0.1483
       3.004      -0.1483
       3.019      -0.1483
       3.026      -0.1279
       3.041      -0.1279
       3.049      -0.1279
       3.064     -0.08696
       3.072      -0.0665
       3.079     -0.02558
       3.087      0.01535
       3.102      0.09719
       3.109       0.1176
       3.124       0.1381
       3.132        0.179
       3.147       0.1995
       3.155       0.1995
       3.162       0.1586
        3.17       0.1381
       3.177      0.09719
       3.185      0.07673
         3.2      0.05627
       3.208      0.05627
       3.223      0.07673
        3.23      0.07673
       3.238      0.07673
       3.253      0.03581
        3.26    -0.005115
       3.268    -0.005115
       3.283     -0.04604
       3.291     -0.04604
       3.298     -0.02558
       3.313     -0.02558
       3.321     -0.04604
       3.336     -0.04604
       3.344     -0.04604
       3.351     -0.02558
       3.366    -0.005115
       3.374    -0.005115
       3.381      0.03581
       3.389      0.05627
       3.404      0.05627
       3.412      0.03581
       3.427    -0.005115
       3.434    -0.005115
       3.449      0.01535
       3.457      0.01535
       3.472    -0.005115
        3.48    -0.005115
       3.495    -0.005115
       3.502      0.01535
       3.517      0.03581
       3.532      0.05627
       3.548      0.09719
       3.563      0.09719
        3.57      0.07673
       3.578      0.05627
       3.593    -0.005115
         3.6     -0.02558
       3.616     -0.08696
       3.623      -0.1074
       3.638      -0.1483
       3.646      -0.1483
       3.661      -0.1688
       3.668      -0.1483
       3.684      -0.1279
       3.691      -0.1074
       3.699     -0.08696
       3.714     -0.08696
       3.721      -0.0665
       3.736     -0.04604
       3.744     -0.02558
       3.759    -0.005115
       3.767      0.05627
       3.782      0.09719
       3.789      0.09719
       3.804      0.09719
       3.812       0.1176
       3.827       0.1176
       3.835       0.1176
        3.85       0.1176
       3.857       0.1176
       3.872       0.1176
        3.88      0.09719
       3.888      0.09719
       3.903      0.07673
        3.91      0.09719
       3.933       0.1176
        3.94       0.1176
       3.956       0.1176
       3.963       0.1176
       3.978      0.09719
       3.986      0.05627
       3.993     -0.02558
       4.001      -0.0665
       4.008      -0.1074
       4.016      -0.1483
       4.031      -0.1893
       4.039      -0.2097
       4.054      -0.2097
       4.069      -0.1893
       4.076      -0.1688
       4.092      -0.1483
       4.099      -0.1483
       4.114      -0.1279
       4.122      -0.1074
       4.137     -0.04604
       4.144    -0.005115
       4.152      0.05627
        4.16      0.09719
       4.167       0.1381
       4.175       0.1995
        4.19       0.2199
       4.197       0.2199
       4.205       0.2199
        4.22        0.179
       4.228       0.1381
       4.243      0.07673
        4.25      0.05627
       4.258      0.01535
       4.273     -0.02558
        4.28     -0.02558
       4.296    -0.005115
       4.303    -0.005115
       4.318    -0.005115
       4.326    -0.005115
       4.341    -0.005115
       4.348      0.01535
       4.364      0.03581
       4.371      0.03581
       4.386      0.03581
       4.394      0.03581
       4.409      0.03581
       4.416      0.01535
       4.432    -0.005115
       4.447     -0.04604
       4.454      -0.0665
       4.469     -0.08696
       4.477     -0.08696
       4.492     -0.04604
         4.5     -0.02558
       4.515    -0.005115
       4.522    -0.005115
       4.545    -0.005115
       4.552    -0.005115
       4.568     -0.02558
       4.575     -0.02558
        4.59     -0.02558
       4.605     -0.04604
       4.613     -0.02558
       4.628    -0.005115
       4.636    -0.005115
       4.643      0.03581
       4.651      0.05627
       4.666       0.1176
       4.673       0.1381
       4.688       0.1381
       4.696       0.1381
       4.704       0.1381
       4.719      0.09719
       4.726      0.05627
       4.741    -0.005115
       4.749    -0.005115
       4.764     -0.04604
       4.772      -0.0665
       4.787      -0.1074
       4.794      -0.1074
       4.809      -0.1074
       4.817      -0.1074
       4.824     -0.08696
       4.839      -0.0665
       4.847      -0.0665
       4.862      -0.0665
        4.87      -0.0665
       4.885      -0.0665
         4.9      -0.0665
       4.907      -0.0665
       4.923     -0.02558
        4.93    -0.005115
       4.938      0.01535
       4.953      0.07673
        4.96      0.07673
       4.968      0.09719
       4.983      0.09719
       4.991      0.09719
       5.006      0.09719
       5.013      0.09719
       5.021      0.09719
       5.036      0.07673
       5.043      0.07673
       5.059      0.07673
       5.066      0.07673
       5.074      0.07673
       5.089      0.03581
       5.096      0.01535
       5.111    -0.005115
       5.119     -0.02558
       5.134     -0.02558
       5.142     -0.02558
       5.157     -0.02558
       5.172     -0.04604
       5.179     -0.04604
       5.195     -0.02558
       5.202    -0.005115
        5.21      0.03581
       5.217      0.05627
       5.225      0.09719
       5.232       0.1176
       5.247       0.1176
       5.255       0.1176
        5.27       0.1176
       5.285      0.07673
       5.293      0.05627
         5.3    -0.005115
       5.308     -0.02558
       5.331      -0.0665
       5.338      -0.0665
       5.353     -0.04604
       5.368      -0.0665
       5.376      -0.0665
       5.383      -0.0665
       5.399     -0.08696
       5.406      -0.1074
       5.421      -0.1279
       5.429      -0.1074
       5.444     -0.08696
       5.451      -0.0665
       5.467     -0.04604
       5.474     -0.04604
       5.482     -0.02558
       5.497     -0.02558
       5.504     -0.02558
       5.512    -0.005115
       5.527    -0.005115
       5.535    -0.005115
        5.55    -0.005115
       5.557      0.01535
       5.572      0.03581
        5.58      0.03581
       5.595      0.03581
       5.603      0.05627
       5.618      0.07673
       5.625       0.1176
       5.633       0.1381
       5.648       0.1995
       5.655       0.1995
       5.663       0.2199
       5.678        0.179
       5.686       0.1586
       5.693       0.1586
       5.708       0.1176
       5.716      0.09719
       5.731      0.05627
       5.739    -0.005115
       5.746    -0.005115
       5.761     -0.02558
       5.769     -0.02558
       5.784     -0.02558
       5.799     -0.02558
       5.807    -0.005115
       5.822     -0.02558
       5.829     -0.04604
       5.844     -0.08696
       5.852      -0.1074
       5.867      -0.1074
       5.875     -0.08696
        5.89     -0.04604
       5.897     -0.02558
       5.912     -0.04604
       5.927      -0.0665
       5.935      -0.0665
        5.95     -0.04604
       5.958     -0.02558
       5.973      0.03581
        5.98      0.05627
       5.995      0.07673
       6.003      0.07673
       6.018      0.05627
       6.026      0.03581
       6.041      0.05627
       6.056      0.05627
       6.063      0.05627
       6.079      0.07673
       6.094       0.1176
       6.101       0.1176
       6.116      0.05627
       6.124      0.01535
       6.131    -0.005115
       6.147     -0.02558
       6.154     -0.02558
       6.169     -0.04604
       6.177     -0.04604
       6.192      -0.0665
       6.199      -0.0665
       6.215     -0.04604
        6.23     -0.02558
       6.237     -0.02558
       6.252      0.01535
        6.26      0.03581
       6.267      0.05627
       6.283      0.07673
        6.29      0.07673
       6.305      0.05627
       6.313      0.05627
       6.328      0.01535
       6.335    -0.005115
       6.351    -0.005115
       6.366     -0.02558
       6.373     -0.04604
       6.388      -0.0665
       6.403     -0.08696
       6.411      -0.0665
       6.426     -0.04604
       6.434     -0.04604
       6.449     -0.04604
       6.464     -0.04604
       6.471     -0.04604
       6.487    -0.005115
       6.494      0.01535
       6.509      0.05627
       6.532      0.05627
       6.539      0.05627
       6.555      0.05627
       6.562      0.05627
        6.57      0.07673
       6.585      0.07673
       6.592      0.05627
         6.6      0.05627
       6.615      0.03581
       6.638    -0.005115
       6.653    -0.005115
        6.66    -0.005115
       6.675    -0.005115
       6.683    -0.005115
       6.698    -0.005115
       6.706    -0.005115
       6.728    -0.005115
       6.736    -0.005115
       6.751     -0.04604
       6.758      -0.0665
       6.774     -0.08696
       6.781     -0.08696
       6.796     -0.04604
       6.804     -0.02558
       6.826      0.07673
       6.834      0.09719
       6.849      0.09719
       6.857      0.07673
       6.872      0.05627
       6.887      0.05627
       6.902      0.05627
        6.91      0.05627
       6.925      0.05627
        6.94      0.01535
       6.947    -0.005115
       6.962     -0.04604
        6.97     -0.02558
       6.985      0.03581
       6.993      0.05627
       7.008      0.07673
       7.015      0.07673
       7.023      0.09719
       7.038      0.09719
       7.046      0.09719
       7.061      0.07673
       7.068      0.07673
       7.083      0.05627
       7.098      0.03581
       7.106      0.03581
       7.129    -0.005115
       7.136    -0.005115
       7.144    -0.005115
       7.159     -0.02558
       7.166     -0.04604
       7.174     -0.04604
       7.189     -0.08696
       7.197      -0.0665
       7.212     -0.04604
       7.219     -0.02558
       7.227    -0.005115
       7.242    -0.005115
        7.25      0.01535
       7.265      0.05627
       7.272      0.05627
        7.28      0.05627
       7.295      0.03581
       7.302      0.03581
        7.31      0.05627
       7.325      0.05627
       7.333      0.05627
        7.34      0.01535
       7.355     -0.02558
       7.363     -0.04604
        7.37     -0.04604
       7.386     -0.04604
       7.393     -0.04604
       7.408      -0.0665
       7.423      -0.1074
       7.431      -0.1074
       7.446      -0.1279
       7.454      -0.1483
       7.469     -0.08696
       7.476      -0.0665
       7.484     -0.02558
       7.491      0.01535
       7.506      0.05627
       7.514      0.05627
       7.529      0.05627
       7.537      0.05627
       7.552    -0.005115
       7.559    -0.005115
       7.574     -0.02558
       7.582     -0.02558
        7.59     -0.02558
       7.605     -0.04604
       7.612     -0.02558
       7.627      0.01535
       7.635      0.03581
        7.65      0.03581
       7.658      0.03581
        7.68    -0.005115
       7.688    -0.005115
       7.703    -0.005115
        7.71    -0.005115
       7.726     -0.02558
       7.733     -0.02558
       7.741    -0.005115
       7.756      0.01535
       7.786      0.03581
       7.809      0.01535
       7.831      0.01535
       7.846      0.03581
       7.854      0.03581
       7.869      0.03581
       7.884      0.01535
       7.907      0.03581
       7.922      0.07673
        7.93       0.1176
       7.937       0.1586
       7.952       0.1586
        7.96       0.1381
       7.967       0.1381
       7.982      0.09719
        7.99      0.05627
       7.998      0.01535
       8.005     -0.02558
        8.02      -0.0665
       8.028      -0.0665
       8.043     -0.04604
       8.058      -0.0665
       8.066     -0.04604
       8.081     -0.04604
       8.088     -0.04604
       8.096     -0.04604
       8.111     -0.08696
       8.118     -0.08696
       8.126      -0.0665
       8.141     -0.02558
       8.156      0.03581
       8.164      0.03581
       8.171      0.05627
       8.186      0.07673
       8.194      0.07673
       8.209      0.05627
       8.217      0.05627
       8.232    -0.005115
       8.239    -0.005115
       8.247    -0.005115
       8.262    -0.005115
        8.27    -0.005115
       8.285    -0.005115
       8.292    -0.005115
       8.307    -0.005115
       8.315    -0.005115
        8.33    -0.005115
       8.337    -0.005115
       8.353      0.03581
        8.36      0.05627
       8.368      0.09719
       8.375      0.09719
       8.383       0.1176
       8.398      0.07673
       8.405      0.05627
       8.421    -0.005115
       8.428     -0.02558
       8.443     -0.02558
       8.451    -0.005115
       8.466    -0.005115
       8.481    -0.005115
       8.496    -0.005115
       8.511    -0.005115
       8.519    -0.005115
       8.534    -0.005115
       8.541    -0.005115
       8.557    -0.005115
       8.572     -0.02558
       8.579     -0.02558
       8.594    -0.005115
       8.602    -0.005115
       8.617      0.01535
       8.625      0.03581
        8.64      0.03581
       8.647      0.03581
       8.662      0.01535
        8.67    -0.005115
       8.677     -0.02558
       8.693      -0.0665
         8.7      -0.0665
       8.723     -0.04604
        8.73     -0.02558
       8.745     -0.04604
       8.753     -0.04604
       8.768      -0.0665
       8.776     -0.04604
       8.791     -0.04604
       8.798     -0.04604
       8.813      -0.0665
       8.821      -0.0665
       8.836     -0.04604
       8.851     -0.02558
       8.859    -0.005115
       8.874      0.03581
       8.881      0.03581
       8.889      0.05627
       8.904      0.07673
       8.912      0.09719
       8.927      0.09719
       8.934      0.09719
       8.957       0.1176
       8.965       0.1176
