     0.01181      0.09719
     0.01937      0.01535
     0.02692      -0.1074
     0.03448      -0.1893
     0.04203      -0.2711
     0.04959      -0.3325
      0.0647      -0.3734
     0.07225      -0.3939
     0.08736      -0.3939
     0.09492      -0.3734
        0.11      -0.3325
      0.1176       -0.312
      0.1251      -0.2506
      0.1327      -0.1893
      0.1402      -0.1279
      0.1478     -0.08696
      0.1554     -0.02558
      0.1629      0.01535
      0.1705      0.05627
       0.178      0.09719
      0.1856       0.1381
      0.1931        0.179
      0.2007       0.2199
      0.2082       0.2813
      0.2158       0.3018
      0.2309       0.3223
      0.2385       0.3223
       0.246       0.2813
      0.2536       0.2404
      0.2611       0.1586
      0.2687      0.07673
      0.2762      0.03581
      0.2838      0.09719
      0.2913       0.1586
      0.2989       0.1586
      0.3065      0.09719
       0.314      0.03581
      0.3216    -0.005115
      0.3291     -0.04604
      0.3442      -0.1074
      0.3518      -0.1279
      0.3669      -0.1688
      0.3745      -0.2097
      0.3896      -0.2302
      0.3971      -0.2097
      0.4047      -0.1483
      0.4122     -0.08696
      0.4198     -0.02558
      0.4273      0.01535
      0.4349      0.07673
        0.45      0.09719
      0.4576      0.07673
      0.4651      0.03581
      0.4727    -0.005115
      0.4802      -0.0665
      0.4878      -0.1074
      0.4953      -0.1483
      0.5104      -0.2097
       0.518      -0.2302
      0.5407      -0.2097
      0.5482      -0.1893
      0.5709      -0.1483
      0.5784      -0.1279
       0.586     -0.08696
      0.6011     -0.02558
      0.6087    -0.005115
      0.6238     -0.02558
      0.6313     -0.04604
      0.6464     -0.08696
       0.654      -0.0665
      0.6691     -0.02558
      0.6842      0.05627
      0.6918      0.07673
      0.7069       0.1381
      0.7144       0.1586
      0.7295       0.2199
      0.7371       0.2404
      0.7522       0.2609
      0.7598       0.2609
      0.7673       0.2404
      0.7824       0.1586
        0.79       0.1176
      0.7975      0.07673
      0.8126      0.03581
      0.8202      0.01535
      0.8353      0.01535
      0.8429      0.03581
       0.858      0.03581
      0.8655      0.03581
      0.8806      0.03581
      0.8882      0.03581
      0.9033      0.05627
      0.9184      0.05627
       0.926      0.07673
      0.9411      0.09719
      0.9486      0.09719
      0.9637       0.1586
      0.9789        0.179
      0.9864       0.1995
       1.002       0.2199
       1.009       0.2199
       1.024       0.2199
       1.032       0.1995
       1.039        0.179
       1.047       0.1381
       1.062      0.07673
        1.07      0.05627
       1.085      0.01535
       1.092     -0.02558
         1.1      -0.0665
       1.107      -0.1074
       1.115      -0.1483
        1.13      -0.1893
       1.138      -0.2097
       1.153      -0.2097
        1.16      -0.1893
       1.175      -0.1893
       1.183      -0.1483
        1.19      -0.1279
       1.198     -0.08696
       1.206     -0.04604
       1.221     -0.02558
       1.228     -0.02558
       1.236     -0.02558
       1.251    -0.005115
       1.258     -0.04604
       1.266      -0.1074
       1.274      -0.1279
       1.281      -0.0665
       1.289      0.01535
       1.296      0.03581
       1.304     -0.02558
       1.319      -0.0665
       1.326      -0.0665
       1.342      -0.0665
       1.349      -0.0665
       1.364      -0.1074
       1.379      -0.1279
       1.394      -0.1279
       1.402      -0.1074
       1.417      -0.0665
       1.432    -0.005115
        1.44      0.03581
       1.447      0.05627
       1.455      0.09719
       1.462       0.1381
       1.477       0.1586
       1.485       0.1586
         1.5        0.179
       1.508       0.1995
       1.523       0.1586
        1.53       0.1381
       1.545      0.07673
       1.553      0.05627
       1.568      0.01535
       1.576    -0.005115
       1.583    -0.005115
       1.598     -0.02558
       1.606     -0.02558
       1.621     -0.02558
       1.629    -0.005115
       1.644    -0.005115
       1.651      0.01535
       1.666      0.01535
       1.674      0.03581
       1.681      0.05627
       1.697      0.09719
       1.704      0.09719
       1.719      0.09719
       1.734      0.05627
       1.742      0.01535
       1.757     -0.04604
       1.765      -0.0665
        1.78      -0.1074
       1.787      -0.1074
       1.802      -0.0665
        1.81     -0.04604
       1.817    -0.005115
       1.825      0.01535
        1.84      0.03581
       1.848      0.05627
       1.863      0.03581
        1.87      0.03581
       1.885      0.05627
       1.901      0.05627
       1.908      0.03581
       1.923    -0.005115
       1.931    -0.005115
       1.946    -0.005115
       1.953    -0.005115
       1.976      0.03581
       1.984      0.03581
       1.991      0.03581
       2.006    -0.005115
       2.014     -0.04604
       2.021     -0.08696
       2.037      -0.1483
       2.044      -0.1688
       2.052      -0.2097
       2.059      -0.2302
       2.074      -0.2711
       2.082      -0.2711
       2.097      -0.2506
       2.105      -0.2097
       2.112      -0.1483
        2.12     -0.08696
       2.127     -0.04604
       2.135    -0.005115
       2.142      0.03581
        2.15      0.05627
       2.165      0.07673
       2.173      0.07673
        2.18      0.09719
       2.195      0.09719
       2.203      0.09719
       2.218      0.09719
       2.225      0.09719
       2.233       0.1176
       2.248       0.1381
       2.256       0.1381
       2.263      0.09719
       2.278        0.179
       2.286       0.2609
       2.293       0.2609
       2.301       0.1995
       2.309       0.1176
       2.316      0.07673
       2.331      0.05627
       2.339      0.03581
       2.354      0.01535
       2.361      0.01535
       2.377      0.05627
       2.384      0.09719
       2.392       0.1381
       2.399       0.1995
       2.414       0.2404
       2.422       0.2199
       2.437       0.1586
       2.452      0.07673
        2.46      0.05627
       2.467     -0.02558
       2.475      -0.0665
       2.482      -0.1279
        2.49      -0.1893
       2.497      -0.2097
       2.505      -0.2506
       2.513      -0.2711
        2.52      -0.2711
       2.535      -0.2711
       2.543      -0.2506
       2.558      -0.2302
       2.565      -0.2302
       2.581      -0.2506
       2.588      -0.2302
       2.603      -0.1893
       2.611      -0.1483
       2.618      -0.1074
       2.626     -0.08696
       2.641      -0.0665
       2.649      -0.0665
       2.664      -0.0665
       2.671     -0.04604
       2.686      0.01535
       2.694      0.07673
       2.701       0.1381
       2.709        0.179
       2.717       0.2404
       2.724       0.2813
       2.739       0.3223
       2.747       0.3223
       2.754       0.3427
       2.769       0.3427
       2.777       0.3427
       2.792       0.2609
         2.8       0.2199
       2.807       0.1586
       2.815      0.09719
       2.822      0.05627
        2.83    -0.005115
       2.837     -0.02558
       2.853      -0.0665
        2.86     -0.08696
       2.875     -0.08696
       2.883     -0.08696
        2.89     -0.08696
       2.905      -0.1279
       2.913      -0.1279
       2.928      -0.1279
       2.936      -0.1074
       2.943     -0.08696
       2.951     -0.04604
       2.958      0.01535
       2.966      0.07673
       2.973       0.1176
       2.981        0.179
       2.989       0.2199
       2.996       0.2609
       3.011       0.2813
       3.019       0.2813
       3.034       0.2404
       3.041       0.2404
       3.057       0.1995
       3.064       0.1586
       3.072       0.1176
       3.079      0.05627
       3.087     -0.02558
       3.094      -0.1074
       3.102      -0.1688
       3.109      -0.2506
       3.117       -0.312
       3.124      -0.3734
       3.132      -0.4143
        3.14      -0.4552
       3.155      -0.4962
       3.162      -0.4962
       3.177      -0.4348
       3.185      -0.3734
       3.192       -0.312
         3.2      -0.2302
       3.208      -0.1688
       3.215     -0.08696
       3.223     -0.02558
        3.23      0.05627
       3.238       0.1176
       3.245        0.179
       3.253       0.2199
       3.268       0.2199
       3.276       0.3223
       3.283       0.4246
       3.291       0.5064
       3.298       0.4655
       3.306       0.4246
       3.313       0.4041
       3.321       0.4041
       3.336       0.3632
       3.344       0.3018
       3.351       0.2404
       3.359       0.1381
       3.366      0.05627
       3.374     -0.02558
       3.381      -0.0665
       3.389      -0.1279
       3.396      -0.1688
       3.412      -0.2097
       3.419      -0.2302
       3.434      -0.2711
       3.442      -0.2711
       3.457      -0.2916
       3.472      -0.2916
        3.48      -0.2302
       3.487      -0.1688
       3.495     -0.08696
       3.502    -0.005115
        3.51      0.07673
       3.517       0.1176
       3.532       0.1586
        3.54       0.1586
       3.555       0.1586
        3.57      0.09719
       3.578      0.05627
       3.593    -0.005115
         3.6     -0.02558
       3.608     -0.02558
       3.623     -0.04604
       3.631      -0.0665
       3.646     -0.04604
       3.661      -0.0665
       3.668      -0.0665
       3.684      -0.0665
       3.691     -0.04604
       3.706     -0.02558
       3.714     -0.02558
       3.721    -0.005115
       3.736      0.05627
       3.744      0.09719
       3.759       0.1586
       3.767       0.1381
       3.774       0.1381
       3.789       0.1176
       3.797       0.1176
       3.812       0.1176
        3.82       0.1176
       3.835      0.07673
       3.842      0.05627
       3.857      0.05627
       3.865      0.07673
        3.88      0.07673
       3.888      0.07673
       3.895      0.01535
       3.903     -0.02558
        3.91      -0.0665
       3.925      -0.1074
       3.933      -0.1279
       3.948      -0.1279
       3.956      -0.1279
       3.971      -0.1279
       3.978      -0.1279
       3.993     -0.08696
       4.008     -0.04604
       4.016    -0.005115
       4.024      0.03581
       4.031      0.07673
       4.039       0.1176
       4.054       0.1995
       4.061       0.2199
       4.076       0.2813
       4.084       0.3018
       4.099       0.3427
       4.107       0.3427
       4.114       0.3018
       4.122       0.1995
       4.129      0.05627
       4.137      -0.0665
       4.144      -0.1688
       4.152      -0.2302
        4.16      -0.2506
       4.175      -0.2916
       4.182      -0.2916
       4.197      -0.2506
       4.205      -0.2302
        4.22      -0.1483
       4.228      -0.1279
       4.235     -0.08696
       4.243     -0.04604
       4.258     -0.04604
       4.265     -0.04604
       4.273      0.05627
        4.28        0.179
       4.288       0.2609
       4.303       0.2404
       4.311       0.2609
       4.326       0.3018
       4.333       0.3018
       4.348       0.3223
       4.356       0.3223
       4.371       0.2813
       4.379       0.2404
       4.394        0.179
       4.401       0.1381
       4.409      0.09719
       4.416      0.03581
       4.424     -0.04604
       4.432      -0.1074
       4.439      -0.1688
       4.447      -0.2302
       4.454      -0.2506
       4.469      -0.2916
       4.477       -0.312
       4.492      -0.3734
         4.5      -0.3939
       4.515      -0.4143
       4.522      -0.3939
       4.537      -0.3325
       4.552      -0.2916
       4.568      -0.2302
       4.575      -0.1893
       4.583      -0.1279
        4.59      -0.0665
       4.598     -0.02558
       4.605      0.03581
       4.613      0.09719
        4.62       0.1381
       4.628       0.1995
       4.643       0.2404
       4.651       0.2404
       4.666       0.2404
       4.673       0.2404
       4.688       0.2199
       4.696       0.2199
       4.711       0.2199
       4.719       0.2404
       4.734       0.2609
       4.741       0.2609
       4.749       0.2404
       4.756       0.1995
       4.764       0.1586
       4.772      0.09719
       4.779      0.03581
       4.787    -0.005115
       4.802     -0.04604
       4.809      -0.0665
       4.824      -0.1279
       4.832      -0.1483
       4.847      -0.1483
       4.862      -0.1688
        4.87      -0.1483
       4.885      -0.1074
       4.892      -0.0665
         4.9     -0.02558
       4.907      0.01535
       4.915      0.05627
       4.923      0.09719
        4.93       0.1176
       4.945       0.1176
       4.953       0.1176
        4.96      0.05627
       4.968      0.01535
       4.975    -0.005115
       4.991     -0.04604
       4.998     -0.02558
       5.013    -0.005115
       5.021      0.01535
       5.028      0.05627
       5.036      0.09719
       5.043       0.1381
       5.051        0.179
       5.066       0.1995
       5.074        0.179
       5.081       0.1381
       5.089      0.09719
       5.104      0.03581
       5.111      0.01535
       5.127    -0.005115
       5.134    -0.005115
       5.149      0.01535
       5.157      0.01535
       5.172      0.03581
       5.179      0.03581
       5.195      0.01535
       5.202      0.01535
       5.217      0.05627
       5.232      0.07673
        5.24      0.09719
       5.247      0.05627
       5.255    -0.005115
       5.263     -0.04604
        5.27    -0.005115
       5.278      0.07673
       5.285       0.1176
       5.293      0.07673
         5.3      0.03581
       5.308      0.03581
       5.315      0.05627
       5.331      0.07673
       5.338      0.05627
       5.353      0.01535
       5.376     -0.04604
       5.383     -0.08696
       5.399      -0.1279
       5.406      -0.1688
       5.421      -0.1893
       5.436      -0.1483
       5.444      -0.1074
       5.451     -0.04604
       5.459      0.01535
       5.467      0.05627
       5.482      0.09719
       5.489      0.07673
       5.497      0.01535
       5.504     -0.02558
       5.512     -0.08696
       5.519      -0.1483
       5.535      -0.1893
       5.542      -0.2097
       5.557      -0.2302
       5.565      -0.2097
       5.572      -0.1688
       5.587      -0.1279
       5.595     -0.08696
        5.61     -0.04604
       5.618     -0.04604
       5.625     -0.04604
       5.633     -0.08696
        5.64      -0.1279
       5.648      -0.1688
       5.655      -0.1893
       5.671      -0.1893
       5.678      -0.1483
       5.686      -0.1074
       5.693      -0.0665
       5.701     -0.02558
       5.708      0.01535
       5.716      0.05627
       5.723      0.09719
       5.731       0.1586
       5.739       0.1995
       5.746       0.2404
       5.761       0.3018
       5.769       0.3018
       5.784       0.3018
       5.791       0.2813
       5.799       0.2404
       5.807        0.179
       5.814      0.09719
       5.822      0.01535
       5.829     -0.04604
       5.837     -0.08696
       5.844      -0.1279
       5.859      -0.1483
       5.867      -0.1688
       5.875      -0.1483
        5.89      -0.1688
       5.897      -0.1688
       5.912      -0.1893
        5.92      -0.1893
       5.927      -0.1688
       5.943      -0.1279
        5.95     -0.08696
       5.973     -0.02558
        5.98    -0.005115
       5.988      0.03581
       5.995      0.07673
       6.011       0.1586
       6.018        0.179
       6.033       0.1995
       6.041        0.179
       6.063       0.1995
       6.079       0.1995
       6.094       0.2199
       6.109       0.2199
       6.116       0.2199
       6.124       0.2199
       6.139        0.179
       6.147       0.1586
       6.169      0.09719
       6.177      0.09719
       6.192       0.1176
       6.207      0.09719
       6.215      0.05627
       6.222    -0.005115
        6.23      -0.0665
       6.237      -0.1279
       6.245      -0.1893
       6.252      -0.2711
        6.26      -0.3325
       6.267      -0.2711
       6.275      -0.1893
       6.283      -0.1074
        6.29      -0.1074
       6.305      -0.1688
       6.313      -0.1688
        6.32      -0.1688
       6.335      -0.1893
       6.343      -0.1893
       6.351      -0.1688
       6.366      -0.1483
       6.373      -0.1279
       6.381     -0.08696
       6.388     -0.02558
       6.396      0.03581
       6.403      0.07673
       6.411       0.1381
       6.419       0.1586
       6.434       0.1995
       6.441       0.1995
       6.449       0.2199
       6.464       0.2199
       6.471       0.2199
       6.487        0.179
       6.494       0.1586
       6.509       0.1176
       6.517      0.09719
       6.532      0.05627
       6.539      0.05627
       6.547      0.07673
       6.562      0.07673
        6.57      0.07673
       6.585      0.03581
       6.592      0.01535
       6.607      0.01535
       6.615      0.01535
        6.63    -0.005115
       6.638     -0.02558
       6.653     -0.08696
        6.66     -0.08696
       6.668      -0.0665
       6.683     -0.02558
        6.69    -0.005115
       6.698      0.01535
       6.713    -0.005115
       6.721    -0.005115
       6.736     -0.04604
       6.743     -0.04604
       6.758     -0.04604
       6.774      -0.0665
       6.781      -0.0665
       6.796      -0.0665
       6.811      -0.0665
       6.819     -0.04604
       6.834    -0.005115
       6.842    -0.005115
       6.857      0.01535
       6.864      0.03581
       6.879      0.07673
       6.887      0.09719
       6.902       0.1381
        6.91       0.1586
       6.925       0.1995
       6.932       0.2199
       6.947       0.2404
       6.955       0.2404
        6.97       0.2404
       6.978       0.2404
       6.993        0.179
       7.008      0.09719
       7.015      0.05627
       7.023      0.01535
        7.03    -0.005115
       7.038     -0.04604
       7.046      -0.0665
       7.061      -0.1279
       7.068      -0.1688
       7.083      -0.2302
       7.091      -0.2302
       7.106      -0.2711
       7.114      -0.2711
       7.129      -0.2711
       7.136      -0.2506
       7.144      -0.2302
       7.151      -0.1893
       7.159      -0.1483
       7.166      -0.1074
       7.174      -0.0665
       7.182     -0.02558
       7.189      0.01535
       7.197      0.03581
       7.212      0.09719
       7.219       0.1381
       7.234       0.1586
       7.242       0.1586
        7.25       0.1176
       7.257      0.07673
       7.265       0.1176
       7.272       0.1995
        7.28       0.2199
       7.287       0.1381
       7.295      0.03581
       7.302     -0.02558
       7.318      -0.0665
       7.325      -0.1074
       7.333      -0.1279
       7.348      -0.1483
       7.355      -0.1483
        7.37      -0.1279
       7.378      -0.1074
       7.393     -0.04604
       7.401     -0.02558
       7.416      0.03581
       7.423      0.05627
       7.431      0.09719
       7.446       0.1381
       7.454       0.1586
       7.461        0.179
       7.476       0.1586
       7.484       0.1586
       7.499      0.09719
       7.514      0.03581
       7.522      0.03581
       7.537      0.03581
       7.544      0.01535
       7.559     -0.04604
       7.567     -0.04604
       7.582     -0.08696
        7.59     -0.08696
       7.597     -0.08696
       7.612     -0.08696
        7.62     -0.08696
       7.627      -0.0665
       7.642      -0.0665
        7.65     -0.04604
       7.665     -0.02558
       7.673    -0.005115
       7.688      0.03581
       7.695      0.03581
        7.71      0.09719
       7.726       0.1381
       7.733       0.1586
       7.748       0.1995
       7.763       0.2609
       7.771       0.2813
       7.786       0.2813
       7.794       0.2404
       7.801       0.1586
       7.809      0.07673
       7.816      0.01535
       7.824     -0.04604
       7.831      -0.1074
       7.839      -0.1893
       7.846      -0.2506
       7.854       -0.312
       7.862      -0.3734
       7.869      -0.4143
       7.884      -0.4552
       7.892      -0.4348
       7.907      -0.3939
       7.914      -0.3529
       7.922      -0.2916
        7.93      -0.2097
       7.937      -0.1279
       7.945     -0.04604
       7.952    -0.005115
        7.96      0.03581
       7.967      0.07673
       7.982       0.1586
        7.99        0.179
       8.005       0.2199
       8.013       0.2199
        8.02       0.2404
       8.035       0.2404
       8.043       0.2609
       8.058       0.3018
       8.066       0.3223
       8.081       0.3223
       8.088       0.3223
       8.103       0.2609
       8.111       0.2199
       8.118        0.179
       8.126       0.1381
       8.134      0.09719
       8.149      0.05627
       8.156      0.01535
       8.171    -0.005115
       8.179      0.01535
       8.194      0.05627
       8.202      0.05627
       8.209      0.07673
       8.224       0.1176
       8.232       0.1381
       8.247      0.09719
       8.262       0.1176
        8.27       0.2199
       8.277       0.3018
       8.285       0.2813
       8.292       0.1995
         8.3      0.09719
       8.307    -0.005115
       8.315      -0.1074
       8.322      -0.2506
        8.33      -0.3529
       8.337      -0.3939
       8.345      -0.4143
       8.368      -0.4143
       8.375      -0.3939
        8.39      -0.3939
       8.398      -0.3734
       8.405      -0.3529
       8.421      -0.2916
       8.428      -0.2711
       8.436      -0.2302
       8.443      -0.1893
       8.451      -0.1279
       8.458     -0.08696
       8.466     -0.04604
       8.473    -0.005115
       8.481      0.05627
       8.489      0.09719
       8.496       0.1381
       8.504        0.179
       8.511       0.2199
       8.519       0.2609
       8.534       0.2609
       8.541       0.2609
       8.557       0.2199
       8.564       0.2199
       8.579       0.1586
       8.594      0.09719
       8.602      0.07673
       8.609      0.07673
       8.625      0.05627
       8.632      0.03581
        8.64      0.03581
       8.655    -0.005115
       8.662    -0.005115
        8.67    -0.005115
       8.685    -0.005115
       8.693    -0.005115
       8.708     -0.04604
       8.723      -0.1074
        8.73      -0.1074
       8.745     -0.08696
       8.753     -0.04604
       8.761     -0.02558
       8.776      0.01535
       8.783      0.01535
       8.798      0.01535
       8.806      0.01535
       8.821      0.01535
       8.829      0.01535
       8.844     -0.02558
       8.851     -0.04604
       8.866     -0.04604
       8.874     -0.02558
       8.881    -0.005115
       8.897      0.03581
       8.904      0.07673
       8.919      0.09719
       8.927      0.09719
       8.942      0.07673
       8.957      0.03581
       8.965      0.03581
