     0.01186        0.103
     0.01942       0.1222
     0.03455       0.1413
     0.04212       0.1413
     0.05725       0.1989
     0.07238       0.2181
     0.08751       0.2564
      0.1026       0.2756
      0.1102       0.2564
      0.1178       0.1989
      0.1253       0.1413
      0.1329      0.06462
      0.1405      0.02627
      0.1405     -0.01209
       0.148     -0.05045
      0.1556       -0.108
      0.1632      -0.1463
      0.1783      -0.1847
      0.1859      -0.1847
       0.201      -0.1655
      0.2161      -0.1272
      0.2312     -0.06963
      0.2388     -0.05045
      0.2464      0.02627
      0.2464     -0.01209
      0.2539       0.0838
      0.2615       0.1605
      0.2691       0.2181
      0.2842       0.2181
      0.2918       0.1797
      0.2993        0.103
      0.3069      0.04545
      0.3145     0.007088
      0.3296     -0.05045
      0.3371     -0.08881
      0.3523       -0.108
      0.3598     -0.06963
      0.3674     -0.05045
      0.3825     0.007088
      0.3901      0.04545
      0.4052      0.06462
      0.4128       0.0838
      0.4279        0.103
      0.4355       0.1222
      0.4506       0.1413
      0.4582       0.1605
      0.4658       0.1797
      0.4733       0.2181
      0.4809       0.2372
       0.496       0.2372
      0.5036       0.1989
      0.5187       0.1413
      0.5263       0.0838
      0.5338      0.04545
      0.5414     -0.01209
       0.549     -0.05045
      0.5565       -0.108
      0.5641      -0.1847
      0.5717      -0.2806
      0.5792      -0.3765
      0.5868       -0.434
      0.5944      -0.4532
      0.6019       -0.434
      0.6171      -0.3957
      0.6322      -0.3189
      0.6397      -0.2614
      0.6473      -0.2039
      0.6549       -0.108
      0.6624     -0.05045
        0.67      0.04545
      0.6776        0.103
      0.6851       0.1413
      0.6927       0.1797
      0.7003       0.2181
      0.7154       0.2564
       0.723       0.2756
      0.7381       0.2756
      0.7457       0.2564
      0.7608       0.2372
      0.7683       0.2372
      0.7759       0.2756
      0.7835       0.2948
      0.7986       0.3331
      0.8062       0.3331
      0.8137       0.2948
      0.8213       0.2564
      0.8289       0.1989
      0.8364       0.1222
       0.844      0.06462
       0.844     -0.01209
      0.8516     -0.06963
      0.8591      -0.1655
      0.8667      -0.2422
      0.8743      -0.2998
      0.8818      -0.3381
      0.8894      -0.3573
      0.9045      -0.3957
      0.9121      -0.3765
      0.9272      -0.3381
      0.9348      -0.3189
      0.9423      -0.2806
      0.9499      -0.2422
      0.9575      -0.2039
       0.965      -0.1272
      0.9726     -0.06963
      0.9802      0.02627
      0.9877        0.103
      0.9953       0.1797
       1.003       0.2372
        1.01       0.2564
       1.026       0.2372
       1.033       0.1989
       1.041       0.1605
       1.048        0.103
       1.056      0.04545
       1.056     -0.01209
       1.063     -0.03127
       1.071     -0.08881
       1.079      -0.1655
       1.086      -0.2039
       1.094      -0.2422
       1.101      -0.2806
       1.116      -0.2998
       1.124      -0.2614
       1.131      -0.2231
       1.139      -0.1655
       1.147       -0.108
       1.154     -0.05045
       1.162     0.007088
       1.169       0.0838
       1.177       0.1413
       1.184       0.2181
       1.192       0.2564
         1.2       0.3139
       1.207       0.3139
       1.222       0.3139
        1.23       0.3139
       1.245       0.3139
       1.253       0.3139
        1.26       0.3331
       1.275       0.3139
       1.283       0.2948
        1.29       0.2756
       1.298       0.2372
       1.305       0.1797
       1.313       0.1222
       1.321      0.06462
       1.328      0.02627
       1.328     -0.03127
       1.336     -0.08881
       1.343      -0.1655
       1.351      -0.2231
       1.358      -0.2614
       1.366      -0.2998
       1.381      -0.3189
       1.396      -0.3189
       1.404      -0.2998
       1.411      -0.2422
       1.419      -0.1847
       1.426      -0.1463
       1.442     -0.08881
       1.449     -0.06963
       1.464     -0.03127
       1.472     -0.01209
       1.487      0.04545
       1.495      0.06462
       1.502       0.0838
       1.517       0.0838
       1.525       0.1222
       1.532       0.1413
        1.54       0.1797
       1.548       0.2372
       1.555       0.2756
       1.563       0.3139
        1.57       0.3715
       1.578       0.3715
       1.585       0.3523
       1.593       0.3139
         1.6       0.2564
       1.608       0.1797
       1.616        0.103
       1.623      0.04545
       1.623     -0.01209
       1.631     -0.05045
       1.638      -0.1463
       1.646      -0.2231
       1.653      -0.2998
       1.661      -0.3381
       1.684      -0.3573
       1.691      -0.3189
       1.699      -0.2998
       1.706      -0.2422
       1.714      -0.1847
       1.722      -0.1463
       1.729       -0.108
       1.737     -0.06963
       1.744     -0.03127
       1.759     -0.03127
       1.767     -0.03127
       1.774     -0.01209
       1.782     0.007088
        1.79      0.04545
       1.797       0.0838
       1.812       0.1413
        1.82       0.1413
       1.835       0.1413
       1.843       0.1413
       1.858       0.1413
       1.865       0.1605
       1.873       0.1605
       1.888       0.0838
       1.896     0.007088
       1.903     -0.05045
       1.911       -0.108
       1.926      -0.1463
       1.933      -0.1463
       1.948      -0.1655
       1.956      -0.1847
       1.971      -0.1847
       1.979      -0.1847
       1.994      -0.1847
       2.001      -0.1847
       2.009      -0.1655
       2.024      -0.1655
       2.032      -0.1655
       2.039      -0.1272
       2.047       -0.108
       2.054     -0.05045
       2.062     -0.01209
        2.07      0.02627
       2.085       0.0838
         2.1       0.1413
       2.107       0.1605
       2.122       0.1797
        2.13       0.1797
       2.138       0.1413
       2.145       0.1222
        2.16       0.1222
       2.168       0.1222
       2.183       0.0838
       2.198     0.007088
       2.206     -0.03127
       2.213     -0.06963
       2.221     -0.08881
       2.236      -0.1272
       2.244      -0.1463
       2.259      -0.1463
       2.266      -0.1463
       2.274      -0.1272
       2.289     -0.08881
       2.296     -0.05045
       2.304     0.007088
       2.312      0.06462
       2.319       0.1413
       2.327       0.1989
       2.334       0.2756
       2.342       0.3139
       2.357       0.3523
       2.365       0.3523
        2.38       0.2948
       2.387       0.2756
       2.402       0.2372
        2.41       0.2181
       2.425       0.1413
       2.433       0.0838
        2.44      0.02627
       2.448     -0.05045
       2.455       -0.108
       2.463      -0.1655
       2.478      -0.2231
       2.486      -0.2422
       2.501      -0.2998
       2.508      -0.3189
       2.523      -0.2998
       2.539      -0.2614
       2.546      -0.2039
       2.554      -0.1655
       2.561       -0.108
       2.569     -0.06963
       2.576     -0.03127
       2.591      0.02627
       2.599      0.04545
       2.607      0.06462
       2.622        0.103
       2.629       0.1222
       2.644       0.1605
       2.652       0.1605
       2.667        0.103
       2.675      0.06462
       2.682      0.04545
        2.69     -0.01209
       2.697     -0.05045
       2.705       -0.108
       2.713      -0.1655
        2.72      -0.2039
       2.735      -0.2039
       2.743      -0.1847
        2.75      -0.1463
       2.758      -0.1272
       2.773     -0.08881
       2.781     -0.06963
       2.788     -0.05045
       2.803      0.04545
       2.811        0.103
       2.826        0.103
       2.834      0.06462
       2.841     0.007088
       2.849     -0.03127
       2.856     -0.08881
       2.871     -0.08881
       2.879     -0.05045
       2.887     -0.01209
       2.894      0.04545
       2.902       0.0838
       2.909       0.1222
       2.917       0.1797
       2.924       0.2181
       2.932       0.2756
       2.947       0.2948
       2.955       0.2756
       2.962       0.2181
        2.97       0.1413
       2.977       0.0838
       2.985      0.04545
       2.992     -0.01209
           3     -0.03127
       3.015     -0.03127
        3.03     -0.06963
       3.038     -0.06963
       3.053      -0.1272
       3.061      -0.1463
       3.083      -0.1847
       3.091      -0.1272
       3.098     -0.05045
       3.106      0.06462
       3.106     -0.01209
       3.113       0.1413
       3.121       0.2181
       3.129       0.2372
       3.144       0.2372
       3.151       0.1989
       3.159       0.1797
       3.166       0.1413
       3.174        0.103
       3.182      0.06462
       3.197     -0.01209
       3.204     -0.05045
       3.219     -0.08881
       3.227       -0.108
       3.242     -0.06963
        3.25     -0.05045
       3.265      0.04545
       3.272       0.0838
        3.28       0.1413
       3.287       0.1797
       3.303       0.1605
        3.31       0.1222
       3.318       0.0838
       3.325      0.04545
       3.325     -0.01209
       3.333     -0.03127
       3.348     -0.06963
       3.356     -0.06963
       3.363     -0.03127
       3.378      0.02627
       3.386      0.04545
       3.401      0.06462
       3.409      0.06462
       3.424      0.02627
       3.431     -0.01209
       3.446     -0.01209
       3.461     -0.01209
       3.469     -0.01209
       3.484     -0.03127
       3.492     -0.03127
       3.507     -0.08881
       3.514      -0.1272
        3.53      -0.1847
       3.537      -0.1847
       3.545      -0.1463
        3.56       -0.108
       3.567     -0.08881
       3.582       -0.108
        3.59      -0.1272
       3.605      -0.1655
       3.613      -0.1655
       3.628      -0.1463
       3.635      -0.1272
       3.651     -0.06963
       3.666     -0.01209
       3.673     0.007088
       3.688      0.04545
       3.696      0.04545
       3.704      0.04545
       3.719      0.04545
       3.726      0.06462
       3.741        0.103
       3.749       0.1222
       3.764       0.1222
       3.772       0.1222
       3.787        0.103
       3.794       0.0838
       3.809       0.0838
       3.817       0.0838
       3.832      0.02627
       3.847     0.007088
       3.862      0.02627
        3.87      0.02627
       3.885      0.06462
         3.9       0.0838
       3.908        0.103
       3.923       0.1605
        3.93       0.1797
       3.946       0.2372
       3.953       0.2372
       3.968       0.2372
       3.976       0.1797
       3.983       0.1413
       3.991       0.0838
       3.999      0.04545
       4.006     -0.03127
       4.014     -0.08881
       4.021      -0.1655
       4.029      -0.2231
       4.036      -0.2614
       4.044      -0.2806
       4.052      -0.2614
       4.067      -0.2039
       4.074      -0.2039
       4.082      -0.2039
       4.097      -0.2039
       4.104      -0.1847
        4.12      -0.1463
       4.127       -0.108
       4.142     -0.08881
        4.15     -0.08881
       4.157     -0.06963
       4.173       -0.108
        4.18       -0.108
       4.195       -0.108
       4.203     -0.08881
       4.218     -0.06963
       4.226     -0.06963
       4.241     -0.06963
       4.248     -0.08881
       4.256       -0.108
       4.271      -0.1655
       4.286      -0.2039
       4.294      -0.1847
       4.309      -0.1272
       4.316     -0.08881
       4.324     -0.05045
       4.331     -0.03127
       4.347     -0.01209
       4.354     -0.03127
       4.369     -0.05045
       4.377     -0.05045
       4.392     -0.06963
         4.4     -0.08881
       4.415     -0.08881
       4.422     -0.08881
        4.43     -0.06963
       4.445     -0.05045
       4.452     -0.01209
        4.46     0.007088
       4.468      0.04545
       4.475       0.0838
       4.483       0.1222
        4.49       0.1605
       4.498       0.1605
       4.505       0.1797
       4.521       0.1605
       4.528       0.1605
       4.543       0.1989
       4.558       0.2372
       4.574       0.2948
       4.581       0.3139
       4.596       0.3139
       4.604       0.3139
       4.611       0.2756
       4.619       0.2372
       4.626       0.1989
       4.634       0.1413
       4.642       0.0838
       4.649      0.04545
       4.657     -0.01209
       4.672     -0.01209
       4.679     0.007088
       4.695      0.02627
       4.702      0.02627
        4.71      0.04545
       4.725       0.0838
       4.732       0.1222
       4.747       0.1605
       4.755       0.1605
       4.763       0.1797
       4.778       0.1605
       4.785       0.1605
         4.8       0.1413
       4.808        0.103
       4.823      0.06462
       4.831      0.02627
       4.846      0.04545
       4.861      0.06462
       4.869       0.0838
       4.884        0.103
       4.891      0.06462
       4.899     -0.01209
       4.906     -0.05045
       4.914      -0.1272
       4.921      -0.1847
       4.929      -0.2422
       4.937      -0.2614
       4.952      -0.2614
       4.959      -0.2422
       4.967      -0.2039
       4.974      -0.1655
       4.982       -0.108
        4.99     -0.05045
       4.997     -0.01209
       5.005      0.04545
       5.012       0.0838
       5.027        0.103
       5.035       0.1413
        5.05       0.1605
       5.058       0.1605
       5.073        0.103
        5.08      0.06462
       5.088     -0.01209
       5.095     -0.05045
       5.103      -0.1272
       5.111      -0.2039
       5.118      -0.2806
       5.126      -0.3381
       5.141      -0.3573
       5.148      -0.3381
       5.156      -0.3189
       5.171      -0.2998
       5.179      -0.2614
       5.186      -0.2039
       5.194      -0.1655
       5.201      -0.1463
       5.217     -0.08881
       5.224     -0.06963
       5.232     -0.03127
       5.239      0.04545
       5.247       0.0838
       5.254       0.1605
       5.262       0.1989
       5.269       0.2372
       5.285       0.2372
       5.292       0.2181
       5.307       0.1797
       5.315       0.1605
        5.33       0.1222
       5.338       0.0838
       5.353       0.1222
        5.36       0.1797
       5.368       0.2564
       5.375       0.3331
       5.391       0.3139
       5.398       0.2372
       5.406       0.1222
       5.413      0.06462
       5.413     -0.01209
       5.421     -0.05045
       5.428      -0.1272
       5.436      -0.1847
       5.443      -0.2422
       5.451      -0.2614
       5.466      -0.2806
       5.481      -0.2614
       5.496      -0.2231
       5.512      -0.1655
       5.519      -0.1463
       5.534       -0.108
       5.542     -0.06963
       5.549     -0.03127
       5.557      0.04545
       5.572      0.04545
        5.58      0.02627
       5.587     -0.01209
       5.602     -0.05045
        5.61     -0.03127
       5.625     -0.01209
       5.633     -0.01209
       5.648     -0.01209
       5.655     -0.01209
       5.686      0.02627
       5.701     -0.01209
       5.716     -0.05045
       5.723     -0.06963
       5.739     -0.06963
       5.754     -0.08881
       5.761     -0.06963
       5.776     -0.03127
       5.791     -0.05045
       5.799     -0.05045
       5.814     -0.05045
       5.822     -0.03127
       5.837     -0.03127
       5.844     -0.08881
       5.852      -0.1463
        5.86      -0.2039
       5.867      -0.2231
       5.882      -0.2806
        5.89      -0.2806
       5.897      -0.2614
       5.912      -0.2231
        5.92      -0.1847
       5.928      -0.1463
       5.935       -0.108
       5.943     -0.06963
       5.958     -0.01209
       5.965     0.007088
       5.981      0.02627
       5.988      0.02627
       5.996     -0.01209
       6.003     -0.01209
       6.011     -0.05045
       6.018     -0.06963
       6.034      -0.1272
       6.041      -0.1463
       6.056      -0.2039
       6.064      -0.2422
       6.071      -0.2614
       6.086      -0.2614
       6.094      -0.2422
       6.102      -0.1847
       6.109       -0.108
       6.117      0.02627
       6.117     -0.03127
       6.124       0.0838
       6.132       0.1797
       6.139       0.2564
       6.147       0.3139
       6.155       0.3715
        6.17       0.3907
       6.177       0.3715
       6.185       0.3715
         6.2       0.3715
       6.208       0.3907
       6.223       0.4482
        6.23       0.4866
       6.245       0.4866
       6.253       0.4674
        6.26       0.4674
       6.276       0.4866
       6.283       0.4866
       6.291       0.4866
       6.306       0.4482
       6.313       0.4098
       6.321       0.3523
       6.329       0.2756
       6.336       0.1989
       6.344        0.103
       6.351      0.02627
       6.359     -0.03127
       6.366     -0.08881
       6.382      -0.1272
       6.389      -0.1272
       6.397     -0.08881
       6.412     -0.05045
       6.419     -0.03127
       6.434     -0.05045
       6.442     -0.05045
       6.457     -0.08881
       6.465     -0.08881
        6.48     -0.05045
       6.487     -0.01209
       6.495      0.04545
       6.503       0.1222
        6.51       0.1989
       6.518       0.2948
       6.525       0.3715
       6.533        0.429
        6.54       0.4482
       6.556       0.3907
       6.563       0.3331
       6.571       0.2372
       6.578        0.103
       6.586      0.02627
       6.586     -0.06963
       6.593      -0.1655
       6.601      -0.2614
       6.608      -0.3573
       6.616       -0.434
       6.624      -0.4724
       6.639      -0.4916
       6.646      -0.4724
       6.654       -0.434
       6.661      -0.3573
       6.669      -0.2614
       6.677      -0.1655
       6.684     -0.08881
       6.692     -0.03127
       6.699     0.007088
       6.714      0.04545
       6.722      0.02627
       6.737      0.02627
       6.745     -0.01209
        6.76     -0.01209
       6.767     -0.01209
       6.782     -0.03127
        6.79     -0.05045
       6.798     -0.08881
       6.805      -0.1272
       6.813      -0.1847
        6.82      -0.2422
       6.828      -0.2806
       6.835      -0.2998
       6.843      -0.2806
       6.851      -0.2614
       6.858      -0.2231
       6.866      -0.1463
       6.873     -0.06963
       6.881     0.007088
       6.888       0.0838
       6.896       0.1222
       6.911       0.1605
       6.919       0.1797
       6.934       0.1413
       6.941       0.1222
       6.949       0.0838
       6.956      0.06462
       6.972      0.02627
       6.979     0.007088
       6.994     -0.01209
       7.002     -0.01209
       7.017      0.02627
       7.025      0.02627
        7.04     -0.01209
       7.047     -0.01209
       7.062     -0.03127
        7.07     -0.01209
       7.085      0.02627
       7.093      0.02627
       7.108     0.007088
       7.123     0.007088
       7.138      0.06462
       7.153        0.103
       7.161       0.1222
       7.176       0.1797
       7.183       0.1797
       7.199       0.1413
       7.206        0.103
       7.214      0.06462
       7.221      0.04545
       7.229      0.06462
       7.236        0.103
       7.251       0.1413
       7.259       0.1222
       7.267       0.0838
       7.274      0.04545
       7.282     0.007088
       7.289     -0.03127
       7.297     -0.06963
       7.304       -0.108
       7.312      -0.1272
       7.327      -0.1847
       7.335      -0.2039
       7.342      -0.2614
        7.35      -0.2998
       7.357      -0.3381
       7.373      -0.3381
        7.38      -0.3189
       7.388      -0.2806
       7.395      -0.2422
       7.403      -0.1847
        7.41      -0.1463
       7.418     -0.08881
       7.425     -0.05045
       7.441     -0.03127
       7.448     -0.03127
       7.456     -0.01209
       7.471     0.007088
       7.478      0.02627
       7.486      0.04545
       7.501       0.0838
       7.509        0.103
       7.516       0.1222
       7.531       0.1222
       7.539       0.1222
       7.547       0.1222
       7.562       0.1222
       7.569        0.103
       7.577        0.103
       7.584      0.06462
       7.599     -0.01209
       7.607     -0.03127
       7.615     -0.06963
       7.622      -0.1272
        7.63      -0.1847
       7.645      -0.2422
       7.652      -0.2614
        7.66      -0.2422
       7.675      -0.2039
       7.683      -0.1655
        7.69      -0.1272
       7.698     -0.08881
       7.705     -0.05045
       7.713     0.007088
       7.721       0.0838
       7.728       0.1413
       7.736       0.1797
       7.743       0.1989
       7.758       0.1989
       7.773       0.1605
       7.781       0.1413
       7.796        0.103
       7.804       0.0838
       7.811      0.06462
       7.826     -0.03127
       7.834     -0.06963
       7.842      -0.1272
       7.849      -0.1463
       7.864      -0.1463
       7.872      -0.1272
       7.879     -0.08881
       7.887     -0.06963
       7.902     -0.01209
        7.91     -0.01209
       7.917      0.04545
       7.925      0.06462
       7.932       0.1222
        7.94       0.1605
       7.955       0.1797
       7.963       0.1797
        7.97       0.1797
       7.985       0.1605
       7.993       0.1605
       8.008       0.1413
       8.016       0.1222
       8.031      0.06462
       8.046     -0.03127
       8.053     -0.06963
       8.061       -0.108
       8.068      -0.1272
       8.084      -0.1847
       8.099      -0.2231
       8.106      -0.2231
       8.129      -0.1847
       8.137      -0.1847
       8.159      -0.1655
       8.174      -0.1463
       8.182      -0.1463
       8.197      -0.1847
       8.205      -0.1847
        8.22      -0.1655
       8.235      -0.1272
       8.242       -0.108
        8.25     -0.06963
       8.258     -0.03127
       8.265      0.04545
       8.265     -0.01209
        8.28       0.0838
       8.288       0.1222
       8.295       0.1605
       8.311       0.1797
       8.318       0.1605
       8.326       0.1797
       8.341       0.1989
       8.348       0.2181
       8.364       0.1989
       8.371       0.1989
       8.386       0.1605
       8.394       0.1605
       8.401       0.1222
       8.409       0.0838
       8.416      0.04545
       8.424     -0.01209
       8.432     -0.01209
       8.447     0.007088
       8.454      0.02627
       8.469      0.06462
       8.485       0.0838
       8.492       0.1222
       8.507       0.1605
       8.522       0.2181
        8.53       0.2564
       8.545       0.2948
       8.553       0.2756
        8.56       0.2181
       8.568       0.1413
       8.575      0.06462
       8.575     -0.01209
       8.583     -0.08881
        8.59      -0.1655
       8.598      -0.2422
       8.606      -0.2998
       8.613      -0.3573
       8.628      -0.3957
       8.636      -0.3957
       8.651      -0.3573
       8.659      -0.2998
       8.666      -0.2422
       8.674      -0.1463
       8.681     -0.08881
       8.689     -0.03127
       8.696     -0.01209
       8.712      0.02627
       8.719      0.04545
       8.734       0.0838
       8.742       0.0838
       8.749       0.1222
       8.764       0.1605
       8.772       0.1797
       8.787       0.1797
       8.795       0.1989
        8.81       0.1989
       8.817       0.1989
       8.833       0.1989
        8.84       0.1605
       8.848       0.1222
       8.855      0.06462
       8.855     -0.01209
       8.863     -0.05045
        8.87      -0.1463
       8.878      -0.2039
       8.893      -0.2422
       8.901      -0.2231
       8.916      -0.2231
       8.923      -0.2039
       8.938      -0.1655
       8.954      -0.1655
       8.976      -0.1463
