     0.01181      -0.1688
     0.01181      -0.2302
     0.01938      -0.2506
     0.03451      -0.2302
     0.04207      -0.1483
     0.04964      -0.0665
      0.0572    -0.005115
     0.07233      0.07673
      0.0799       0.1381
     0.08746       0.1995
     0.09503       0.2199
      0.1026        0.179
      0.1102       0.1381
      0.1177      0.05627
      0.1253     -0.02558
      0.1329     -0.08696
       0.148     -0.08696
      0.1555     -0.02558
      0.1631      0.01535
      0.1707      0.03581
      0.1782    -0.005115
      0.1934    -0.005115
      0.2009       0.1176
      0.2085       0.2199
      0.2161       0.2813
      0.2312       0.2609
      0.2388        0.179
      0.2463      0.05627
      0.2539     -0.08696
      0.2615      -0.2097
       0.269      -0.2916
      0.2766      -0.3325
      0.2842      -0.2916
      0.2917      -0.2302
      0.2993      -0.1688
      0.3068     -0.08696
      0.3144     -0.02558
       0.322      0.05627
      0.3295       0.1176
      0.3371        0.179
      0.3447       0.2199
      0.3522       0.2609
      0.3598       0.3018
      0.3674       0.3836
      0.3749       0.4246
      0.3825        0.445
      0.3901       0.3836
      0.3976       0.2609
      0.4052      0.07673
      0.4128     -0.08696
      0.4203      -0.1893
      0.4279      -0.2506
      0.4355      -0.2506
       0.443      -0.2097
      0.4506      -0.1483
      0.4581      -0.0665
      0.4657    -0.005115
      0.4733      0.05627
      0.4884      0.09719
       0.496      0.09719
      0.5111      0.09719
      0.5187      0.09719
      0.5338       0.1176
      0.5489       0.1176
      0.5565      0.09719
      0.5716       0.1176
      0.5868       0.1586
      0.5943       0.1176
      0.6019      0.05627
      0.6094     -0.02558
       0.617     -0.08696
      0.6246      -0.1483
      0.6321      -0.1893
      0.6397      -0.1688
      0.6473      -0.1074
      0.6548      0.01535
      0.6624       0.1381
        0.67       0.2609
      0.6775       0.3427
      0.6851       0.3427
      0.6927       0.2609
      0.7002       0.1381
      0.7078    -0.005115
      0.7154      -0.1074
      0.7229      -0.1688
      0.7305      -0.1483
      0.7381     -0.08696
      0.7456     -0.02558
      0.7532      0.01535
      0.7683     -0.02558
      0.7759      0.01535
      0.7834      0.09719
       0.791       0.1586
      0.8061       0.1381
      0.8137      0.09719
      0.8213      0.03581
      0.8288     -0.02558
      0.8364     -0.08696
       0.844      -0.1074
      0.8591     -0.04604
      0.8742     -0.02558
      0.8818     -0.04604
      0.8969    -0.005115
      0.9045      0.01535
      0.9196      0.07673
      0.9272      0.07673
      0.9347      0.07673
      0.9423      0.03581
      0.9499      0.01535
      0.9574     -0.02558
       0.965      -0.0665
      0.9726      -0.1074
      0.9877      -0.1074
      0.9953     -0.04604
       1.003      0.01535
        1.01     -0.02558
       1.018      -0.1483
       1.026      -0.2711
       1.033      -0.3325
       1.041      -0.2916
       1.048      -0.1688
       1.056     -0.02558
       1.063       0.1176
       1.071       0.1995
       1.078       0.2404
       1.086       0.2404
       1.094       0.2199
       1.109        0.179
       1.116      0.09719
       1.124      0.01535
       1.131      -0.1074
       1.139      -0.2097
       1.147      -0.2506
       1.154      -0.2302
       1.162      -0.1688
       1.169      -0.0665
       1.177      0.01535
       1.184      0.05627
         1.2      0.05627
       1.207      0.05627
       1.215      0.05627
        1.23      0.01535
       1.237     -0.02558
       1.252     -0.08696
        1.26      -0.0665
       1.268     -0.02558
       1.275      0.05627
       1.283        0.179
        1.29       0.2609
       1.305       0.1995
       1.313      0.07673
       1.321     -0.04604
       1.328      -0.1483
       1.336      -0.1893
       1.343      -0.1688
       1.351     -0.08696
       1.358    -0.005115
       1.366      0.07673
       1.381      0.09719
       1.389       0.1381
       1.396       0.1995
       1.404       0.2813
       1.411       0.3427
       1.419       0.3427
       1.426       0.2609
       1.434       0.1381
       1.434      0.01535
       1.442      0.05627
       1.442     -0.04604
       1.449      -0.1688
       1.457      -0.2097
       1.472      -0.1483
       1.479     -0.04604
       1.487      0.07673
       1.495       0.1586
       1.502       0.2199
        1.51       0.2199
       1.517        0.179
       1.532       0.1586
        1.54       0.1381
       1.548      0.09719
       1.555      0.01535
       1.563      -0.1279
        1.57      -0.2711
       1.578      -0.3529
       1.585       -0.312
       1.593      -0.1688
         1.6     -0.02558
       1.608      0.09719
       1.616       0.1586
       1.623        0.179
       1.638       0.2199
       1.646       0.2404
       1.661       0.2609
       1.676       0.2813
       1.684       0.2404
       1.691       0.1381
       1.699     -0.04604
       1.706      -0.2711
       1.714      -0.4552
       1.722       -0.578
       1.729      -0.4962
       1.729      -0.5575
       1.737      -0.4143
       1.744      -0.2506
       1.752      0.05627
       1.752      -0.0665
       1.759       0.1381
       1.767       0.2609
       1.774       0.3427
       1.782       0.3632
        1.79       0.3223
       1.797       0.2813
       1.805       0.2609
        1.82        0.179
       1.827      0.09719
       1.835      0.05627
       1.835     -0.02558
       1.843      -0.1074
        1.85      -0.2097
       1.858      -0.2302
       1.873      -0.1688
        1.88     -0.08696
       1.888     -0.04604
       1.903      0.01535
       1.911      0.05627
       1.918      0.09719
       1.926       0.1586
       1.933       0.1995
       1.941       0.2404
       1.956       0.2199
       1.964       0.1586
       1.971      0.09719
       1.979    -0.005115
       1.986      -0.1074
       1.994      -0.2097
       2.001      -0.2916
       2.009      -0.2711
       2.017      -0.1688
       2.024     -0.04604
       2.032       0.1176
       2.039       0.1995
       2.047       0.2813
       2.054       0.3223
        2.07       0.3223
       2.077       0.2404
       2.085       0.1381
       2.092      0.01535
         2.1     -0.08696
       2.107      -0.1483
       2.115      -0.1893
        2.13      -0.1688
       2.138     -0.08696
       2.145      0.03581
       2.153       0.1381
        2.16       0.1995
       2.168       0.2199
       2.183       0.1995
       2.191       0.1586
       2.198       0.1176
       2.206      0.07673
       2.213      0.01535
       2.221     -0.02558
       2.228      -0.0665
       2.236      -0.1074
       2.243      -0.1279
       2.259      -0.0665
       2.266      0.01535
       2.274       0.1381
       2.281       0.1995
       2.289        0.179
       2.296       0.1176
       2.304      0.03581
       2.312    -0.005115
       2.327      0.01535
       2.334      0.09719
       2.342       0.1586
       2.349       0.1995
       2.357        0.179
       2.365       0.1176
       2.372     -0.02558
        2.38     -0.08696
       2.395     -0.04604
       2.402      0.03581
        2.41      0.09719
       2.425      0.09719
       2.433      0.07673
       2.448      0.03581
       2.455      0.03581
        2.47      0.05627
       2.478      0.05627
       2.486    -0.005115
       2.493     -0.08696
       2.501      -0.2097
       2.508      -0.3325
       2.516      -0.3734
       2.523      -0.3325
       2.531      -0.2506
       2.539      -0.1074
       2.546      0.01535
       2.554       0.1586
       2.561       0.3223
       2.569        0.445
       2.576       0.5269
       2.591       0.5064
       2.599       0.3836
       2.607       0.2199
       2.614      0.05627
       2.622      -0.1483
       2.629      -0.2916
       2.637      -0.3939
       2.644      -0.4552
        2.66      -0.4143
       2.667      -0.2916
       2.675      -0.1074
       2.682      0.07673
        2.69       0.1995
       2.697       0.2404
       2.705       0.1995
        2.72       0.1586
       2.728       0.1586
       2.735      0.09719
       2.743     -0.02558
        2.75      -0.1893
       2.758      -0.3529
       2.765      -0.4143
       2.773      -0.2916
       2.781      -0.1074
       2.788      0.07673
       2.796       0.2404
       2.803       0.3427
       2.811       0.3836
       2.818       0.3427
       2.826       0.2813
       2.834        0.179
       2.841       0.1176
       2.849      0.05627
       2.856      0.01535
       2.871      -0.0665
       2.879      -0.1483
       2.887      -0.2097
       2.894      -0.2506
       2.902      -0.2097
       2.909      -0.1483
       2.917     -0.08696
       2.924    -0.005115
       2.932      0.09719
       2.939        0.179
       2.947       0.2609
       2.962       0.2813
        2.97       0.2813
       2.977       0.2813
       2.985       0.2404
       2.992       0.1586
           3      0.01535
       3.008      -0.1483
       3.015      -0.2916
       3.023      -0.3734
        3.03      -0.3734
       3.038      -0.2916
       3.045      -0.1483
       3.053     -0.04604
       3.061      0.07673
       3.068       0.1586
       3.076       0.1995
       3.083       0.2199
       3.098       0.2199
       3.106       0.2199
       3.113       0.2609
       3.129       0.2609
       3.136       0.2199
       3.144       0.1381
       3.151      0.05627
       3.159     -0.04604
       3.166      -0.1279
       3.174      -0.1688
       3.189      -0.1893
       3.197      -0.1483
       3.204      -0.0665
       3.212      0.03581
       3.219       0.1176
       3.227        0.179
       3.235       0.1995
       3.242       0.1586
        3.25      0.09719
        3.25      0.03581
       3.257     -0.02558
       3.265      -0.1074
       3.272      -0.1483
        3.28      -0.1279
       3.295     -0.08696
       3.303      -0.0665
        3.31     -0.02558
       3.318      0.07673
       3.325        0.179
       3.333       0.2609
        3.34       0.3018
       3.348       0.3223
       3.363       0.3836
       3.371       0.3632
       3.378       0.2404
       3.386      0.05627
       3.393      -0.1279
       3.401      -0.2711
       3.409       -0.312
       3.416      -0.2916
       3.431      -0.2097
       3.439      -0.1074
       3.446      0.05627
       3.454       0.1586
       3.461       0.2609
       3.469       0.3223
       3.477       0.3632
       3.484       0.3632
       3.492       0.3223
       3.499       0.2813
       3.507       0.2199
       3.514       0.1381
       3.522      0.05627
        3.53     -0.04604
       3.537      -0.1688
       3.545      -0.2916
       3.552      -0.3734
        3.56      -0.3734
       3.567      -0.3529
       3.575      -0.2711
       3.583      -0.1688
        3.59     -0.04604
       3.598      0.05627
       3.605       0.1586
       3.613       0.2404
        3.62       0.2813
       3.628       0.2404
       3.635       0.1586
       3.643      0.09719
       3.651      0.03581
       3.666      0.03581
       3.673    -0.005115
       3.681     -0.04604
       3.688      -0.1074
       3.696      -0.1279
       3.704      -0.1074
       3.711      -0.0665
       3.719    -0.005115
       3.734      0.01535
       3.741      0.05627
       3.749       0.1586
       3.757       0.2813
       3.764       0.4041
       3.772       0.4655
       3.779       0.3836
       3.787       0.1995
       3.794     -0.02558
       3.802      -0.1893
       3.809      -0.2711
       3.817      -0.2711
       3.832      -0.2302
        3.84      -0.1688
       3.847     -0.08696
       3.855      0.03581
       3.862        0.179
        3.87       0.2813
       3.885       0.2609
       3.893        0.179
         3.9      0.07673
       3.908     -0.02558
       3.915      -0.1074
       3.923      -0.1893
        3.93      -0.2302
       3.938      -0.2097
       3.946      -0.1688
       3.953      -0.1074
       3.961     -0.04604
       3.968      0.01535
       3.976      0.07673
       3.991       0.1176
       3.999       0.1176
       4.006      0.07673
       4.014      0.03581
       4.029      0.01535
       4.036      0.03581
       4.052      0.07673
       4.059      0.09719
       4.074      0.03581
       4.082    -0.005115
       4.089     -0.02558
       4.104      -0.0665
       4.112      -0.1074
        4.12      -0.1688
       4.127      -0.2097
       4.135      -0.1893
       4.142      -0.1074
        4.15      0.01535
       4.157       0.1176
       4.165       0.2199
       4.173       0.3018
        4.18       0.3427
       4.188       0.3018
       4.195       0.2404
       4.203       0.1381
        4.21      0.05627
        4.21      -0.0665
       4.218      -0.2302
       4.226      -0.3939
       4.233      -0.4552
       4.241      -0.3939
       4.248      -0.2711
       4.256     -0.08696
       4.263      0.09719
       4.271       0.2404
       4.278       0.3427
       4.286       0.3632
       4.294       0.3018
       4.301       0.1995
       4.309      0.07673
       4.316     -0.04604
       4.324      -0.1279
       4.331      -0.1688
       4.347      -0.1893
       4.354      -0.1688
       4.362      -0.1483
       4.369     -0.08696
       4.377      0.01535
       4.384       0.1176
       4.392        0.179
       4.407       0.1586
       4.415      0.09719
       4.422      0.07673
        4.43       0.1176
       4.437       0.1995
       4.445       0.2609
       4.452       0.3018
        4.46       0.3223
       4.468       0.3223
       4.475       0.2609
       4.483       0.1586
        4.49    -0.005115
       4.498      -0.1688
       4.505      -0.3529
       4.513      -0.4552
       4.521      -0.4348
       4.528      -0.2711
       4.536     -0.04604
       4.543        0.179
       4.551       0.3427
       4.558       0.4655
       4.566       0.5064
       4.574       0.4859
       4.581       0.3836
       4.589       0.1995
       4.596    -0.005115
       4.604      -0.1893
       4.611       -0.312
       4.619      -0.3939
       4.626      -0.4348
       4.634      -0.4143
       4.642      -0.3939
       4.649       -0.312
       4.657      -0.1893
       4.664      -0.0665
       4.672      0.09719
       4.679       0.2404
       4.687       0.3836
       4.695       0.5064
       4.702       0.5882
        4.71       0.5473
       4.717        0.445
       4.725       0.2404
       4.732      0.01535
        4.74      -0.2097
       4.748      -0.3939
       4.755      -0.4962
       4.763      -0.4552
        4.77      -0.3529
       4.778      -0.1893
       4.785      -0.0665
       4.793      0.03581
         4.8      0.07673
       4.816      0.05627
       4.823      0.09719
       4.831       0.1176
       4.838        0.179
       4.846       0.2199
       4.853       0.2813
       4.869       0.2609
       4.876        0.179
       4.884      0.07673
       4.891     -0.02558
       4.899      -0.1279
       4.906      -0.2097
       4.922      -0.1893
       4.929      -0.1074
       4.937     -0.02558
       4.944      0.09719
       4.952       0.1586
       4.959        0.179
       4.967       0.1176
       4.974      0.05627
       4.982      0.01535
       4.997    -0.005115
       5.005     -0.02558
        5.02      0.01535
       5.027      0.07673
       5.035       0.1176
        5.05      0.05627
       5.058      0.01535
       5.065      0.03581
       5.073      0.07673
        5.08      0.09719
       5.096       0.1381
       5.103       0.1586
       5.118       0.2199
       5.126       0.1995
       5.133       0.1995
       5.141       0.1381
       5.148      0.09719
       5.156    -0.005115
       5.164     -0.08696
       5.171      -0.1279
       5.179      -0.1279
       5.186      -0.0665
       5.194      0.03581
       5.201       0.1381
       5.209       0.2404
       5.217       0.3018
       5.224       0.3018
       5.232       0.2609
       5.239        0.179
       5.247      0.09719
       5.254      0.01535
        5.27      0.03581
       5.285      0.09719
       5.292      0.05627
         5.3     -0.02558
       5.307      -0.1074
       5.315      -0.2097
       5.322      -0.2711
        5.33       -0.312
       5.338      -0.2916
       5.345      -0.2302
       5.353      -0.1279
        5.36    -0.005115
       5.368       0.1381
       5.375       0.2609
       5.383       0.3223
       5.391       0.3632
       5.406       0.3427
       5.413       0.3018
       5.421       0.2199
       5.428       0.1586
       5.436      0.07673
       5.444     -0.02558
       5.451      -0.1483
       5.459      -0.3325
       5.466      -0.4757
       5.474      -0.5371
       5.481      -0.4348
       5.489       -0.312
       5.496      -0.1074
       5.504      0.07673
       5.512       0.2404
       5.519       0.3427
       5.527       0.4041
       5.534       0.3836
       5.542       0.2813
       5.549        0.179
       5.557      0.09719
       5.565      0.05627
       5.572      0.01535
        5.58      0.01535
       5.595     -0.02558
       5.602     -0.04604
       5.618      -0.1074
       5.625      -0.1074
        5.64      -0.1279
       5.655      -0.1279
       5.663     -0.08696
       5.678     -0.08696
       5.686     -0.08696
       5.701      -0.0665
       5.708      0.05627
       5.708    -0.005115
       5.716       0.1176
       5.723       0.2199
       5.731       0.3223
       5.746       0.2609
       5.754       0.1586
       5.761      0.07673
       5.776      0.07673
       5.784       0.1176
       5.791       0.1586
       5.799       0.1586
       5.807       0.1586
       5.822      0.09719
       5.829      0.07673
       5.844      0.01535
       5.852      0.03581
        5.86      0.07673
       5.867       0.1176
       5.875       0.1381
       5.882      0.09719
        5.89     -0.02558
       5.897      -0.1688
       5.905      -0.2916
       5.913      -0.3734
        5.92      -0.4143
       5.928      -0.3529
       5.935      -0.2711
       5.943      -0.1483
        5.95     -0.04604
       5.958      0.03581
       5.965      0.09719
       5.981        0.179
       5.988       0.1995
       6.003       0.2404
       6.011       0.1995
       6.026       0.1586
       6.034        0.179
       6.041       0.1586
       6.049      0.05627
       6.056     -0.08696
       6.064      -0.2506
       6.071      -0.3529
       6.087      -0.2711
       6.094      -0.1483
       6.102     -0.04604
       6.109      0.03581
       6.124      0.05627
       6.132      0.01535
       6.139      0.03581
       6.147       0.1176
       6.155       0.1995
       6.162       0.2404
        6.17       0.2199
       6.177       0.1176
       6.185      0.01535
       6.192      -0.0665
         6.2      -0.1074
       6.208      -0.1279
       6.223      -0.1279
        6.23      -0.1074
       6.245      -0.0665
       6.253    -0.005115
       6.261      0.05627
       6.268       0.1176
       6.276       0.1586
       6.283        0.179
       6.291       0.1586
       6.298      0.09719
       6.306      0.05627
       6.313      0.05627
       6.321      0.09719
       6.329       0.1586
       6.336       0.2199
       6.351        0.179
       6.359      0.09719
       6.366      0.01535
       6.374     -0.04604
       6.382      -0.0665
       6.397      -0.0665
       6.404     -0.08696
       6.419      -0.1279
       6.427      -0.1074
       6.435     -0.08696
       6.442     -0.02558
        6.45      0.01535
       6.457       0.1176
       6.465       0.1995
       6.472       0.2813
        6.48       0.3223
       6.487       0.3018
       6.495       0.2404
       6.503       0.1381
        6.51    -0.005115
       6.518      -0.1483
       6.525      -0.2506
       6.533      -0.2916
        6.54      -0.2506
       6.548      -0.1483
       6.556     -0.04604
       6.563      0.07673
       6.571       0.1586
       6.578       0.2199
       6.586       0.2609
       6.593       0.3018
       6.601       0.2609
       6.609        0.179
       6.616      0.07673
       6.624      -0.0665
       6.631      -0.1483
       6.646      -0.1279
       6.654     -0.02558
       6.661      0.05627
       6.669      0.09719
       6.684       0.1176
       6.692      0.09719
       6.707      0.07673
       6.714      0.09719
        6.73       0.1381
       6.737       0.1586
       6.752        0.179
        6.76       0.1381
       6.767      0.03581
       6.775     -0.08696
       6.783      -0.2097
        6.79       -0.312
       6.805      -0.2506
       6.813      -0.1279
        6.82     -0.02558
       6.828      0.07673
       6.843        0.179
       6.851       0.2199
       6.866       0.2404
       6.873       0.1995
       6.881       0.1586
       6.881      0.07673
       6.888      0.01535
       6.896      -0.1074
       6.904      -0.2506
       6.911      -0.3529
       6.919      -0.3939
       6.926      -0.2916
       6.934      -0.1279
       6.941      0.07673
       6.949       0.2813
       6.957       0.4246
       6.964       0.4859
       6.979       0.4655
       6.987       0.4041
       6.994       0.3632
       7.009       0.3018
       7.017       0.2404
       7.025       0.1381
       7.032     -0.02558
        7.04      -0.2097
       7.047      -0.4143
       7.055      -0.5166
       7.062      -0.4962
       7.062      -0.5371
        7.07      -0.4348
       7.078       -0.312
       7.085      -0.1483
       7.093    -0.005115
         7.1       0.1381
       7.108       0.2609
       7.115       0.3836
       7.123       0.4655
       7.131       0.5064
       7.138       0.4655
       7.146       0.3427
       7.153        0.179
       7.161      0.07673
       7.161     -0.08696
       7.168      -0.2711
       7.176      -0.4348
       7.176      -0.5371
       7.183      -0.5575
       7.199      -0.4962
       7.206      -0.3734
       7.214      -0.2097
       7.221    -0.005115
       7.229        0.179
       7.236       0.3018
       7.244       0.3427
       7.252       0.3427
       7.267       0.2813
       7.274       0.2609
       7.289       0.1995
       7.297       0.1176
       7.305     -0.02558
       7.312      -0.1688
        7.32      -0.2916
       7.335      -0.2711
       7.342      -0.2302
       7.357      -0.2506
       7.365       -0.312
       7.373       -0.312
        7.38      -0.2097
       7.388      -0.0665
       7.395       0.1381
       7.395      0.01535
       7.403       0.2609
        7.41       0.3632
       7.418       0.4246
       7.426       0.3836
       7.433       0.2813
       7.441       0.1176
       7.448      -0.0665
       7.456      -0.2097
       7.463       -0.312
       7.471      -0.2916
       7.479      -0.1893
       7.486      -0.0665
       7.494      0.05627
       7.501       0.1586
       7.509       0.2199
       7.524       0.2199
       7.531       0.1586
       7.539      0.07673
       7.547     -0.02558
       7.554     -0.08696
       7.569     -0.08696
       7.577     -0.04604
       7.584    -0.005115
       7.592      0.07673
       7.607      0.09719
       7.615       0.1176
       7.622       0.1381
        7.63        0.179
       7.637       0.2404
       7.652       0.2609
        7.66       0.1995
       7.668       0.1176
       7.675      0.05627
       7.675     -0.02558
       7.683      -0.1074
        7.69      -0.1893
       7.698      -0.2097
       7.713      -0.1483
       7.721     -0.08696
       7.728    -0.005115
       7.736      0.05627
       7.751      0.05627
       7.758      0.01535
       7.766     -0.02558
       7.774     -0.04604
       7.789      0.01535
       7.796      0.07673
       7.804       0.1176
       7.811       0.1995
       7.819       0.2609
       7.826       0.3427
       7.834       0.3632
       7.842       0.3223
       7.849       0.1586
       7.857    -0.005115
       7.864      -0.1074
       7.879      -0.1279
       7.887     -0.08696
       7.895      -0.0665
        7.91     -0.02558
       7.917     -0.02558
       7.925     -0.04604
       7.932     -0.08696
       7.948      -0.1074
       7.955     -0.04604
       7.963      0.03581
        7.97      0.09719
       7.985       0.1381
       7.993       0.1586
       8.008       0.1995
       8.016       0.1586
       8.023      0.09719
       8.031    -0.005115
       8.038      -0.1074
       8.046      -0.2097
       8.053      -0.2506
       8.061      -0.2302
       8.069      -0.1893
       8.076      -0.1074
       8.084     -0.04604
       8.091      0.03581
       8.099      0.09719
       8.114       0.1176
       8.122       0.1176
       8.137       0.1176
       8.144       0.1176
       8.152      0.07673
       8.159      0.01535
       8.167     -0.04604
       8.174      -0.0665
       8.182    -0.005115
        8.19      0.07673
       8.197       0.1586
       8.205       0.2404
        8.22       0.2199
       8.227       0.1586
       8.235      0.09719
       8.243      0.05627
        8.25      0.03581
       8.258    -0.005115
       8.265      -0.0665
       8.273      -0.1483
        8.28      -0.2097
       8.288      -0.1688
       8.296      0.05627
       8.296      -0.0665
       8.303       0.1381
       8.303      0.01535
       8.311       0.2404
       8.318       0.3018
       8.326       0.3018
       8.333       0.2609
       8.341       0.2199
       8.348       0.1586
       8.356      0.07673
       8.364     -0.02558
       8.371      -0.1074
       8.379      -0.1483
       8.386      -0.1279
       8.394      -0.1074
       8.409     -0.02558
       8.417    -0.005115
       8.432      0.01535
       8.439      0.01535
       8.454     -0.02558
       8.462     -0.04604
        8.47     -0.02558
       8.477      0.03581
       8.485      0.09719
       8.492        0.179
         8.5       0.2404
       8.507       0.3018
       8.515       0.3018
       8.522       0.2199
        8.53      0.09719
       8.538      -0.0665
       8.545      -0.1688
        8.56      -0.1483
       8.568      -0.1074
       8.575     -0.02558
       8.583      0.01535
       8.591      0.05627
       8.598      0.07673
       8.613      0.07673
       8.621      0.09719
       8.636       0.1176
       8.644      0.07673
       8.651     -0.02558
       8.659      -0.1279
       8.666      -0.2302
       8.674       -0.312
       8.689      -0.2711
       8.696      -0.1483
       8.704     -0.04604
       8.712       0.1176
       8.719       0.2199
       8.727       0.3018
       8.734       0.3836
       8.742       0.4246
       8.757       0.3836
       8.765       0.2609
       8.772      0.07673
        8.78      -0.1483
       8.787      -0.3325
       8.795      -0.4552
        8.81      -0.3529
       8.818      -0.2097
       8.825      0.05627
       8.825     -0.04604
       8.833       0.1176
        8.84       0.2199
       8.848       0.3223
       8.855       0.4041
       8.863       0.4655
        8.87       0.4859
       8.878       0.4041
       8.886       0.2609
       8.893      0.07673
       8.901     -0.08696
       8.908      -0.1893
       8.916      -0.2506
       8.931      -0.2097
       8.946      -0.1688
       8.954      -0.1688
       8.976      -0.1893
