     0.01181     -0.03581
     0.03449     -0.03581
     0.04205     -0.03581
      0.0496     -0.01688
     0.07228      0.05882
     0.07984      0.05882
     0.09496      0.02097
      0.1025     0.002046
      0.1176     -0.03581
      0.1252     -0.05473
      0.1403     -0.05473
      0.1479     -0.01688
       0.163       0.0399
      0.1705      0.05882
      0.1857      0.09668
      0.1932      0.09668
      0.2008       0.1156
      0.2159       0.1535
      0.2235       0.1724
      0.2386       0.1724
      0.2461       0.1724
      0.2537       0.1913
      0.2688       0.1724
      0.2764       0.1345
      0.2839      0.09668
      0.2915       0.0399
       0.299     -0.03581
      0.3066     -0.09258
      0.3142      -0.1494
      0.3217      -0.1872
      0.3293       -0.244
      0.3368      -0.2818
       0.352      -0.3197
      0.3595      -0.3008
      0.3746      -0.3197
      0.3822      -0.3197
      0.3897      -0.3008
      0.4049      -0.2629
      0.4124       -0.244
        0.42      -0.2251
      0.4275      -0.1683
      0.4351      -0.1115
      0.4427     -0.05473
      0.4502     -0.01688
      0.4578      0.05882
      0.4653      0.09668
      0.4729       0.1724
      0.4804       0.2292
       0.488        0.267
      0.4956       0.3049
      0.5031       0.3427
      0.5107       0.3806
      0.5182       0.4184
      0.5334       0.4563
      0.5409       0.4563
      0.5485       0.4373
      0.5636       0.3806
      0.5712       0.3427
      0.5787       0.3049
      0.5863        0.267
      0.5938       0.2292
      0.6014       0.1913
      0.6165       0.1345
      0.6241      0.09668
      0.6392      0.05882
      0.6467      0.05882
      0.6694      0.02097
       0.677     -0.01688
      0.6845     -0.05473
      0.6996     -0.09258
      0.7072      -0.1115
      0.7223      -0.1115
      0.7299      -0.1115
       0.745     -0.09258
      0.7526     -0.05473
      0.7601     -0.03581
      0.7752     0.002046
      0.7828     0.002046
      0.7904     0.002046
      0.8055     -0.05473
       0.813     -0.07366
      0.8281      -0.1115
      0.8433      -0.1494
      0.8508      -0.1683
      0.8659      -0.2061
      0.8735      -0.2251
      0.8811      -0.2251
      0.8962      -0.2251
      0.9037      -0.2061
      0.9113      -0.1872
      0.9264      -0.1494
       0.934      -0.1304
      0.9415     -0.09258
      0.9491     -0.03581
      0.9642       0.0399
      0.9718      0.05882
      0.9869      0.07775
      0.9944      0.09668
        1.01      0.09668
       1.017      0.07775
       1.032       0.0399
        1.04       0.0399
        1.07       0.1345
       1.085       0.1535
       1.093       0.1345
         1.1       0.1156
       1.123       0.1156
        1.13       0.1345
       1.138       0.1913
       1.146       0.2292
       1.153       0.2859
       1.161       0.3049
       1.176        0.267
       1.183       0.2102
       1.191       0.1535
       1.199       0.1156
       1.206      0.09668
       1.221      0.05882
       1.229       0.0399
       1.236     0.002046
       1.244     -0.05473
       1.251     -0.09258
       1.259      -0.1115
       1.274      -0.1115
       1.289      -0.1494
       1.297      -0.1872
       1.312      -0.2061
       1.319      -0.1872
       1.335      -0.1683
       1.342      -0.1494
       1.357      -0.1304
       1.365      -0.1304
       1.372      -0.1304
       1.387      -0.1683
       1.395      -0.1872
       1.403      -0.1683
        1.41      -0.1494
       1.418     -0.09258
       1.425     -0.03581
       1.433       0.0399
       1.433     0.002046
        1.44      0.05882
       1.448      0.09668
       1.456       0.1156
       1.463       0.1535
       1.471       0.2102
       1.478       0.2481
       1.486       0.2859
       1.501       0.2859
       1.508        0.267
       1.524       0.2481
       1.531       0.2481
       1.546        0.267
       1.554       0.2859
       1.569       0.2481
       1.576       0.2481
       1.584       0.2102
       1.592       0.1913
       1.599       0.1535
       1.607       0.1156
       1.614      0.07775
       1.622     -0.03581
       1.629      -0.1115
       1.637      -0.1872
       1.644      -0.2629
        1.66      -0.3197
       1.667      -0.3197
       1.682      -0.3197
        1.69      -0.2818
       1.697      -0.2251
       1.705      -0.1683
       1.713      -0.1115
        1.72     -0.07366
       1.735     -0.03581
       1.743     -0.03581
       1.758     -0.01688
       1.773     0.002046
       1.781      0.02097
       1.796       0.0399
       1.803      0.05882
       1.818      0.07775
       1.826      0.09668
       1.841       0.1345
       1.849       0.1345
       1.864       0.1345
       1.871       0.1345
       1.886       0.1535
       1.894       0.1345
       1.901      0.09668
       1.909      0.05882
       1.917     0.002046
       1.924     -0.01688
       1.932     -0.05473
       1.939     -0.09258
       1.947      -0.1304
       1.954      -0.1872
       1.962      -0.2061
       1.977      -0.2251
       1.985      -0.2061
           2      -0.1683
       2.015      -0.1304
       2.022      -0.1304
        2.03      -0.1304
       2.045      -0.1115
       2.053     -0.09258
        2.06     -0.05473
       2.068     -0.01688
       2.075      0.05882
       2.083      0.07775
       2.098       0.1156
       2.106       0.1156
       2.121       0.1156
       2.128       0.1156
       2.143       0.1156
       2.151       0.1345
       2.158       0.1535
       2.166       0.1913
       2.174       0.2481
       2.189       0.3049
       2.196       0.3049
       2.204       0.3049
       2.219       0.2481
       2.226       0.2102
       2.234       0.1535
       2.242       0.1156
       2.249      0.07775
       2.272      0.05882
       2.279       0.0399
       2.295       0.0399
        2.31     0.002046
       2.317     -0.01688
       2.332     -0.07366
       2.347      -0.1115
       2.355      -0.1304
        2.37      -0.1304
       2.378      -0.1304
       2.393      -0.1494
         2.4      -0.1494
       2.415      -0.1304
       2.423      -0.1115
       2.438     -0.07366
       2.446     -0.05473
       2.461     0.002046
       2.468       0.0399
       2.483      0.07775
       2.491       0.1156
       2.506       0.1535
       2.514       0.1724
       2.521       0.1913
       2.536       0.1535
       2.544       0.1345
       2.552      0.09668
       2.559      0.05882
       2.567       0.0399
       2.582     0.002046
       2.589     0.002046
       2.597     -0.01688
       2.612     -0.05473
        2.62     -0.09258
       2.635     -0.07366
        2.65     -0.03581
       2.657     -0.01688
       2.672     -0.03581
        2.68     -0.03581
       2.695     -0.07366
       2.703      -0.1115
        2.71      -0.1494
       2.718      -0.1872
       2.725      -0.2251
       2.733      -0.2629
       2.748       -0.244
       2.756      -0.2061
       2.763      -0.1683
       2.771      -0.1304
       2.778     -0.07366
       2.786     -0.01688
       2.793      0.05882
       2.801       0.1156
       2.809       0.1535
       2.816       0.1724
       2.831       0.1724
       2.839       0.1345
       2.846      0.09668
       2.854      0.05882
       2.861      0.02097
       2.869     0.002046
       2.877     0.002046
       2.892     0.002046
       2.899     0.002046
       2.914     -0.01688
       2.922     -0.01688
       2.929     0.002046
       2.937      0.05882
       2.945      0.07775
        2.96       0.1345
       2.967       0.1345
       2.975       0.1345
        2.99      0.09668
       2.997      0.09668
       3.013      0.09668
        3.02       0.1156
       3.035       0.1156
       3.043       0.1345
       3.058       0.1724
       3.066       0.2292
       3.081        0.267
       3.088        0.267
       3.103        0.267
       3.111        0.267
       3.118       0.2481
       3.126       0.2102
       3.134       0.1724
       3.141       0.1345
       3.149      0.09668
       3.156      0.07775
       3.171     0.002046
       3.179     -0.03581
       3.186     -0.07366
       3.194     -0.09258
       3.209      -0.1494
       3.217      -0.1683
       3.224      -0.2061
       3.239      -0.2251
       3.247      -0.2251
       3.262      -0.1872
        3.27      -0.1494
       3.285     -0.09258
       3.292     -0.07366
       3.307     -0.05473
       3.315     -0.05473
       3.323     -0.03581
       3.338     0.002046
       3.345     0.002046
       3.353       0.0399
        3.36       0.0399
       3.375      0.07775
       3.391       0.1156
       3.398       0.1345
       3.413       0.1156
       3.421      0.09668
       3.436      0.05882
       3.443     0.002046
       3.451     -0.03581
       3.459     -0.07366
       3.466     -0.09258
       3.474      -0.1304
       3.481      -0.1494
       3.496      -0.1683
       3.504      -0.1683
       3.519      -0.1872
       3.527      -0.2061
       3.542      -0.2061
       3.549      -0.1872
       3.564      -0.1494
       3.572      -0.1115
       3.579     -0.05473
       3.587     -0.01688
       3.595       0.0399
       3.595     0.002046
       3.602      0.07775
        3.61      0.09668
       3.625       0.1535
       3.632       0.1724
       3.648       0.2102
       3.655       0.2102
        3.67       0.2102
       3.678       0.2102
       3.693       0.2102
       3.708       0.1535
       3.716       0.1345
       3.731       0.1535
       3.738       0.1535
       3.746       0.1345
       3.761      0.09668
       3.768      0.07775
       3.776      0.09668
       3.791      0.07775
       3.799      0.05882
       3.814      0.02097
       3.821       0.0399
       3.829      0.05882
       3.844       0.1156
       3.852       0.1156
       3.867      0.05882
       3.874       0.0399
       3.889     -0.01688
       3.897     -0.03581
       3.912     -0.07366
       3.927      -0.1115
       3.935      -0.1115
        3.95      -0.1115
       3.957      -0.1115
       3.973     -0.09258
        3.98     -0.07366
       3.995     -0.07366
       4.003     -0.07366
       4.018     -0.05473
       4.025     -0.01688
       4.041     0.002046
       4.048     0.002046
       4.063     -0.05473
       4.071     -0.07366
       4.078      -0.1115
       4.093      -0.1494
       4.101      -0.1683
       4.116      -0.1872
       4.124      -0.1872
       4.131      -0.1494
       4.139     -0.09258
       4.146     -0.03581
       4.154       0.0399
       4.154     0.002046
       4.162      0.05882
       4.169      0.09668
       4.177       0.1156
       4.192       0.1345
       4.199       0.1535
       4.214       0.1724
       4.222       0.1913
       4.237       0.1913
       4.245       0.1913
       4.252       0.1913
       4.267       0.1345
       4.275      0.09668
        4.29       0.0399
       4.298     0.002046
       4.305     -0.03581
       4.313     -0.07366
        4.32     -0.09258
       4.335      -0.1115
       4.343      -0.1304
        4.35      -0.1304
       4.366      -0.1683
       4.373      -0.1683
       4.388      -0.1683
       4.396      -0.1494
       4.411      -0.1304
       4.419      -0.1304
       4.426      -0.1115
       4.434     -0.07366
       4.441     -0.01688
       4.449      0.07775
       4.449     0.002046
       4.456       0.1345
       4.464       0.1913
       4.471       0.2481
       4.479       0.3049
       4.487       0.3616
       4.494       0.3995
       4.502       0.4563
       4.509       0.4563
       4.517       0.4373
       4.524       0.3995
       4.532       0.3616
       4.539       0.3427
       4.555       0.2859
       4.562       0.2481
        4.57       0.2102
       4.577       0.1535
       4.585       0.1156
       4.592      0.07775
         4.6      0.05882
       4.607     0.002046
       4.615     -0.03581
       4.623     -0.07366
        4.63      -0.1304
       4.638      -0.1872
       4.645      -0.2251
       4.653       -0.244
        4.66      -0.2818
       4.668      -0.3197
       4.676      -0.3575
       4.691      -0.3954
       4.698      -0.3954
       4.706      -0.3765
       4.721      -0.3008
       4.728      -0.2629
       4.736      -0.2061
       4.744      -0.1494
       4.751      -0.1115
       4.759     -0.07366
       4.766     -0.03581
       4.781      0.07775
       4.789       0.1535
       4.796       0.2292
       4.804       0.3049
       4.812       0.3616
       4.819       0.3995
       4.834       0.3616
       4.842       0.3238
       4.849       0.2859
       4.857       0.2481
       4.864       0.2292
       4.872       0.1913
        4.88       0.1345
       4.887      0.09668
       4.895      0.05882
       4.902     0.002046
        4.91     0.002046
       4.925     -0.01688
       4.932     -0.03581
       4.948     -0.01688
       4.963     0.002046
        4.97     0.002046
       4.978     -0.03581
       4.985     -0.07366
       4.993      -0.1304
       5.001      -0.1872
       5.008      -0.2251
       5.016      -0.2629
       5.031      -0.3386
       5.038      -0.3765
       5.046      -0.3954
       5.069      -0.3765
       5.076      -0.3765
       5.091      -0.3765
       5.099      -0.3386
       5.106      -0.3197
       5.114      -0.2629
       5.121      -0.2061
       5.129      -0.1304
       5.137     -0.07366
       5.144       0.0399
       5.144     -0.01688
       5.152      0.07775
       5.159       0.1535
       5.167       0.2102
       5.182       0.2481
       5.189        0.267
       5.197       0.2859
       5.205       0.3238
       5.212       0.3616
        5.22       0.3995
       5.227       0.4373
       5.242       0.4752
        5.25       0.4752
       5.265       0.4752
        5.28       0.4373
       5.288       0.3995
       5.303       0.3427
        5.31       0.2859
       5.318       0.2292
       5.326       0.1535
       5.333      0.07775
       5.341     -0.03581
       5.348      -0.1304
       5.356      -0.2251
       5.363      -0.3197
       5.371      -0.3575
       5.378      -0.3386
       5.386      -0.3008
       5.394       -0.244
       5.401      -0.2061
       5.409      -0.1683
       5.416      -0.1304
       5.424     -0.07366
       5.431     -0.01688
       5.439       0.0399
       5.446      0.09668
       5.454       0.1345
       5.462       0.1724
       5.469       0.1913
       5.484       0.2292
       5.492       0.2292
       5.507       0.1913
       5.515       0.1724
       5.522       0.1724
       5.537       0.1535
       5.545       0.1345
       5.552      0.09668
        5.56      0.05882
       5.567      0.02097
       5.575     -0.01688
       5.583     -0.03581
       5.598     -0.05473
       5.605     -0.05473
        5.62     -0.05473
       5.628     -0.05473
       5.643     -0.09258
       5.651      -0.1115
       5.666      -0.1304
       5.673      -0.1304
       5.681      -0.1115
       5.696     -0.07366
       5.703     -0.05473
       5.719     -0.05473
       5.726     -0.03581
       5.741     -0.03581
       5.749     -0.03581
       5.764     -0.05473
       5.772     -0.07366
       5.787     -0.09258
       5.802      -0.1304
       5.809      -0.1304
       5.824      -0.1494
       5.832      -0.1304
        5.84     -0.09258
       5.847     -0.05473
       5.855     -0.01688
       5.862     0.002046
        5.87       0.0399
       5.877      0.05882
       5.892      0.09668
         5.9       0.1156
       5.915       0.1345
       5.923       0.1535
       5.938       0.1535
       5.945       0.1156
        5.96      0.07775
       5.968      0.05882
       5.983       0.0399
       5.991       0.0399
       6.006       0.0399
       6.013     0.002046
       6.021     -0.01688
       6.029     -0.05473
       6.044     -0.09258
       6.051     -0.09258
       6.066     -0.09258
       6.074     -0.09258
       6.089      -0.1115
       6.097      -0.1115
       6.104     -0.09258
       6.119     -0.05473
       6.127     -0.01688
       6.134     0.002046
       6.142       0.0399
       6.149      0.05882
       6.157      0.09668
       6.165       0.1345
        6.18       0.1913
       6.187       0.2102
       6.202       0.1913
        6.21       0.1724
       6.217       0.1156
       6.225      0.07775
       6.233     -0.01688
        6.24     -0.07366
       6.248      -0.1304
       6.263      -0.1872
        6.27      -0.2251
       6.278      -0.2251
       6.293      -0.1683
       6.301      -0.1304
       6.308     -0.03581
       6.308     -0.07366
       6.316     -0.01688
       6.331       0.0399
       6.338      0.05882
       6.354      0.09668
       6.361       0.1156
       6.376       0.1345
       6.384       0.1345
       6.399       0.1156
       6.406      0.09668
       6.422       0.1156
       6.437       0.1156
       6.444       0.1156
       6.459      0.09668
       6.467      0.09668
       6.482      0.05882
        6.49      0.02097
       6.505     -0.01688
       6.512     -0.03581
       6.527     -0.03581
       6.535     -0.01688
        6.55      0.02097
       6.558       0.0399
       6.573       0.0399
        6.58       0.0399
       6.595      0.02097
       6.603      0.02097
       6.618     0.002046
       6.626     -0.03581
       6.633     -0.05473
       6.648     -0.01688
       6.663      0.05882
       6.671       0.1156
       6.679       0.1535
       6.686       0.1913
       6.701       0.2292
       6.709       0.2292
       6.724       0.2292
       6.731       0.2292
       6.747       0.1535
       6.754       0.1156
       6.762      0.07775
       6.769       0.0399
       6.777     0.002046
       6.792     -0.01688
       6.799     -0.01688
       6.815     -0.05473
       6.822     -0.09258
       6.837      -0.1494
       6.845      -0.1494
        6.86      -0.1683
       6.868      -0.1494
       6.883      -0.1683
        6.89      -0.1683
       6.905      -0.1494
       6.913      -0.1304
        6.92     -0.09258
       6.928     -0.05473
       6.936     -0.01688
       6.951       0.0399
       6.958      0.05882
       6.973      0.09668
       6.981      0.09668
       6.996       0.1345
       7.011       0.1535
       7.019       0.1535
       7.034       0.1156
       7.041      0.09668
       7.064      0.07775
       7.072      0.07775
       7.079      0.07775
       7.094       0.0399
       7.102     0.002046
       7.117     -0.03581
       7.125     -0.05473
       7.132     -0.09258
        7.14      -0.1304
       7.147      -0.1872
       7.162       -0.244
        7.17       -0.244
       7.185      -0.2818
       7.193      -0.3008
       7.208      -0.3197
       7.223      -0.3008
        7.23      -0.2818
       7.238       -0.244
       7.245      -0.2061
       7.253      -0.1683
       7.261      -0.1494
       7.276      -0.1304
       7.283     -0.09258
       7.291     -0.05473
       7.298     -0.01688
       7.306      0.05882
       7.313      0.09668
       7.321       0.1535
       7.329       0.1913
       7.336       0.2292
       7.344        0.267
       7.351       0.3238
       7.359       0.3616
       7.366       0.3806
       7.382       0.3806
       7.389       0.3616
       7.404       0.3616
       7.412       0.3427
       7.419       0.3238
       7.427       0.2859
       7.434       0.2102
       7.442       0.1345
        7.45      0.07775
       7.457     0.002046
       7.465     -0.03581
       7.472     -0.07366
        7.48     -0.09258
       7.487     -0.07366
       7.502     -0.07366
        7.51     -0.07366
       7.525      -0.1115
       7.533      -0.1304
       7.548      -0.1304
       7.563     -0.09258
        7.57     -0.05473
       7.578     -0.01688
       7.586       0.0399
       7.586     0.002046
       7.593      0.05882
       7.601      0.09668
       7.608       0.1345
       7.616       0.1724
       7.623       0.2102
       7.638        0.267
       7.646       0.2481
       7.661       0.2102
       7.676       0.1724
       7.684       0.1535
       7.691       0.1535
       7.707      0.09668
       7.714      0.07775
       7.729     0.002046
       7.737     -0.01688
       7.752     -0.05473
       7.759     -0.07366
       7.775     -0.07366
        7.79     -0.05473
       7.797     -0.03581
       7.812     -0.01688
        7.82     -0.01688
       7.827     0.002046
       7.843      0.02097
        7.85       0.0399
       7.865       0.0399
       7.873      0.05882
       7.888      0.09668
       7.895       0.1156
       7.911       0.1535
       7.918       0.1724
       7.926       0.1724
       7.941       0.1156
       7.948      0.07775
       7.956      0.05882
       7.964     -0.01688
       7.971     -0.05473
       7.979      -0.1115
       7.986      -0.1683
       7.994      -0.2251
       8.001       -0.244
       8.016      -0.2818
       8.024      -0.3008
       8.039      -0.3575
       8.047      -0.3575
       8.062      -0.3197
       8.069      -0.3008
       8.077       -0.244
       8.084      -0.1872
       8.092      -0.1115
         8.1     -0.05473
       8.107      0.02097
       8.115      0.09668
       8.122       0.1345
        8.13       0.1724
       8.137       0.2102
       8.145       0.2481
        8.16       0.2481
       8.168       0.2481
       8.175       0.2102
       8.183       0.1724
        8.19       0.1535
       8.198       0.1156
       8.205      0.05882
       8.213      0.02097
       8.221     0.002046
       8.236     -0.03581
       8.243     -0.01688
       8.258     -0.07366
       8.266      -0.1115
       8.281      -0.1683
       8.289      -0.1683
       8.304      -0.1304
       8.311     -0.09258
       8.319     -0.03581
       8.326      0.02097
       8.334      0.07775
       8.341       0.1345
       8.357       0.1724
       8.364       0.1913
       8.379        0.267
       8.387       0.3049
       8.394       0.3238
       8.409       0.3806
       8.417       0.3806
       8.425       0.3995
        8.44       0.3806
       8.447       0.3238
       8.455        0.267
       8.462       0.1913
        8.47      0.09668
       8.478       0.0399
       8.478     -0.01688
       8.485     -0.05473
       8.493      -0.1115
         8.5      -0.1494
       8.508      -0.1872
       8.515      -0.2251
       8.523       -0.244
       8.538      -0.2818
       8.546      -0.3197
       8.561      -0.3954
       8.568      -0.4143
       8.583      -0.4143
       8.591      -0.3575
       8.598      -0.3197
       8.606      -0.2629
       8.614      -0.2061
       8.621      -0.1683
       8.629      -0.1115
       8.636     -0.05473
       8.644     -0.01688
       8.651      0.02097
       8.659      0.05882
       8.666      0.09668
       8.674       0.1535
       8.682       0.1913
       8.689       0.2292
       8.697        0.267
       8.704       0.2859
       8.719       0.3049
       8.727       0.3049
       8.735       0.3238
        8.75       0.3049
       8.757       0.2859
       8.772       0.2292
        8.78       0.1913
       8.787       0.1345
       8.795      0.07775
       8.803     -0.01688
        8.81     -0.07366
       8.818      -0.1494
       8.825      -0.2251
       8.833      -0.3008
        8.84      -0.3575
       8.855      -0.3575
       8.863      -0.3008
       8.871       -0.244
       8.878      -0.1683
       8.886      -0.1115
       8.893     -0.03581
       8.901     0.002046
       8.908       0.0399
       8.916      0.05882
       8.923      0.09668
       8.931       0.1345
       8.939       0.1724
       8.946       0.2102
       8.954       0.2481
       8.961        0.267
       8.969       0.3049
       8.976       0.3427
