     0.01181      -0.2813
     0.02693      -0.2609
     0.04205      -0.2404
      0.0496      -0.1995
     0.06472       -0.179
     0.07228       -0.179
     0.07984      -0.1586
     0.09496      -0.1586
      0.1025      -0.1586
      0.1176      -0.1381
      0.1327      -0.1176
      0.1403     -0.09719
      0.1479     -0.07673
      0.1554     -0.03581
       0.163     0.005115
      0.1705       0.1074
      0.1781       0.1893
      0.1857       0.2916
      0.1932       0.3939
      0.2008       0.4757
      0.2083       0.5371
      0.2235       0.5575
       0.231       0.5166
      0.2386       0.4552
      0.2461       0.4143
      0.2537       0.3529
      0.2612       0.2711
      0.2688       0.2097
      0.2764       0.1893
      0.2915       0.1279
       0.299       0.1074
      0.3142      0.08696
      0.3293       0.0665
      0.3368      0.02558
      0.3444     0.005115
      0.3595     -0.03581
      0.3671     -0.03581
      0.3746     -0.03581
      0.3897     -0.03581
      0.3973     -0.01535
      0.4124     0.005115
        0.42     0.005115
      0.4351     0.005115
      0.4427       0.0665
      0.4427      0.02558
      0.4502       0.1279
      0.4578       0.2097
      0.4653       0.2916
      0.4729       0.3325
      0.4804       0.3529
      0.4956       0.3529
      0.5031       0.3529
      0.5107       0.3529
      0.5182        0.312
      0.5258       0.2711
      0.5334       0.2302
      0.5409       0.1893
      0.5485       0.1483
       0.556      0.08696
      0.5636       0.0665
      0.5712      0.02558
      0.5863     -0.03581
      0.5938     -0.05627
      0.6089     -0.09719
      0.6165      -0.1176
      0.6316     -0.09719
      0.6467      -0.1176
      0.6543      -0.1176
      0.6694      -0.1586
       0.677      -0.1586
      0.6996      -0.1995
      0.7072      -0.1995
      0.7299      -0.1995
      0.7374      -0.1995
      0.7601      -0.2199
      0.7677      -0.2199
      0.7828      -0.2404
      0.7904      -0.2199
      0.8055       -0.179
       0.813      -0.1586
      0.8281      -0.1176
      0.8357     -0.07673
      0.8433     -0.01535
      0.8508      0.04604
      0.8584       0.1279
      0.8659       0.2097
      0.8735       0.2916
      0.8811       0.3325
      0.8886       0.3734
      0.9037       0.3734
      0.9113       0.3325
      0.9188       0.2916
      0.9264       0.2302
       0.934       0.1893
      0.9415       0.1279
      0.9491      0.08696
      0.9566      0.04604
      0.9642      0.02558
      0.9793     -0.03581
      0.9869     -0.03581
       1.002     -0.07673
        1.01     -0.07673
       1.017     -0.07673
       1.032     -0.07673
        1.04     -0.07673
       1.055     -0.07673
       1.062     -0.07673
        1.07     -0.05627
       1.085     -0.03581
       1.093     -0.03581
       1.108     -0.03581
       1.115     -0.01535
       1.123      0.02558
        1.13       0.1074
       1.138       0.1688
       1.146       0.2302
       1.153       0.2711
       1.161        0.312
       1.176       0.3325
       1.183       0.3529
       1.199       0.3325
       1.206       0.3325
       1.214       0.2916
       1.221       0.2506
       1.229       0.2097
       1.236       0.1688
       1.244       0.1279
       1.259       0.0665
       1.267      0.02558
       1.274      0.02558
       1.289     -0.01535
       1.297     -0.01535
       1.312     -0.03581
       1.319     -0.05627
       1.335     -0.07673
       1.342     -0.07673
       1.357      -0.1176
       1.365      -0.1176
        1.38      -0.1586
       1.387      -0.1586
       1.403      -0.1381
        1.41      -0.1176
       1.418     -0.03581
       1.425      0.08696
       1.425     0.005115
       1.433       0.1483
        1.44       0.2302
       1.448       0.2916
       1.456       0.3325
       1.463       0.3529
       1.478       0.3325
       1.486        0.312
       1.501       0.2506
       1.508       0.2097
       1.516       0.1688
       1.524       0.1279
       1.531       0.1074
       1.546       0.0665
       1.554      0.04604
       1.569     0.005115
       1.576     -0.01535
       1.592     -0.05627
       1.599     -0.05627
       1.614     -0.07673
       1.622     -0.07673
       1.637     -0.07673
       1.644     -0.05627
        1.66     -0.03581
       1.675     -0.05627
       1.682     -0.05627
       1.697     -0.07673
       1.713      -0.1176
        1.72      -0.1381
       1.728      -0.1381
       1.743      -0.1586
        1.75      -0.1586
       1.758      -0.1381
       1.773     -0.09719
       1.781     -0.09719
       1.788     -0.07673
       1.803     -0.01535
       1.811      0.08696
       1.811      0.02558
       1.818       0.1483
       1.826       0.2916
       1.833       0.3939
       1.841       0.4757
       1.856       0.5166
       1.864       0.4757
       1.871       0.4143
       1.879       0.3529
       1.886       0.2711
       1.894       0.2097
       1.901       0.1483
       1.909      0.08696
       1.917      0.02558
       1.924     -0.01535
       1.932     -0.05627
       1.947      -0.1176
       1.954      -0.1381
        1.97       -0.179
       1.977       -0.179
       1.992      -0.1586
       2.007      -0.1176
       2.015      -0.1176
        2.03     -0.09719
       2.045     -0.09719
       2.053     -0.09719
       2.068     -0.09719
       2.075     -0.07673
        2.09     -0.05627
       2.098     -0.05627
       2.106     -0.05627
       2.121     -0.07673
       2.128     -0.05627
       2.136     -0.01535
       2.143       0.0665
       2.151       0.1483
       2.158       0.2711
       2.166       0.3939
       2.174       0.4757
       2.181       0.5166
       2.196       0.4552
       2.204       0.3939
       2.211       0.3529
       2.219       0.2916
       2.226       0.2302
       2.234       0.1688
       2.242       0.1074
       2.257      0.02558
       2.264     0.005115
       2.279     -0.05627
       2.287     -0.05627
       2.302     -0.07673
        2.31     -0.07673
       2.317     -0.05627
       2.332     -0.05627
        2.34     -0.07673
       2.355      -0.1176
       2.363      -0.1176
       2.378      -0.1176
       2.385      -0.1176
       2.393     -0.09719
       2.408     -0.09719
       2.415     -0.07673
       2.431     -0.07673
       2.438     -0.07673
       2.446     -0.07673
       2.461     -0.09719
       2.468      -0.1176
       2.476      -0.1176
       2.491     -0.09719
       2.499     -0.07673
       2.506     -0.03581
       2.514     0.005115
       2.521      0.08696
       2.529       0.1688
       2.536       0.2097
       2.544       0.2506
       2.559       0.2711
       2.567       0.2916
       2.582       0.2916
       2.589       0.2916
       2.604       0.2302
       2.612       0.2097
       2.627       0.1483
       2.635       0.1279
        2.65       0.0665
       2.657      0.02558
       2.665      0.02558
       2.672     -0.01535
        2.68     -0.03581
       2.695     -0.07673
       2.703     -0.07673
        2.71     -0.07673
       2.725     -0.09719
       2.733     -0.09719
        2.74     -0.09719
       2.756      -0.1176
       2.763     -0.09719
       2.771     -0.05627
       2.778     0.005115
       2.786       0.0665
       2.786      0.02558
       2.793       0.1074
       2.809       0.1893
       2.816       0.2097
       2.831       0.2506
       2.839       0.2711
       2.854       0.2506
       2.861       0.2302
       2.869       0.1893
       2.877       0.1483
       2.884       0.1074
       2.892      0.08696
       2.899      0.02558
       2.907      0.02558
       2.929     -0.01535
       2.937     -0.03581
       2.952     -0.07673
       2.967      -0.1176
       2.975      -0.1381
       2.982      -0.1176
        2.99     -0.09719
       2.997     -0.03581
       3.005       0.1074
       3.005      0.02558
       3.013       0.1688
        3.02       0.2506
       3.028        0.312
       3.043       0.3529
        3.05       0.3529
       3.066        0.312
       3.073       0.2506
       3.081       0.2097
       3.088       0.1893
       3.096       0.1483
       3.103       0.1279
       3.111      0.08696
       3.126      0.02558
       3.141     -0.03581
       3.149     -0.05627
       3.164     -0.09719
       3.171      -0.1176
       3.186      -0.1586
       3.194      -0.1586
       3.209       -0.179
       3.217      -0.1586
       3.232      -0.1586
       3.239      -0.1586
       3.254       -0.179
       3.262       -0.179
        3.27      -0.1586
       3.285      -0.1586
       3.292      -0.1586
       3.307      -0.1381
        3.33      -0.1176
       3.338     -0.09719
       3.345     -0.05627
       3.353     -0.01535
       3.368      0.08696
       3.375       0.1074
       3.391       0.1688
       3.398       0.1893
       3.413       0.2097
       3.421       0.2302
       3.428       0.2506
       3.443       0.2302
       3.451       0.2097
       3.466       0.1688
       3.481       0.1279
       3.489       0.1074
       3.504      0.04604
       3.527     -0.01535
       3.534     0.005115
       3.549     -0.01535
       3.557     -0.01535
       3.572     -0.05627
       3.579     -0.05627
       3.595     -0.03581
       3.602     0.005115
       3.617      0.08696
       3.625       0.1074
        3.64       0.1483
       3.648       0.1688
       3.663       0.2302
        3.67       0.2506
       3.685       0.2711
       3.693       0.2506
         3.7       0.2302
       3.716       0.1893
       3.723       0.1483
       3.731       0.1279
       3.746      0.08696
       3.753       0.0665
       3.768      0.04604
       3.776      0.02558
       3.784      0.02558
       3.799     -0.01535
       3.806     -0.03581
       3.821     -0.05627
       3.829     -0.05627
       3.844     -0.09719
       3.852     -0.07673
       3.859     -0.03581
       3.867      0.04604
       3.874       0.1688
       3.882       0.2711
       3.889       0.3734
       3.897       0.4348
       3.905       0.4348
       3.912       0.3939
        3.92       0.3529
       3.927       0.2711
       3.935       0.2097
       3.942       0.1483
        3.95      0.08696
       3.957     0.005115
       3.965     -0.03581
       3.973     -0.07673
        3.98      -0.1176
       3.988      -0.1381
       4.003      -0.1586
        4.01       -0.179
       4.018       -0.179
       4.033      -0.1995
       4.041      -0.1995
       4.056      -0.1995
       4.063      -0.1995
       4.078       -0.179
       4.093      -0.1586
       4.101      -0.1586
       4.116      -0.1381
       4.124      -0.1381
       4.139      -0.1586
       4.146       -0.179
       4.162      -0.1995
       4.169      -0.2199
       4.184      -0.2199
       4.192      -0.2199
       4.199      -0.1995
       4.214       -0.179
       4.222       -0.179
       4.237      -0.1381
       4.245     -0.09719
       4.252     -0.01535
        4.26       0.1279
        4.26      0.02558
       4.267       0.2506
       4.275       0.3529
       4.282       0.4143
        4.29       0.4552
       4.298       0.4757
       4.313       0.4348
        4.32       0.3939
       4.328       0.3529
       4.343       0.2916
        4.35       0.2711
       4.358       0.2302
       4.373       0.1688
       4.381       0.1279
       4.396      0.08696
       4.403       0.0665
       4.441      0.04604
       4.449      0.02558
       4.464     0.005115
       4.479     -0.03581
       4.487     -0.05627
       4.502     -0.05627
       4.509     -0.01535
       4.517      0.04604
       4.524       0.1279
       4.532       0.1893
       4.539       0.2506
       4.555       0.2916
       4.562       0.2916
       4.577       0.2711
       4.585       0.2506
         4.6       0.2097
       4.607       0.1688
       4.615       0.1279
       4.623       0.1074
       4.638      0.04604
       4.645      0.02558
        4.66     -0.01535
       4.668     -0.03581
       4.683     -0.07673
       4.691     -0.09719
       4.706      -0.1381
       4.713      -0.1586
       4.728      -0.1995
       4.736      -0.1995
       4.751      -0.1995
       4.759      -0.1995
       4.766       -0.179
       4.781       -0.179
       4.789       -0.179
       4.804      -0.1995
       4.812      -0.1995
       4.827      -0.1995
       4.834      -0.1995
       4.849      -0.1995
       4.857      -0.1995
       4.872      -0.1995
        4.88      -0.1586
       4.887      -0.1176
       4.895     -0.03581
       4.902       0.0665
        4.91       0.1688
       4.917       0.2711
       4.925       0.3529
       4.932       0.4143
        4.94       0.4348
       4.955       0.4143
       4.963       0.3939
        4.97       0.3529
       4.985        0.312
       4.993       0.2711
       5.008       0.2097
       5.016       0.1893
       5.031       0.1688
       5.046       0.1279
       5.053       0.1074
       5.069      0.08696
       5.076      0.08696
       5.091       0.1074
       5.106       0.0665
       5.121       0.0665
       5.137      0.04604
       5.152      0.02558
       5.167     0.005115
       5.174     0.005115
       5.189     -0.01535
       5.197     -0.03581
       5.212     -0.03581
        5.22     0.005115
       5.227      0.08696
       5.227      0.02558
       5.235       0.1688
       5.242       0.2506
        5.25        0.312
       5.265       0.3529
       5.273       0.3325
        5.28       0.2916
       5.288       0.2506
       5.295       0.2097
       5.303       0.1688
        5.31       0.1483
       5.326      0.08696
       5.333      0.02558
       5.341     -0.01535
       5.356     -0.05627
       5.363     -0.07673
       5.378      -0.1176
       5.386      -0.1176
       5.401      -0.1586
       5.409       -0.179
       5.416       -0.179
       5.431       -0.179
       5.439       -0.179
       5.454      -0.1586
       5.469      -0.1586
       5.477      -0.1586
       5.492       -0.179
       5.499       -0.179
       5.522      -0.1586
        5.53      -0.1586
       5.545      -0.1586
       5.552      -0.1381
       5.567      -0.1176
       5.583     -0.09719
        5.59     -0.07673
       5.605     -0.05627
       5.613     -0.05627
       5.628     -0.01535
       5.643      0.02558
       5.651      0.04604
       5.666       0.1279
       5.673       0.1893
       5.681       0.2711
       5.688       0.3734
       5.696       0.4757
       5.703       0.5371
       5.711       0.6189
       5.719       0.6394
       5.734       0.6598
       5.741       0.6598
       5.749       0.6189
       5.749       0.5575
       5.756       0.5166
       5.764       0.4143
       5.772        0.312
       5.779       0.2097
       5.787       0.1279
       5.794      0.08696
       5.794      0.02558
       5.802     0.005115
       5.817     -0.07673
       5.824     -0.09719
        5.84      -0.1176
       5.847      -0.1176
       5.862      -0.1381
       5.877      -0.1381
       5.885      -0.1381
         5.9      -0.1381
       5.908      -0.1381
       5.923      -0.1381
        5.93      -0.1381
       5.945      -0.1586
       5.953      -0.1586
       5.968      -0.1381
       5.976      -0.1176
       5.983     -0.09719
       5.998     -0.07673
       6.006     -0.05627
       6.021     -0.07673
       6.029     -0.07673
       6.044     -0.09719
       6.051     -0.09719
       6.059     -0.07673
       6.074     -0.07673
       6.081     -0.07673
       6.097     -0.05627
       6.112     -0.03581
       6.119     -0.03581
       6.127     -0.01535
       6.142     -0.03581
       6.149     -0.05627
       6.157     -0.05627
       6.165     -0.03581
       6.172      0.08696
       6.172     0.005115
        6.18       0.1688
       6.187       0.2916
       6.195       0.4143
       6.202       0.4962
        6.21       0.5371
       6.217       0.5371
       6.233       0.4962
        6.24       0.4552
       6.248       0.3939
       6.255       0.3529
       6.263       0.2916
        6.27       0.2302
       6.278       0.1893
       6.285       0.1483
       6.293       0.1074
       6.301      0.08696
       6.316      0.02558
       6.323     0.005115
       6.338     0.005115
       6.354     0.005115
       6.361     0.005115
       6.376     0.005115
       6.384     -0.01535
       6.399     -0.01535
       6.414     -0.03581
       6.422     -0.03581
       6.437     -0.03581
       6.444     -0.03581
       6.459     -0.03581
       6.467     -0.03581
       6.482     -0.07673
        6.49     -0.07673
       6.505     -0.09719
       6.512      -0.1176
       6.527      -0.1586
       6.535       -0.179
       6.542       -0.179
        6.55      -0.1586
       6.558     -0.07673
       6.565      0.08696
       6.573       0.2097
        6.58       0.3325
       6.588       0.3939
       6.595       0.4143
       6.603       0.3734
       6.611        0.312
       6.618       0.2506
       6.626       0.1893
       6.633       0.1279
       6.641      0.08696
       6.648     0.005115
       6.656     -0.03581
       6.663     -0.07673
       6.679      -0.1381
       6.686      -0.1586
       6.694      -0.1586
       6.709       -0.179
       6.724      -0.1586
       6.739      -0.1381
       6.754      -0.1381
       6.762      -0.1176
       6.777     -0.07673
       6.784     -0.05627
       6.799     -0.03581
       6.807     -0.01535
       6.822     -0.01535
        6.83     -0.01535
       6.845     -0.01535
       6.852     0.005115
       6.868      0.02558
       6.875      0.02558
        6.89      0.02558
       6.898      0.02558
        6.92      0.02558
       6.928      0.02558
       6.943     -0.01535
       6.951     -0.03581
       6.966     -0.03581
       6.973     -0.03581
       6.988     -0.01535
       6.996      0.02558
       7.004      0.04604
       7.011       0.1279
       7.019       0.2302
       7.026       0.3529
       7.034       0.4757
       7.041        0.578
       7.049       0.6394
       7.064       0.6189
       7.072       0.5575
       7.079       0.4962
       7.087       0.4552
       7.094       0.3939
       7.102        0.312
       7.109       0.2506
       7.117       0.1893
       7.125       0.1279
       7.132      0.08696
        7.14      0.02558
       7.155     -0.03581
       7.162     -0.03581
       7.177     -0.05627
       7.185     -0.05627
         7.2     -0.05627
       7.208     -0.05627
       7.223     -0.09719
        7.23      -0.1176
       7.245      -0.1586
       7.253      -0.1586
       7.268      -0.1586
       7.276      -0.1586
       7.283      -0.1381
       7.291     -0.09719
       7.298     -0.01535
       7.306       0.1074
       7.306      0.02558
       7.313       0.2097
       7.321       0.2711
       7.329       0.3529
       7.336       0.3734
       7.351       0.3529
       7.359        0.312
       7.366       0.2711
       7.382       0.2097
       7.389       0.1893
       7.397       0.1483
       7.412       0.1074
       7.419      0.08696
       7.434      0.02558
       7.442     0.005115
       7.457     -0.05627
       7.472     -0.09719
        7.48      -0.1176
       7.495      -0.1586
       7.502       -0.179
       7.518      -0.2199
       7.525      -0.2404
        7.54      -0.2813
       7.548      -0.2813
       7.563      -0.3018
        7.57      -0.2813
       7.586      -0.2404
       7.593      -0.2404
       7.601      -0.2199
       7.616      -0.1995
       7.623      -0.1995
       7.638      -0.1995
       7.646      -0.1995
       7.661      -0.1586
       7.669      -0.1176
       7.676     -0.05627
       7.684     -0.01535
       7.691      0.02558
       7.699      0.08696
       7.707       0.1074
       7.714       0.1688
       7.722       0.2302
       7.729       0.2916
       7.737       0.3529
       7.744       0.3939
       7.752       0.4143
       7.759       0.4348
       7.775       0.3939
       7.782       0.3734
        7.79       0.3325
       7.797       0.2916
       7.805       0.2506
        7.82       0.1893
       7.827       0.1688
       7.843       0.1279
        7.85       0.1074
       7.865      0.08696
        7.88      0.04604
       7.888      0.02558
       7.895      0.02558
       7.911     0.005115
       7.918     -0.01535
       7.933     -0.01535
       7.941     0.005115
       7.956     0.005115
       7.964     0.005115
       7.971     0.005115
       7.986     -0.01535
       7.994     -0.01535
       8.009     -0.03581
       8.016     -0.05627
       8.032     -0.03581
       8.039     0.005115
       8.047      0.08696
       8.047      0.02558
       8.054       0.1279
       8.062       0.2097
       8.069       0.2711
       8.077        0.312
       8.084       0.3734
       8.092       0.4143
         8.1       0.4552
       8.115       0.4757
       8.122       0.4552
        8.13       0.4143
       8.137       0.3529
       8.145       0.2916
       8.152       0.2302
        8.16       0.1483
       8.168      0.08696
       8.175     0.005115
       8.183     -0.05627
        8.19      -0.1176
       8.198       -0.179
       8.205      -0.1995
       8.221      -0.2404
       8.228      -0.2404
       8.243      -0.2609
       8.251      -0.2609
       8.258      -0.2609
       8.273      -0.2813
       8.281      -0.2609
       8.296      -0.2609
       8.304      -0.2609
       8.319      -0.2609
       8.326      -0.2609
       8.334      -0.2404
       8.349      -0.2199
       8.357      -0.2199
       8.364      -0.1995
       8.379      -0.1995
       8.387      -0.1995
       8.402      -0.1586
       8.409     -0.07673
       8.417      0.02558
       8.425       0.1688
       8.432        0.312
        8.44       0.4143
       8.447       0.4552
       8.462       0.4552
        8.47       0.4143
       8.478       0.3734
       8.485        0.312
       8.493       0.2506
         8.5       0.1893
       8.508       0.1483
       8.523      0.08696
        8.53      0.08696
       8.546       0.0665
       8.553       0.0665
       8.568       0.0665
       8.576      0.02558
       8.583      0.02558
       8.598     -0.01535
       8.606     -0.01535
       8.621     -0.01535
       8.636     -0.03581
       8.644     -0.03581
       8.651     -0.01535
       8.666      0.02558
       8.674      0.08696
       8.682       0.1279
       8.689       0.1688
       8.697       0.2097
       8.704       0.2302
       8.719       0.2916
       8.727       0.3325
       8.735       0.3529
        8.75       0.3734
       8.757       0.3734
       8.772       0.3325
       8.787       0.2711
       8.795       0.2302
       8.803       0.2097
        8.81       0.1688
       8.818       0.1279
       8.833      0.08696
        8.84      0.02558
       8.848     0.005115
       8.863     -0.05627
       8.871     -0.07673
       8.886      -0.1176
       8.893      -0.1586
       8.908      -0.1995
       8.916      -0.2199
       8.923      -0.2609
       8.939      -0.3018
       8.946      -0.3223
       8.961      -0.3427
       8.969      -0.3427
       8.976      -0.3223
