     0.01181     -0.01535
     0.01937     -0.01535
     0.03449     -0.01535
     0.04205     0.005115
      0.0496      0.02558
     0.06472      0.08696
     0.07228       0.1074
      0.0874       0.1074
      0.1025       0.0665
      0.1101      0.04604
      0.1252       0.0665
      0.1403       0.0665
      0.1479      0.04604
      0.1554     0.005115
      0.1705     -0.05627
      0.1781     -0.07673
      0.1932      -0.1176
      0.2008      -0.1176
      0.2159     -0.09719
      0.2235     -0.07673
       0.231     -0.05627
      0.2461     0.005115
      0.2537      0.04604
      0.2612       0.0665
      0.2764       0.1483
      0.2839       0.1688
      0.2915       0.2097
       0.299       0.2097
      0.3142       0.2302
      0.3293       0.1893
      0.3368       0.1688
       0.352       0.1279
      0.3595      0.08696
      0.3671      0.04604
      0.3746     0.005115
      0.3822     -0.05627
      0.3897     -0.09719
      0.3973      -0.1176
      0.4124      -0.1381
        0.42      -0.1176
      0.4351      -0.1176
      0.4427      -0.1176
      0.4578     -0.09719
      0.4653     -0.07673
      0.4729     -0.05627
       0.488      0.02558
      0.4956       0.0665
      0.5031       0.1074
      0.5107       0.1483
      0.5258       0.1483
      0.5334       0.1279
      0.5409       0.1074
       0.556       0.0665
      0.5636     0.005115
      0.5712     -0.05627
      0.5787     -0.09719
      0.5863      -0.1176
      0.5938      -0.1176
      0.6089      -0.1381
      0.6165      -0.1586
      0.6316      -0.1586
      0.6392      -0.1381
      0.6467     -0.09719
      0.6543     -0.05627
      0.6694     -0.01535
       0.677     0.005115
      0.6921       0.0665
      0.6996      0.08696
      0.7072       0.1279
      0.7148       0.1688
      0.7223       0.1893
      0.7299       0.2302
      0.7374       0.2711
      0.7526       0.2916
      0.7601       0.2711
      0.7752       0.2302
      0.7828       0.1893
      0.7904       0.1279
      0.7979       0.0665
      0.8055      0.04604
      0.8055     0.005115
       0.813     -0.03581
      0.8206     -0.07673
      0.8281     -0.09719
      0.8357      -0.1381
      0.8433      -0.1586
      0.8508      -0.1995
      0.8659      -0.2404
      0.8735      -0.2609
      0.8886      -0.2404
      0.9037      -0.1995
      0.9113       -0.179
      0.9264      -0.1176
       0.934     -0.09719
      0.9415     -0.05627
      0.9491     -0.01535
      0.9566      0.04604
      0.9566     0.005115
      0.9642      0.08696
      0.9718       0.1279
      0.9793       0.1279
      0.9944       0.1279
       1.002       0.1279
        1.01       0.1483
       1.025       0.1483
       1.032       0.1279
       1.047       0.0665
       1.055       0.0665
       1.078     0.005115
       1.085     0.005115
         1.1     -0.01535
       1.115     -0.01535
        1.13     0.005115
       1.138      0.04604
       1.146      0.04604
       1.161      0.04604
       1.168      0.04604
       1.183      0.02558
       1.191     0.005115
       1.206     -0.05627
       1.214     -0.07673
       1.229     -0.07673
       1.236     -0.07673
       1.244     -0.07673
       1.259     -0.09719
       1.267     -0.07673
       1.282     -0.01535
       1.289      0.02558
       1.297      0.08696
       1.304       0.1279
       1.312       0.1483
       1.319       0.1483
       1.335       0.0665
       1.342      0.02558
        1.35     -0.01535
       1.357     -0.07673
       1.365      -0.1586
        1.38      -0.1586
       1.387      -0.1176
       1.395     -0.05627
       1.403     -0.01535
        1.41      0.04604
       1.418      0.08696
       1.433      0.08696
        1.44      0.08696
       1.448       0.1074
       1.463       0.1279
       1.471       0.1483
       1.478       0.1688
       1.493       0.1893
       1.501       0.1893
       1.508       0.2097
       1.524       0.2097
       1.531       0.1893
       1.546       0.1688
       1.554       0.1688
       1.569       0.1893
       1.584       0.2097
       1.592       0.2097
       1.607       0.1893
       1.614       0.1893
       1.629       0.1688
       1.637       0.1483
       1.644      0.08696
        1.66     0.005115
       1.667     -0.01535
       1.682     -0.07673
        1.69     -0.07673
       1.697      -0.1176
       1.705      -0.1586
       1.713      -0.1995
        1.72      -0.2404
       1.728      -0.2813
       1.735      -0.3223
        1.75      -0.3632
       1.758      -0.3427
       1.773      -0.2813
       1.781      -0.2199
       1.788      -0.1586
       1.796     -0.09719
       1.803     -0.05627
       1.811     -0.01535
       1.826       0.0665
       1.833       0.1074
       1.841       0.1688
       1.849       0.2097
       1.856       0.2506
       1.864       0.2711
       1.879       0.2711
       1.894       0.2302
       1.901       0.2097
       1.917       0.1483
       1.924       0.1074
       1.939      0.04604
       1.947      0.02558
       1.954     -0.01535
       1.962     -0.05627
        1.97     -0.09719
       1.985      -0.1381
       1.992      -0.1586
           2      -0.1381
       2.015     -0.09719
       2.022     -0.09719
       2.038     -0.09719
       2.045     -0.09719
       2.053     -0.07673
       2.068     -0.05627
       2.075     -0.03581
       2.083      0.04604
       2.083     0.005115
        2.09      0.08696
       2.098       0.1279
       2.106       0.1688
       2.121       0.2302
       2.128       0.2302
       2.143       0.2506
       2.158       0.2711
       2.166       0.2711
       2.174       0.2506
       2.181       0.2097
       2.189       0.1688
       2.196       0.1279
       2.204       0.0665
       2.211      0.02558
       2.219     -0.01535
       2.226     -0.03581
       2.242     -0.07673
       2.249      -0.1176
       2.257      -0.1586
       2.264       -0.179
       2.279      -0.1995
       2.287      -0.1586
       2.302      -0.1176
        2.31     -0.09719
       2.325     -0.09719
       2.332     -0.07673
       2.347     -0.03581
       2.355     -0.01535
        2.37     0.005115
       2.378      0.02558
       2.393      0.02558
         2.4      0.04604
       2.408       0.0665
       2.423       0.1074
       2.431       0.1074
       2.446       0.1074
       2.461       0.0665
       2.468      0.04604
       2.476      0.02558
       2.491     -0.01535
       2.499     -0.03581
       2.514     -0.05627
       2.521     -0.07673
       2.529     -0.07673
       2.544     -0.09719
       2.552     -0.09719
       2.574      -0.1381
       2.589      -0.1995
       2.597      -0.1995
       2.612      -0.1586
        2.62     -0.09719
       2.627     -0.03581
       2.635      0.02558
       2.642      0.08696
        2.65       0.1279
       2.665       0.1893
       2.672       0.1893
       2.688       0.1893
       2.695       0.2097
        2.71       0.2097
       2.718       0.2097
       2.733       0.1688
        2.74       0.1483
       2.748       0.1279
       2.763       0.0665
       2.771      0.04604
       2.786      0.04604
       2.793       0.0665
       2.809       0.0665
       2.816      0.04604
       2.831     0.005115
       2.839     0.005115
       2.854     -0.01535
       2.861     -0.01535
       2.877     -0.05627
       2.884     -0.09719
       2.899      -0.1586
       2.914      -0.1995
       2.922      -0.2199
       2.937      -0.1995
       2.945       -0.179
       2.952      -0.1381
        2.96     -0.07673
       2.967     -0.03581
       2.982      0.02558
       2.997      0.04604
       3.005       0.0665
        3.02       0.0665
       3.028      0.04604
       3.043      0.04604
        3.05      0.04604
       3.066      0.08696
       3.073       0.1074
       3.088       0.1074
       3.096       0.1074
       3.111       0.0665
       3.118       0.0665
       3.134      0.02558
       3.149      0.04604
       3.164      0.04604
       3.171      0.02558
       3.179     0.005115
       3.194     -0.05627
       3.209     -0.09719
       3.217      -0.1176
       3.232      -0.1176
       3.239     -0.09719
       3.254     -0.03581
        3.27       0.0665
       3.277      0.08696
       3.292       0.1483
         3.3       0.1688
       3.315       0.1893
       3.323       0.1893
        3.33       0.1688
       3.345       0.1074
       3.353      0.08696
       3.368      0.04604
       3.375       0.0665
       3.391       0.1074
       3.398       0.1074
       3.406       0.1279
       3.421       0.1483
       3.428       0.1688
       3.443       0.1893
       3.451       0.1688
       3.459       0.1279
       3.466      0.08696
       3.474       0.0665
       3.489      0.02558
       3.496     0.005115
       3.504     -0.03581
       3.511     -0.07673
       3.519     -0.09719
       3.534      -0.1176
       3.542     -0.09719
       3.557     -0.09719
       3.564     -0.07673
       3.572     -0.03581
       3.579     -0.01535
       3.587      0.02558
       3.595       0.0665
        3.61       0.1074
       3.617       0.1074
       3.625       0.1074
       3.632       0.0665
        3.64     0.005115
       3.648     -0.01535
       3.663     -0.07673
        3.67     -0.07673
       3.685     -0.09719
       3.693     -0.09719
       3.708     -0.07673
       3.716     -0.03581
       3.723     -0.01535
       3.738      0.02558
       3.746     0.005115
       3.761     -0.01535
       3.768     -0.01535
       3.784     -0.03581
       3.791     -0.03581
       3.799     -0.01535
       3.814     -0.01535
       3.821     0.005115
       3.836     0.005115
       3.844      0.02558
       3.859      0.04604
       3.867      0.04604
       3.882      0.04604
       3.889      0.02558
       3.905      0.02558
       3.912      0.04604
       3.927      0.04604
       3.935      0.04604
        3.95      0.02558
       3.957      0.02558
       3.973      0.02558
        3.98      0.04604
       3.988       0.0665
       4.003       0.1279
        4.01       0.1279
       4.025       0.1279
       4.033       0.1279
       4.048       0.1483
       4.063       0.1074
       4.071       0.0665
       4.078     0.005115
       4.086     -0.01535
       4.093     -0.05627
       4.101     -0.07673
       4.116     -0.05627
       4.124     -0.03581
       4.139     -0.01535
       4.146     -0.01535
       4.154     0.005115
       4.169     -0.01535
       4.177     -0.03581
       4.192     -0.03581
       4.199     -0.03581
       4.207     -0.03581
       4.222     -0.03581
        4.23     -0.03581
       4.245     0.005115
        4.26     0.005115
       4.267     0.005115
       4.282      0.02558
        4.29      0.04604
       4.298       0.0665
       4.313      0.08696
        4.32      0.08696
       4.335       0.0665
       4.343       0.0665
       4.358     0.005115
       4.366     -0.03581
       4.381     -0.09719
       4.388     -0.09719
       4.403     -0.03581
       4.419       0.0665
       4.426      0.08696
       4.441       0.1074
       4.449       0.1279
       4.464       0.1279
       4.471       0.1074
       4.479       0.1074
       4.494      0.04604
       4.502     0.005115
       4.509     -0.01535
       4.524     -0.07673
       4.532     -0.07673
       4.547     -0.07673
       4.555     -0.07673
        4.57     -0.09719
       4.577     -0.09719
       4.592     -0.09719
         4.6     -0.09719
       4.615     -0.07673
       4.623     -0.07673
       4.638     -0.07673
       4.653      -0.1381
        4.66       -0.179
       4.668      -0.2199
       4.683      -0.2199
       4.691       -0.179
       4.698      -0.1176
       4.706     -0.07673
       4.713     -0.01535
       4.721     0.005115
       4.728      0.04604
       4.736       0.0665
       4.744       0.1074
       4.751       0.1483
       4.766       0.2097
       4.774       0.2302
       4.789       0.2302
       4.796       0.2302
       4.812       0.2097
       4.819       0.2097
       4.834       0.1893
       4.842       0.1688
       4.857       0.1893
       4.872       0.1483
        4.88       0.1074
       4.887      0.08696
       4.902      0.04604
        4.91      0.04604
       4.917     0.005115
       4.925     -0.03581
       4.932     -0.07673
        4.94     -0.09719
       4.955      -0.1381
       4.963      -0.1586
        4.97      -0.1586
       4.985      -0.1381
       4.993      -0.1176
       5.001     -0.07673
       5.008     -0.03581
       5.023     0.005115
       5.031     0.005115
       5.046     0.005115
       5.061      0.02558
       5.076       0.1074
       5.084       0.1483
       5.091       0.1893
       5.099       0.2302
       5.114       0.2302
       5.121       0.2097
       5.137       0.1893
       5.144       0.1893
       5.159       0.1279
       5.167       0.1074
       5.182      0.08696
       5.189      0.08696
       5.205       0.0665
       5.212      0.04604
       5.227     0.005115
       5.242     -0.05627
       5.258     -0.09719
       5.265      -0.1176
        5.28      -0.1381
       5.288      -0.1381
       5.303      -0.1176
       5.318     -0.07673
       5.333     -0.01535
       5.341     0.005115
       5.356      0.02558
       5.363       0.0665
       5.371      0.08696
       5.386       0.1483
       5.394       0.1688
       5.409       0.1483
       5.416       0.1279
       5.424      0.08696
       5.439      0.02558
       5.446     0.005115
       5.462     0.005115
       5.477     0.005115
       5.484     0.005115
       5.499     -0.03581
       5.507     -0.07673
       5.522     -0.09719
        5.53     -0.09719
       5.537     -0.07673
       5.552     -0.05627
        5.56     -0.03581
       5.575     -0.01535
        5.59     -0.01535
       5.598     0.005115
       5.613     0.005115
        5.62     0.005115
       5.635     -0.01535
       5.643     -0.03581
       5.658     -0.03581
       5.666     -0.01535
       5.681     -0.01535
       5.688     -0.01535
       5.703     -0.03581
       5.711     -0.05627
       5.726     -0.05627
       5.734     -0.03581
       5.749     -0.01535
       5.764     0.005115
       5.772     0.005115
       5.787      0.04604
       5.794      0.04604
       5.809      0.04604
       5.817       0.0665
       5.824      0.08696
        5.84      0.08696
       5.847      0.08696
       5.862       0.0665
        5.87       0.0665
       5.885       0.0665
       5.892      0.08696
       5.908      0.08696
       5.915       0.0665
       5.923      0.02558
       5.938     -0.01535
       5.945     -0.03581
        5.96     -0.05627
       5.968     -0.03581
       5.983     0.005115
       5.991       0.0665
       6.006       0.1074
       6.013       0.1074
       6.029       0.1074
       6.044      0.08696
       6.051      0.08696
       6.066       0.0665
       6.074      0.04604
       6.081      0.04604
       6.097     0.005115
       6.104     0.005115
       6.119     0.005115
       6.127      0.02558
       6.149      0.02558
       6.165     0.005115
        6.18     0.005115
       6.195      0.04604
        6.21      0.02558
       6.217     0.005115
       6.233     -0.01535
        6.24     -0.05627
       6.248     -0.09719
       6.255      -0.1176
        6.27      -0.1586
       6.278       -0.179
       6.293      -0.1586
       6.301      -0.1176
       6.308     -0.09719
       6.316     -0.03581
       6.323     0.005115
       6.338       0.0665
       6.346      0.08696
       6.361       0.1074
       6.369       0.1279
       6.384       0.1483
       6.391       0.1688
       6.406       0.2097
       6.414       0.2097
       6.422       0.2097
       6.437       0.1483
       6.452      0.08696
       6.459       0.0665
       6.467      0.02558
       6.474     -0.01535
       6.482     -0.05627
        6.49     -0.09719
       6.505       -0.179
       6.512      -0.1995
       6.527      -0.2199
       6.535       -0.179
       6.542      -0.1176
        6.55     -0.05627
       6.558     -0.01535
       6.565      0.04604
       6.573      0.08696
       6.588       0.1279
       6.595       0.1483
       6.611       0.1688
       6.618       0.1688
       6.633       0.1483
       6.641       0.1074
       6.648      0.08696
       6.663      0.02558
       6.671     0.005115
       6.686     -0.03581
       6.701     -0.07673
       6.709      -0.1176
       6.724      -0.1381
       6.731      -0.1176
       6.747     -0.09719
       6.762     -0.07673
       6.769     -0.05627
       6.784     -0.03581
       6.792     -0.01535
       6.807     0.005115
       6.815      0.04604
       6.822       0.0665
       6.837      0.08696
       6.845       0.1074
        6.86       0.1483
       6.868       0.1688
       6.883       0.1483
        6.89       0.1074
       6.898       0.0665
       6.905      0.02558
       6.913     -0.01535
        6.92     -0.03581
       6.936     -0.05627
       6.943     -0.05627
       6.951     -0.03581
       6.966     -0.03581
       6.973     -0.05627
       6.981     -0.09719
       6.988      -0.1381
       6.996       -0.179
       7.004      -0.1995
       7.019      -0.2404
       7.026      -0.2199
       7.041       -0.179
       7.049      -0.1176
       7.056     -0.05627
       7.064      0.04604
       7.064     -0.01535
       7.072       0.0665
       7.079       0.1279
       7.094       0.1893
       7.102       0.2302
       7.109       0.2916
       7.117       0.3325
       7.125       0.3939
       7.132       0.4348
       7.147       0.4348
       7.155       0.3939
       7.162        0.312
        7.17       0.2506
       7.177       0.1688
       7.185       0.1074
       7.193       0.0665
       7.193     0.005115
         7.2     -0.01535
       7.208     -0.05627
       7.215     -0.09719
       7.223      -0.1381
       7.238      -0.1586
       7.245      -0.1381
       7.253      -0.1176
       7.261     -0.07673
       7.268     -0.03581
       7.283      0.02558
       7.291      0.04604
       7.306     0.005115
       7.321     -0.03581
       7.329     -0.05627
       7.336     -0.03581
       7.351     -0.01535
       7.366     0.005115
       7.382     0.005115
       7.389     -0.01535
       7.404     -0.01535
       7.412     -0.01535
       7.427     0.005115
       7.457      0.04604
       7.472      0.08696
        7.48       0.1074
       7.495      0.08696
       7.502       0.0665
       7.518     0.005115
       7.525     -0.01535
        7.54     -0.07673
       7.548     -0.09719
       7.563      -0.1176
        7.57      -0.1381
       7.586      -0.1586
       7.593      -0.1381
       7.601      -0.1176
       7.608     -0.07673
       7.616     -0.01535
       7.631       0.0665
       7.646       0.1279
       7.654       0.1483
       7.669       0.1279
       7.676       0.1074
       7.691       0.1074
       7.707       0.1074
       7.714       0.1279
       7.729       0.1074
       7.737       0.1074
       7.752      0.08696
       7.759      0.08696
       7.767      0.08696
       7.782      0.04604
        7.79     0.005115
       7.797     -0.03581
       7.812     -0.07673
        7.82     -0.05627
       7.835     -0.03581
       7.843     -0.03581
       7.858     -0.01535
       7.873     0.005115
        7.88     0.005115
       7.888     0.005115
       7.903     -0.03581
       7.911     -0.05627
       7.918     -0.09719
       7.926      -0.1176
       7.941     -0.09719
       7.948     -0.07673
       7.964     -0.01535
       7.971     0.005115
       7.979      0.04604
       7.986      0.08696
       8.001       0.1074
       8.009       0.1074
       8.024       0.1074
       8.032       0.1074
       8.039       0.1074
       8.054      0.08696
       8.062      0.08696
       8.077       0.0665
       8.084      0.04604
         8.1      0.02558
       8.107     0.005115
       8.115     0.005115
        8.13     -0.03581
       8.137     -0.05627
        8.16     -0.03581
       8.175     -0.05627
       8.183     -0.07673
       8.198      -0.1176
       8.205      -0.1586
       8.213      -0.1586
       8.228      -0.1176
       8.236     -0.05627
       8.243     -0.01535
       8.251       0.0665
       8.258      0.08696
       8.273       0.1483
       8.281       0.1893
       8.296       0.2302
       8.304       0.2711
       8.311        0.312
       8.326        0.312
       8.334       0.2916
       8.341       0.2506
       8.349       0.1688
       8.357       0.1074
       8.364       0.0665
       8.364     0.005115
       8.372     -0.01535
       8.379     -0.07673
       8.387      -0.1176
       8.409      -0.1586
       8.417       -0.179
        8.44      -0.1176
       8.455     -0.07673
        8.47     -0.07673
       8.485     -0.05627
       8.493     -0.05627
       8.508     -0.03581
       8.523     0.005115
        8.53      0.04604
       8.538       0.0665
       8.553       0.0665
       8.561      0.04604
       8.576      0.02558
       8.591      0.04604
       8.598       0.0665
       8.606       0.1074
       8.614       0.1483
       8.621       0.2097
       8.629       0.2097
       8.644       0.1688
       8.651       0.1483
       8.666       0.1483
       8.674       0.1483
       8.689       0.1483
       8.697       0.1483
       8.712      0.08696
       8.719       0.0665
       8.735      0.02558
       8.742     -0.01535
        8.75     -0.05627
       8.765     -0.09719
        8.78      -0.1176
       8.787      -0.1176
       8.803      -0.1381
        8.81     -0.09719
       8.825     -0.05627
       8.833     -0.03581
        8.84     -0.01535
       8.855     -0.01535
       8.863     0.005115
       8.878      0.04604
       8.886       0.0665
       8.901      0.08696
       8.908      0.08696
       8.923     0.005115
       8.931     -0.01535
       8.946     -0.01535
       8.961     -0.01535
       8.976     -0.07673
