     0.03557      -0.0813
     0.04313     -0.06203
     0.08845     -0.04276
     0.09601     -0.04276
      0.1111       0.0536
      0.1111    -0.004216
      0.1187      0.09214
      0.1262       0.1307
      0.1338       0.1692
      0.1564       0.2078
      0.1867       0.2078
      0.2018       0.2078
      0.2244       0.2463
      0.2697       0.2463
      0.2849        0.227
      0.2924        0.227
      0.3075       0.2463
      0.3151       0.2849
      0.3226       0.3041
      0.3528       0.3234
       0.368       0.2849
      0.3755       0.2656
      0.3831       0.2078
      0.3982       0.1114
      0.3982       0.0536
      0.4057     -0.04276
      0.4133      -0.1198
      0.4133      -0.1584
      0.4284      -0.2162
      0.4284      -0.2547
      0.4435      -0.2933
       0.451      -0.3126
      0.4662       -0.274
      0.4662      -0.3126
      0.4737      -0.2355
      0.4813      -0.1584
      0.4813      -0.1969
      0.4888      -0.1198
      0.4888      -0.1584
      0.4964      -0.1198
      0.5039      -0.0813
       0.519     -0.06203
      0.5266      -0.0813
      0.5341      -0.1584
      0.5417      -0.1969
      0.5492      -0.2547
      0.5568       -0.274
      0.5644      -0.3704
      0.5719      -0.3896
      0.5946      -0.4282
      0.6021      -0.4282
      0.6172      -0.4089
      0.6323      -0.3896
      0.6399      -0.3704
      0.6474      -0.3511
       0.655      -0.2933
      0.6701      -0.2355
      0.6777      -0.1198
      0.6777      -0.1777
      0.6852      -0.0813
      0.6928    -0.004216
      0.6928     -0.04276
      0.7003       0.0536
      0.7079      0.09214
      0.7154       0.1307
       0.723       0.1692
      0.7381       0.1885
      0.7532         0.15
      0.7608       0.1114
      0.7834      0.09214
      0.7985      0.09214
      0.8061       0.1114
      0.8287       0.1114
      0.8363       0.1114
      0.8514      0.09214
      0.8816      0.09214
      0.8967       0.1114
      0.9043       0.1307
      0.9118       0.1692
      0.9345       0.2078
      0.9421       0.1885
      0.9572       0.1692
      0.9723       0.1114
      0.9723      0.07287
      0.9798      0.03433
      0.9949    -0.004216
        1.01     -0.04276
       1.018     -0.06203
       1.025      -0.1006
        1.04      -0.1584
       1.048      -0.1391
       1.063      -0.0813
        1.07     -0.04276
       1.078      0.03433
       1.078    -0.004216
       1.086       0.1114
       1.086      0.03433
       1.093       0.1885
       1.093       0.1114
       1.101       0.2656
       1.101       0.1885
       1.108       0.3041
       1.116       0.3427
       1.123       0.3619
       1.138       0.3812
       1.146       0.3427
       1.161       0.3041
       1.176       0.2656
       1.184        0.227
       1.199       0.2078
       1.206       0.2078
       1.222       0.1885
       1.229         0.15
       1.244       0.1307
       1.252      0.07287
       1.267     -0.04276
       1.274      -0.0813
       1.282      -0.1198
       1.297      -0.1584
       1.312      -0.2162
        1.32      -0.2355
       1.335       -0.274
       1.358      -0.2933
        1.38       -0.274
       1.395      -0.2355
       1.403      -0.1777
       1.418      -0.0813
       1.426     -0.06203
       1.433     -0.02349
       1.448     -0.02349
       1.471      -0.1006
       1.486      -0.1391
       1.493      -0.1584
       1.509      -0.1969
       1.516      -0.2355
       1.531      -0.2547
       1.546      -0.2933
       1.554      -0.2933
       1.569       -0.274
       1.592      -0.2355
       1.599      -0.2162
       1.614      -0.1006
       1.614      -0.1584
       1.622      -0.0813
       1.629     -0.02349
       1.645       0.0536
       1.652       0.1114
        1.66         0.15
        1.66       0.1114
       1.667       0.1885
       1.675       0.2656
       1.682       0.3234
       1.682       0.2849
        1.69       0.3619
       1.705        0.439
       1.713       0.4968
        1.72       0.5547
       1.735       0.5739
        1.75       0.5932
       1.758       0.5932
       1.781       0.5739
       1.803       0.4968
       1.818        0.439
       1.826       0.4005
       1.833       0.3812
       1.841       0.3427
       1.849       0.3234
       1.849       0.2849
       1.856       0.2849
       1.871       0.1885
       1.871       0.1114
       1.886      0.03433
       1.894    -0.004216
       1.909     -0.06203
       1.917      -0.1198
       1.924      -0.1198
       1.932      -0.1584
       1.939      -0.1777
       1.954      -0.2162
       1.962      -0.2355
       1.977      -0.2547
       1.992      -0.2933
       2.007      -0.3318
       2.015      -0.3318
        2.03      -0.3126
       2.045       -0.274
       2.075      -0.2547
        2.09      -0.2933
       2.105      -0.3126
       2.113      -0.3126
        2.12      -0.3126
       2.136      -0.3318
       2.143      -0.2933
       2.158      -0.2547
       2.173      -0.1969
       2.181      -0.1777
       2.196      -0.1391
       2.204      -0.0813
       2.204      -0.1198
       2.211     -0.04276
       2.226     -0.02349
       2.234     -0.02349
       2.256     -0.04276
       2.272     -0.02349
       2.294      0.03433
       2.309      0.03433
        2.34    -0.004216
       2.347    -0.004216
       2.362     -0.04276
        2.37     -0.04276
       2.392      -0.0813
         2.4      -0.1198
       2.415      -0.1198
       2.423      -0.1198
       2.438      -0.1006
       2.453     -0.02349
        2.46       0.0536
        2.46    -0.004216
       2.468      0.09214
       2.476       0.1885
       2.476         0.15
       2.476       0.1114
       2.483        0.227
       2.491       0.2849
       2.506       0.4005
       2.513       0.4583
       2.536       0.4776
       2.544       0.4583
       2.566        0.439
       2.581       0.4776
       2.604       0.4776
       2.619       0.4198
       2.627       0.4198
       2.634       0.3619
       2.642       0.3234
       2.649       0.2849
       2.664       0.2463
       2.672       0.1307
       2.679      0.09214
       2.687    -0.004216
       2.695    -0.004216
       2.695      -0.0813
       2.702      -0.1006
        2.71      -0.1584
       2.717      -0.1969
       2.725      -0.2355
       2.732      -0.2933
        2.74      -0.3126
        2.74      -0.3511
       2.755      -0.3704
        2.77      -0.3896
       2.793      -0.4475
         2.8      -0.4667
       2.815      -0.4475
       2.831      -0.4089
       2.838      -0.3896
       2.853      -0.3126
       2.853      -0.3511
       2.861       -0.274
       2.868      -0.1969
       2.868      -0.2355
       2.876      -0.1584
       2.883      -0.1391
       2.891      -0.1006
       2.899      -0.1006
       2.906     -0.06203
       2.921    -0.004216
       2.929    -0.004216
       2.944      0.03433
       2.951      0.03433
       2.959      0.07287
       2.967      0.09214
       2.989         0.15
       2.997       0.1885
       3.004        0.227
       3.027       0.1885
       3.035         0.15
       3.042         0.15
        3.05       0.1114
       3.065      0.09214
        3.08       0.0536
       3.087    -0.004216
       3.095     -0.02349
        3.11     -0.04276
       3.118     -0.04276
       3.125    -0.004216
        3.14      0.07287
       3.148       0.1114
       3.163       0.1885
        3.17        0.227
       3.193       0.2078
       3.201       0.1885
       3.208       0.1307
       3.216      0.09214
       3.223       0.0536
       3.231    -0.004216
       3.238    -0.004216
       3.254     -0.02349
       3.261     -0.02349
       3.276     -0.02349
       3.284     -0.02349
       3.299    -0.004216
       3.314     -0.02349
       3.322    -0.004216
       3.329       0.0536
       3.337      0.07287
       3.344      0.09214
       3.359       0.0536
       3.367    -0.004216
       3.397      0.03433
       3.405       0.0536
        3.42       0.0536
       3.427      0.03433
       3.458    -0.004216
       3.465     -0.02349
       3.465     -0.06203
       3.473      -0.0813
       3.488      -0.1006
       3.495     -0.06203
        3.51    -0.004216
       3.518    -0.004216
       3.541    -0.004216
       3.548    -0.004216
       3.563     -0.02349
       3.571     -0.02349
       3.594      0.03433
       3.601       0.0536
       3.616      0.07287
       3.624      0.07287
       3.646      0.07287
       3.654      0.09214
       3.669      0.09214
       3.684         0.15
       3.707       0.1692
       3.714         0.15
       3.729       0.1307
       3.737       0.1307
       3.775       0.1114
       3.805         0.15
       3.828      0.09214
       3.835       0.0536
       3.843    -0.004216
        3.85     -0.02349
        3.85      -0.1006
       3.858      -0.1198
       3.865      -0.1777
       3.873      -0.2355
       3.881      -0.2933
       3.888      -0.2933
       3.896      -0.3318
       3.903      -0.3896
       3.911      -0.4282
       3.918      -0.4282
       3.941      -0.4475
       3.956      -0.4089
       3.964      -0.3318
       3.971      -0.3126
       3.979      -0.2547
       3.994      -0.1969
       4.009      -0.1777
       4.017      -0.1584
       4.024      -0.1198
       4.032      -0.0813
       4.032      -0.1198
       4.039     -0.06203
       4.047     -0.04276
       4.122      0.03433
        4.13      0.03433
       4.153      0.09214
       4.168        0.227
       4.175       0.2656
        4.19       0.3619
       4.198       0.3812
       4.213       0.4005
       4.221       0.4005
       4.228       0.4005
       4.243       0.3427
       4.251       0.3041
       4.258        0.227
       4.266        0.227
       4.266         0.15
       4.273       0.1307
       4.281      0.07287
       4.288      0.03433
       4.311    -0.004216
       4.319    -0.004216
       4.334    -0.004216
       4.356     -0.02349
       4.372     -0.02349
       4.387      0.03433
       4.394      0.07287
       4.409      0.09214
       4.417      0.09214
       4.432       0.0536
        4.44      0.03433
       4.455    -0.004216
       4.485      0.03433
       4.515    -0.004216
       4.523    -0.004216
        4.53       0.0536
       4.545         0.15
       4.553       0.1692
       4.568       0.1885
       4.576       0.1692
       4.591      0.03433
       4.598      0.03433
       4.598    -0.004216
       4.628      -0.1777
       4.628      -0.2162
       4.644      -0.2933
       4.651      -0.2933
       4.666      -0.3126
       4.681      -0.3318
       4.696      -0.2933
       4.704      -0.2933
       4.719      -0.2933
       4.734      -0.3511
       4.742      -0.3704
       4.749      -0.4089
       4.757      -0.4475
       4.787      -0.4282
       4.802      -0.3896
       4.817      -0.3511
       4.825      -0.3126
       4.832      -0.2933
       4.847      -0.2162
       4.847      -0.2547
       4.855      -0.1777
        4.87      -0.1391
       4.878      -0.1006
       4.885     -0.06203
       4.893    -0.004216
         4.9       0.0536
       4.908       0.1114
       4.915         0.15
       4.923       0.1885
       4.931        0.227
       4.938       0.2656
       4.938        0.227
       4.946       0.2849
       4.953       0.3234
       4.961       0.3812
       4.968       0.4198
       4.976        0.439
       4.991       0.4968
       4.999       0.5547
       5.014       0.5932
       5.021       0.6317
       5.029       0.6896
       5.044       0.7474
       5.051       0.7859
       5.067       0.7859
       5.074       0.7666
       5.089       0.7088
       5.097       0.6703
       5.104        0.651
       5.112       0.5932
       5.119       0.5932
       5.119       0.5547
       5.127       0.5547
       5.135       0.4776
       5.142       0.3812
        5.15       0.3619
       5.165        0.227
       5.172       0.2078
       5.187       0.1114
       5.195       0.0536
       5.203    -0.004216
        5.21     -0.04276
       5.218      -0.1198
       5.225      -0.1391
       5.233      -0.2547
        5.24       -0.274
        5.24      -0.3318
       5.248      -0.3126
       5.248      -0.3511
       5.248      -0.3896
       5.255      -0.4282
       5.263       -0.486
       5.271      -0.5438
       5.278      -0.5631
       5.293      -0.6016
       5.301      -0.6209
       5.308      -0.6209
       5.323      -0.6209
       5.331      -0.6016
       5.346      -0.6016
       5.354      -0.5631
       5.369      -0.5245
       5.384       -0.486
       5.391      -0.4475
       5.406      -0.4282
       5.414      -0.4089
       5.422      -0.3704
       5.437      -0.3318
       5.444      -0.2933
       5.452      -0.2547
       5.459      -0.2162
       5.467      -0.1777
       5.474      -0.1391
        5.49      -0.0813
       5.497      0.03433
       5.497    -0.004216
       5.505      0.07287
       5.505      0.03433
       5.512       0.1114
       5.512      0.07287
        5.52       0.1307
       5.527       0.1885
       5.535        0.227
        5.55       0.3619
       5.558       0.4005
       5.558       0.3619
       5.641        0.439
       5.648       0.4198
       5.656       0.3812
       5.671       0.3041
       5.686       0.2656
       5.694        0.227
       5.701         0.15
       5.709      0.09214
       5.716      0.09214
       5.731      0.03433
       5.754      0.03433
       5.769     -0.02349
       5.784      -0.0813
       5.792      -0.1198
       5.799      -0.1391
       5.814      -0.1584
       5.822      -0.1584
       5.837      -0.2355
       5.845      -0.2933
       5.852      -0.3126
       5.852      -0.3511
        5.86      -0.3511
       5.875      -0.4089
        5.89      -0.4475
       5.905      -0.4282
       5.913      -0.3704
       5.913      -0.4089
        5.92      -0.3318
        5.92      -0.3704
       5.928      -0.3126
       5.943       -0.274
        5.95       -0.274
       5.958      -0.2355
       5.965      -0.2355
       5.973      -0.1777
       5.973      -0.2162
       5.988     -0.02349
       5.988      -0.0813
       5.996      0.09214
       5.996     -0.02349
       6.003       0.1692
       6.003      0.09214
       6.011       0.2463
       6.011       0.1692
       6.018       0.2656
       6.026       0.3041
       6.033       0.3427
       6.041       0.3427
       6.049       0.2849
       6.056       0.2078
       6.064       0.1692
       6.079         0.15
       6.094      0.09214
       6.101      0.09214
       6.124       0.0536
       6.132       0.0536
       6.139      0.09214
       6.147         0.15
       6.154       0.1885
       6.162        0.227
       6.169       0.2463
       6.192       0.2849
       6.207       0.2463
       6.222       0.2078
        6.23        0.227
       6.245        0.227
       6.253        0.227
        6.29        0.227
       6.298        0.227
       6.313       0.2463
       6.321       0.2849
       6.336       0.3041
       6.351       0.3427
       6.366       0.3234
       6.373       0.2656
       6.373       0.2078
       6.389       0.1692
       6.389       0.1307
       6.389      0.07287
       6.396      0.03433
       6.396     -0.02349
       6.404     -0.06203
       6.404      -0.1198
       6.411      -0.1198
       6.411      -0.1969
       6.419      -0.1969
       6.419      -0.2547
       6.434      -0.3704
       6.441      -0.4089
       6.456      -0.4282
       6.472      -0.4089
       6.479      -0.3896
       6.494      -0.3511
       6.502      -0.3126
       6.517       -0.274
       6.532       -0.274
        6.54      -0.3318
       6.547      -0.3318
       6.547      -0.3704
       6.555      -0.3896
       6.562      -0.4089
       6.585      -0.4282
       6.592      -0.4089
         6.6      -0.3896
       6.608      -0.3318
       6.615      -0.2933
       6.623      -0.2547
        6.63      -0.1777
        6.63      -0.2162
       6.638      -0.1198
       6.638      -0.1777
       6.645     -0.04276
       6.645      -0.1198
       6.653      0.03433
       6.653     -0.04276
        6.66       0.1114
        6.66      0.03433
       6.676       0.2463
       6.691       0.3041
       6.698       0.3427
       6.713       0.3234
       6.721       0.3041
       6.736       0.2656
       6.744       0.2463
       6.759       0.1885
       6.766       0.1692
       6.789       0.1307
       6.796       0.1114
       6.812       0.1307
       6.819       0.1307
       6.827       0.1692
       6.842       0.1885
       6.857       0.2078
        6.88       0.2463
       6.887       0.2463
       6.895       0.2656
       6.917        0.227
       6.925       0.2078
       6.932       0.1885
        6.94       0.1307
       6.948       0.1307
       6.955      0.07287
       6.963      0.07287
       6.963      0.03433
       7.008      0.03433
       7.015    -0.004216
       7.023     -0.04276
       7.031     -0.06203
       7.038      -0.1006
       7.046      -0.1198
       7.053      -0.1391
       7.061      -0.1777
       7.068      -0.2162
       7.083      -0.3126
       7.091      -0.3318
       7.099      -0.3896
       7.106      -0.4475
       7.136      -0.4667
       7.144      -0.3896
       7.144      -0.4282
       7.151      -0.3318
       7.151      -0.3704
       7.167      -0.2355
       7.182      -0.1391
       7.189      -0.1006
       7.189      -0.1391
       7.197     -0.06203
       7.204    -0.004216
       7.212      0.03433
       7.212    -0.004216
       7.219       0.0536
       7.257       0.1307
       7.265       0.1692
        7.28        0.227
       7.295       0.2656
        7.31       0.3234
       7.318       0.3427
       7.325       0.3427
       7.348       0.2656
       7.363       0.2078
       7.371       0.1885
       7.386         0.15
       7.386       0.1114
       7.393      0.07287
       7.401       0.0536
       7.431      0.03433
       7.446    -0.004216
       7.454     -0.02349
       7.454      -0.0813
       7.461     -0.06203
       7.461      -0.1006
       7.461      -0.1391
       7.469      -0.1391
       7.476      -0.1969
       7.484      -0.1969
       7.499      -0.1391
       7.514      -0.1006
       7.522     -0.06203
       7.537     -0.06203
       7.544      -0.1006
       7.582      -0.1006
        7.59      -0.1391
       7.597      -0.1391
       7.642      -0.1584
        7.65      -0.1584
       7.665      -0.1198
        7.68      -0.0813
       7.688     -0.04276
       7.695    -0.004216
       7.703       0.0536
       7.718      0.09214
       7.763       0.0536
       7.778      0.07287
       7.786      0.09214
       7.809       0.1307
       7.824       0.1307
       7.839      0.09214
       7.854      0.07287
       7.862      0.07287
       7.869       0.1114
       7.884       0.1307
       7.899         0.15
       7.914       0.1114
        7.93      0.07287
       7.937       0.0536
       7.952    -0.004216
        7.96     -0.04276
       7.982     -0.02349
       7.998    -0.004216
       8.005     -0.02349
        8.02     -0.06203
       8.035      -0.1198
       8.065      -0.1777
       8.081      -0.1584
       8.088      -0.1391
       8.096      -0.1006
       8.103     -0.06203
       8.111     -0.04276
       8.118    -0.004216
       8.126       0.0536
       8.133      0.09214
       8.133       0.0536
       8.141       0.1114
       8.149         0.15
       8.156       0.1885
       8.179         0.15
       8.186       0.1114
       8.194      0.09214
       8.201       0.0536
       8.209       0.0536
       8.224       0.0536
       8.239    -0.004216
       8.254    -0.004216
       8.292      0.03433
       8.307      0.09214
       8.307       0.0536
       8.315       0.1114
       8.322       0.1307
       8.337       0.1692
       8.345       0.2078
       8.368       0.2078
       8.383       0.1885
        8.39       0.1692
       8.398       0.1307
       8.405      0.09214
       8.413      0.07287
       8.421      0.03433
       8.428      0.03433
       8.458      0.03433
       8.473      0.03433
       8.504      0.03433
       8.511      0.03433
       8.519       0.0536
       8.534       0.0536
       8.549      0.03433
       8.564    -0.004216
       8.587     -0.06203
       8.594      -0.1006
       8.602      -0.1006
       8.617      -0.1584
       8.624      -0.1969
       8.632      -0.2162
       8.655      -0.1777
        8.67      -0.1391
       8.677      -0.1198
         8.7      -0.1006
       8.715      -0.1391
       8.715      -0.1969
       8.723      -0.2355
        8.73      -0.3318
       8.738      -0.3318
       8.738      -0.3704
       8.745      -0.4089
       8.768      -0.3896
       8.783      -0.2355
       8.791      -0.1777
       8.798      -0.1198
       8.798      -0.1584
       8.806      -0.0813
       8.813     -0.04276
       8.821      0.07287
       8.821      0.03433
       8.821    -0.004216
       8.828       0.1114
       8.836         0.15
       8.844       0.1885
       8.851        0.227
       8.866        0.227
       8.874       0.2463
       8.889       0.2849
       8.896       0.2849
       8.904       0.3041
       8.919       0.2849
       8.927       0.2656
       8.942       0.2656
       8.964       0.2656
