     0.01181      -0.7008
     0.01937      -0.7961
     0.02693      -0.8152
     0.03449       -0.777
     0.04205      -0.7198
      0.0496      -0.6245
     0.05716      -0.5482
     0.06472      -0.4339
     0.07228      -0.3385
     0.07984      -0.2432
      0.0874      -0.1479
     0.09496     -0.07161
      0.1025      0.06185
      0.1025     -0.01442
      0.1101      0.09998
      0.1176       0.1762
      0.1252       0.2525
      0.1327       0.3288
      0.1403        0.405
      0.1479       0.4813
      0.1554       0.5385
       0.163       0.5957
      0.1705       0.6338
      0.1781        0.691
      0.1857       0.7291
      0.2008        0.691
      0.2083       0.5957
      0.2159       0.5194
      0.2235       0.4432
       0.231        0.386
      0.2386       0.3288
      0.2461       0.2334
      0.2537        0.119
      0.2612      0.04278
      0.2612     -0.05255
      0.2688       -0.186
      0.2764      -0.3004
      0.2839      -0.3957
      0.2915      -0.4339
       0.299      -0.4529
      0.3142      -0.4529
      0.3217       -0.472
      0.3368       -0.491
      0.3444      -0.4339
       0.352      -0.3385
      0.3595      -0.2241
      0.3671     -0.07161
      0.3746      0.09998
      0.3746      0.00465
      0.3822       0.1762
      0.3897       0.2716
      0.3973       0.3288
      0.4124       0.3669
        0.42       0.3669
      0.4351       0.3669
      0.4502       0.3288
      0.4578       0.3288
      0.4729       0.2525
      0.4804       0.1762
       0.488      0.08091
       0.488      0.00465
      0.4956     -0.05255
      0.5031      -0.1669
      0.5107      -0.2813
      0.5182      -0.3767
      0.5258      -0.4529
      0.5334      -0.5292
      0.5409      -0.5673
      0.5485      -0.5292
       0.556      -0.4339
      0.5636      -0.2623
      0.5712      0.06185
      0.5712     -0.09068
      0.5787       0.1762
      0.5863       0.3669
      0.5938       0.5003
      0.6014       0.5957
      0.6089       0.6147
      0.6165       0.5575
      0.6241       0.4813
      0.6316        0.405
      0.6392       0.3478
      0.6543       0.3097
      0.6619       0.2525
      0.6694       0.1572
       0.677      0.02372
      0.6845     -0.09068
      0.6921      -0.2051
      0.6996      -0.2813
      0.7072      -0.3576
      0.7223      -0.3957
      0.7299      -0.3576
      0.7374      -0.3004
       0.745      -0.2432
      0.7526      -0.1669
      0.7601      -0.1097
      0.7752     -0.01442
      0.7828      0.04278
      0.7904      0.09998
      0.7904      0.06185
      0.7979       0.1381
       0.813       0.1572
      0.8206       0.1572
      0.8357       0.1572
      0.8433       0.1762
      0.8508       0.2334
      0.8584       0.2906
      0.8659       0.3478
      0.8811        0.386
      0.8886       0.3669
      0.9037       0.3097
      0.9113       0.2716
      0.9188       0.1953
      0.9264      0.09998
      0.9264     -0.01442
       0.934      -0.1097
      0.9415      -0.2813
      0.9491      -0.4148
      0.9566       -0.491
      0.9642       -0.491
      0.9793       -0.491
      0.9869      -0.5292
       1.002      -0.5482
        1.01      -0.5292
       1.017       -0.491
       1.025      -0.4339
       1.032      -0.3767
        1.04      -0.3195
       1.047      -0.2432
       1.055      -0.2051
       1.062      -0.1479
        1.07      -0.1288
       1.085     -0.07161
       1.093     -0.03348
       1.108     -0.05255
       1.115     -0.07161
       1.123     -0.05255
        1.13     -0.01442
       1.138      0.08091
       1.146       0.1762
       1.153       0.2525
       1.161       0.3097
       1.168       0.2716
       1.176       0.1953
       1.183      0.09998
       1.191      0.04278
       1.191     -0.03348
       1.199      -0.1097
       1.206      -0.2051
       1.214      -0.2813
       1.221      -0.3767
       1.229       -0.472
       1.236      -0.5101
       1.251       -0.491
       1.259      -0.4339
       1.267      -0.3767
       1.274      -0.3004
       1.282      -0.2241
       1.289      -0.1288
       1.297     -0.05255
       1.304      0.06185
       1.304      0.00465
       1.312       0.1381
       1.319       0.2334
       1.327       0.2906
       1.335        0.386
       1.342       0.4241
        1.35       0.4813
       1.357       0.5385
       1.365       0.5957
       1.372       0.6338
        1.38       0.6529
       1.387       0.6529
       1.395       0.6147
       1.403       0.5766
       1.418       0.5194
       1.425       0.4813
       1.433       0.4432
        1.44       0.4432
       1.448       0.4622
       1.456       0.5194
       1.471       0.4432
       1.478       0.2525
       1.486      0.04278
       1.493      -0.1097
       1.501       -0.186
       1.508      -0.2051
       1.516      -0.2623
       1.524      -0.3195
       1.531      -0.3767
       1.539      -0.4148
       1.554      -0.3767
       1.561      -0.3195
       1.569      -0.2241
       1.576      -0.1479
       1.584     -0.09068
       1.599     -0.09068
       1.607      -0.1097
       1.622      -0.1479
       1.629      -0.1479
       1.637      -0.1097
       1.644     -0.07161
       1.652     -0.01442
        1.66      0.06185
       1.667        0.119
       1.675       0.1572
       1.682       0.1953
        1.69       0.2525
       1.697       0.2906
       1.705       0.3478
       1.713       0.4432
        1.72       0.5575
       1.728       0.6719
       1.735       0.7673
        1.75       0.7482
       1.758       0.7101
       1.765       0.6338
       1.773       0.5385
       1.781       0.4622
       1.788        0.386
       1.796       0.3097
       1.803       0.2334
       1.811        0.119
       1.818      0.04278
       1.818      -0.1097
       1.826      -0.3385
       1.833      -0.6245
       1.841      -0.8724
       1.849       -1.025
       1.856       -1.101
       1.864       -1.082
       1.871       -1.025
       1.879      -0.9105
       1.886      -0.7961
       1.894      -0.6436
       1.901      -0.5101
       1.909      -0.4148
       1.917      -0.3576
       1.924      -0.3576
       1.939      -0.3767
       1.947      -0.3195
       1.954      -0.2432
       1.962      -0.1669
        1.97     -0.07161
       1.977      0.02372
       1.985        0.119
       1.992       0.2144
           2       0.2906
       2.007       0.3669
       2.015       0.4432
       2.022       0.5194
        2.03       0.5766
       2.038       0.6529
       2.045       0.7291
       2.053       0.7863
        2.06       0.8435
       2.068       0.8817
       2.075       0.8817
       2.083       0.8435
        2.09       0.7863
       2.098       0.7101
       2.106       0.6338
       2.113       0.5385
       2.121       0.4241
       2.128       0.2906
       2.136       0.1381
       2.136      0.00465
       2.143      -0.1097
       2.151      -0.3385
       2.158      -0.5292
       2.166      -0.6626
       2.174      -0.7008
       2.181      -0.6626
       2.189      -0.5673
       2.196       -0.472
       2.204      -0.3957
       2.211      -0.3195
       2.219      -0.2241
       2.226      -0.1288
       2.234      0.06185
       2.234     -0.03348
       2.242       0.1381
       2.249       0.2525
       2.257       0.3478
       2.264        0.405
       2.272       0.4241
       2.279        0.386
       2.287       0.3478
       2.295       0.2906
       2.302       0.2334
        2.31       0.1572
       2.317      0.08091
       2.325      0.04278
       2.325     -0.01442
       2.332     -0.05255
        2.34      -0.1097
       2.347       -0.186
       2.355      -0.2623
       2.363      -0.3385
        2.37      -0.4148
       2.378      -0.4529
       2.385      -0.4529
         2.4      -0.4148
       2.408      -0.4148
       2.415      -0.3957
       2.423      -0.3767
       2.431      -0.3195
       2.438      -0.2623
       2.446      -0.2051
       2.453      -0.1479
       2.461     -0.09068
       2.468     -0.03348
       2.476      0.02372
       2.483      0.09998
       2.491       0.1572
       2.499       0.2144
       2.514       0.2144
       2.521       0.1762
       2.536       0.1381
       2.544        0.119
       2.552      0.06185
       2.559     -0.01442
       2.567     -0.07161
       2.574      -0.1288
       2.589       -0.186
       2.597      -0.2623
       2.604      -0.3576
       2.612       -0.472
        2.62      -0.5292
       2.635      -0.4529
       2.642      -0.3385
        2.65      -0.2051
       2.657      -0.1097
       2.665      0.04278
       2.665     -0.01442
       2.672      0.09998
        2.68       0.2144
       2.688       0.3288
       2.695       0.4432
       2.703       0.5194
        2.71       0.5957
       2.718       0.6529
       2.725        0.691
        2.74       0.6719
       2.748       0.6147
       2.756       0.5766
       2.763       0.5575
       2.778       0.4813
       2.786       0.4241
       2.793       0.3097
       2.801       0.1953
       2.809      0.09998
       2.816      0.04278
       2.816     -0.03348
       2.824      -0.1288
       2.831      -0.2241
       2.839      -0.3004
       2.846      -0.3385
       2.854      -0.3576
       2.869      -0.3195
       2.877      -0.2813
       2.884      -0.2051
       2.892      -0.1288
       2.899     -0.03348
       2.907      0.08091
       2.914       0.1381
       2.922       0.1762
       2.929       0.2334
       2.937       0.2906
       2.945       0.3288
        2.96       0.3669
       2.967       0.3288
       2.975       0.2525
       2.982       0.1762
        2.99      0.09998
        2.99      0.00465
       2.997     -0.07161
       3.005      -0.2241
       3.013      -0.4148
        3.02      -0.6054
       3.028       -0.758
       3.035      -0.8914
       3.043       -1.006
       3.058      -0.9677
       3.066      -0.8342
       3.073      -0.6626
       3.081       -0.491
       3.088      -0.3195
       3.096      -0.2051
       3.103     -0.09068
       3.111     -0.01442
       3.118      0.08091
       3.126       0.1762
       3.134       0.2906
       3.141       0.3669
       3.149        0.405
       3.156       0.4241
       3.164       0.4622
       3.171       0.5003
       3.186       0.5385
       3.194       0.5575
       3.209       0.5194
       3.217       0.4813
       3.224       0.4432
       3.232       0.4432
       3.247       0.4241
       3.254       0.3669
       3.262       0.2525
        3.27        0.119
        3.27      0.00465
       3.277     -0.07161
       3.285       -0.186
       3.292      -0.2623
         3.3      -0.3004
       3.307      -0.3195
       3.315      -0.3576
       3.323      -0.3957
        3.33      -0.4339
       3.345      -0.4339
       3.353      -0.3957
        3.36      -0.3385
       3.368      -0.2813
       3.375      -0.2051
       3.383      -0.1479
       3.391     -0.09068
       3.398     -0.01442
       3.406      0.08091
       3.406      0.00465
       3.413       0.1762
       3.421       0.3097
       3.428        0.405
       3.436       0.5003
       3.443       0.5385
       3.451       0.5575
       3.459       0.5575
       3.474       0.5385
       3.481       0.5194
       3.489       0.4432
       3.496       0.3478
       3.504       0.2525
       3.511       0.1953
       3.527       0.1762
       3.534       0.2144
       3.549       0.2525
       3.557       0.1953
       3.564        0.119
       3.572      0.06185
       3.579     -0.01442
       3.587     -0.09068
       3.595      -0.2432
       3.602      -0.3957
        3.61      -0.5673
       3.617      -0.6626
       3.625      -0.7198
       3.632      -0.7008
        3.64      -0.6626
       3.648      -0.5864
       3.655      -0.5101
       3.663      -0.3957
        3.67      -0.2813
       3.678      -0.1669
       3.685      0.06185
       3.685     -0.05255
       3.693       0.1381
         3.7       0.2716
       3.708       0.3288
       3.723       0.3288
       3.731       0.2906
       3.746       0.2716
       3.753       0.3097
       3.768       0.3288
       3.776       0.3097
       3.791       0.2716
       3.799       0.2716
       3.806       0.2525
       3.814       0.1953
       3.821        0.119
       3.829      0.06185
       3.829     -0.01442
       3.836      -0.1097
       3.844      -0.2813
       3.852      -0.4339
       3.859      -0.5673
       3.867      -0.6436
       3.874      -0.6817
       3.882      -0.6817
       3.889      -0.6054
       3.897      -0.5101
       3.905      -0.3957
       3.912      -0.3004
        3.92       -0.186
       3.927     -0.09068
       3.935     -0.01442
       3.942      0.06185
        3.95      0.09998
       3.957       0.1381
       3.965       0.1762
       3.973       0.2144
       3.988       0.2906
       3.995       0.3097
       4.003       0.3288
       4.025       0.3669
       4.033       0.3478
       4.048       0.3288
       4.056       0.3478
       4.071        0.405
       4.078        0.386
       4.086       0.3288
       4.101       0.2906
       4.109       0.2525
       4.116       0.2144
       4.124       0.1381
       4.131      0.02372
       4.139      -0.1097
       4.146      -0.2623
       4.154      -0.3957
       4.162      -0.5292
       4.169      -0.6054
       4.177      -0.6436
       4.192      -0.6626
       4.199      -0.6436
       4.214      -0.6245
       4.222      -0.5864
        4.23      -0.5482
       4.237       -0.472
       4.245      -0.3767
       4.252      -0.2623
        4.26      -0.1669
       4.267     -0.07161
       4.275     -0.03348
       4.282     -0.01442
       4.298      0.02372
       4.305      0.08091
       4.313       0.1381
        4.32       0.2144
       4.328       0.2716
       4.335       0.3478
       4.343        0.386
        4.35        0.405
       4.366       0.4432
       4.373       0.4622
       4.388       0.5003
       4.396       0.5003
       4.403       0.5194
       4.419       0.4622
       4.426        0.405
       4.434       0.3288
       4.441       0.2334
       4.449       0.1381
       4.456      0.02372
       4.464     -0.07161
       4.471      -0.2051
       4.479      -0.3385
       4.487      -0.4339
       4.494      -0.5101
       4.509      -0.5101
       4.517       -0.491
       4.524       -0.472
       4.532      -0.4339
       4.539      -0.3576
       4.547      -0.3004
       4.555      -0.2241
       4.562      -0.1669
        4.57      -0.1288
       4.577     -0.09068
       4.585     -0.05255
       4.592      0.00465
         4.6      0.06185
       4.607        0.119
       4.615       0.1953
       4.623       0.2716
        4.63       0.3097
       4.638       0.3288
       4.653       0.3288
       4.668       0.3288
       4.676       0.3288
       4.691       0.3669
       4.706        0.405
       4.713        0.405
       4.721       0.4241
       4.736       0.4241
       4.744       0.4241
       4.751       0.3669
       4.759       0.3097
       4.766       0.2334
       4.774        0.119
       4.781      0.06185
       4.781     -0.05255
       4.789       -0.186
       4.796      -0.3576
       4.804      -0.5292
       4.812      -0.6245
       4.819      -0.6436
       4.827      -0.5673
       4.834       -0.472
       4.842      -0.3576
       4.849      -0.2623
       4.857       -0.186
       4.864      -0.1097
       4.872     -0.05255
        4.88      0.04278
        4.88     -0.01442
       4.887      0.09998
       4.895       0.1953
       4.902       0.3097
        4.91       0.3669
       4.917        0.405
       4.925        0.405
       4.932       0.3669
        4.94       0.3097
       4.948       0.2716
       4.955       0.1953
       4.963       0.1381
        4.97      0.09998
       4.985        0.119
       4.993       0.1381
       5.008       0.1381
       5.016      0.09998
       5.023      0.08091
       5.031      0.04278
       5.038     -0.01442
       5.046     -0.07161
       5.053      -0.1479
       5.061      -0.2241
       5.069      -0.3004
       5.076      -0.3385
       5.084      -0.3576
       5.099      -0.3576
       5.106      -0.3576
       5.114      -0.3195
       5.121      -0.2813
       5.129      -0.2051
       5.137      -0.1097
       5.144      0.04278
       5.144     -0.01442
       5.152      0.08091
       5.159       0.1572
       5.167       0.2334
       5.174       0.2906
       5.182       0.3478
       5.189        0.405
       5.205        0.405
       5.212       0.3669
        5.22       0.3288
       5.227       0.2525
       5.235       0.1762
       5.242      0.04278
        5.25      -0.1288
       5.258      -0.3004
       5.265      -0.3957
       5.273       -0.472
        5.28       -0.491
       5.288      -0.4529
       5.295      -0.4339
       5.303      -0.3767
        5.31      -0.3195
       5.318      -0.2432
       5.326      -0.1669
       5.333      -0.1097
       5.341      -0.1097
       5.348     -0.07161
       5.356     -0.03348
       5.363      0.02372
       5.371      0.09998
       5.378       0.1572
       5.386       0.1953
       5.394       0.2334
       5.401       0.2716
       5.409       0.2906
       5.424       0.2716
       5.431       0.2334
       5.439       0.1953
       5.446       0.1572
       5.454      0.08091
       5.462      0.04278
       5.462      0.00465
       5.469     -0.05255
       5.477     -0.09068
       5.484      -0.1288
       5.492      -0.1669
       5.499      -0.2241
       5.507      -0.2623
       5.522      -0.2623
        5.53      -0.2051
       5.537      -0.1479
       5.545     -0.09068
       5.552     -0.03348
        5.56      0.04278
        5.56      0.00465
       5.567      0.08091
       5.575       0.1762
       5.583       0.2716
        5.59       0.3669
       5.598       0.4432
       5.605       0.5003
        5.62       0.4813
       5.628        0.386
       5.635       0.2525
       5.643       0.1381
       5.651      0.08091
       5.666      0.09998
       5.673       0.1381
       5.681       0.1953
       5.688       0.2525
       5.696       0.2525
       5.703       0.2144
       5.711       0.1572
       5.719      0.08091
       5.719     -0.01442
       5.726      -0.1097
       5.734      -0.2623
       5.741      -0.4148
       5.749      -0.5292
       5.756      -0.5864
       5.772      -0.5673
       5.779      -0.5292
       5.787      -0.4529
       5.794      -0.3957
       5.802      -0.3576
       5.809      -0.3195
       5.817      -0.2813
       5.824      -0.2241
       5.832       -0.186
        5.84      -0.1288
       5.847     -0.09068
       5.855     -0.03348
       5.862      0.00465
        5.87      0.06185
       5.877      0.09998
       5.885       0.1381
       5.892       0.1572
         5.9       0.2144
       5.908       0.3097
       5.915        0.386
       5.923       0.4622
        5.93       0.5003
       5.938       0.5003
       5.945       0.5003
        5.96       0.4813
       5.968       0.4622
       5.976       0.4241
       5.983       0.3288
       5.991       0.2144
       5.998      0.04278
       6.006      -0.1479
       6.013      -0.3004
       6.021      -0.4148
       6.029       -0.472
       6.036      -0.4529
       6.044      -0.3957
       6.051      -0.3004
       6.059      -0.2051
       6.066      -0.1097
       6.074     -0.03348
       6.081      0.04278
       6.081      0.00465
       6.089      0.06185
       6.104      0.04278
       6.112      0.04278
       6.127      0.08091
       6.142        0.119
       6.149       0.1762
       6.157       0.2334
       6.165       0.3288
       6.172       0.4432
       6.172       0.3669
        6.18       0.4813
       6.195       0.5003
       6.202       0.4622
       6.225        0.405
       6.233        0.405
       6.248        0.405
       6.255        0.386
       6.263       0.3478
        6.27       0.3097
       6.278       0.2716
       6.285       0.2144
       6.293       0.1572
       6.301      0.08091
       6.301      0.00465
       6.308     -0.03348
       6.316      -0.1097
       6.323      -0.2241
       6.331      -0.3576
       6.338       -0.491
       6.346      -0.6054
       6.354      -0.7008
       6.361      -0.7389
       6.376      -0.7008
       6.384      -0.6245
       6.391      -0.5292
       6.399      -0.4529
       6.406      -0.3767
       6.422      -0.3004
       6.429      -0.2813
       6.437      -0.2241
       6.444      -0.1288
       6.452     -0.05255
       6.459      0.02372
       6.467      0.08091
       6.474        0.119
        6.49       0.1572
       6.497       0.1953
       6.505       0.2334
       6.512       0.2716
        6.52       0.3097
       6.527       0.3288
       6.542       0.3097
       6.558       0.3097
       6.565       0.3288
        6.58       0.3478
       6.588       0.3097
       6.595       0.2334
       6.603        0.119
       6.611      0.06185
       6.611     -0.05255
       6.618      -0.2241
       6.626      -0.3957
       6.633      -0.5292
       6.641      -0.6245
       6.648      -0.6626
       6.656      -0.6436
       6.663      -0.5864
       6.671       -0.472
       6.679      -0.3385
       6.686       -0.186
       6.694      0.06185
       6.694     -0.05255
       6.701       0.1572
       6.709       0.2716
       6.716       0.3669
       6.724       0.4241
       6.731       0.4432
       6.747       0.4241
       6.754        0.386
       6.762       0.3478
       6.769       0.2906
       6.777       0.2144
       6.784        0.119
       6.792      0.02372
       6.799     -0.07161
       6.807      -0.1479
       6.815      -0.2432
       6.822      -0.3195
        6.83      -0.3957
       6.837      -0.4148
       6.845      -0.4148
       6.852      -0.3576
        6.86      -0.2813
       6.868       -0.186
       6.875     -0.05255
       6.883      0.08091
       6.883      0.00465
        6.89       0.1762
       6.898       0.2716
       6.905       0.3288
        6.92       0.3288
       6.928       0.2716
       6.936       0.2144
       6.943       0.1572
       6.958       0.1762
       6.966       0.2144
       6.973       0.2525
       6.981       0.2906
       6.988       0.3288
       6.996       0.3669
       7.011       0.4241
       7.026       0.4241
       7.034       0.3478
       7.041       0.2144
       7.049     -0.01442
       7.056      -0.2813
       7.064      -0.5292
       7.072      -0.7198
       7.079      -0.8152
       7.087      -0.7961
       7.094      -0.7008
       7.102      -0.5864
       7.109       -0.472
       7.117      -0.3767
       7.125      -0.2813
       7.132      -0.2051
        7.14     -0.09068
       7.147      0.00465
       7.155      0.09998
       7.162       0.1572
        7.17       0.1953
       7.177       0.2334
       7.193       0.2716
         7.2       0.2525
       7.208       0.2144
       7.215       0.1762
        7.23       0.1762
       7.238       0.1953
       7.253       0.2334
       7.261       0.2334
       7.268       0.2334
       7.283       0.2716
       7.291       0.3097
       7.298       0.3669
       7.306        0.405
       7.313       0.4432
       7.321       0.4432
       7.329       0.3669
       7.336       0.2716
       7.344       0.1381
       7.351      0.00465
       7.359      -0.1288
       7.366      -0.2813
       7.374      -0.3957
       7.382       -0.472
       7.389      -0.5292
       7.397      -0.5673
       7.404      -0.5864
       7.419      -0.5482
       7.427       -0.491
       7.434      -0.4148
       7.442      -0.3385
        7.45      -0.2623
       7.457      -0.2051
       7.465      -0.1288
       7.472     -0.07161
        7.48     -0.01442
       7.487      0.06185
       7.495        0.119
       7.502       0.1572
        7.51       0.1953
       7.525       0.2144
       7.533       0.1953
        7.54       0.1953
       7.555       0.2144
        7.57       0.2716
       7.578       0.2716
       7.593       0.3097
       7.608       0.3669
       7.616       0.3478
       7.623       0.2906
       7.631       0.2144
       7.638      0.09998
       7.638      0.00465
       7.646     -0.07161
       7.654      -0.2241
       7.661      -0.3576
       7.669      -0.4529
       7.676      -0.5292
       7.684      -0.5673
       7.691      -0.5482
       7.699      -0.5101
       7.707      -0.4529
       7.714      -0.3957
       7.722      -0.3576
       7.729      -0.3576
       7.737      -0.3576
       7.752      -0.3385
       7.759      -0.2432
       7.767     -0.09068
       7.775        0.119
       7.775     -0.01442
       7.782       0.2525
        7.79        0.386
       7.797       0.4432
       7.805       0.4813
       7.812       0.5194
        7.82       0.5766
       7.827       0.5957
       7.835       0.5957
        7.85       0.5385
       7.858       0.5194
       7.865       0.5194
       7.873       0.4813
        7.88       0.4432
       7.888        0.386
       7.895       0.3669
       7.911       0.3288
       7.918       0.3097
       7.933       0.3097
       7.941       0.3097
       7.956       0.3288
       7.971       0.3288
       7.979       0.2716
       7.986       0.1762
       7.994      0.02372
       8.001       -0.186
       8.009      -0.4339
       8.016      -0.6436
       8.024      -0.8152
       8.032      -0.9296
       8.039      -0.9296
       8.047      -0.8152
       8.054      -0.6626
       8.062      -0.5101
       8.069      -0.3957
       8.077      -0.3195
       8.084      -0.2813
         8.1      -0.2432
       8.107      -0.2241
       8.115      -0.1669
       8.122      -0.1097
        8.13     -0.05255
       8.137      0.06185
       8.137      0.00465
       8.145       0.1381
       8.152       0.2334
        8.16       0.2906
       8.168       0.3478
       8.175       0.3669
       8.183        0.386
       8.198       0.3478
       8.205       0.3288
       8.213       0.3097
       8.221       0.2716
       8.228       0.2334
       8.236       0.1762
       8.243        0.119
       8.251      0.06185
       8.258      0.00465
       8.266     -0.01442
       8.281      0.00465
       8.289      0.06185
       8.296      0.09998
       8.304        0.119
       8.319       0.1381
       8.326       0.1381
       8.334      0.09998
       8.341      0.00465
       8.349      -0.1288
       8.357      -0.3004
       8.364      -0.4148
       8.372      -0.4529
       8.379      -0.4529
       8.387      -0.4148
       8.394      -0.3767
       8.409      -0.3957
       8.417      -0.4339
       8.425      -0.4148
       8.432      -0.3767
        8.44      -0.2813
       8.447      -0.1669
       8.455     -0.05255
       8.462      0.08091
       8.462      0.00465
        8.47       0.1572
       8.478       0.2334
       8.485       0.3288
       8.493       0.4432
         8.5       0.5194
       8.508       0.5766
       8.523       0.5575
        8.53       0.5194
       8.538       0.4813
       8.546       0.4622
       8.561        0.386
       8.568       0.3288
       8.576       0.2525
       8.583       0.1762
       8.591        0.119
       8.598      0.06185
       8.606     -0.01442
       8.614     -0.09068
       8.621      -0.2051
       8.629      -0.3576
       8.636      -0.5292
       8.644      -0.7008
       8.651      -0.7961
       8.666      -0.6817
       8.674      -0.5482
       8.682      -0.3767
       8.689      -0.2623
       8.697      -0.1479
       8.704     -0.07161
       8.712     -0.03348
       8.719      0.00465
       8.735      0.06185
       8.742      0.08091
        8.75        0.119
       8.757       0.1572
       8.772       0.1572
        8.78       0.1572
       8.795       0.1762
       8.803       0.2334
        8.81       0.2906
       8.818       0.3478
       8.825        0.405
       8.833       0.4622
        8.84       0.5003
       8.855       0.5194
       8.863       0.5003
       8.871       0.4622
       8.878        0.405
       8.886       0.3288
       8.893       0.2144
       8.901      0.09998
       8.908     -0.03348
       8.916      -0.1288
       8.923      -0.2432
       8.931      -0.3767
       8.939      -0.5101
       8.946      -0.7008
       8.954      -0.7961
       8.961      -0.9677
       8.961       -1.063
       8.969       -1.139
       8.976        -1.12
