     0.01181      0.07673
     0.03448      0.01876
     0.04203      0.01876
     0.05714   -0.0005683
      0.0647   -0.0005683
     0.07981     -0.03922
     0.08736     -0.03922
      0.1025     -0.03922
        0.11     -0.01989
      0.1251      0.01876
      0.1402      0.07673
      0.1478      0.07673
      0.1554      0.07673
      0.1705      0.03808
       0.178   -0.0005683
      0.1931     -0.03922
      0.2007     -0.05854
      0.2158     -0.03922
      0.2234     -0.01989
      0.2385   -0.0005683
       0.246   -0.0005683
      0.2536   -0.0005683
      0.2687     -0.05854
      0.2838     -0.09719
      0.2913      -0.1165
      0.3065      -0.1358
       0.314      -0.1165
      0.3291     -0.07786
      0.3367     -0.05854
      0.3518     -0.01989
      0.3593   -0.0005683
      0.3669      0.01876
      0.3745       0.0574
       0.382      0.09605
      0.3971       0.1347
      0.4047       0.1154
      0.4122       0.1154
      0.4198      0.07673
      0.4273      0.03808
      0.4349     -0.01989
      0.4424     -0.05854
        0.45     -0.09719
      0.4576      -0.1165
      0.4727     -0.09719
      0.4878     -0.05854
      0.4953     -0.03922
      0.5029     -0.01989
       0.518   -0.0005683
      0.5256      0.01876
      0.5331       0.0574
      0.5482      0.09605
      0.5558      0.09605
      0.5709      0.07673
      0.5784      0.07673
      0.5936      0.07673
      0.6087       0.0574
      0.6162      0.07673
      0.6313      0.09605
      0.6389       0.1154
       0.654        0.154
      0.6615       0.1733
      0.6767        0.212
      0.6842        0.212
      0.6993       0.1927
      0.7069       0.1733
       0.722       0.1154
      0.7295      0.09605
      0.7447       0.0574
      0.7522      0.03808
      0.7673   -0.0005683
      0.7749     -0.01989
        0.79     -0.05854
      0.8051     -0.09719
      0.8126      -0.1165
      0.8278      -0.1552
      0.8353      -0.1552
      0.8429      -0.1165
       0.858     -0.09719
      0.8655     -0.07786
      0.8806     -0.05854
      0.8882     -0.03922
      0.9033     -0.01989
      0.9109     -0.01989
       0.926      0.03808
      0.9411      0.07673
      0.9486      0.09605
      0.9637      0.09605
      0.9713      0.09605
      0.9789      0.09605
       0.994      0.09605
       1.002      0.09605
       1.017      0.09605
       1.032       0.0574
       1.039      0.03808
       1.047      0.03808
       1.062   -0.0005683
        1.07   -0.0005683
       1.077      0.01876
       1.092       0.0574
         1.1       0.0574
       1.115      0.09605
        1.13       0.1347
       1.138        0.154
       1.153        0.212
        1.16       0.1927
       1.168        0.154
       1.175      0.09605
       1.183       0.0574
        1.19      0.01876
       1.198     -0.01989
       1.213     -0.07786
       1.221      -0.1165
       1.236      -0.1552
       1.243      -0.1552
       1.258     -0.09719
       1.266     -0.07786
       1.281     -0.01989
       1.289   -0.0005683
       1.304      0.01876
       1.311      0.03808
       1.326      0.07673
       1.342      0.07673
       1.349      0.07673
       1.364       0.0574
       1.372       0.0574
       1.387      0.07673
       1.394      0.07673
       1.402      0.07673
       1.417       0.0574
       1.425       0.0574
        1.44      0.03808
       1.447     -0.01989
       1.455     -0.07786
       1.462      -0.1552
        1.47      -0.2131
       1.477      -0.2711
       1.485      -0.3097
         1.5      -0.3291
       1.508      -0.3097
       1.515      -0.2904
        1.53      -0.2131
       1.538      -0.1938
       1.545      -0.1745
       1.553      -0.1358
       1.561     -0.09719
       1.568     -0.05854
       1.576     -0.01989
       1.583      0.03808
       1.591      0.07673
       1.598      0.09605
       1.606      0.09605
       1.621      0.03808
       1.629   -0.0005683
       1.644     -0.03922
       1.651     -0.03922
       1.666     -0.01989
       1.681   -0.0005683
       1.689      0.03808
       1.697       0.0574
       1.712       0.1154
       1.719        0.154
       1.727       0.1733
       1.742       0.2313
       1.749         0.27
       1.765       0.3086
       1.772       0.3279
       1.787       0.3086
       1.795       0.2893
        1.81         0.27
       1.825       0.2313
       1.833        0.212
        1.84       0.1927
       1.855       0.1347
       1.863      0.07673
        1.87      0.03808
       1.878     -0.01989
       1.885     -0.05854
       1.893     -0.07786
       1.908      -0.1165
       1.916      -0.1165
       1.931      -0.1552
       1.938      -0.1552
       1.953      -0.1358
       1.961      -0.1165
       1.976     -0.07786
       1.984     -0.05854
       1.999     -0.03922
       2.006     -0.03922
       2.014     -0.01989
       2.029      0.01876
       2.037       0.0574
       2.044      0.09605
       2.052       0.1347
       2.059       0.1733
       2.074       0.1927
       2.082       0.1927
       2.089        0.154
       2.097       0.1154
       2.105       0.0574
       2.112     -0.01989
        2.12     -0.05854
       2.127     -0.07786
       2.135      -0.1165
       2.142      -0.1358
       2.157      -0.1552
       2.165      -0.1358
        2.18     -0.09719
       2.188     -0.07786
       2.203     -0.05854
        2.21     -0.01989
       2.225      0.01876
       2.233      0.01876
       2.241       0.0574
       2.256      0.07673
       2.263      0.07673
       2.271      0.07673
       2.286       0.0574
       2.293      0.03808
       2.301      0.03808
       2.316       0.0574
       2.324      0.07673
       2.339      0.07673
       2.346       0.0574
       2.354      0.01876
       2.361   -0.0005683
       2.369     -0.05854
       2.377     -0.09719
       2.384      -0.1552
       2.392      -0.1938
       2.399      -0.2131
       2.414      -0.2711
       2.422      -0.2711
       2.437      -0.3097
       2.445      -0.3097
        2.46      -0.2904
       2.475      -0.2325
       2.482      -0.2131
        2.49      -0.1745
       2.497      -0.1358
       2.505     -0.09719
       2.513     -0.07786
        2.52     -0.03922
       2.528   -0.0005683
       2.535      0.03808
       2.543       0.0574
       2.558      0.07673
       2.565      0.07673
       2.581      0.07673
       2.588      0.07673
       2.603      0.09605
       2.618       0.1154
       2.626       0.1154
       2.641       0.1154
       2.656      0.07673
       2.664       0.0574
       2.671      0.07673
       2.686      0.09605
       2.694       0.1154
       2.709       0.1154
       2.717       0.1154
       2.732      0.09605
       2.739      0.09605
       2.754      0.07673
       2.762      0.09605
       2.777      0.09605
       2.785      0.07673
       2.792      0.03808
         2.8   -0.0005683
       2.807     -0.01989
       2.822     -0.03922
        2.83     -0.03922
       2.845   -0.0005683
       2.853      0.03808
        2.86       0.0574
       2.875       0.1347
       2.883        0.154
       2.898       0.1927
       2.905        0.212
       2.921       0.2313
       2.928       0.2313
       2.943       0.1733
       2.951       0.1347
       2.958      0.07673
       2.973      0.01876
       2.981   -0.0005683
       2.996     -0.03922
       3.004     -0.03922
       3.019     -0.03922
       3.026     -0.03922
       3.034     -0.01989
       3.049      0.01876
       3.057      0.01876
       3.072      0.03808
       3.079      0.03808
       3.087      0.03808
       3.102   -0.0005683
       3.109     -0.03922
       3.124     -0.07786
       3.132     -0.09719
       3.147     -0.09719
       3.155     -0.07786
        3.17     -0.01989
       3.177     -0.01989
       3.192      0.01876
       3.208      0.03808
       3.215      0.03808
       3.223      0.03808
       3.238      0.01876
       3.245   -0.0005683
       3.253   -0.0005683
       3.268     -0.03922
       3.276     -0.03922
       3.291     -0.03922
       3.298     -0.03922
       3.313     -0.03922
       3.328     -0.05854
       3.336     -0.05854
       3.351      -0.1165
       3.359      -0.1165
       3.374      -0.1165
       3.381     -0.09719
       3.389     -0.05854
       3.396     -0.01989
       3.404      0.01876
       3.419      0.09605
       3.427      0.09605
       3.434       0.1347
       3.442        0.154
       3.457        0.212
       3.464       0.2506
        3.48       0.2313
       3.487        0.212
       3.495       0.1733
       3.502       0.1347
        3.51      0.09605
       3.525      0.03808
       3.532   -0.0005683
        3.54     -0.03922
       3.548     -0.09719
       3.555      -0.1165
        3.57      -0.1358
       3.578      -0.1358
       3.593      -0.1165
         3.6      -0.1165
       3.616     -0.07786
       3.623     -0.05854
       3.638   -0.0005683
       3.653       0.0574
       3.661      0.07673
       3.676       0.1154
       3.684       0.1154
       3.699       0.1733
       3.714        0.212
       3.721       0.2313
       3.736       0.2313
       3.744       0.2313
       3.752       0.2313
       3.767       0.1927
       3.774        0.154
       3.782       0.1154
       3.789      0.09605
       3.797       0.0574
       3.812   -0.0005683
        3.82     -0.05854
       3.827     -0.09719
       3.835      -0.1165
        3.85      -0.1552
       3.857      -0.1552
       3.872      -0.1745
        3.88      -0.1745
       3.888      -0.1552
       3.903      -0.1165
        3.91     -0.09719
       3.925     -0.05854
       3.933     -0.03922
       3.948     -0.01989
       3.956     -0.03922
       3.963     -0.05854
       3.978      -0.1165
       3.986      -0.1165
       4.001     -0.07786
       4.008     -0.03922
       4.016   -0.0005683
       4.031   -0.0005683
       4.039      0.01876
       4.054       0.0574
       4.061       0.0574
       4.076     -0.01989
       4.084     -0.05854
       4.092     -0.09719
       4.099      -0.1552
       4.107      -0.2131
       4.114      -0.2711
       4.122      -0.3097
       4.137      -0.3291
       4.144      -0.3097
       4.152      -0.2711
        4.16      -0.2131
       4.167      -0.1552
       4.175     -0.07786
       4.182     -0.01989
        4.19      0.03808
       4.197      0.09605
       4.205       0.1733
       4.212        0.212
       4.228       0.2506
       4.235       0.2506
        4.25       0.2313
       4.258        0.212
       4.265        0.212
        4.28       0.1927
       4.288       0.1733
       4.296       0.1733
       4.311       0.1733
       4.318       0.1733
       4.333       0.1927
       4.348       0.1927
       4.356       0.1927
       4.371       0.1733
       4.379       0.1733
       4.394       0.1347
       4.401       0.1154
       4.409      0.09605
       4.416       0.0574
       4.424   -0.0005683
       4.432     -0.05854
       4.439      -0.1165
       4.447      -0.1552
       4.462      -0.1938
       4.469      -0.2131
       4.484      -0.2325
       4.492      -0.2325
       4.507      -0.2325
       4.515      -0.2131
        4.53      -0.1745
       4.537      -0.1358
       4.545     -0.09719
       4.552     -0.05854
        4.56   -0.0005683
       4.568       0.0574
       4.575      0.09605
        4.59        0.154
       4.598        0.154
       4.605       0.1733
        4.62        0.154
       4.636        0.154
       4.651        0.154
       4.658        0.154
       4.673       0.1733
       4.681       0.1927
       4.688        0.212
       4.704         0.27
       4.711         0.27
       4.719       0.2893
       4.734         0.27
       4.741         0.27
       4.749       0.2313
       4.756        0.212
       4.764       0.1733
       4.779       0.1154
       4.787      0.09605
       4.794       0.0574
       4.802   -0.0005683
       4.809     -0.03922
       4.817     -0.09719
       4.824      -0.1358
       4.832      -0.1358
       4.847      -0.1745
       4.855      -0.1938
        4.87      -0.2325
       4.885      -0.2904
       4.892      -0.3291
       4.907      -0.3677
       4.915       -0.387
        4.93      -0.3484
       4.945      -0.3097
       4.953      -0.2904
        4.96      -0.2711
       4.968      -0.2325
       4.975      -0.1745
       4.983      -0.1165
       4.991     -0.05854
       4.998   -0.0005683
       5.006       0.0574
       5.013      0.09605
       5.028       0.1347
       5.036       0.1154
       5.043      0.09605
       5.051       0.0574
       5.059   -0.0005683
       5.066     -0.03922
       5.074     -0.07786
       5.081      -0.1165
       5.089      -0.1552
       5.096      -0.1938
       5.111      -0.2518
       5.119      -0.2711
       5.134      -0.2904
       5.142      -0.2711
       5.149      -0.2518
       5.157      -0.1938
       5.164      -0.1358
       5.172     -0.05854
       5.179      0.01876
       5.187       0.0574
       5.195      0.09605
       5.202       0.1347
        5.21       0.1733
       5.217       0.2313
       5.225         0.27
       5.232       0.3086
       5.247       0.3086
       5.255       0.3086
        5.27       0.2893
       5.278       0.3086
       5.293       0.3086
         5.3       0.3086
       5.308       0.3086
       5.323       0.2506
       5.331       0.2313
       5.346        0.212
       5.361       0.1733
       5.368       0.1733
       5.376       0.1733
       5.391        0.154
       5.399        0.154
       5.414       0.1347
       5.429      0.09605
       5.436       0.0574
       5.444      0.01876
       5.451     -0.01989
       5.459     -0.05854
       5.474     -0.09719
       5.482     -0.05854
       5.497   -0.0005683
       5.504   -0.0005683
       5.519   -0.0005683
       5.535     -0.01989
       5.542   -0.0005683
       5.557      0.01876
       5.565      0.01876
        5.58      0.03808
       5.587      0.03808
       5.603      0.03808
        5.61      0.03808
       5.633       0.0574
        5.64       0.0574
       5.655      0.01876
       5.663   -0.0005683
       5.678     -0.01989
       5.686     -0.01989
       5.701     -0.01989
       5.708     -0.01989
       5.716     -0.01989
       5.731     -0.05854
       5.739     -0.07786
       5.746     -0.07786
       5.761     -0.09719
       5.769     -0.09719
       5.784      -0.1358
       5.791      -0.1358
       5.807      -0.1552
       5.814      -0.1745
       5.829      -0.1552
       5.837      -0.1358
       5.852     -0.09719
       5.859     -0.05854
       5.867     -0.01989
       5.875      0.01876
        5.89       0.0574
       5.897      0.07673
       5.905       0.1154
        5.92        0.154
       5.935        0.212
       5.943        0.212
       5.958        0.212
       5.973       0.1733
        5.98       0.1347
       5.988      0.09605
       5.995       0.0574
       6.003      0.01876
       6.011     -0.01989
       6.018     -0.05854
       6.033     -0.09719
       6.041      -0.1165
       6.056     -0.05854
       6.063     -0.01989
       6.071      0.01876
       6.079      0.07673
       6.094      0.09605
       6.101      0.09605
       6.116       0.0574
       6.124      0.01876
       6.139   -0.0005683
       6.147     -0.03922
       6.154     -0.09719
       6.162      -0.1165
       6.177      -0.1552
       6.192      -0.1745
       6.207      -0.1165
       6.215     -0.09719
       6.222     -0.03922
        6.23   -0.0005683
       6.237      0.03808
       6.245      0.07673
        6.26       0.1154
       6.267       0.1154
       6.283       0.1154
       6.298      0.07673
       6.305      0.03808
        6.32   -0.0005683
       6.328   -0.0005683
       6.343     -0.05854
       6.351     -0.07786
       6.366      -0.1165
       6.373     -0.09719
       6.388     -0.03922
       6.403      0.03808
       6.411       0.0574
       6.426       0.0574
       6.434      0.07673
       6.441      0.09605
       6.456       0.1347
       6.464        0.154
       6.479       0.1733
       6.487       0.1733
       6.502        0.154
       6.509       0.1347
       6.524      0.09605
       6.539      0.03808
       6.555     -0.01989
       6.562     -0.03922
        6.57     -0.03922
       6.585     -0.07786
       6.592     -0.07786
         6.6     -0.07786
       6.615     -0.09719
        6.63     -0.05854
       6.645     -0.01989
       6.653   -0.0005683
       6.668   -0.0005683
       6.675   -0.0005683
       6.683      0.01876
       6.698       0.0574
       6.706       0.0574
       6.713       0.0574
       6.728       0.0574
       6.736       0.0574
       6.743       0.0574
       6.758      0.01876
       6.766      0.01876
       6.781     -0.01989
       6.789     -0.03922
       6.796     -0.05854
       6.811      -0.1165
       6.819      -0.1552
       6.826      -0.1745
       6.842      -0.1938
       6.849      -0.2131
       6.864      -0.2518
       6.872      -0.2325
       6.879      -0.2131
       6.894      -0.1358
       6.902     -0.09719
        6.91     -0.05854
       6.917     -0.01989
       6.932   -0.0005683
        6.94   -0.0005683
       6.947   -0.0005683
       6.962     -0.01989
        6.97     -0.01989
       6.985     -0.03922
       6.993     -0.03922
       7.008     -0.05854
       7.015     -0.03922
        7.03      0.01876
       7.038      0.03808
       7.053      0.07673
       7.068      0.09605
       7.076      0.09605
       7.083       0.1154
       7.098        0.154
       7.106        0.154
       7.114       0.1733
       7.129        0.154
       7.136        0.154
       7.151       0.1347
       7.159       0.1154
       7.166       0.1347
       7.182       0.1733
       7.189       0.1927
       7.204        0.212
       7.212       0.1927
       7.227        0.154
       7.234        0.154
       7.242        0.154
       7.257        0.154
       7.265        0.154
        7.28        0.212
       7.295         0.27
       7.302       0.3086
       7.318       0.3086
       7.325       0.2893
        7.34       0.2506
       7.348       0.2313
       7.363       0.1927
        7.37       0.1927
       7.378       0.1733
       7.393       0.1154
       7.401      0.07673
       7.408      0.01876
       7.416     -0.03922
       7.423     -0.09719
       7.431      -0.1358
       7.438      -0.1552
       7.454      -0.1745
       7.461      -0.1938
       7.476      -0.2518
       7.484      -0.2711
       7.499      -0.3097
       7.506      -0.3097
       7.522      -0.3484
       7.529      -0.3677
       7.544       -0.387
       7.552      -0.3484
       7.559      -0.3291
       7.567      -0.2711
       7.574      -0.2131
       7.582      -0.1358
        7.59     -0.07786
       7.605     -0.01989
       7.612   -0.0005683
       7.627      0.03808
       7.635       0.0574
        7.65       0.1154
       7.665        0.154
       7.673        0.154
       7.688        0.154
       7.695       0.1347
        7.71       0.1154
       7.726       0.1154
       7.733       0.1347
       7.748       0.1733
       7.756       0.1733
       7.763       0.1347
       7.771      0.07673
       7.778      0.01876
       7.786     -0.01989
       7.794     -0.03922
       7.801     -0.07786
       7.809      -0.1165
       7.816      -0.1552
       7.824      -0.1745
       7.839      -0.2131
       7.846      -0.2325
       7.862      -0.2325
       7.877      -0.2325
       7.884      -0.2131
       7.899      -0.1745
       7.907      -0.1745
       7.914      -0.1552
        7.93      -0.1165
       7.937     -0.09719
       7.952     -0.05854
        7.96     -0.03922
       7.975     -0.01989
       7.982   -0.0005683
       7.998      0.01876
       8.005       0.0574
        8.02      0.09605
       8.028       0.1154
       8.035        0.154
       8.043       0.1733
       8.058       0.1927
       8.066       0.1927
       8.073       0.1733
       8.088       0.1154
       8.096      0.07673
       8.111      0.03808
       8.118      0.01876
       8.134   -0.0005683
       8.149     -0.01989
       8.156     -0.03922
       8.171     -0.03922
       8.186     -0.01989
       8.194   -0.0005683
       8.202      0.03808
       8.209       0.0574
       8.224      0.09605
       8.232       0.1154
       8.239       0.1347
       8.254        0.154
       8.262       0.1733
       8.277        0.212
       8.285        0.212
       8.292       0.2313
       8.307       0.2313
       8.315        0.212
        8.33       0.1927
       8.345        0.154
       8.353        0.154
       8.368       0.1347
       8.383      0.09605
        8.39       0.0574
       8.405      0.01876
       8.413      0.01876
       8.428      0.01876
       8.436      0.01876
       8.443      0.03808
       8.458       0.0574
       8.466      0.07673
       8.473      0.09605
       8.489      0.07673
       8.496      0.07673
       8.511       0.0574
       8.519      0.07673
       8.534       0.0574
       8.541      0.03808
       8.549   -0.0005683
       8.557     -0.05854
       8.564     -0.09719
       8.572      -0.1165
       8.587      -0.1165
       8.594      -0.1165
       8.609      -0.1165
       8.625      -0.1358
       8.632      -0.1358
       8.647      -0.1745
       8.655      -0.1938
        8.67      -0.2131
       8.677      -0.2131
       8.693      -0.2325
         8.7      -0.2518
       8.715      -0.2518
       8.723      -0.2325
       8.738      -0.1938
       8.745      -0.1745
       8.753      -0.1552
       8.761      -0.1165
       8.768     -0.05854
       8.776     -0.01989
       8.783       0.0574
       8.791       0.1154
       8.798        0.154
       8.821        0.154
       8.829       0.1154
       8.836      0.03808
       8.844   -0.0005683
       8.859     -0.01989
       8.866   -0.0005683
       8.874      0.01876
       8.889      0.03808
       8.897      0.03808
       8.904       0.0574
       8.919      0.07673
       8.927      0.09605
       8.934       0.1347
       8.942       0.1733
       8.957       0.2313
       8.965       0.2506
