     0.01181       0.1893
     0.01181       0.1156
     0.01937      0.07877
     0.01937     0.005115
     0.02693     -0.05013
     0.03449      -0.1606
     0.04205      -0.2895
      0.0496      -0.3632
     0.05716      -0.4184
     0.07228      -0.4368
     0.07984      -0.4184
     0.09496      -0.3816
      0.1025      -0.3263
      0.1101      -0.2527
      0.1176      -0.1422
      0.1252     -0.05013
      0.1327      0.07877
      0.1327     0.005115
      0.1403       0.1708
      0.1479       0.2813
      0.1554       0.3734
       0.163       0.4286
      0.1705       0.4286
      0.1781        0.355
      0.1857       0.2077
      0.1932      0.09719
      0.1932      -0.0133
      0.2008     -0.05013
      0.2083      -0.1238
      0.2159      -0.1422
       0.231      -0.1974
      0.2386      -0.2159
      0.2537      -0.2159
      0.2612      -0.1974
      0.2764      -0.1974
      0.2839      -0.1606
       0.299      -0.1606
      0.3066      -0.1606
      0.3142      -0.1422
      0.3293     -0.08696
      0.3368      -0.1054
       0.352      -0.1238
      0.3595      -0.1238
      0.3671      -0.1238
      0.3746      -0.1606
      0.3822      -0.1974
      0.3897      -0.2527
      0.4049      -0.3079
      0.4124      -0.2895
        0.42      -0.2527
      0.4275      -0.1974
      0.4351      -0.1422
      0.4427      -0.1054
      0.4578      -0.1054
      0.4653      -0.1238
      0.4729      -0.1238
       0.488      -0.1422
      0.4956      -0.1606
      0.5031      -0.1238
      0.5107      0.06036
      0.5107     -0.05013
      0.5182       0.1708
      0.5258       0.3366
      0.5334       0.4655
      0.5409       0.5575
      0.5485       0.5944
       0.556       0.5391
      0.5636       0.4286
      0.5712       0.2997
      0.5787       0.2077
      0.5863       0.1708
      0.5938       0.1708
      0.6089       0.1156
      0.6241       0.1156
      0.6316       0.1524
      0.6392       0.2077
      0.6467       0.2261
      0.6543       0.2445
      0.6694       0.1708
       0.677      0.09719
      0.6845      0.04194
      0.6845      -0.0133
      0.6996      -0.0133
      0.7072      0.09719
      0.7148       0.2077
      0.7223       0.3366
      0.7299       0.4286
      0.7374       0.4839
       0.745       0.4655
      0.7526       0.4102
      0.7601       0.3366
      0.7677       0.2445
      0.7752       0.1708
      0.7904       0.1524
      0.7979       0.1708
       0.813       0.1708
      0.8206       0.1156
      0.8281      0.04194
      0.8357     -0.05013
      0.8433      -0.1606
      0.8508      -0.2527
      0.8584      -0.3263
      0.8659      -0.3263
      0.8735      -0.2711
      0.8811      -0.1422
      0.8886      0.02353
      0.8962       0.1893
      0.9037       0.2997
      0.9113       0.3918
      0.9188       0.4286
      0.9264       0.4471
      0.9415       0.4286
      0.9491       0.3918
      0.9566        0.355
      0.9642       0.2997
      0.9718       0.2445
      0.9793       0.1893
      0.9869        0.134
      0.9944      0.07877
       1.002      0.04194
       1.002     -0.03171
        1.01      -0.1054
       1.017      -0.2343
       1.025      -0.3448
       1.032      -0.4184
        1.04      -0.4368
       1.047         -0.4
       1.055      -0.3079
       1.062      -0.1422
        1.07      0.02353
       1.078       0.1893
       1.085       0.3182
       1.093       0.4102
         1.1       0.4655
       1.108       0.4839
       1.123       0.4655
        1.13       0.4286
       1.138       0.3734
       1.146       0.2997
       1.153       0.1893
       1.161      0.09719
       1.161      -0.0133
       1.168      -0.1054
       1.176      -0.2711
       1.183      -0.4184
       1.191      -0.5473
       1.199      -0.6578
       1.206      -0.7315
       1.214      -0.7315
       1.221      -0.6762
       1.229      -0.5473
       1.236      -0.3632
       1.244      -0.1606
       1.251       0.1524
       1.251     -0.03171
       1.259       0.3366
       1.267       0.5575
       1.274       0.6864
       1.282       0.7417
       1.289       0.6864
       1.297       0.5944
       1.304       0.4839
       1.312       0.3182
       1.319       0.1524
       1.319      -0.0133
       1.327      -0.1238
       1.335      -0.3079
       1.342      -0.4552
        1.35      -0.5289
       1.357      -0.5473
       1.372      -0.5105
        1.38      -0.4921
       1.387      -0.4368
       1.395      -0.3816
       1.403      -0.3079
        1.41      -0.2527
       1.418       -0.179
       1.425      -0.1054
       1.433      0.04194
       1.433     -0.03171
        1.44      0.09719
       1.448       0.1893
       1.456       0.2629
       1.463       0.3366
       1.471       0.4102
       1.478       0.4839
       1.486       0.5391
       1.493       0.5207
       1.501       0.4102
       1.508       0.2629
       1.516       0.1156
       1.524      -0.0133
       1.531     -0.06854
       1.539     -0.08696
       1.546      -0.1238
       1.554      -0.1606
       1.561      -0.1974
       1.569      -0.2159
       1.584      -0.2343
       1.592      -0.1974
       1.599      -0.1422
       1.607     -0.08696
       1.614     -0.05013
       1.622     -0.05013
       1.629     -0.08696
       1.637      -0.1422
       1.644      -0.2343
       1.652      -0.2895
       1.667      -0.2343
       1.675      -0.1422
       1.682     -0.03171
        1.69      0.07877
        1.69     0.005115
       1.697       0.1524
       1.705       0.2077
       1.713       0.2813
        1.72       0.3366
       1.728       0.3734
       1.735       0.3734
       1.743       0.3366
        1.75       0.2629
       1.758       0.1708
       1.765      0.07877
       1.765      -0.0133
       1.773     -0.08696
       1.781      -0.2527
       1.788         -0.4
       1.796      -0.5105
       1.803      -0.5841
       1.811      -0.5841
       1.818      -0.5473
       1.826      -0.5105
       1.833      -0.4368
       1.841      -0.3448
       1.849       -0.179
       1.856      0.02353
       1.864       0.2261
       1.871       0.4102
       1.879       0.5575
       1.886       0.6496
       1.894       0.6864
       1.901       0.6864
       1.909        0.668
       1.917       0.6312
       1.924       0.5575
       1.932       0.4839
       1.939       0.3734
       1.947       0.2813
       1.954       0.1524
       1.962      0.02353
        1.97      -0.1606
       1.977      -0.3263
       1.985      -0.4921
       1.992      -0.5841
           2      -0.6578
       2.015      -0.6026
       2.022      -0.5105
        2.03         -0.4
       2.038      -0.2711
       2.045      -0.1054
       2.053      0.07877
       2.053      -0.0133
        2.06       0.1524
       2.068       0.2077
       2.075       0.2445
        2.09       0.2813
       2.098       0.2629
       2.106       0.1708
       2.113      0.09719
       2.121     -0.03171
       2.128      -0.1054
       2.136      -0.1974
       2.143      -0.2895
       2.151      -0.3632
       2.158      -0.4552
       2.166      -0.5473
       2.174       -0.621
       2.181      -0.6946
       2.196      -0.6946
       2.204       -0.621
       2.211      -0.5105
       2.219      -0.3632
       2.226      -0.1974
       2.234     -0.06854
       2.242      0.02353
       2.249      0.09719
       2.257        0.134
       2.264       0.1708
       2.279       0.1708
       2.287       0.1156
       2.295      0.07877
       2.302      0.02353
        2.31      -0.0133
       2.317     -0.08696
       2.325      -0.1606
       2.332      -0.2895
        2.34      -0.4184
       2.347      -0.4921
       2.355      -0.5105
       2.363      -0.4552
        2.37      -0.3263
       2.378      -0.1238
       2.385       0.1524
       2.385     0.005115
       2.393       0.3366
         2.4       0.5023
       2.408        0.576
       2.423        0.576
       2.431       0.5575
       2.438       0.5207
       2.446       0.4655
       2.453       0.4102
       2.461        0.355
       2.468       0.2813
       2.476       0.1893
       2.483      0.09719
       2.483      -0.0133
       2.491     -0.08696
       2.499      -0.1974
       2.506      -0.2895
       2.514      -0.3448
       2.521      -0.3079
       2.529      -0.1974
       2.536     -0.06854
       2.544      0.09719
       2.544     0.005115
       2.552       0.1893
       2.559       0.3182
       2.567       0.4655
       2.574       0.6128
       2.582       0.7417
       2.589       0.8338
       2.597       0.8338
       2.604       0.7601
       2.612       0.6496
        2.62       0.4839
       2.627       0.3182
       2.635       0.1708
       2.642      0.07877
       2.642     0.005115
        2.65     -0.03171
       2.657     -0.08696
       2.665      -0.1422
       2.672       -0.179
        2.68       -0.179
       2.695      -0.1422
       2.703      -0.1054
        2.71     -0.03171
       2.718       0.1156
       2.718     0.005115
       2.725       0.2445
       2.733       0.3918
        2.74       0.5023
       2.748       0.5944
       2.756       0.6496
       2.763       0.6864
       2.771        0.668
       2.778       0.6312
       2.786       0.5575
       2.793       0.4655
       2.801       0.3366
       2.809       0.1524
       2.816      0.06036
       2.816     -0.06854
       2.824      -0.1974
       2.831      -0.2895
       2.839      -0.3448
       2.846      -0.3816
       2.854      -0.3448
       2.869      -0.3079
       2.877      -0.2711
       2.884      -0.1974
       2.892     -0.08696
       2.899      0.07877
       2.899      -0.0133
       2.907       0.1156
       2.914       0.2445
       2.929       0.2629
       2.937       0.2261
       2.945       0.2077
        2.96       0.2445
       2.975       0.2261
       2.982       0.1524
        2.99      0.07877
       2.997      0.04194
       2.997     -0.03171
       3.005     -0.08696
       3.013      -0.1606
        3.02      -0.2159
       3.028      -0.2527
       3.035      -0.2711
        3.05      -0.2895
       3.058      -0.2711
       3.066      -0.2159
       3.073      -0.1238
       3.081      0.06036
       3.081     -0.03171
       3.088       0.1156
       3.096       0.2077
       3.103       0.2629
       3.118       0.2261
       3.126       0.1156
       3.126     0.005115
       3.134      0.04194
       3.134     -0.06854
       3.141      -0.2159
       3.149      -0.3263
       3.156      -0.3816
       3.164      -0.3816
       3.171      -0.3632
       3.179      -0.3079
       3.186      -0.2343
       3.194      -0.1422
       3.202     -0.05013
       3.209      0.02353
       3.217      0.09719
       3.224       0.1524
       3.232       0.2077
       3.239       0.2813
       3.247        0.355
       3.254       0.4102
       3.262       0.4286
        3.27       0.3918
       3.277       0.3366
       3.285       0.2629
       3.292       0.2077
         3.3       0.1708
       3.307       0.1524
       3.323       0.1156
        3.33      0.07877
        3.33     0.005115
       3.338      -0.1054
       3.345      -0.2527
       3.353         -0.4
        3.36      -0.4921
       3.368      -0.5841
       3.375      -0.6394
       3.383      -0.6578
       3.391      -0.6394
       3.398      -0.5473
       3.406         -0.4
       3.413      -0.2343
       3.421      0.06036
       3.421     -0.06854
       3.428        0.134
       3.436       0.2813
       3.443       0.3918
       3.451       0.4655
       3.459       0.5207
       3.474       0.5023
       3.481       0.4471
       3.489        0.355
       3.496       0.2813
       3.504       0.1893
       3.511        0.134
       3.519      0.07877
       3.519     0.005115
       3.527     -0.05013
       3.534       -0.179
       3.542      -0.3079
       3.549      -0.4184
       3.557      -0.5105
       3.564      -0.5841
       3.572      -0.5473
       3.579      -0.4737
       3.587      -0.3263
       3.595      -0.1974
       3.602     -0.06854
        3.61      0.06036
        3.61     0.005115
       3.617       0.1156
       3.625       0.1708
       3.632       0.2077
        3.64       0.2445
       3.648       0.2261
       3.655       0.1708
       3.663      0.09719
        3.67      0.06036
        3.67      -0.0133
       3.678     -0.08696
       3.685       -0.179
       3.693      -0.2343
       3.708      -0.2343
       3.716      -0.1974
       3.731      -0.1606
       3.738      -0.1606
       3.746      -0.1422
       3.753     -0.08696
       3.761     -0.03171
       3.768      0.06036
       3.776       0.1156
       3.784       0.1524
       3.791       0.1893
       3.799       0.2261
       3.806       0.2813
       3.814       0.3182
       3.829       0.3182
       3.836       0.2445
       3.844        0.134
       3.852      0.06036
       3.852     -0.05013
       3.859      -0.1974
       3.867      -0.3816
       3.874      -0.5105
       3.882      -0.5657
       3.889      -0.5657
       3.897      -0.5105
       3.905         -0.4
       3.912      -0.2711
        3.92      -0.1238
       3.927      0.02353
       3.935       0.1524
       3.942       0.2629
        3.95        0.355
       3.957       0.3918
       3.973       0.4102
        3.98       0.4102
       3.988       0.4286
       4.003        0.355
        4.01       0.2445
       4.018       0.1156
       4.025      0.04194
       4.025     -0.06854
       4.033      -0.1974
       4.041      -0.3079
       4.048      -0.3816
       4.056      -0.4368
       4.071      -0.4552
       4.078      -0.4184
       4.086      -0.3263
       4.093      -0.2527
       4.101      -0.2159
       4.116       -0.179
       4.124      -0.1238
       4.131     -0.06854
       4.139      -0.0133
       4.146      0.07877
       4.154       0.1524
       4.162       0.2077
       4.169       0.1893
       4.177       0.1156
       4.184      0.06036
       4.184     -0.05013
       4.192      -0.1422
       4.199      -0.2895
       4.207      -0.3816
       4.214      -0.4368
       4.222      -0.4368
        4.23      -0.3816
       4.237      -0.2711
       4.245      -0.1606
       4.252     -0.05013
        4.26      0.09719
        4.26     0.005115
       4.267       0.1708
       4.275       0.2629
       4.282       0.3366
        4.29       0.3734
       4.298       0.3366
       4.305       0.2813
       4.313       0.1893
        4.32      0.09719
       4.328      0.04194
       4.328      -0.0133
       4.335     -0.08696
       4.343      -0.1606
        4.35      -0.2343
       4.358      -0.2895
       4.366      -0.3079
       4.373      -0.2711
       4.381      -0.2159
       4.388      -0.1606
       4.396      -0.1238
       4.411      -0.1238
       4.419     -0.06854
       4.426      0.04194
       4.426      -0.0133
       4.434      0.07877
       4.441       0.1524
       4.449       0.2629
       4.456       0.3734
       4.464       0.4839
       4.471       0.5391
       4.479        0.576
       4.487       0.5391
       4.494       0.4839
       4.502       0.4286
       4.509       0.3366
       4.517       0.2813
       4.524       0.2445
       4.532       0.2077
       4.547       0.1524
       4.555       0.1524
       4.562       0.1708
       4.577       0.1893
       4.585       0.2261
       4.592       0.2997
         4.6       0.3734
       4.607       0.4102
       4.623       0.4102
        4.63       0.4471
       4.638       0.5207
       4.645        0.576
       4.653       0.5391
        4.66       0.4102
       4.668       0.2077
       4.676      0.07877
       4.676     -0.08696
       4.683      -0.2343
       4.691      -0.3448
       4.706      -0.3263
       4.713      -0.2711
       4.721      -0.2159
       4.728      -0.1422
       4.736     -0.05013
       4.744      0.02353
       4.751      0.07877
       4.766        0.134
       4.774       0.1708
       4.781       0.2445
       4.789        0.355
       4.796       0.4286
       4.804       0.5023
       4.812       0.5391
       4.827       0.4655
       4.834       0.3734
       4.842       0.1893
       4.849      0.02353
       4.857      -0.1422
       4.864      -0.2159
       4.872      -0.2711
        4.88      -0.2527
       4.895      -0.1974
       4.902      -0.1606
        4.91      -0.1238
       4.917     -0.08696
       4.925     -0.05013
        4.94     -0.05013
       4.948     -0.05013
       4.963     -0.03171
        4.97      -0.0133
       4.985      0.06036
       4.993      0.07877
       5.008        0.134
       5.016       0.1708
       5.023       0.2077
       5.031       0.2077
       5.038       0.1524
       5.046      0.07877
       5.046     0.005115
       5.053      -0.0133
       5.061     -0.06854
       5.069     -0.05013
       5.076      -0.0133
       5.084      0.02353
       5.091      0.06036
       5.106      0.06036
       5.114      0.06036
       5.129      0.04194
       5.137     0.005115
       5.144     -0.03171
       5.152      -0.1054
       5.159       -0.179
       5.167      -0.2527
       5.174      -0.3263
       5.182      -0.3632
       5.189      -0.3448
       5.197      -0.3263
       5.212      -0.2711
        5.22      -0.2527
       5.227      -0.1974
       5.235      -0.1238
       5.242     -0.05013
        5.25      0.02353
       5.258      0.07877
       5.265      0.09719
        5.28       0.1524
       5.288       0.1524
       5.295        0.134
        5.31      0.09719
       5.318       0.1156
       5.333       0.1524
       5.341       0.1156
       5.348      0.07877
       5.356      0.06036
       5.363      -0.0133
       5.378     -0.06854
       5.386     -0.06854
       5.401      -0.1054
       5.409      -0.1422
       5.416      -0.1974
       5.424      -0.1974
       5.431      -0.1606
       5.439      -0.1054
       5.446     -0.03171
       5.454     0.005115
       5.462      0.06036
       5.469      0.09719
       5.477       0.1524
       5.484       0.2077
       5.492       0.2813
       5.499        0.355
       5.507       0.3918
       5.515       0.3734
       5.522       0.2997
        5.53       0.1893
       5.537      0.09719
       5.537     0.005115
       5.545     -0.06854
       5.552      -0.1606
        5.56      -0.2343
       5.567      -0.2895
       5.575      -0.3448
       5.583      -0.3816
        5.59      -0.4184
       5.598      -0.4552
       5.605      -0.4921
       5.613      -0.4552
        5.62      -0.3632
       5.628      -0.2159
       5.635     -0.08696
       5.643      0.07877
       5.643     0.005115
       5.651        0.134
       5.658       0.2077
       5.666       0.2813
       5.673       0.3182
       5.681        0.355
       5.696       0.3366
       5.703       0.2629
       5.711       0.1524
       5.719      0.07877
       5.719     0.005115
       5.726     -0.06854
       5.734      -0.2159
       5.741      -0.3448
       5.749         -0.4
       5.756         -0.4
       5.764      -0.3448
       5.772      -0.2711
       5.779      -0.1606
       5.787     -0.05013
       5.794      0.09719
       5.794     0.005115
       5.802       0.1893
       5.809       0.2997
       5.824       0.4286
        5.84       0.4655
       5.847       0.4655
       5.862       0.4286
        5.87       0.3366
       5.877       0.2077
       5.885     0.005115
       5.892      -0.2343
         5.9      -0.4552
       5.908      -0.6026
       5.915      -0.7315
       5.923      -0.8051
        5.93      -0.8419
       5.938      -0.8235
       5.945      -0.7499
       5.953      -0.6394
        5.96      -0.5105
       5.968      -0.3448
       5.976      -0.1606
       5.983      0.04194
       5.991       0.2261
       5.998       0.3734
       6.006       0.5391
       6.013        0.668
       6.021       0.7601
       6.029       0.8153
       6.036       0.8338
       6.044       0.8338
       6.051       0.7785
       6.059        0.668
       6.066       0.4839
       6.074       0.2261
       6.081      0.06036
       6.081      -0.1422
       6.089         -0.4
       6.097       -0.621
       6.104      -0.7683
       6.112      -0.8419
       6.127      -0.8051
       6.134      -0.7315
       6.142      -0.6394
       6.149      -0.5473
       6.157      -0.4552
       6.165      -0.3448
       6.172      -0.2527
        6.18      -0.1606
       6.187     -0.05013
       6.195      0.07877
       6.195      -0.0133
       6.202       0.1893
        6.21       0.3366
       6.217       0.4286
       6.225       0.4839
       6.233       0.4286
        6.24       0.3734
       6.248       0.2629
       6.255       0.1524
       6.263      0.02353
        6.27      -0.1238
       6.278      -0.2159
       6.285      -0.2527
       6.293      -0.1974
       6.301      -0.1238
       6.308     -0.05013
       6.316     -0.05013
       6.323      -0.1054
       6.331       -0.179
       6.338      -0.2159
       6.346      -0.1974
       6.354      -0.1238
       6.361     -0.03171
       6.369      0.09719
       6.369     0.005115
       6.376       0.2077
       6.384       0.2997
       6.391       0.3182
       6.399       0.2261
       6.406       0.1156
       6.406      -0.0133
       6.414     -0.08696
       6.422      -0.2343
       6.429      -0.3079
       6.437      -0.2895
       6.444      -0.2343
       6.452       -0.179
       6.459      -0.1238
       6.467     -0.08696
       6.474     -0.03171
       6.482      0.07877
        6.49       0.1708
       6.497       0.2629
       6.505       0.3734
       6.512       0.4655
        6.52       0.5575
       6.527       0.6312
       6.535       0.7049
       6.542       0.7785
        6.55       0.8338
       6.558       0.8338
       6.565       0.7785
       6.573       0.6496
        6.58       0.4471
       6.588       0.2261
       6.595      0.02353
       6.603      -0.1422
       6.611      -0.2343
       6.618      -0.2711
       6.626      -0.2711
       6.633      -0.2159
       6.641      -0.1606
       6.648      -0.1054
       6.656     -0.05013
       6.663      0.04194
       6.663      -0.0133
       6.671      0.09719
       6.679       0.2077
       6.686       0.3366
       6.694       0.4655
       6.701       0.5391
       6.709       0.6128
       6.716        0.668
       6.724       0.7233
       6.731       0.7601
       6.739       0.7233
       6.747       0.6312
       6.754       0.5023
       6.762       0.3182
       6.769        0.134
       6.769     -0.05013
       6.777      -0.1974
       6.784      -0.4552
       6.792      -0.6026
       6.799      -0.6578
       6.807      -0.6026
       6.815      -0.5105
       6.822      -0.4184
        6.83      -0.2711
       6.837      -0.1238
       6.845     -0.03171
       6.852      0.06036
       6.852     0.005115
        6.86      0.07877
       6.868       0.1156
       6.875       0.1524
        6.89       0.2261
       6.898       0.2629
       6.905       0.2997
       6.913       0.3366
       6.928       0.3366
       6.936       0.2997
       6.943       0.2445
       6.951       0.1524
       6.958      0.02353
       6.966       -0.179
       6.973      -0.3816
       6.981      -0.5657
       6.988      -0.6578
       6.996      -0.6762
       7.004      -0.6026
       7.011      -0.5105
       7.019         -0.4
       7.026      -0.2711
       7.034      -0.1238
       7.041      0.04194
       7.041     -0.03171
       7.049      0.09719
       7.056       0.1708
       7.064       0.2077
       7.079       0.1893
       7.087       0.2077
       7.102       0.2445
       7.109       0.2629
       7.125       0.2629
       7.132       0.2445
        7.14       0.1893
       7.147       0.1156
       7.155      0.06036
       7.155     -0.03171
       7.162      -0.1054
        7.17      -0.1606
       7.185      -0.1422
       7.193     -0.08696
         7.2     -0.05013
       7.208     -0.03171
       7.223     -0.06854
        7.23     -0.08696
       7.245      -0.1054
       7.261      -0.1422
       7.268      -0.1606
       7.283      -0.1606
       7.298      -0.1054
       7.306     -0.05013
       7.313      -0.0133
       7.321      0.06036
       7.329       0.1156
       7.336       0.1524
       7.344       0.1708
       7.351        0.134
       7.366      0.09719
       7.374      0.09719
       7.389        0.134
       7.397      0.09719
       7.404      0.06036
       7.412      0.04194
       7.412     0.005115
       7.419     -0.03171
       7.427     -0.08696
       7.434      -0.1422
       7.442       -0.179
        7.45       -0.179
       7.457      -0.1606
       7.465      -0.1054
       7.472     -0.03171
        7.48     0.005115
       7.487      0.04194
       7.495      0.04194
        7.51      0.04194
       7.518      0.06036
       7.525      0.09719
       7.533       0.1524
        7.54       0.1893
       7.548       0.2261
       7.563       0.1893
        7.57       0.1156
       7.578      0.02353
       7.586     -0.05013
       7.593      -0.1054
       7.601      -0.1606
       7.616      -0.1606
       7.623      -0.1238
       7.631     -0.06854
       7.638      0.04194
       7.638      -0.0133
       7.646      0.06036
       7.654       0.1156
       7.669      0.09719
       7.676      0.06036
       7.676     0.005115
       7.684     -0.05013
       7.691       -0.179
       7.699      -0.3079
       7.707      -0.4184
       7.714      -0.4921
       7.722      -0.5289
       7.729      -0.5105
       7.737      -0.4552
       7.744      -0.3816
       7.752      -0.2895
       7.759      -0.1606
       7.767     -0.05013
       7.775      0.02353
       7.782      0.07877
        7.79      0.09719
       7.797       0.1708
       7.805       0.2445
       7.812        0.355
        7.82       0.4286
       7.827       0.5023
       7.835       0.5944
       7.843       0.6496
        7.85       0.6496
       7.858       0.5575
       7.865       0.3918
       7.873       0.2077
        7.88      0.02353
       7.888      -0.1238
       7.895      -0.2343
       7.903      -0.3263
       7.911         -0.4
       7.926      -0.3816
       7.933      -0.3263
       7.941      -0.2343
       7.948      -0.1238
       7.956     -0.03171
       7.964      0.09719
       7.971       0.1708
       7.979       0.2261
       7.986       0.2629
       7.994       0.2813
       8.001       0.2445
       8.009       0.1708
       8.016      0.07877
       8.024      0.04194
       8.024      -0.0133
       8.032     -0.08696
       8.039      -0.1422
       8.047      -0.1974
       8.054      -0.2343
       8.062      -0.2527
       8.077      -0.2527
       8.084      -0.2711
       8.092      -0.2527
         8.1      -0.1974
       8.107      -0.1054
       8.115      0.06036
       8.115     -0.03171
       8.122       0.1156
        8.13       0.2629
       8.137       0.4102
       8.145       0.5391
       8.152       0.6312
        8.16       0.6864
       8.175       0.6312
       8.183       0.5391
        8.19       0.4102
       8.198       0.2077
       8.205      0.09719
       8.205     -0.08696
       8.213      -0.1606
       8.213      -0.2711
       8.213      -0.4184
       8.221      -0.5289
       8.228      -0.6762
       8.236       -0.713
       8.243      -0.6578
       8.251      -0.5657
       8.258      -0.4552
       8.266      -0.3632
       8.273      -0.2527
       8.281      -0.1606
       8.289     -0.05013
       8.296       0.1156
       8.296     0.005115
       8.304       0.2445
       8.311        0.355
       8.319       0.4102
       8.334       0.4286
       8.341       0.3918
       8.349       0.3182
       8.357       0.2445
       8.364       0.1708
       8.372      0.07877
       8.379      0.04194
       8.379      -0.0133
       8.387     -0.05013
       8.394      -0.1054
       8.402       -0.179
       8.409      -0.2895
       8.417      -0.3816
       8.425      -0.4552
        8.44      -0.3632
       8.447      -0.2159
       8.455     -0.06854
       8.462       0.1156
       8.462     0.005115
        8.47       0.2445
       8.478       0.3734
       8.485       0.4655
       8.493       0.5207
         8.5       0.5391
       8.508       0.4839
       8.515       0.4102
       8.523       0.3366
        8.53       0.2445
       8.538       0.1156
       8.546      0.06036
       8.546     -0.03171
       8.553      -0.1422
       8.561      -0.2527
       8.568      -0.3263
       8.576         -0.4
       8.583      -0.4552
       8.598      -0.4368
       8.606      -0.3448
       8.614      -0.2343
       8.621      -0.1054
       8.629      0.04194
       8.636       0.1708
       8.644       0.2997
       8.651       0.3918
       8.659       0.4839
       8.666       0.5207
       8.674       0.5023
       8.682       0.4471
       8.689        0.355
       8.697       0.2077
       8.704      0.04194
       8.712      -0.1054
       8.719      -0.2343
       8.727      -0.3079
       8.735      -0.3632
       8.742         -0.4
        8.75      -0.4368
       8.757      -0.4552
       8.765      -0.4368
       8.772      -0.3816
        8.78      -0.3263
       8.787      -0.2527
       8.795      -0.1422
       8.803      0.06036
       8.803     -0.05013
        8.81        0.134
       8.818       0.2629
       8.825       0.3734
       8.833       0.4655
        8.84       0.5023
       8.848       0.4839
       8.855       0.4286
       8.863       0.3182
       8.871       0.2077
       8.878      0.09719
       8.886      -0.0133
       8.893     -0.06854
       8.901     -0.08696
       8.916     -0.06854
       8.923     -0.06854
       8.939      -0.1054
       8.954      -0.1054
       8.961     -0.05013
       8.969      0.02353
       8.976       0.1524
       8.976      0.09719
