     0.01186      -0.4932
     0.03455      -0.4738
     0.04212      -0.4351
     0.04968      -0.3769
     0.05725      -0.2994
     0.06481      -0.2025
     0.07238      -0.1056
     0.07994    -0.008705
     0.08751       0.0882
     0.09507       0.2045
      0.1026       0.3014
      0.1102       0.3789
      0.1178       0.4371
      0.1253       0.4758
      0.1405       0.4177
       0.148       0.3789
      0.1556       0.3401
      0.1632       0.3014
      0.1707       0.2432
      0.1783       0.1657
      0.1859       0.1076
      0.1934      0.04944
       0.201      0.01068
      0.2161      0.04944
      0.2237        0.127
      0.2312       0.2045
      0.2388       0.2239
      0.2464       0.1851
      0.2539       0.0882
      0.2539    -0.008705
      0.2615     -0.06685
      0.2691      -0.1638
      0.2766      -0.2219
      0.2918      -0.2219
      0.2993      -0.2025
      0.3145      -0.2025
       0.322      -0.2219
      0.3371      -0.2413
      0.3447      -0.2219
      0.3523      -0.2025
      0.3598      -0.1638
      0.3674       -0.125
      0.3825     -0.06685
      0.3901     -0.04747
      0.3977     -0.02809
      0.4052      0.03006
      0.4128       0.0882
      0.4204        0.127
      0.4355       0.1463
      0.4431       0.1851
      0.4506       0.2432
      0.4582       0.3208
      0.4658       0.3789
      0.4733       0.3595
      0.4809       0.2626
      0.4884       0.1657
       0.496      0.04944
      0.5036     -0.02809
      0.5187     -0.06685
      0.5263     -0.06685
      0.5414      -0.1056
       0.549      -0.1444
      0.5565      -0.1831
      0.5717      -0.2413
      0.5792      -0.2413
      0.5868      -0.2219
      0.6019      -0.2413
      0.6095      -0.2607
      0.6171      -0.2607
      0.6322      -0.2219
      0.6397      -0.1638
      0.6473       -0.125
      0.6549     -0.06685
        0.67     -0.04747
      0.6776    -0.008705
      0.6851      0.03006
      0.6927        0.127
      0.7003       0.2239
      0.7078        0.282
      0.7154       0.3208
       0.723       0.3401
      0.7381       0.3208
      0.7457       0.3014
      0.7532       0.3014
      0.7683       0.2432
      0.7759       0.2045
      0.7835       0.1463
       0.791       0.0882
      0.7986      0.03006
      0.8062     -0.02809
      0.8137     -0.08623
      0.8213      -0.1638
      0.8289      -0.2219
      0.8364      -0.2607
      0.8516      -0.2413
      0.8591      -0.1831
      0.8667       -0.125
      0.8743     -0.04747
      0.8818      0.01068
      0.8894      0.06882
       0.897       0.1076
      0.9045       0.1657
      0.9121       0.1851
      0.9272       0.1851
      0.9348        0.127
      0.9423       0.0882
      0.9499      0.06882
       0.965        0.127
      0.9726       0.1657
      0.9802       0.1851
      0.9877       0.1657
      0.9953       0.1076
       1.003      0.03006
        1.01     -0.06685
       1.018      -0.2025
       1.026      -0.3188
       1.033      -0.3963
       1.048      -0.3382
       1.056        -0.28
       1.063      -0.2025
       1.071      -0.1444
       1.079     -0.06685
       1.086      0.01068
       1.094      0.04944
       1.101       0.1076
       1.109       0.1463
       1.116       0.2045
       1.124       0.2432
       1.131        0.282
       1.147        0.282
       1.154        0.282
       1.169       0.3014
       1.184       0.2239
       1.192       0.1657
         1.2        0.127
       1.207       0.0882
       1.215      0.06882
        1.23      0.03006
       1.237      0.03006
       1.245      0.03006
       1.253    -0.008705
        1.26     -0.04747
       1.268      -0.1056
       1.275       -0.125
        1.29       -0.125
       1.298      -0.1056
       1.313     -0.08623
       1.321      -0.1056
       1.328      -0.1638
       1.336      -0.2413
       1.343      -0.2994
       1.358      -0.3188
       1.366      -0.2994
       1.374      -0.2607
       1.381      -0.2219
       1.396      -0.1831
       1.404      -0.1444
       1.411     -0.08623
       1.419    -0.008705
       1.426      0.06882
       1.434       0.1463
       1.442       0.2045
       1.449       0.2432
       1.457        0.282
       1.464       0.3208
       1.472       0.3014
       1.479       0.2432
       1.487       0.1851
       1.495        0.127
       1.502      0.06882
        1.51      0.04944
       1.517      0.01068
       1.525    -0.008705
        1.54     -0.02809
       1.548     -0.04747
       1.555     -0.06685
        1.57     -0.06685
       1.578     -0.04747
       1.585      0.01068
       1.593      0.03006
       1.608      0.03006
       1.616      0.03006
       1.623      0.03006
       1.638     -0.02809
       1.653     -0.06685
       1.661     -0.04747
       1.676     -0.04747
       1.684     -0.08623
       1.691       -0.125
       1.699      -0.1831
       1.714      -0.1831
       1.722      -0.1444
       1.729      -0.1056
       1.737     -0.06685
       1.744    -0.008705
       1.752      0.03006
       1.759      0.04944
       1.767       0.0882
       1.774        0.127
       1.782       0.1657
        1.79       0.2239
       1.805       0.2045
       1.812       0.1851
       1.827       0.1463
       1.835        0.127
       1.843        0.127
        1.85       0.0882
       1.858      0.01068
       1.865     -0.06685
       1.873      -0.1638
        1.88      -0.2025
       1.896      -0.2413
       1.903      -0.2219
       1.911      -0.1831
       1.926      -0.1831
       1.933      -0.1831
       1.941      -0.1444
       1.948     -0.08623
       1.956    -0.008705
       1.964      0.06882
       1.971        0.127
       1.979       0.2045
       1.986       0.2432
       2.001       0.3014
       2.009       0.3014
       2.017       0.3208
       2.032       0.3208
       2.039       0.3014
       2.047       0.2626
       2.054       0.2045
       2.062       0.1463
        2.07      0.06882
       2.077    -0.008705
       2.085     -0.08623
       2.092      -0.1638
         2.1      -0.2413
       2.107        -0.28
       2.122      -0.3188
        2.13      -0.3188
       2.145      -0.3382
       2.153      -0.3188
        2.16      -0.2607
       2.168      -0.1831
       2.175     -0.08623
       2.183    -0.008705
       2.191      0.06882
       2.198        0.127
       2.206       0.1851
       2.213       0.2239
       2.221       0.2626
       2.236       0.2626
       2.244       0.2239
       2.251       0.1851
       2.259       0.1463
       2.274       0.0882
       2.281      0.04944
       2.289      0.01068
       2.296     -0.02809
       2.312     -0.06685
       2.319     -0.08623
       2.334       -0.125
       2.342      -0.1444
       2.357      -0.1638
       2.365       -0.125
       2.372      -0.1056
        2.38     -0.04747
       2.387     -0.04747
       2.395     -0.02809
        2.41    -0.008705
       2.418      0.03006
       2.433      0.04944
        2.44      0.04944
       2.455      0.04944
       2.463      0.06882
        2.47       0.0882
       2.486      0.04944
       2.493      0.04944
       2.508      0.03006
       2.516      0.03006
       2.531      0.04944
       2.539      0.06882
       2.554      0.04944
       2.561    -0.008705
       2.569     -0.08623
       2.576       -0.125
       2.591     -0.08623
       2.599     -0.04747
       2.607      0.01068
       2.622      0.04944
       2.629      0.06882
       2.644       0.0882
       2.652       0.0882
        2.66       0.0882
       2.675      0.03006
       2.682    -0.008705
       2.697     -0.04747
       2.705     -0.04747
       2.713    -0.008705
       2.728      0.01068
       2.735     -0.02809
       2.743     -0.06685
        2.75       -0.125
       2.758      -0.1638
       2.773      -0.1831
       2.781      -0.1638
       2.788       -0.125
       2.796     -0.06685
       2.811    -0.008705
       2.818      0.03006
       2.826      0.06882
       2.834        0.127
       2.841       0.1657
       2.849       0.1851
       2.856       0.2239
       2.864        0.282
       2.871       0.3401
       2.879       0.3789
       2.894       0.3789
       2.902       0.3014
       2.909       0.1851
       2.917      0.04944
       2.924     -0.08623
       2.932      -0.2025
       2.939        -0.28
       2.947      -0.2994
       2.955        -0.28
       2.962      -0.2219
        2.97      -0.1831
       2.977      -0.1638
       2.992      -0.1444
           3      -0.1444
       3.015       -0.125
       3.023      -0.1056
        3.03     -0.06685
       3.038     -0.04747
       3.045      0.01068
       3.053      0.06882
       3.061       0.1076
       3.076       0.1076
       3.083      0.06882
       3.091     -0.02809
       3.098     -0.06685
       3.106     -0.08623
       3.121     -0.06685
       3.129     -0.04747
       3.136     -0.02809
       3.144      0.01068
       3.151      0.04944
       3.159       0.0882
       3.166        0.127
       3.182        0.127
       3.189       0.1076
       3.204      0.04944
       3.212    -0.008705
       3.219     -0.04747
       3.227     -0.08623
       3.235       -0.125
       3.242      -0.1444
       3.257      -0.1056
       3.272     -0.02809
        3.28      0.01068
       3.287       0.0882
       3.295       0.2045
       3.303       0.3208
        3.31       0.3789
       3.325       0.3208
       3.333       0.2239
        3.34        0.127
       3.348      0.03006
       3.356     -0.02809
       3.363     -0.06685
       3.378      -0.1056
       3.386      -0.1056
       3.401      -0.1056
       3.416      -0.1444
       3.424      -0.1638
       3.439      -0.1056
       3.446     -0.04747
       3.454      0.03006
       3.461       0.0882
       3.469       0.1463
       3.477       0.1657
       3.492       0.2045
       3.499       0.2045
       3.514       0.2045
        3.53       0.1463
       3.537       0.0882
       3.545      0.03006
       3.552     -0.04747
        3.56      -0.1056
       3.567      -0.1831
       3.575      -0.2413
       3.582      -0.3188
        3.59      -0.3769
       3.598      -0.4351
       3.605      -0.4738
       3.613      -0.4545
        3.62      -0.3769
       3.628      -0.2607
       3.635       -0.125
       3.643      0.01068
       3.651        0.127
       3.658       0.2239
       3.666       0.2626
       3.673        0.282
       3.688       0.2239
       3.696       0.1851
       3.704       0.1463
       3.711        0.127
       3.726       0.0882
       3.734      0.06882
       3.749      0.03006
       3.756      0.01068
       3.772     -0.04747
       3.779       -0.125
       3.787      -0.2025
       3.794        -0.28
       3.802      -0.3382
       3.809      -0.3382
       3.817        -0.28
       3.825      -0.2219
       3.832       -0.125
        3.84     -0.04747
       3.847    -0.008705
       3.855      0.04944
       3.862       0.1076
        3.87       0.1657
       3.878       0.2045
       3.893       0.2045
         3.9       0.1657
       3.908       0.1076
       3.915      0.06882
       3.923      0.03006
       3.938      0.01068
       3.946      0.01068
       3.953      0.04944
       3.968       0.1076
       3.976        0.127
       3.991       0.1463
       3.999        0.127
       4.006       0.1463
       4.021       0.1657
       4.029       0.1463
       4.036       0.1076
       4.044      0.03006
       4.052     -0.02809
       4.059     -0.08623
       4.067       -0.125
       4.074      -0.1444
       4.089      -0.1444
       4.097       -0.125
       4.112      -0.1056
       4.127     -0.06685
       4.135     -0.04747
       4.142    -0.008705
        4.15      0.03006
       4.157      0.06882
       4.165        0.127
       4.173       0.1657
        4.18       0.2045
       4.188       0.2432
       4.203       0.2045
        4.21       0.1463
       4.218      0.06882
       4.226    -0.008705
       4.233      -0.1056
       4.241      -0.1444
       4.248      -0.1444
       4.256     -0.06685
       4.263    -0.008705
       4.271      0.06882
       4.278       0.1076
       4.286       0.1076
       4.301       0.1076
       4.309        0.127
       4.324       0.1463
       4.331       0.1463
       4.347       0.1463
       4.354       0.1463
       4.362       0.1076
       4.377      0.04944
       4.384    -0.008705
       4.392     -0.06685
         4.4      -0.1638
       4.407      -0.2607
       4.415      -0.3382
        4.43      -0.3576
       4.437      -0.3188
       4.452      -0.3188
        4.46      -0.2994
       4.475      -0.2413
       4.483      -0.1831
        4.49       -0.125
       4.498     -0.04747
       4.505      0.01068
       4.513      0.06882
       4.521        0.127
       4.536       0.1463
       4.543       0.1657
       4.558       0.2239
       4.566       0.2239
       4.581       0.2045
       4.589       0.1657
       4.596       0.1076
       4.604      0.06882
       4.619      0.03006
       4.626      0.04944
       4.642      0.04944
       4.649      0.01068
       4.657     -0.04747
       4.664     -0.08623
       4.679      -0.1056
       4.687     -0.08623
       4.695     -0.02809
       4.702      0.03006
        4.71       0.0882
       4.725      0.06882
       4.732      0.03006
        4.74     -0.02809
       4.747     -0.06685
       4.755      -0.1056
       4.763      -0.1444
        4.77      -0.1831
       4.785      -0.2219
       4.793      -0.2025
         4.8      -0.1444
       4.808     -0.08623
       4.816    -0.008705
       4.823      0.06882
       4.831       0.1463
       4.838       0.1851
       4.853       0.2045
       4.861       0.1657
       4.869       0.0882
       4.876      0.03006
       4.884     -0.02809
       4.906     -0.08623
       4.914      -0.1056
       4.929      -0.1056
       4.937      -0.1056
       4.944     -0.06685
       4.959     -0.04747
       4.967     -0.02809
       4.982    -0.008705
        4.99      0.01068
       5.005      0.03006
       5.012      0.03006
       5.027    -0.008705
       5.035    -0.008705
       5.043    -0.008705
       5.058      0.01068
       5.065      0.06882
       5.073       0.1657
        5.08       0.2432
       5.088        0.282
       5.111       0.3014
       5.118        0.282
       5.126       0.2432
       5.133       0.1463
       5.141      0.04944
       5.148     -0.06685
       5.156      -0.1638
       5.164      -0.2219
       5.171      -0.2219
       5.179      -0.1831
       5.186       -0.125
       5.201      -0.1056
       5.209       -0.125
       5.217      -0.1056
       5.232     -0.08623
       5.239     -0.08623
       5.254      -0.1056
       5.262     -0.08623
       5.269     -0.06685
       5.285    -0.008705
       5.292      0.03006
         5.3      0.06882
       5.307       0.1076
       5.322        0.127
        5.33        0.127
       5.338       0.1076
       5.345      0.06882
       5.353      0.04944
       5.368      0.06882
       5.375       0.1076
       5.383       0.1657
       5.391       0.2045
       5.406       0.2045
       5.413        0.127
       5.421      0.06882
       5.428      0.01068
       5.436     -0.02809
       5.443     -0.02809
       5.459     -0.04747
       5.466     -0.04747
       5.474     -0.04747
       5.489     -0.08623
       5.496      -0.1056
       5.512       -0.125
       5.519       -0.125
       5.534      -0.1056
       5.542     -0.08623
       5.557     -0.06685
       5.565     -0.06685
        5.58     -0.04747
       5.587     -0.02809
       5.602     -0.02809
        5.61     -0.04747
       5.625     -0.02809
       5.633    -0.008705
        5.64      0.06882
       5.648       0.1463
       5.655       0.2432
       5.663       0.3208
        5.67       0.3595
       5.678       0.3401
       5.686       0.3014
       5.693       0.2432
       5.701       0.1657
       5.708       0.0882
       5.716      0.01068
       5.723     -0.08623
       5.731      -0.2025
       5.739      -0.2994
       5.746      -0.3576
       5.754      -0.3769
       5.769      -0.3382
       5.776        -0.28
       5.784      -0.2219
       5.791      -0.1444
       5.799     -0.06685
       5.807      0.01068
       5.814       0.0882
       5.822       0.1463
       5.829       0.1851
       5.844       0.1851
       5.852       0.1657
        5.86       0.1463
       5.867       0.1076
       5.875      0.06882
       5.882      0.03006
        5.89     -0.02809
       5.897     -0.06685
       5.912     -0.08623
        5.92     -0.06685
       5.935       -0.125
       5.943       -0.125
        5.95     -0.08623
       5.958    -0.008705
       5.965      0.06882
       5.973       0.1076
       5.981       0.1463
       5.996       0.1657
       6.003       0.1657
       6.018        0.127
       6.034       0.0882
       6.041      0.06882
       6.056      0.01068
       6.064     -0.02809
       6.079     -0.06685
       6.086     -0.08623
       6.094     -0.08623
       6.109     -0.08623
       6.117     -0.04747
       6.124     -0.02809
       6.132      0.01068
       6.139      0.04944
       6.155       0.0882
        6.17        0.127
       6.177       0.0882
       6.192      0.03006
         6.2      0.03006
       6.208      0.03006
       6.215     -0.02809
       6.223     -0.06685
        6.23      -0.1444
       6.238      -0.1831
       6.245      -0.2025
        6.26      -0.1831
       6.268      -0.1638
       6.283      -0.1056
       6.291     -0.08623
       6.298     -0.04747
       6.306      0.01068
       6.313      0.06882
       6.321       0.1076
       6.329       0.1657
       6.336       0.2045
       6.344       0.2239
       6.359       0.2045
       6.366       0.1851
       6.374       0.1851
       6.389       0.1657
       6.397       0.1463
       6.404       0.1463
       6.412       0.1076
       6.419      0.04944
       6.427     -0.04747
       6.434      -0.1444
       6.442      -0.2219
        6.45      -0.2413
       6.457      -0.2219
       6.465      -0.1444
       6.472     -0.08623
        6.48     -0.04747
       6.495      0.01068
       6.503      0.01068
        6.51      0.01068
       6.518     -0.02809
       6.533     -0.06685
        6.54     -0.04747
       6.556    -0.008705
       6.563      0.03006
       6.571      0.06882
       6.578       0.0882
       6.593        0.127
       6.601       0.1076
       6.608       0.0882
       6.616      0.03006
       6.624     -0.02809
       6.631     -0.08623
       6.639      -0.1444
       6.646      -0.1831
       6.661      -0.1444
       6.669     -0.08623
       6.677    -0.008705
       6.684      0.04944
       6.692       0.1076
       6.699        0.127
       6.707       0.1463
       6.722       0.1076
        6.73      0.06882
       6.745      0.03006
       6.752      0.04944
       6.767       0.0882
       6.775       0.0882
       6.782      0.04944
        6.79    -0.008705
       6.798     -0.06685
       6.805     -0.08623
       6.813     -0.06685
        6.82     -0.02809
       6.828      0.03006
       6.835    -0.008705
       6.843     -0.04747
       6.851       -0.125
       6.858      -0.1638
       6.866      -0.2025
       6.881      -0.1638
       6.888       -0.125
       6.896     -0.06685
       6.903    -0.008705
       6.911      0.04944
       6.919       0.0882
       6.934        0.127
       6.941       0.1463
       6.956       0.2045
       6.964       0.2239
       6.979       0.2239
       6.994       0.1851
       7.002       0.1463
       7.009       0.0882
       7.017      0.03006
       7.025     -0.04747
       7.032       -0.125
        7.04      -0.1831
       7.047      -0.2413
       7.062        -0.28
        7.07      -0.2607
       7.077      -0.2413
       7.093      -0.1831
       7.108      -0.1638
       7.115       -0.125
        7.13     -0.08623
       7.138     -0.04747
       7.146      0.01068
       7.153      0.06882
       7.161        0.127
       7.168       0.1657
       7.176       0.1851
       7.191       0.1851
       7.206        0.127
       7.214       0.0882
       7.229       0.0882
       7.236       0.1076
       7.244       0.1076
       7.251      0.06882
       7.259      0.01068
       7.267     -0.02809
       7.282     -0.06685
       7.289     -0.06685
       7.304     -0.08623
       7.312      -0.1056
        7.32     -0.08623
       7.327     -0.06685
       7.335    -0.008705
       7.342      0.03006
        7.35      0.06882
       7.357       0.1076
       7.373       0.1463
        7.38       0.1463
       7.395       0.1463
        7.41       0.1657
       7.418       0.1657
       7.433       0.0882
       7.441      0.01068
       7.448     -0.06685
       7.456       -0.125
       7.471      -0.1444
       7.478      -0.1444
       7.494      -0.1444
       7.509      -0.2025
       7.524      -0.2607
       7.531        -0.28
       7.539      -0.2607
       7.547      -0.2219
       7.554      -0.1638
       7.562     -0.08623
       7.569     -0.02809
       7.584    -0.008705
       7.592     -0.02809
       7.599    -0.008705
       7.607      0.03006
       7.615       0.1076
       7.622       0.1657
        7.63       0.2045
       7.637       0.2239
       7.652       0.2626
        7.66        0.282
       7.675       0.2626
       7.683       0.2239
        7.69       0.1851
       7.698        0.127
       7.705      0.06882
       7.713      0.03006
       7.721      0.01068
       7.728     -0.02809
       7.736     -0.06685
       7.743      -0.1056
       7.751      -0.1638
       7.758      -0.2025
       7.773      -0.1638
       7.781     -0.08623
       7.789    -0.008705
       7.796      0.03006
       7.804      0.01068
       7.811     -0.02809
       7.819     -0.04747
       7.826     -0.02809
       7.834      0.01068
       7.842      0.06882
       7.849        0.127
       7.857       0.1657
       7.864       0.2045
       7.872       0.2432
       7.879        0.282
       7.895       0.2432
       7.902       0.1463
        7.91      0.04944
       7.917     -0.06685
       7.925      -0.1056
        7.94       -0.125
       7.947       -0.125
       7.955       -0.125
        7.97      -0.1831
       7.978      -0.2025
       7.993      -0.2025
           8      -0.2025
       8.008      -0.2025
       8.023      -0.2413
       8.031      -0.2413
       8.038      -0.2025
       8.046      -0.1638
       8.053      -0.1056
       8.061     -0.06685
       8.068     -0.02809
       8.076      0.03006
       8.084       0.0882
       8.091       0.1851
       8.099       0.2626
       8.106       0.3208
       8.121       0.3595
       8.129       0.3014
       8.137       0.2626
       8.144       0.2432
       8.159       0.1851
       8.167        0.127
       8.174      0.03006
       8.182     -0.06685
        8.19      -0.1831
       8.197      -0.2413
       8.212      -0.2413
        8.22      -0.1831
       8.227      -0.1444
       8.235     -0.08623
       8.242     -0.02809
        8.25      0.01068
       8.258      0.06882
       8.273       0.0882
        8.28       0.0882
       8.295       0.1463
       8.303       0.2239
       8.311        0.282
       8.318       0.3401
       8.333       0.3401
       8.341       0.3014
       8.348       0.2239
       8.356        0.127
       8.364      0.01068
       8.371     -0.06685
       8.379      -0.1638
       8.386      -0.2219
       8.394        -0.28
       8.401      -0.2994
       8.416        -0.28
       8.424      -0.2413
       8.432      -0.1831
       8.439      -0.1444
       8.447      -0.1056
       8.462     -0.08623
       8.469     -0.06685
       8.477     -0.02809
       8.485      0.03006
       8.492       0.0882
         8.5        0.127
       8.507       0.1463
       8.522        0.127
        8.53       0.1076
       8.545       0.0882
       8.553       0.0882
        8.56        0.127
       8.575       0.1657
       8.583       0.1657
       8.598        0.127
       8.606        0.127
       8.621       0.1463
       8.636       0.0882
       8.643      0.04944
       8.651    -0.008705
       8.659     -0.04747
       8.666       -0.125
       8.674      -0.2025
       8.681      -0.2994
       8.689      -0.3576
       8.696      -0.4157
       8.704      -0.3963
       8.712      -0.3576
       8.719      -0.2413
       8.727     -0.08623
       8.734      0.06882
       8.742       0.2239
       8.749       0.3401
       8.757       0.4371
       8.764       0.4564
       8.772       0.4371
        8.78       0.3983
       8.787       0.3401
       8.795        0.282
       8.802       0.2239
        8.81       0.1657
       8.817       0.0882
       8.825      0.01068
       8.833     -0.06685
        8.84      -0.1638
       8.848      -0.2219
       8.863      -0.2607
        8.87      -0.2607
       8.878      -0.2607
       8.886      -0.2994
       8.901      -0.3576
       8.908      -0.3576
       8.923      -0.2994
       8.931      -0.2994
       8.946        -0.28
       8.954      -0.2219
       8.961       -0.125
       8.969      0.01068
       8.976       0.1463
