     0.01186      -0.2005
     0.03455      -0.2584
     0.04212      -0.2584
     0.04968      -0.2198
     0.05725      -0.2005
     0.06481       -0.162
     0.07238      -0.1235
     0.08751     -0.06564
     0.09507     -0.06564
      0.1102      -0.0271
      0.1178    -0.007829
      0.1329      0.04998
      0.1405      0.06926
      0.1556      0.08853
      0.1632      0.08853
      0.1707      0.08853
      0.1859      0.04998
      0.1934      0.03071
       0.201    -0.007829
      0.2085    -0.007829
      0.2237    -0.007829
      0.2312    -0.007829
      0.2388      0.03071
      0.2464      0.03071
      0.2615      0.04998
      0.2766      0.03071
      0.2842    -0.007829
      0.2918      -0.0271
      0.3069     -0.08491
      0.3145      -0.1042
      0.3296      -0.1042
      0.3371     -0.08491
      0.3447     -0.04637
      0.3523    -0.007829
      0.3598      0.03071
      0.3674      0.03071
      0.3825    -0.007829
      0.3901    -0.007829
      0.3977      0.01144
      0.4052      0.04998
      0.4128       0.1078
      0.4204       0.1463
      0.4279       0.1849
      0.4355       0.2427
      0.4431        0.262
      0.4582       0.3005
      0.4658       0.3005
      0.4809       0.3005
      0.4884       0.2812
       0.496        0.262
      0.5036       0.2234
      0.5111       0.1849
      0.5187       0.1271
      0.5263      0.08853
      0.5338      0.04998
      0.5338    -0.007829
      0.5414      -0.0271
       0.549      -0.1042
      0.5565       -0.162
      0.5641      -0.2198
      0.5717      -0.2776
      0.5792      -0.3162
      0.5944      -0.3547
      0.6019       -0.374
      0.6095      -0.3547
      0.6171      -0.3354
      0.6246      -0.2776
      0.6322      -0.2198
      0.6397       -0.162
      0.6473      -0.1042
      0.6549     -0.04637
      0.6624    -0.007829
        0.67      0.06926
      0.6776       0.1078
      0.6851       0.1463
      0.7003       0.1849
      0.7078       0.1849
      0.7154       0.2042
      0.7305       0.2234
      0.7381       0.2427
      0.7532       0.2427
      0.7608       0.2427
      0.7759       0.1656
      0.7835       0.1078
       0.791      0.04998
       0.791    -0.007829
      0.7986     -0.04637
      0.8062      -0.1235
      0.8137      -0.1813
      0.8213      -0.2391
      0.8289      -0.2776
       0.844      -0.3162
      0.8516      -0.3354
      0.8591      -0.3162
      0.8743      -0.2776
      0.8818      -0.2776
       0.897      -0.2584
      0.9121      -0.2391
      0.9196      -0.2198
      0.9348       -0.162
      0.9423      -0.1235
      0.9499     -0.06564
      0.9575      0.01144
       0.965       0.1078
      0.9726       0.1849
      0.9802        0.262
      0.9953       0.3583
       1.003       0.3776
       1.026       0.3776
       1.033       0.3969
       1.056       0.3583
       1.071       0.3198
       1.079       0.3005
       1.086        0.262
       1.094       0.2042
       1.101       0.1271
       1.109      0.06926
       1.109    -0.007829
       1.116     -0.04637
       1.124      -0.1427
       1.131      -0.2198
       1.139      -0.2969
       1.147      -0.3547
       1.154      -0.3933
       1.162      -0.4318
       1.177      -0.4125
       1.184       -0.374
       1.192      -0.3547
         1.2      -0.3162
       1.207      -0.2584
       1.215      -0.2005
       1.222      -0.1427
        1.23     -0.08491
       1.237      -0.0271
       1.245      0.04998
       1.253       0.1078
        1.26       0.1463
       1.268       0.1849
       1.275       0.2234
        1.29       0.2234
       1.298       0.2042
       1.313       0.2042
       1.328       0.1656
       1.336       0.1463
       1.343       0.1078
       1.351      0.06926
       1.358      0.01144
       1.366     -0.04637
       1.374      -0.1042
       1.381      -0.1427
       1.396      -0.2005
       1.404      -0.2005
       1.411      -0.1813
       1.426      -0.1042
       1.434     -0.04637
       1.442      0.06926
       1.442    -0.007829
       1.449       0.1078
       1.457       0.1849
       1.464       0.2234
       1.479       0.2234
       1.487       0.2234
       1.502       0.1849
        1.51       0.1463
       1.525       0.1078
       1.532      0.06926
       1.548      0.04998
       1.563    -0.007829
        1.57    -0.007829
       1.578     -0.04637
       1.585     -0.08491
       1.593      -0.1427
         1.6      -0.1813
       1.608      -0.2391
       1.616      -0.2969
       1.631      -0.3354
       1.638      -0.3162
       1.646      -0.2584
       1.653      -0.2005
       1.661      -0.1427
       1.669     -0.08491
       1.676      -0.0271
       1.684      0.04998
       1.691      0.08853
       1.699       0.1078
       1.714       0.1078
       1.722      0.08853
       1.737      0.08853
       1.744       0.1078
       1.759       0.1656
       1.767       0.1656
       1.774       0.1656
        1.79       0.1271
       1.797       0.1078
       1.805       0.1078
        1.82      0.06926
       1.827      0.06926
       1.835      0.08853
        1.85       0.1271
       1.858       0.1463
       1.873       0.1656
        1.88       0.1849
       1.896       0.1463
       1.903      0.08853
       1.911      0.04998
       1.918      0.03071
       1.918    -0.007829
       1.926     -0.04637
       1.941      -0.1042
       1.948      -0.1042
       1.964     -0.08491
       1.971     -0.06564
       1.979     -0.04637
       1.994      0.04998
       2.001      0.08853
       2.009       0.1078
       2.024       0.1849
       2.032       0.2042
       2.047       0.2234
       2.054       0.2234
        2.07       0.2234
       2.077       0.2234
       2.092       0.1849
       2.107       0.1463
       2.115      0.08853
       2.122      0.04998
        2.13      -0.0271
       2.138     -0.06564
       2.145      -0.1042
       2.153       -0.162
        2.16      -0.1813
       2.175      -0.2391
       2.183      -0.2391
       2.191      -0.2198
       2.206      -0.1813
       2.213      -0.1813
       2.228       -0.162
       2.236       -0.162
       2.251      -0.1427
       2.259     -0.08491
       2.266      -0.0271
       2.274    -0.007829
       2.281      0.03071
       2.289      0.03071
       2.304      0.03071
       2.319      0.03071
       2.327      0.04998
       2.334       0.1078
       2.342       0.1463
       2.357       0.1656
       2.365       0.1463
       2.372      0.08853
        2.38      0.01144
       2.387      -0.1235
       2.395      -0.2584
       2.402       -0.374
        2.41      -0.4511
       2.418      -0.5474
       2.425       -0.586
       2.433      -0.6052
       2.448      -0.6245
       2.455      -0.6052
        2.47      -0.5667
       2.478      -0.4896
       2.486      -0.3933
       2.493      -0.2969
       2.501      -0.2005
       2.508     -0.08491
       2.516      0.01144
       2.523       0.1078
       2.531       0.1656
       2.539       0.2427
       2.546       0.3005
       2.554       0.3391
       2.569       0.3969
       2.576       0.3969
       2.584       0.4161
       2.599       0.3969
       2.607       0.3776
       2.614       0.3391
       2.622       0.3005
       2.629        0.262
       2.637       0.2234
       2.644       0.2042
        2.66       0.1656
       2.675       0.1849
        2.69       0.2234
       2.697       0.2427
       2.705       0.2812
        2.72       0.3198
       2.728       0.3391
       2.735       0.3198
       2.743       0.2812
        2.75       0.2042
       2.758       0.1078
       2.765      0.01144
       2.773     -0.08491
       2.781      -0.1813
       2.788      -0.2584
       2.796      -0.3162
       2.803       -0.374
       2.811      -0.3933
       2.826      -0.4125
       2.834      -0.4125
       2.849      -0.3547
       2.856      -0.3162
       2.864      -0.2584
       2.871      -0.2005
       2.879       -0.162
       2.887      -0.1042
       2.894     -0.04637
       2.902      0.03071
       2.902    -0.007829
       2.909      0.06926
       2.917       0.1271
       2.924       0.1656
       2.939       0.2042
       2.947       0.2042
       2.955       0.1656
       2.962       0.1271
        2.97       0.1078
       2.977      0.06926
       2.985      0.04998
       2.992      0.01144
           3    -0.007829
       3.015     -0.04637
       3.023     -0.04637
       3.038     -0.04637
       3.045      -0.0271
       3.061    -0.007829
       3.068      0.03071
       3.076      0.04998
       3.083       0.1078
       3.091       0.1463
       3.106       0.1849
       3.113       0.2042
       3.129       0.1849
       3.136       0.1271
       3.144      0.08853
       3.151      0.04998
       3.159    -0.007829
       3.166     -0.06564
       3.174      -0.1042
       3.182      -0.1235
       3.189       -0.162
       3.197      -0.1813
       3.212      -0.2005
       3.219      -0.1813
       3.227      -0.1427
       3.242     -0.06564
        3.25     -0.04637
       3.265    -0.007829
       3.272      0.03071
       3.287      0.04998
       3.295      0.06926
        3.31       0.1078
       3.318       0.1271
       3.333       0.1271
       3.348       0.1078
       3.356       0.1078
       3.371       0.1271
       3.378       0.1463
       3.393       0.1849
       3.401       0.1849
       3.416       0.1463
       3.424       0.1271
       3.439      0.06926
       3.446      0.06926
       3.461      0.06926
       3.469      0.04998
       3.477    -0.007829
       3.484     -0.06564
       3.492      -0.1427
       3.499      -0.2198
       3.507      -0.2776
       3.522      -0.3162
        3.53      -0.3162
       3.537      -0.2776
       3.552      -0.2391
        3.56      -0.2198
       3.575      -0.1813
       3.582       -0.162
       3.598      -0.1427
       3.605      -0.1427
        3.62      -0.1427
       3.628      -0.1427
       3.635      -0.1427
       3.651       -0.162
       3.658       -0.162
       3.673      -0.1427
       3.688       -0.162
       3.696      -0.1427
       3.711      -0.1042
       3.719     -0.04637
       3.726      0.03071
       3.726    -0.007829
       3.734      0.06926
       3.741       0.1271
       3.749       0.1849
       3.764       0.2234
       3.772       0.2234
       3.787       0.2042
       3.794       0.2234
       3.809       0.2427
       3.817        0.262
       3.832        0.262
        3.84        0.262
       3.855        0.262
        3.87       0.2427
       3.878        0.262
       3.893        0.262
         3.9        0.262
       3.915       0.2042
       3.923       0.1849
        3.93       0.1849
       3.946       0.1463
       3.953       0.1271
       3.961      0.08853
       3.968      0.04998
       3.976      -0.0271
       3.983      -0.1042
       3.991      -0.2005
       3.999      -0.2776
       4.006      -0.3547
       4.021      -0.3933
       4.029      -0.3547
       4.036      -0.3354
       4.044      -0.2776
       4.052      -0.2198
       4.059       -0.162
       4.067     -0.08491
       4.074      -0.0271
       4.082      0.04998
       4.089      0.08853
       4.097       0.1271
       4.104       0.1656
        4.12       0.2427
       4.127       0.2427
       4.135       0.2427
        4.15       0.1849
       4.165       0.1271
       4.173       0.1078
       4.188      0.04998
       4.195      0.01144
        4.21      -0.0271
       4.218      -0.0271
       4.233      -0.0271
       4.241      -0.0271
       4.256      -0.0271
       4.271     -0.08491
       4.278      -0.1235
       4.286       -0.162
       4.294      -0.1813
       4.309      -0.1813
       4.316      -0.1427
       4.331      -0.1042
       4.347     -0.04637
       4.354    -0.007829
       4.362      0.03071
       4.362    -0.007829
       4.369      0.04998
       4.377      0.08853
       4.384       0.1271
         4.4       0.1271
       4.407       0.1271
       4.422       0.1271
        4.43       0.1078
       4.437       0.1078
       4.452      0.08853
        4.46      0.08853
       4.475      0.08853
       4.483      0.08853
        4.49      0.04998
       4.498      0.01144
       4.505    -0.007829
       4.513     -0.04637
       4.528      -0.1042
       4.536      -0.1235
       4.543       -0.162
       4.551      -0.1813
       4.566      -0.2198
       4.574      -0.2584
       4.581      -0.2391
       4.596      -0.2005
       4.604       -0.162
       4.611      -0.1235
       4.626     -0.06564
       4.634     -0.04637
       4.642    -0.007829
       4.649    -0.007829
       4.657      0.04998
       4.672      0.08853
       4.679       0.1078
       4.695       0.1271
       4.702       0.1271
       4.717       0.1271
       4.725       0.1271
       4.732       0.1463
       4.747       0.1656
       4.755       0.1656
       4.763       0.1656
       4.778       0.1271
       4.785       0.1271
         4.8       0.1078
       4.808       0.1078
       4.823      0.08853
       4.831      0.04998
       4.838      0.01144
       4.846      -0.0271
       4.861     -0.08491
       4.869     -0.08491
       4.884     -0.04637
       4.891      -0.0271
       4.906      0.03071
       4.914      0.03071
       4.929    -0.007829
       4.937    -0.007829
       4.952     -0.04637
       4.959     -0.06564
       4.974      -0.1235
       4.982      -0.1427
       4.997      -0.1235
       5.012      -0.1042
        5.02     -0.06564
       5.035      -0.0271
       5.043    -0.007829
        5.05      0.04998
       5.058      0.06926
       5.073      0.08853
        5.08      0.08853
       5.095      0.08853
       5.103       0.1078
       5.118       0.1463
       5.126       0.1656
       5.141       0.2042
       5.148       0.2042
       5.164       0.1849
       5.171       0.1849
       5.186       0.1656
       5.194       0.1463
       5.201       0.1078
       5.209      0.06926
       5.217      0.03071
       5.224      -0.0271
       5.232      -0.1042
       5.239      -0.1427
       5.247       -0.162
       5.254      -0.2005
       5.262      -0.2391
       5.269      -0.2776
       5.285      -0.3162
       5.292      -0.3162
         5.3      -0.2969
       5.315      -0.2776
       5.322      -0.2776
       5.338      -0.2584
       5.345      -0.2198
       5.353      -0.1813
        5.36      -0.1235
       5.368     -0.06564
       5.375      -0.0271
       5.383      0.04998
       5.391       0.1078
       5.398       0.1463
       5.406       0.2042
       5.413       0.2427
       5.421       0.2812
       5.436       0.3391
       5.443       0.3583
       5.459       0.3198
       5.466       0.3005
       5.474       0.2812
       5.489       0.2427
       5.496       0.2042
       5.504       0.1656
       5.512       0.1078
       5.519      0.04998
       5.527    -0.007829
       5.534     -0.04637
       5.542     -0.08491
       5.549      -0.1427
       5.557      -0.1813
       5.565      -0.2198
        5.58      -0.2584
       5.587      -0.2584
       5.602      -0.2584
       5.617      -0.2198
       5.625      -0.1813
       5.633      -0.1235
        5.64     -0.08491
       5.648     -0.06564
       5.663    -0.007829
        5.67      0.03071
       5.678      0.04998
       5.693      0.04998
       5.701      0.06926
       5.716      0.04998
       5.723      0.04998
       5.739      0.06926
       5.754      0.08853
       5.761       0.1078
       5.769       0.1463
       5.776       0.1656
       5.791       0.1656
       5.799       0.1271
       5.807      0.08853
       5.814      0.04998
       5.829    -0.007829
       5.837    -0.007829
       5.852      -0.0271
        5.86     -0.04637
       5.867     -0.04637
       5.882     -0.06564
        5.89     -0.06564
       5.905     -0.06564
        5.92     -0.06564
       5.928     -0.04637
       5.935      -0.0271
       5.943      0.01144
        5.95      0.04998
       5.958      0.08853
       5.965       0.1271
       5.981       0.1463
       5.988       0.1656
       6.003       0.1656
       6.011       0.1656
       6.026       0.1463
       6.034       0.1271
       6.049       0.1078
       6.056       0.1078
       6.071      0.08853
       6.079      0.04998
       6.086      0.01144
       6.094      -0.0271
       6.102     -0.06564
       6.109      -0.1235
       6.124       -0.162
       6.132       -0.162
       6.147       -0.162
       6.155      -0.2005
       6.162      -0.2584
        6.17      -0.3162
       6.177       -0.374
       6.185      -0.3933
         6.2       -0.374
       6.208      -0.3162
       6.215      -0.2584
       6.223      -0.2005
        6.23      -0.1235
       6.238     -0.08491
       6.245      -0.0271
       6.253      0.04998
       6.253    -0.007829
        6.26      0.06926
       6.268       0.1078
       6.276       0.1463
       6.283       0.1849
       6.298       0.2234
       6.306       0.2234
       6.321       0.2234
       6.336       0.1849
       6.344       0.1656
       6.359       0.1463
       6.366       0.1271
       6.382      0.06926
       6.389      0.04998
       6.397    -0.007829
       6.404      -0.0271
       6.412     -0.06564
       6.419      -0.1042
       6.427      -0.1427
       6.442      -0.1813
        6.45      -0.2005
       6.457      -0.2005
       6.472      -0.2005
        6.48      -0.1813
       6.487       -0.162
       6.495      -0.1042
       6.503     -0.06564
        6.51      0.03071
        6.51    -0.007829
       6.518      0.04998
       6.525       0.1078
       6.533       0.1463
        6.54       0.1849
       6.548       0.2234
       6.563        0.262
       6.571        0.262
       6.586       0.2234
       6.593       0.1849
       6.601       0.1849
       6.616       0.1656
       6.624       0.1656
       6.639       0.1656
       6.646       0.1656
       6.669       0.1656
       6.677       0.1849
       6.692       0.2234
       6.699       0.2234
       6.707       0.2234
       6.722       0.2042
        6.73       0.1849
       6.737       0.1271
       6.745      0.08853
       6.752      0.01144
        6.76     -0.06564
       6.767      -0.1235
       6.775      -0.1813
       6.782      -0.2005
       6.798      -0.2584
       6.805      -0.2776
        6.82      -0.3162
       6.828      -0.3354
       6.843      -0.3354
       6.851      -0.2969
       6.866      -0.2391
       6.873      -0.2198
       6.881      -0.1813
       6.888      -0.1427
       6.903     -0.08491
       6.911     -0.06564
       6.926      -0.0271
       6.934      -0.0271
       6.949    -0.007829
       6.964      0.03071
       6.979      0.04998
       6.987      0.06926
       7.002       0.1078
       7.009       0.1271
       7.017       0.1463
       7.032       0.1271
        7.04       0.1271
       7.047       0.1656
       7.055       0.1849
       7.062       0.2234
        7.07        0.262
       7.085       0.2427
       7.093       0.2042
         7.1       0.1271
       7.108      0.06926
       7.115      0.03071
       7.115    -0.007829
       7.123     -0.04637
       7.138      -0.1042
       7.146      -0.1235
       7.161       -0.162
       7.168       -0.162
       7.183      -0.1813
       7.191       -0.162
       7.199      -0.1235
       7.206     -0.06564
       7.214      -0.0271
       7.221      0.01144
       7.229      0.04998
       7.244      0.04998
       7.251      0.04998
       7.267      0.04998
       7.274      0.04998
       7.289      0.03071
       7.312    -0.007829
        7.32      -0.0271
       7.335     -0.08491
       7.342      -0.1235
       7.357      -0.1427
       7.365      -0.1427
       7.373      -0.1235
        7.38     -0.08491
       7.388     -0.06564
       7.395      -0.0271
       7.403    -0.007829
        7.41      0.03071
       7.418      0.04998
       7.425      0.08853
       7.433       0.1078
       7.448      0.08853
       7.456      0.06926
       7.471      0.04998
       7.478      0.03071
       7.486    -0.007829
       7.494    -0.007829
       7.509     -0.06564
       7.516     -0.08491
       7.524      -0.1042
       7.539      -0.1427
       7.547      -0.1427
       7.562      -0.1235
       7.569      -0.1042
       7.584     -0.06564
       7.592      -0.0271
       7.599      0.01144
       7.607      0.06926
       7.615       0.1078
       7.622       0.1656
        7.63       0.2042
       7.637       0.2427
       7.652       0.3005
        7.66       0.3005
       7.675       0.2812
       7.683       0.2812
       7.698        0.262
       7.705       0.2427
       7.713       0.2042
       7.721       0.1463
       7.728      0.08853
       7.736      0.01144
       7.743     -0.04637
       7.751     -0.08491
       7.758      -0.1427
       7.766      -0.2005
       7.773      -0.2391
       7.781      -0.2776
       7.796      -0.3162
       7.804      -0.2969
       7.819      -0.2584
       7.826      -0.2391
       7.834      -0.2198
       7.842      -0.1813
       7.849      -0.1427
       7.857     -0.08491
       7.864     -0.04637
       7.879      0.04998
       7.887      0.08853
       7.895       0.1271
       7.902       0.1849
       7.902       0.1463
       7.917       0.2427
       7.932       0.2427
       7.947       0.2234
       7.963       0.2042
        7.97       0.1849
       7.978       0.1849
       7.993       0.1463
           8       0.1271
       8.016       0.1078
       8.023       0.1078
       8.031       0.1078
       8.046      0.08853
       8.053      0.08853
       8.068      0.03071
       8.068      -0.0271
       8.076      -0.1042
       8.084      -0.2005
       8.091      -0.2969
       8.099      -0.3547
       8.106       -0.374
       8.121      -0.4125
       8.129      -0.4125
       8.137      -0.3933
       8.152      -0.3547
       8.159      -0.3354
       8.167      -0.2776
       8.174      -0.2198
       8.182       -0.162
        8.19     -0.08491
       8.197      -0.0271
       8.205      0.04998
       8.205    -0.007829
       8.212      0.08853
        8.22       0.1463
       8.227       0.1849
       8.235       0.2427
       8.242       0.3005
        8.25       0.3391
       8.258       0.3776
       8.273       0.3969
       8.288       0.3583
       8.295       0.3198
       8.303       0.2427
       8.311       0.1656
       8.318      0.06926
       8.318    -0.007829
       8.326     -0.04637
       8.333      -0.1235
       8.341      -0.1813
       8.348      -0.2391
       8.356      -0.2584
       8.371      -0.2969
       8.379      -0.2969
       8.386      -0.2776
       8.394      -0.2584
       8.409      -0.2005
       8.416       -0.162
       8.424      -0.1042
       8.432      -0.0271
       8.439      0.06926
       8.447       0.1271
       8.454       0.1656
       8.462       0.2042
       8.469       0.2234
       8.485       0.2427
       8.492       0.2234
         8.5       0.1849
       8.515       0.1271
       8.522      0.06926
       8.538      -0.0271
       8.545     -0.06564
       8.553      -0.1042
        8.56      -0.1427
       8.568      -0.1813
       8.583      -0.2198
        8.59      -0.2391
       8.606      -0.2584
       8.613      -0.2391
       8.621      -0.2198
       8.636      -0.2005
       8.643      -0.1813
       8.659      -0.1042
       8.666     -0.04637
       8.674      0.04998
       8.674    -0.007829
       8.681       0.1271
       8.689       0.2234
       8.696       0.3005
       8.704       0.3776
       8.712       0.4161
       8.719        0.474
       8.727        0.474
       8.734       0.4932
       8.749       0.5125
       8.757       0.5318
       8.764       0.4932
       8.772       0.4354
        8.78       0.3391
       8.787       0.2234
       8.795       0.1271
       8.802      0.03071
        8.81     -0.06564
       8.817      -0.1235
       8.825      -0.1813
       8.833      -0.2391
        8.84      -0.2969
       8.848      -0.3354
       8.855      -0.3547
        8.87      -0.3933
       8.878      -0.3933
       8.893      -0.3354
       8.901      -0.2776
       8.908      -0.2198
       8.916       -0.162
       8.923      -0.1235
       8.931      -0.0271
       8.938      0.04998
       8.938    -0.007829
       8.946      0.06926
       8.954       0.1271
       8.961       0.1849
       8.969       0.2427
       8.976       0.3198
