     0.01181       0.2813
     0.01937       0.2268
     0.02693       0.1722
     0.03449       0.1176
     0.04205      0.06309
      0.0496    -0.009662
     0.05716     -0.08241
     0.06472      -0.1552
     0.07228      -0.1733
     0.07984      -0.1552
      0.0874      -0.1188
     0.09496     -0.08241
      0.1025     -0.04604
      0.1101    -0.009662
      0.1176      0.02671
      0.1252      0.06309
      0.1403      0.09946
      0.1479      0.09946
       0.163      0.08127
      0.1705      0.02671
      0.1781    -0.009662
      0.1857     -0.04604
      0.1932     -0.06422
      0.2008     -0.04604
      0.2083    -0.009662
      0.2159      0.02671
      0.2235      0.08127
       0.231       0.1176
      0.2386       0.1722
      0.2461       0.2268
      0.2537       0.2268
      0.2612       0.2268
      0.2688       0.1904
      0.2764       0.1358
      0.2839       0.1176
       0.299      0.08127
      0.3066      0.06309
      0.3217      0.02671
      0.3368    -0.009662
      0.3444     -0.02785
       0.352     -0.06422
      0.3595      -0.1006
      0.3671      -0.1552
      0.3746      -0.2097
      0.3897      -0.2097
      0.3973      -0.1552
      0.4049      -0.1006
      0.4124     -0.04604
        0.42    -0.009662
      0.4351      0.06309
      0.4427       0.1176
      0.4502        0.154
      0.4653       0.1722
      0.4729       0.1176
      0.4804      0.08127
       0.488    -0.009662
      0.4956     -0.06422
      0.5031      -0.1188
      0.5107      -0.1552
      0.5258      -0.1915
      0.5334      -0.1733
      0.5409       -0.137
      0.5485      -0.1006
       0.556     -0.06422
      0.5636     -0.02785
      0.5712      0.02671
      0.5787      0.08127
      0.5863        0.154
      0.5938       0.2268
      0.6014       0.2631
      0.6089        0.245
      0.6165       0.1722
      0.6241       0.1176
      0.6316       0.0449
      0.6392     0.008525
      0.6543     -0.02785
      0.6619     -0.06422
       0.677     -0.04604
      0.6845    -0.009662
      0.6921      0.06309
      0.6996      0.09946
      0.7072        0.154
      0.7223       0.1722
      0.7299       0.1722
       0.745       0.1904
      0.7526       0.2086
      0.7677       0.1904
      0.7828       0.1358
      0.7979       0.1176
      0.8055       0.1176
       0.813      0.08127
      0.8206      0.02671
      0.8281     -0.06422
      0.8357      -0.1915
      0.8433      -0.2825
      0.8508      -0.3552
      0.8659      -0.3552
      0.8735      -0.3007
      0.8811      -0.2279
      0.8886      -0.1552
      0.8962     -0.08241
      0.9037     -0.02785
      0.9113      0.02671
      0.9188      0.09946
      0.9264        0.154
       0.934       0.1904
      0.9491       0.2268
      0.9566       0.2631
      0.9642       0.3177
      0.9718       0.3541
      0.9793       0.3723
      0.9869       0.3359
      0.9944       0.2631
       1.002       0.1722
        1.01       0.0449
       1.017      -0.1006
       1.025      -0.2279
       1.032      -0.3007
        1.04      -0.2825
       1.047      -0.2279
       1.055      -0.1552
       1.062     -0.08241
        1.07     -0.02785
       1.085      0.02671
       1.093       0.0449
         1.1      0.06309
       1.115      0.09946
       1.123       0.1358
        1.13       0.1722
       1.138       0.2086
       1.153       0.2268
       1.161       0.1904
       1.168       0.1176
       1.176       0.0449
       1.183     -0.02785
       1.191     -0.08241
       1.199      -0.1188
       1.214       -0.137
       1.221      -0.1552
       1.236      -0.1915
       1.244      -0.2097
       1.251      -0.1915
       1.267      -0.1552
       1.274       -0.137
       1.289     -0.06422
       1.297     -0.02785
       1.304    -0.009662
       1.312       0.0449
       1.319      0.08127
       1.327       0.1358
       1.335       0.1722
       1.342       0.1904
        1.35        0.154
       1.357      0.09946
       1.365       0.0449
        1.38      0.06309
       1.387      0.09946
       1.395       0.1358
        1.41      0.09946
       1.418      0.08127
       1.433       0.1358
       1.448       0.1358
       1.456      0.08127
       1.463     0.008525
       1.471     -0.06422
       1.478       -0.137
       1.493      -0.1188
       1.501     -0.06422
       1.508     -0.02785
       1.516    -0.009662
       1.524     0.008525
       1.531       0.0449
       1.539       0.1176
       1.546       0.1904
       1.554       0.2631
       1.561       0.3177
       1.576       0.2995
       1.584       0.2631
       1.592       0.2086
       1.599        0.154
       1.607      0.08127
       1.614     0.008525
       1.622     -0.06422
       1.629      -0.1188
       1.637      -0.1733
       1.652      -0.1915
        1.66      -0.1733
       1.675      -0.1552
       1.682      -0.1188
        1.69     -0.08241
       1.697     -0.04604
       1.705    -0.009662
        1.72     0.008525
       1.728     0.008525
       1.735     -0.02785
       1.743     -0.06422
        1.75      -0.1188
       1.758       -0.137
       1.765      -0.1188
       1.773     -0.08241
       1.781     -0.04604
       1.796     0.008525
       1.803      0.06309
       1.811       0.1358
       1.818       0.1904
       1.826       0.2268
       1.841       0.1904
       1.849       0.1904
       1.864        0.154
       1.871       0.1176
       1.879      0.08127
       1.886       0.0449
       1.894    -0.009662
       1.901     -0.06422
       1.909      -0.1188
       1.917      -0.1733
       1.932      -0.2279
       1.939      -0.2461
       1.954      -0.2279
       1.962      -0.1915
        1.97       -0.137
       1.977     -0.08241
       1.985    -0.009662
       1.992      0.06309
           2      0.09946
       2.007       0.1358
       2.022       0.1722
        2.03       0.1904
       2.053       0.2086
        2.06       0.2268
       2.068        0.245
       2.075       0.2995
       2.083       0.3541
        2.09       0.3723
       2.098       0.3359
       2.106       0.2268
       2.113      0.08127
       2.121     -0.06422
       2.128      -0.1915
       2.136      -0.2461
       2.143      -0.2461
       2.151      -0.2097
       2.158      -0.1915
       2.166      -0.1552
       2.174      -0.1006
       2.181     -0.04604
       2.189     0.008525
       2.196      0.06309
       2.204      0.09946
       2.219       0.1358
       2.226       0.1904
       2.234        0.245
       2.242       0.2813
       2.257       0.2995
       2.264       0.2631
       2.272       0.1722
       2.279      0.02671
       2.287       -0.137
       2.295      -0.2825
       2.302      -0.3916
        2.31       -0.428
       2.317      -0.4098
       2.332      -0.3552
        2.34       -0.337
       2.347      -0.3007
       2.355      -0.2643
       2.363      -0.1733
        2.37     -0.06422
       2.378      0.06309
       2.385       0.2086
       2.393       0.3541
         2.4       0.5178
         2.4        0.445
       2.408       0.5541
       2.415       0.5905
       2.423       0.5541
       2.431       0.4268
       2.438       0.2631
       2.446       0.0449
       2.453      -0.1552
       2.461       -0.337
       2.468      -0.4643
       2.476      -0.5189
       2.483      -0.5007
       2.491      -0.4098
       2.491      -0.4825
       2.499      -0.3188
       2.506      -0.1733
       2.514     -0.04604
       2.521      0.09946
       2.529       0.1722
       2.536        0.245
       2.544       0.2813
       2.552       0.3359
       2.567       0.3723
       2.574       0.3723
       2.589       0.3177
       2.597       0.2268
       2.604       0.1358
       2.612     0.008525
        2.62      -0.1188
       2.627      -0.2097
       2.635      -0.2643
       2.642      -0.3007
        2.65      -0.3188
       2.665      -0.3007
       2.672      -0.2643
        2.68      -0.2097
       2.688      -0.1733
       2.695      -0.1188
       2.703     -0.04604
        2.71       0.0449
       2.718        0.154
       2.725       0.2631
       2.733       0.3359
        2.74       0.4086
       2.756       0.3905
       2.763       0.2995
       2.771        0.154
       2.778      0.02671
       2.786      -0.1006
       2.793      -0.1733
       2.801      -0.2097
       2.816      -0.2461
       2.824      -0.2643
       2.846      -0.2279
       2.854      -0.1915
       2.861      -0.1552
       2.869      -0.1006
       2.877     -0.02785
       2.884      0.06309
       2.892       0.1358
       2.899       0.2086
       2.907       0.2631
       2.914       0.2995
       2.929       0.2995
       2.937       0.2813
       2.945       0.2268
       2.952        0.154
        2.96      0.08127
       2.967    -0.009662
       2.982     -0.04604
        2.99     -0.02785
       3.005     -0.06422
       3.013     -0.08241
       3.028     -0.08241
       3.035     -0.04604
       3.043    -0.009662
        3.05       0.0449
       3.058      0.08127
       3.066       0.1358
       3.073       0.1722
       3.081       0.1722
       3.088       0.1722
       3.096       0.1176
       3.103      0.08127
       3.111      0.02671
       3.118     -0.02785
       3.126      -0.1006
       3.141     -0.06422
       3.149    -0.009662
       3.156      0.02671
       3.171      0.06309
       3.179      0.06309
       3.186      0.09946
       3.202       0.1904
       3.202        0.154
       3.209       0.1904
       3.217        0.154
       3.224       0.1358
       3.232      0.09946
       3.239      0.06309
       3.247     0.008525
       3.254     -0.02785
       3.262     -0.08241
        3.27      -0.1188
       3.277      -0.1915
       3.285      -0.2461
       3.292      -0.2643
         3.3      -0.2461
       3.307      -0.1733
       3.315     -0.08241
       3.323      0.02671
        3.33       0.1358
       3.338       0.2086
       3.345       0.2813
       3.353       0.3177
        3.36       0.3541
       3.375       0.3359
       3.383       0.2995
       3.391       0.2268
       3.398        0.154
       3.406      0.08127
       3.413     0.008525
       3.421     -0.06422
       3.428      -0.1552
       3.436      -0.2279
       3.443      -0.2825
       3.451      -0.2825
       3.466      -0.2461
       3.474      -0.1915
       3.481       -0.137
       3.489     -0.06422
       3.496      0.02671
       3.504      0.09946
       3.511        0.154
       3.519       0.2086
       3.527        0.245
       3.542       0.2631
       3.549        0.245
       3.557       0.1904
       3.564      0.09946
       3.572    -0.009662
       3.579      -0.1188
       3.587      -0.2279
       3.595      -0.3007
       3.602      -0.3916
        3.61       -0.428
       3.617       -0.428
       3.625      -0.3734
       3.632      -0.3007
        3.64      -0.1915
       3.648     -0.08241
       3.655     -0.02785
       3.663      0.08127
        3.67       0.1722
       3.678       0.2813
       3.685       0.3723
       3.693       0.4268
         3.7        0.445
       3.708       0.3905
       3.716       0.3177
       3.723       0.2268
       3.731       0.1358
       3.738      0.08127
       3.746     0.008525
       3.753     -0.06422
       3.761       -0.137
       3.768      -0.1915
       3.776      -0.2279
       3.784      -0.2097
       3.791      -0.1552
       3.799      -0.1006
       3.806     -0.04604
       3.814     0.008525
       3.821      0.08127
       3.829       0.1358
       3.836       0.1722
       3.844       0.1722
       3.852       0.1358
       3.859      0.08127
       3.867      0.02671
       3.874    -0.009662
       3.882     -0.02785
       3.897     -0.08241
       3.905      -0.1188
       3.912      -0.1915
        3.92      -0.2461
       3.927      -0.3007
       3.942      -0.2825
        3.95      -0.2279
       3.957      -0.1552
       3.965      -0.1006
       3.973     -0.02785
        3.98       0.0449
       3.988       0.1176
       3.995       0.1904
       4.003        0.245
        4.01       0.2631
       4.018       0.2631
       4.025       0.2268
       4.033       0.1722
       4.041       0.1176
       4.056       0.1176
       4.063        0.154
       4.071       0.1722
       4.086       0.1358
       4.093       0.1176
       4.109       0.1176
       4.116        0.154
       4.124       0.2086
       4.131        0.245
       4.139       0.2631
       4.146       0.2268
       4.154       0.1722
       4.162       0.1176
       4.169     0.008525
       4.177     -0.08241
       4.184      -0.1552
       4.192      -0.2279
       4.199      -0.2825
       4.207      -0.3188
       4.214       -0.337
       4.222      -0.3188
        4.23      -0.2825
       4.237      -0.2279
       4.245      -0.1733
       4.252      -0.1188
        4.26     -0.04604
       4.267      0.02671
       4.275      0.08127
       4.282       0.1176
        4.29       0.1722
       4.298       0.2086
       4.313        0.245
        4.32       0.2268
       4.335       0.2086
       4.343       0.2086
       4.358       0.1358
       4.366      0.08127
       4.373      0.02671
       4.388      0.02671
       4.396      0.06309
       4.403      0.08127
       4.411      0.06309
       4.419      0.02671
       4.426    -0.009662
       4.434     -0.06422
       4.441      -0.1188
       4.449      -0.1733
       4.464      -0.1915
       4.471      -0.1733
       4.479      -0.1552
       4.487      -0.1188
       4.494     -0.08241
       4.509     -0.08241
       4.517     -0.06422
       4.532     -0.02785
       4.539    -0.009662
       4.555       0.0449
       4.562      0.08127
        4.57       0.1176
       4.577        0.154
       4.585       0.1722
       4.592       0.2086
         4.6        0.245
       4.607       0.2995
       4.615       0.3359
        4.63       0.3541
       4.638       0.3177
       4.645       0.2086
       4.653      0.09946
        4.66     -0.04604
       4.668      -0.1188
       4.676      -0.1915
       4.683      -0.2279
       4.691      -0.2279
       4.698      -0.2097
       4.713      -0.1733
       4.721      -0.1188
       4.728     -0.06422
       4.736     0.008525
       4.744      0.08127
       4.751        0.154
       4.759       0.2268
       4.766       0.2631
       4.774       0.2995
       4.789       0.2268
       4.796        0.154
       4.804      0.06309
       4.812     -0.02785
       4.819      -0.1188
       4.827      -0.1915
       4.834      -0.2097
       4.849       -0.137
       4.857     -0.06422
       4.864     0.008525
       4.872      0.08127
        4.88        0.154
       4.887       0.2268
       4.895       0.2813
        4.91       0.2995
       4.917        0.245
       4.925       0.1722
       4.932      0.09946
        4.94      0.02671
       4.948     -0.02785
       4.955     -0.08241
       4.963       -0.137
        4.97      -0.1915
       4.978      -0.2461
       4.993      -0.2461
       5.001      -0.2279
       5.008      -0.1915
       5.016       -0.137
       5.023     -0.06422
       5.031    -0.009662
       5.038      0.06309
       5.046       0.1358
       5.053       0.2268
       5.061       0.2995
       5.069       0.3723
       5.076       0.4268
       5.084        0.445
       5.091       0.4086
       5.099       0.3359
       5.106        0.245
       5.114       0.1176
       5.121      0.02671
       5.129     -0.06422
       5.144      -0.1006
       5.152      -0.1006
       5.159      -0.1188
       5.167      -0.1552
       5.174      -0.1915
       5.182      -0.2097
       5.197      -0.1733
       5.205      -0.1188
       5.212     -0.06422
        5.22    -0.009662
       5.227       0.0449
       5.235      0.09946
        5.25      0.08127
       5.258      0.02671
       5.265     -0.02785
       5.273     -0.08241
        5.28      -0.1188
       5.288       -0.137
       5.303      -0.1188
        5.31      -0.1188
       5.318     -0.08241
       5.326     -0.06422
       5.341     -0.04604
       5.348     -0.06422
       5.356      -0.1188
       5.371       -0.137
       5.378      -0.1006
       5.386     -0.04604
       5.394      0.02671
       5.401      0.08127
       5.416      0.09946
       5.424      0.09946
       5.446       0.1358
       5.454       0.1904
       5.462        0.245
       5.477       0.2086
       5.484       0.1176
       5.492       0.0449
       5.492     -0.04604
       5.499      -0.1552
       5.507      -0.2643
       5.515       -0.337
        5.53       -0.337
       5.537      -0.3007
       5.545      -0.2825
       5.552      -0.2279
        5.56      -0.1733
       5.567     -0.08241
       5.575     0.008525
       5.583      0.09946
        5.59       0.1722
       5.598       0.2086
       5.613       0.2268
        5.62       0.2268
       5.628        0.245
       5.643       0.2086
       5.651        0.154
       5.658       0.1176
       5.666      0.08127
       5.681      0.02671
       5.688     0.008525
       5.703      0.02671
       5.719       0.0449
       5.726       0.0449
       5.734       0.0449
       5.749       0.0449
       5.756       0.0449
       5.764       0.0449
       5.772    -0.009662
       5.779     -0.06422
       5.787       -0.137
       5.794      -0.1915
       5.802      -0.2279
       5.817      -0.1733
       5.824      -0.1006
       5.832     -0.02785
        5.84       0.0449
       5.847       0.1358
       5.855       0.1904
       5.862        0.245
        5.87       0.2813
       5.877       0.3359
       5.885       0.3723
       5.892       0.3905
         5.9       0.3723
       5.908       0.3177
       5.915        0.245
       5.923       0.1358
        5.93       0.0449
       5.938     -0.06422
       5.945      -0.1733
       5.953      -0.2461
        5.96      -0.3188
       5.968      -0.3552
       5.976      -0.3552
       5.983      -0.3007
       5.991      -0.2461
       5.998      -0.1915
       6.006      -0.1188
       6.013     -0.02785
       6.021       0.0449
       6.029       0.1176
       6.036       0.1904
       6.044        0.245
       6.059       0.2086
       6.066       0.1358
       6.074      0.06309
       6.081    -0.009662
       6.089     -0.04604
       6.097     -0.06422
       6.112     -0.04604
       6.119     -0.02785
       6.134     0.008525
       6.142    -0.009662
       6.157     0.008525
       6.165      0.06309
       6.172      0.09946
        6.18       0.1358
       6.195       0.1358
       6.202      0.09946
        6.21      0.06309
       6.217      0.02671
       6.225     0.008525
        6.24     -0.02785
       6.248     -0.02785
       6.255     0.008525
       6.263      0.08127
        6.27       0.1358
       6.278       0.1904
       6.285       0.2268
       6.301       0.2086
       6.308        0.154
       6.316      0.08127
       6.323     0.008525
       6.331     -0.04604
       6.338     -0.08241
       6.354       -0.137
       6.361      -0.1552
       6.376      -0.1552
       6.384       -0.137
       6.399     -0.06422
       6.406     -0.04604
       6.414    -0.009662
       6.422      0.08127
       6.429        0.154
       6.437       0.2268
       6.444       0.2813
       6.459       0.2268
       6.467       0.1722
       6.474      0.09946
       6.482       0.0449
        6.49    -0.009662
       6.497     -0.06422
       6.505      -0.1188
       6.512      -0.1552
       6.527      -0.1915
       6.535      -0.1552
       6.542       -0.137
        6.55     -0.08241
       6.558     -0.06422
       6.573    -0.009662
        6.58     0.008525
       6.588       0.0449
       6.595      0.08127
       6.603       0.1176
       6.618       0.1176
       6.626      0.09946
       6.641       0.1358
       6.656       0.1722
       6.663        0.154
       6.671       0.1358
       6.679      0.09946
       6.686      0.06309
       6.694     0.008525
       6.701     -0.02785
       6.716     -0.06422
       6.724     -0.02785
       6.731     0.008525
       6.739      0.02671
       6.754     -0.02785
       6.762     -0.06422
       6.769     -0.08241
       6.784     -0.08241
       6.792     -0.06422
       6.807     -0.04604
       6.815     -0.04604
        6.83      -0.1006
       6.845     -0.08241
       6.852     -0.06422
        6.86     -0.02785
       6.868       0.0449
       6.875      0.09946
       6.883        0.154
        6.89       0.1904
       6.898       0.1904
       6.905       0.1722
       6.913       0.1358
        6.92      0.09946
       6.928      0.08127
       6.943      0.02671
       6.951    -0.009662
       6.958     -0.08241
       6.966       -0.137
       6.973      -0.1733
       6.988      -0.1915
       6.996      -0.1733
       7.004      -0.1188
       7.011     -0.04604
       7.019      0.02671
       7.026      0.09946
       7.034        0.154
       7.041       0.1722
       7.056       0.1722
       7.064        0.154
       7.072       0.1176
       7.079      0.09946
       7.087      0.09946
       7.102       0.1176
       7.109      0.09946
       7.117       0.0449
       7.125    -0.009662
       7.132     -0.06422
        7.14      -0.1006
       7.155     -0.08241
       7.162     -0.02785
        7.17      0.02671
       7.177      0.09946
       7.185        0.154
       7.193       0.1904
         7.2       0.2268
       7.215       0.2086
       7.223       0.1722
        7.23       0.1358
       7.245      0.08127
       7.253      0.06309
       7.268      0.06309
       7.276      0.06309
       7.291      0.02671
       7.298     0.008525
       7.306     0.008525
       7.321     -0.02785
       7.329     -0.06422
       7.336      -0.1188
       7.344      -0.1552
       7.359      -0.1915
       7.366      -0.1915
       7.382      -0.1733
       7.389      -0.1552
       7.397      -0.1006
       7.404     -0.04604
       7.412     0.008525
       7.419      0.08127
       7.427       0.1358
       7.434       0.1722
       7.442       0.1904
       7.457       0.1722
       7.465       0.1358
       7.472      0.09946
        7.48      0.06309
       7.495     0.008525
       7.502     -0.04604
        7.51     -0.08241
       7.518      -0.1552
       7.525      -0.1733
       7.533      -0.1733
        7.54      -0.1188
       7.548     -0.02785
       7.555      0.06309
       7.563       0.1358
        7.57       0.1722
       7.578       0.1722
       7.586       0.1358
       7.593      0.09946
       7.601      0.06309
       7.608      0.02671
       7.623      0.02671
       7.631      0.02671
       7.646     -0.02785
       7.654     -0.06422
       7.661      -0.1188
       7.669       -0.137
       7.684      -0.1188
       7.691     -0.08241
       7.699    -0.009662
       7.707      0.06309
       7.722      0.08127
       7.729      0.02671
       7.744     -0.02785
       7.752     -0.02785
       7.759     0.008525
       7.767      0.08127
       7.775       0.1722
       7.782        0.245
        7.79       0.2813
       7.805       0.2995
       7.812       0.2995
        7.82       0.2995
       7.827       0.2631
       7.835       0.2268
       7.843       0.1722
        7.85       0.1176
       7.858      0.08127
       7.865      0.02671
       7.873    -0.009662
        7.88     -0.04604
       7.888      -0.1006
       7.895      -0.1552
       7.903      -0.2097
       7.911      -0.2461
       7.926      -0.2461
       7.933      -0.2097
       7.941       -0.137
       7.948     -0.04604
       7.956       0.0449
       7.964       0.1176
       7.971       0.1904
       7.979        0.245
       7.986       0.2813
       7.994       0.2631
       8.001       0.2086
       8.009       0.1358
       8.016       0.0449
       8.024     -0.06422
       8.032       -0.137
       8.039      -0.1915
       8.047      -0.2279
       8.054      -0.2461
       8.062      -0.2461
       8.077      -0.2825
       8.084      -0.3007
         8.1      -0.2825
       8.107      -0.2461
       8.115      -0.1915
       8.122      -0.1006
        8.13     -0.02785
       8.137      0.08127
       8.137     0.008525
       8.145       0.1358
       8.152       0.1904
        8.16       0.2086
       8.175       0.2268
        8.19       0.2631
       8.198       0.2813
       8.213       0.2995
       8.221       0.2631
       8.228       0.2086
       8.236        0.154
       8.243      0.09946
       8.251      0.06309
       8.258       0.0449
       8.266       0.0449
       8.281      0.02671
       8.289      0.06309
       8.296      0.08127
       8.311      0.09946
       8.319      0.09946
       8.326      0.09946
       8.341       0.0449
       8.349      0.02671
       8.364    -0.009662
       8.372    -0.009662
       8.379     -0.02785
       8.394     -0.08241
       8.402      -0.1188
       8.417      -0.1188
       8.425      -0.1006
        8.44     -0.08241
       8.447     -0.08241
       8.455     -0.06422
       8.462     -0.02785
        8.47      0.02671
       8.478      0.08127
       8.485       0.1176
       8.493       0.1358
         8.5       0.1358
       8.508      0.09946
       8.515      0.06309
       8.523     0.008525
        8.53     -0.02785
       8.538     -0.04604
       8.546     -0.08241
       8.553      -0.1188
       8.568      -0.1552
       8.576      -0.1188
       8.591     -0.06422
       8.598     -0.02785
       8.614      0.06309
       8.621      0.08127
       8.644       0.0449
       8.651      0.02671
       8.666     0.008525
       8.674      0.02671
       8.682      0.06309
       8.689       0.1176
       8.697        0.154
       8.704       0.1722
       8.719       0.1722
       8.727       0.1722
       8.742       0.1176
        8.75      0.08127
       8.757     0.008525
       8.765     -0.04604
       8.772     -0.06422
       8.787     -0.04604
       8.795    -0.009662
       8.803       0.0449
        8.81      0.08127
       8.818       0.1176
       8.833      0.09946
        8.84      0.09946
       8.855      0.08127
       8.863      0.09946
       8.878       0.1358
       8.886       0.1358
       8.893       0.1176
       8.901      0.08127
       8.908     0.008525
       8.916     -0.08241
       8.923       -0.137
       8.931      -0.1733
       8.939      -0.1733
       8.946      -0.1188
       8.954     -0.04604
       8.961      0.02671
       8.969      0.09946
       8.969      0.06309
       8.976       0.1176
