     0.02372       0.3089
     0.03884       0.1321
     0.06908     -0.06436
     0.06908      -0.1626
     0.07664      -0.1822
     0.09177      -0.1626
     0.09933      -0.1233
      0.1145     -0.06436
       0.122     -0.02507
      0.1371      0.05352
      0.1523      0.07317
      0.1598      0.09282
      0.1749      0.07317
      0.1825     -0.00542
      0.1901     -0.02507
      0.2052     -0.08401
      0.2127     -0.06436
      0.2203     -0.00542
      0.2279      0.03388
      0.2354      0.07317
      0.2657       0.2304
      0.2732       0.2304
      0.2808       0.1911
      0.2884       0.1518
      0.2959       0.1125
       0.311      0.07317
      0.3186      0.05352
      0.3337     -0.00542
      0.3413     -0.00542
      0.3564     -0.04472
      0.3715      -0.1037
      0.3715       -0.143
      0.3867      -0.2608
      0.4018      -0.2412
      0.4093      -0.2019
      0.4169     -0.08401
      0.4169      -0.1626
      0.4245     -0.04472
      0.4245     -0.08401
       0.432     -0.00542
       0.432     -0.04472
      0.4396     -0.00542
      0.4471      0.07317
      0.4623       0.1518
      0.4698       0.1911
       0.485       0.1125
      0.5001     -0.06436
      0.5076     -0.06436
      0.5076      -0.1233
      0.5152       -0.143
      0.5228      -0.2019
      0.5454      -0.2019
       0.553      -0.1626
      0.5606      -0.1233
      0.5757     -0.04472
      0.5833      0.03388
      0.5833     -0.00542
      0.5908       0.1125
      0.5908      0.03388
      0.5984       0.1911
      0.5984       0.1125
      0.6059       0.1911
      0.6135         0.25
      0.6211       0.2696
      0.6286       0.1714
      0.6286       0.1321
      0.6362       0.1321
      0.6362      0.05352
      0.6437      0.03388
      0.6513     -0.00542
      0.6664     -0.06436
       0.674     -0.08401
      0.6891     -0.06436
      0.7042      0.05352
      0.7118      0.09282
      0.7194       0.1321
      0.7269       0.1714
      0.7496       0.1714
      0.7572       0.1911
      0.7798       0.1911
       0.795       0.1321
      0.8101       0.1125
      0.8177       0.1125
      0.8252      0.07317
      0.8328     -0.02507
      0.8403     -0.02507
      0.8403      -0.1626
      0.8479      -0.1626
      0.8479      -0.2412
      0.8479      -0.2805
       0.863      -0.3787
       0.863       -0.418
      0.8781      -0.3787
      0.8781      -0.4377
      0.8857      -0.3198
      0.8933      -0.2215
      0.8933      -0.2805
      0.8933      -0.3198
      0.9008       -0.143
      0.9008      -0.2215
      0.9084      -0.1037
      0.9159     -0.00542
      0.9159     -0.04472
      0.9159     -0.08401
      0.9235      0.05352
      0.9235     -0.02507
      0.9311       0.1321
      0.9311      0.05352
      0.9386       0.1714
      0.9538       0.2107
      0.9689       0.2696
      0.9764       0.3286
       0.984       0.3679
      0.9916       0.3875
      0.9991       0.3089
       1.007       0.3089
       1.007       0.2304
       1.014       0.2304
       1.014       0.1518
       1.014       0.1125
       1.022     -0.04472
       1.029     -0.04472
       1.029      -0.1233
       1.029      -0.1626
       1.029      -0.2019
       1.037      -0.2608
       1.037      -0.3198
       1.052      -0.3001
       1.052      -0.3591
       1.067       -0.143
       1.067      -0.2215
       1.075       -0.143
       1.082     -0.02507
       1.113      0.05352
        1.12      0.05352
       1.135       0.1321
        1.15       0.2304
        1.15       0.1911
       1.158       0.2304
       1.165       0.2304
       1.173       0.1911
       1.181      0.07317
       1.188      0.07317
       1.188     -0.00542
       1.196     -0.00542
       1.196     -0.06436
       1.203      -0.1233
       1.211       -0.143
       1.226      -0.1626
       1.234      -0.1822
       1.249      -0.2215
       1.264      -0.2215
       1.279      -0.2019
       1.286       -0.143
       1.286      -0.1822
       1.294      -0.1233
       1.309     -0.06436
       1.317     -0.02507
       1.324      0.05352
       1.332      0.09282
       1.339       0.1321
       1.362       0.1714
       1.362       0.1125
        1.37       0.1125
       1.385      0.03388
         1.4      0.09282
       1.415       0.1125
       1.423      0.09282
       1.438      0.09282
       1.445       0.1321
       1.468       0.1125
       1.468      0.03388
       1.475     -0.04472
       1.483     -0.06436
       1.483       -0.143
       1.491       -0.143
       1.513      -0.1233
       1.521     -0.04472
       1.536     -0.00542
       1.544      0.05352
       1.544     -0.00542
       1.551       0.1321
       1.551      0.05352
       1.559         0.25
       1.559       0.1518
       1.566       0.2893
       1.566       0.2304
       1.574       0.3482
       1.574       0.3089
       1.581       0.3482
       1.589       0.3089
       1.596       0.2696
       1.604       0.1911
       1.612       0.1518
       1.619      0.03388
       1.627      0.03388
       1.627     -0.04472
       1.634     -0.04472
       1.634      -0.1233
       1.642       -0.143
       1.649      -0.2215
       1.665      -0.2412
        1.68      -0.1822
       1.687      -0.1822
       1.702      -0.1037
       1.717     -0.02507
       1.725     -0.00542
       1.748     -0.02507
       1.755     -0.06436
       1.763      -0.1233
       1.763      -0.1626
       1.778      -0.1233
       1.785     -0.08401
       1.785      -0.1233
       1.793     -0.06436
       1.808     -0.02507
       1.816      0.09282
       1.816      0.05352
       1.823       0.1714
       1.823      0.09282
       1.831       0.1911
       1.838       0.2107
       1.861       0.1714
       1.869       0.1714
       1.876       0.1518
       1.884       0.1125
       1.899      0.05352
       1.899     -0.00542
       1.906     -0.02507
       1.914     -0.08401
       1.922       -0.143
       1.929      -0.2019
       1.937      -0.2412
       1.944      -0.2608
       1.959      -0.3001
       1.967      -0.2608
       1.975      -0.2019
       1.982      -0.1626
        1.99     -0.06436
        1.99       -0.143
       1.997     -0.04472
       2.005      0.05352
       2.012       0.1125
       2.012      0.07317
        2.02       0.1321
       2.035       0.1714
       2.043       0.1911
       2.073       0.2304
        2.08       0.2696
       2.088       0.3089
       2.096       0.3875
       2.096       0.3286
       2.111       0.3679
       2.111       0.3089
       2.118       0.3089
       2.118       0.1714
       2.126      0.05352
       2.126     -0.02507
       2.133     -0.08401
       2.133      -0.1233
       2.133      -0.1626
       2.141      -0.2215
       2.141      -0.2805
       2.156      -0.2805
       2.171      -0.2215
       2.179      -0.1822
       2.186      -0.1233
       2.194     -0.06436
       2.201     -0.02507
       2.209      0.05352
       2.224      0.09282
       2.232       0.1321
       2.239       0.2107
       2.239       0.1714
       2.247       0.2696
       2.247       0.2304
       2.262       0.3089
       2.277       0.2304
       2.285       0.1911
       2.285       0.1125
       2.292      0.03388
       2.292     -0.00542
       2.292     -0.06436
         2.3       -0.143
         2.3      -0.2412
       2.307      -0.3198
       2.307      -0.3591
       2.307      -0.3984
       2.315      -0.4573
        2.33      -0.4573
       2.337       -0.418
       2.353      -0.3787
        2.36      -0.3591
       2.368      -0.2608
       2.368      -0.3394
       2.375       -0.143
       2.375      -0.2019
       2.375      -0.2608
       2.383     -0.00542
       2.383       -0.143
        2.39       0.1321
        2.39      0.07317
        2.39      0.03388
        2.39     -0.00542
       2.398       0.2893
       2.398       0.2304
       2.398       0.1321
       2.406       0.4465
       2.406       0.3482
       2.406       0.2893
       2.413       0.5447
       2.413       0.5054
       2.413       0.4465
       2.421        0.584
       2.421       0.5447
       2.428       0.6233
       2.436       0.6037
       2.436       0.5447
       2.443       0.5447
       2.443       0.3875
       2.451       0.3089
       2.451         0.25
       2.451       0.1518
       2.466     -0.08401
       2.466      -0.3001
       2.474      -0.3787
       2.474       -0.418
       2.474      -0.4573
       2.481      -0.5752
       2.489      -0.5752
       2.496      -0.5359
       2.496      -0.5752
       2.504      -0.4377
       2.504      -0.5359
       2.511      -0.2805
       2.511      -0.4377
       2.519      -0.1233
       2.519      -0.2805
       2.527     -0.04472
       2.527     -0.08401
       2.527      -0.1233
       2.534       0.1321
       2.534      0.09282
       2.542       0.2107
       2.542       0.1321
       2.549         0.25
       2.557       0.2893
       2.564       0.3286
       2.572       0.3679
       2.579       0.3679
       2.595       0.3679
       2.602       0.3482
       2.602       0.3089
        2.61         0.25
        2.61       0.1911
       2.617      0.07317
       2.625      0.07317
       2.625     -0.08401
       2.632     -0.08401
       2.632      -0.1626
       2.632      -0.2019
        2.64      -0.2608
       2.663      -0.3591
        2.67      -0.3787
       2.678      -0.3394
       2.693      -0.2215
       2.693      -0.2805
         2.7      -0.1822
         2.7      -0.2215
       2.708       -0.143
       2.716     -0.02507
       2.716     -0.06436
       2.716      -0.1233
       2.723      0.09282
       2.723      0.05352
       2.723     -0.02507
       2.731       0.2107
       2.731       0.1714
       2.731      0.09282
       2.738       0.3089
       2.738         0.25
       2.738       0.2107
       2.746       0.3679
       2.746       0.3089
       2.753       0.4465
       2.753       0.3875
       2.761       0.4465
       2.768       0.4465
       2.768       0.3875
       2.776       0.3875
       2.776         0.25
       2.784         0.25
       2.784      0.07317
       2.791     -0.08401
       2.799     -0.06436
       2.799      -0.1233
       2.799      -0.1822
       2.806      -0.2215
       2.829      -0.3001
       2.844      -0.3001
       2.859      -0.2608
       2.867      -0.2412
       2.874      -0.1626
       2.882     -0.08401
       2.882      -0.1626
       2.889     -0.00542
       2.889     -0.08401
       2.897      0.09282
       2.897      0.03388
       2.897     -0.00542
       2.905       0.1714
       2.905      0.09282
       2.912       0.2304
       2.912       0.1714
        2.92       0.2696
       2.927       0.3089
       2.942       0.3089
        2.95       0.2893
       2.957         0.25
       2.957       0.1911
       2.965       0.1911
       2.965       0.1125
       2.973       0.1125
        2.98     -0.04472
       2.988     -0.04472
       3.003     -0.04472
       3.018      -0.1037
       3.026      -0.1037
       3.041      -0.1037
       3.048     -0.06436
       3.063      0.05352
       3.063     -0.00542
       3.078       0.1321
       3.101       0.1714
       3.109       0.1125
       3.124     -0.02507
       3.131     -0.02507
       3.139       -0.143
       3.147      -0.1233
       3.154     -0.06436
       3.162     -0.02507
       3.169      0.03388
       3.169     -0.00542
       3.177      0.05352
       3.184      0.05352
       3.199       0.1125
       3.215       0.1911
       3.215       0.1518
       3.222       0.1911
        3.23       0.1518
       3.237       0.1518
       3.245       0.1125
       3.245      0.05352
        3.26     -0.00542
       3.275      -0.1037
       3.283       -0.143
        3.29      -0.2608
       3.298      -0.2805
       3.313      -0.2805
        3.32      -0.1626
        3.32      -0.2019
        3.32      -0.2608
       3.328     -0.04472
       3.328     -0.08401
       3.328      -0.1233
       3.328      -0.1626
       3.336      0.07317
       3.336     -0.00542
       3.336     -0.04472
       3.343       0.1518
       3.343      0.07317
       3.351         0.25
       3.351       0.1714
       3.358       0.3089
       3.358       0.2696
       3.366       0.3482
       3.373       0.3679
       3.388       0.3482
       3.396       0.2696
       3.404       0.2696
       3.404       0.1911
       3.411       0.1911
       3.411       0.1321
       3.419      0.03388
       3.426      0.03388
       3.426     -0.04472
       3.434     -0.04472
       3.434      -0.1037
       3.434       -0.143
       3.441      -0.2215
       3.449      -0.2215
       3.449      -0.2805
       3.464      -0.3198
       3.472      -0.3001
       3.487      -0.2019
       3.494      -0.1233
       3.494      -0.2019
       3.502     -0.04472
       3.502      -0.1233
       3.509      0.05352
       3.509     -0.00542
       3.509     -0.04472
       3.517      0.07317
       3.525       0.1125
       3.532       0.2107
        3.54         0.25
       3.547         0.25
       3.562       0.2696
        3.57       0.1714
        3.57       0.1321
       3.578      0.09282
       3.578      0.03388
       3.585     -0.04472
       3.585     -0.08401
       3.593       -0.143
       3.593      -0.2019
         3.6      -0.3001
       3.608      -0.3001
       3.608      -0.3787
       3.615      -0.3984
       3.615      -0.4377
       3.615       -0.477
        3.63       -0.477
       3.638      -0.3787
       3.638       -0.477
       3.646      -0.2805
       3.646      -0.3198
       3.646      -0.3787
       3.661     -0.08401
       3.661      -0.1626
       3.668     -0.06436
       3.676       0.1125
       3.676      0.07317
       3.683       0.2304
       3.683       0.1518
       3.683       0.1125
       3.691       0.3482
       3.691       0.2696
       3.691       0.2304
       3.699       0.4072
       3.699       0.3482
       3.706       0.4661
       3.706       0.4268
       3.714       0.4661
       3.721       0.3679
       3.729       0.3679
       3.729       0.3286
       3.729       0.2696
       3.736       0.2304
       3.736       0.1714
       3.744       0.1518
       3.744      0.09282
       3.751      0.07317
       3.759     -0.04472
       3.767     -0.04472
       3.767      -0.1037
       3.774      -0.1822
       3.782      -0.2412
       3.797      -0.2608
       3.804      -0.2215
       3.819     -0.04472
       3.827     -0.02507
       3.835      0.09282
       3.842       0.1321
       3.865       0.1518
       3.865      0.09282
        3.88     -0.00542
       3.888     -0.02507
       3.895     -0.06436
        3.91     -0.08401
        3.91      -0.1233
       3.918       -0.143
       3.925      -0.2412
       3.933      -0.2608
       3.933      -0.3198
        3.94      -0.3394
       3.956      -0.3001
       3.963      -0.2215
       3.963      -0.3001
       3.971      -0.1822
       3.978     -0.08401
       3.978      -0.1626
       3.986     -0.00542
       3.986     -0.06436
       3.993      0.07317
       3.993     -0.00542
       4.001       0.1518
       4.001      0.07317
       4.009       0.2304
       4.009       0.1518
       4.016         0.25
       4.024       0.2696
       4.039         0.25
       4.039       0.1911
       4.069       0.1125
       4.084       0.1714
       4.092       0.1518
       4.107       0.1125
       4.114      0.07317
       4.122       0.1125
       4.129       0.1714
       4.137       0.2304
       4.137       0.1714
       4.145       0.2304
       4.152         0.25
        4.16       0.2304
       4.167       0.1911
       4.167       0.1321
       4.175      0.05352
       4.182      0.05352
       4.182     -0.04472
        4.19       -0.143
       4.198       -0.143
       4.198      -0.1822
       4.198      -0.2412
       4.205      -0.2608
       4.213      -0.3001
        4.22      -0.3591
       4.235      -0.3591
       4.243      -0.3001
       4.243      -0.3394
       4.258      -0.2019
       4.266      -0.1233
       4.266      -0.1822
       4.273     -0.02507
       4.273      -0.1037
       4.281      0.03388
       4.281     -0.00542
       4.288      0.07317
       4.296       0.1125
       4.303       0.1911
       4.319       0.2304
       4.326         0.25
       4.334       0.2107
       4.341       0.2107
       4.349       0.2107
       4.364       0.1911
       4.371       0.1714
       4.371      0.09282
       4.379      0.09282
       4.394     -0.02507
       4.402      0.03388
       4.402     -0.00542
       4.409      0.05352
       4.424      0.05352
       4.432     -0.00542
        4.44     -0.02507
       4.447     -0.08401
       4.462      -0.1822
       4.477      -0.2412
       4.485      -0.2215
       4.492      -0.1626
       4.492      -0.2019
         4.5       -0.143
       4.515      -0.1037
        4.53     -0.08401
       4.545     -0.04472
        4.56     -0.00542
       4.568      0.03388
       4.576      0.09282
       4.583       0.1321
       4.598       0.1911
       4.598       0.1518
       4.606       0.2304
       4.613         0.25
       4.621       0.3286
       4.629       0.3679
       4.629       0.3286
       4.636       0.3875
       4.644       0.3679
       4.659       0.2696
       4.659       0.2304
       4.659       0.1518
       4.666       0.1518
       4.674     -0.06436
       4.674      -0.1037
       4.681      -0.2019
       4.689      -0.2019
       4.689      -0.2412
       4.704      -0.2608
       4.712      -0.2608
       4.727      -0.1822
       4.727      -0.2215
       4.734       -0.143
       4.742     -0.04472
       4.742     -0.08401
       4.742      -0.1233
        4.75     -0.02507
       4.757       0.1125
       4.757      0.07317
       4.765       0.1911
       4.765       0.1321
       4.772       0.2304
        4.78       0.2696
       4.787       0.3089
       4.802       0.2304
       4.802       0.1911
        4.81       0.1911
        4.81       0.1125
       4.818       0.1125
       4.818      0.07317
       4.818     -0.00542
       4.825     -0.06436
       4.825      -0.1037
       4.833       -0.143
       4.833      -0.2019
        4.84      -0.2019
       4.848      -0.2412
       4.863      -0.1233
       4.863      -0.2019
       4.871     -0.04472
       4.871      -0.1037
       4.878      0.03388
       4.878     -0.04472
       4.886       0.1125
       4.886      0.03388
       4.893       0.1714
       4.893       0.1125
       4.901       0.2696
       4.901       0.1911
       4.908       0.3089
       4.916       0.3286
       4.931       0.2893
       4.931         0.25
       4.931       0.2107
       4.939       0.2107
       4.939       0.1321
       4.946       0.1321
       4.946      0.05352
       4.954      0.05352
       4.954     -0.02507
       4.961     -0.08401
       4.969      -0.1037
       4.976      -0.1822
       4.984      -0.2019
       4.991      -0.2805
       5.007      -0.2805
       5.014      -0.2412
       5.014      -0.2805
       5.022      -0.2412
       5.029      -0.1233
       5.029      -0.2019
       5.037      -0.1037
       5.044     -0.00542
       5.044     -0.06436
        5.06       0.1714
        5.06      0.09282
       5.067         0.25
       5.067       0.1714
       5.075       0.3482
       5.075       0.2893
       5.075         0.25
       5.082       0.4268
       5.082       0.3482
        5.09       0.4465
       5.105       0.4268
       5.112       0.3679
       5.112       0.2893
        5.12       0.3089
        5.12         0.25
        5.12       0.1911
       5.128      0.09282
       5.128      0.05352
       5.135     -0.02507
        5.15      -0.1037
       5.165      -0.1233
       5.173       -0.143
       5.188      -0.2019
       5.196      -0.2608
       5.203      -0.2215
       5.211      -0.2019
       5.218       -0.143
       5.226     -0.08401
       5.233     -0.04472
       5.241      0.05352
       5.241     -0.00542
       5.256      0.09282
       5.271      0.05352
       5.271     -0.02507
       5.279     -0.06436
       5.294       -0.143
       5.301      -0.1626
       5.317       -0.143
       5.324       -0.143
       5.332      -0.1037
       5.339     -0.06436
       5.347     -0.06436
       5.362     -0.08401
        5.37       -0.143
       5.385      -0.1626
       5.392      -0.1037
         5.4     -0.02507
         5.4     -0.08401
       5.407      0.05352
       5.407     -0.02507
       5.415      0.07317
       5.422       0.1125
        5.43      0.09282
       5.445      0.07317
        5.46       0.1518
        5.46       0.1125
       5.468       0.1911
       5.475       0.2696
       5.475       0.2107
       5.483         0.25
       5.491       0.2304
       5.491       0.1714
       5.498       0.1714
       5.498       0.1125
       5.498      0.03388
       5.506      -0.1233
       5.513      -0.1233
       5.513      -0.2608
       5.521      -0.2608
       5.521      -0.3001
       5.521      -0.3591
       5.528      -0.3591
       5.543      -0.3787
       5.551      -0.3394
       5.559      -0.3001
       5.566      -0.2412
       5.566      -0.3001
       5.574      -0.1626
       5.574      -0.2215
       5.581     -0.04472
       5.581      -0.1037
       5.581      -0.1626
       5.589      0.05352
       5.589     -0.04472
       5.596       0.1321
       5.596      0.07317
       5.596      0.03388
       5.604       0.1714
       5.619       0.2304
       5.627       0.2304
       5.642         0.25
       5.657       0.1911
       5.664       0.1518
       5.672      0.09282
        5.68      0.07317
       5.702     -0.00542
       5.725      0.03388
       5.748      0.03388
       5.755      0.03388
       5.785     -0.02507
       5.793      -0.1233
       5.801      -0.1233
       5.801      -0.1822
       5.816      -0.2608
       5.823      -0.2608
       5.831      -0.1626
       5.831      -0.2019
       5.831      -0.2412
       5.838     -0.08401
       5.838      -0.1626
       5.846     -0.00542
       5.846     -0.08401
       5.861       0.1321
       5.869       0.2107
       5.869       0.1518
       5.876         0.25
       5.891       0.3679
       5.899       0.3875
       5.914       0.3875
       5.922       0.3679
       5.922       0.2893
       5.929       0.2893
       5.929         0.25
       5.929       0.1911
       5.937       0.1911
       5.937       0.1125
       5.937      0.07317
       5.944      0.09282
       5.944      0.03388
       5.944     -0.02507
       5.952       -0.143
       5.959       -0.143
       5.959      -0.2412
       5.967      -0.3394
       5.974      -0.3394
       5.982      -0.3984
        5.99      -0.3984
       5.997      -0.3198
       6.005      -0.2805
       6.012      -0.1822
       6.012      -0.2608
        6.02      -0.1233
        6.02      -0.1822
       6.027     -0.02507
       6.027      -0.1037
       6.035      0.07317
       6.035     -0.00542
       6.043       0.1518
       6.043      0.07317
       6.065         0.25
       6.073       0.2107
        6.08       0.1125
       6.088      0.09282
       6.088      0.03388
       6.103     -0.04472
       6.118      -0.1037
       6.133     -0.04472
       6.148     -0.00542
       6.163     -0.02507
       6.171     -0.00542
       6.179      0.07317
       6.179      0.03388
       6.186       0.1125
       6.194       0.1321
       6.209       0.1321
       6.216      0.09282
       6.224      0.03388
       6.232     -0.00542
       6.247     -0.02507
       6.262     -0.04472
       6.269     -0.00542
       6.277      0.09282
       6.284       0.1714
       6.284      0.09282
       6.292       0.2107
       6.315       0.2304
       6.315       0.1911
       6.322       0.1125
        6.33       0.1125
        6.33      0.05352
       6.337     -0.02507
       6.345     -0.06436
       6.353      -0.1037
        6.36      -0.1233
       6.398      -0.1626
       6.405      -0.1233
       6.413     -0.08401
       6.421     -0.04472
       6.436      0.09282
       6.443       0.1911
       6.443       0.1321
       6.443      0.09282
       6.458       0.2893
       6.473       0.2304
       6.481       0.1518
       6.489      0.05352
       6.496      0.05352
       6.496     -0.00542
       6.504     -0.00542
       6.504     -0.06436
       6.511     -0.06436
       6.511      -0.1233
       6.526      -0.1626
       6.534      -0.2019
       6.549      -0.2019
       6.557      -0.1626
       6.564      -0.1037
       6.572     -0.08401
       6.587     -0.02507
       6.594     -0.00542
       6.602      0.05352
        6.61      0.09282
       6.632       0.1125
       6.655       0.1125
        6.67       0.1714
       6.678       0.1518
       6.685       0.1321
       6.693      0.09282
         6.7      0.07317
       6.708     -0.00542
       6.715     -0.04472
       6.731     -0.08401
       6.738     -0.04472
       6.746     -0.00542
       6.753     -0.00542
       6.761     -0.00542
       6.776     -0.08401
       6.784      -0.1233
       6.799      -0.1037
       6.806     -0.08401
       6.821     -0.06436
       6.836     -0.08401
       6.867     -0.08401
       6.882      0.05352
       6.889      0.09282
       6.904       0.1911
       6.912       0.1911
       6.927       0.1518
       6.935      0.09282
       6.942      0.05352
        6.95      0.03388
       6.957     -0.00542
       6.965     -0.02507
       6.973       -0.143
        6.98      -0.1626
       7.003      -0.2215
        7.01      -0.2019
       7.018      -0.1233
       7.025     -0.02507
       7.025     -0.06436
       7.025      -0.1233
       7.033      0.05352
       7.033     -0.02507
       7.041      0.05352
       7.056       0.1714
       7.071       0.1714
       7.078       0.1321
       7.086       0.1125
       7.101      0.07317
       7.109       0.1125
       7.124      0.07317
       7.131      0.05352
       7.139     -0.06436
       7.146     -0.08401
       7.154       -0.143
       7.162       -0.143
       7.169     -0.08401
       7.169      -0.1233
       7.177     -0.04472
       7.184      0.05352
       7.184     -0.02507
       7.192       0.1125
       7.192      0.07317
       7.199       0.1518
       7.207       0.1911
       7.215       0.2304
        7.23       0.1911
       7.237       0.1714
       7.245      0.09282
        7.26      0.05352
       7.267      0.05352
        7.29      0.03388
       7.305     -0.00542
       7.328     -0.04472
       7.335     -0.06436
       7.343     -0.06436
       7.351       -0.143
       7.358      -0.2019
       7.366      -0.2019
       7.381      -0.2215
       7.396      -0.2019
       7.404      -0.1626
       7.411      -0.1037
       7.411       -0.143
       7.419     -0.06436
       7.426      0.03388
       7.426     -0.04472
       7.434      0.07317
       7.441       0.1321
       7.456       0.1911
       7.472       0.1714
       7.479       0.1321
       7.487      0.07317
       7.494      0.05352
       7.509     -0.00542
       7.517     -0.06436
       7.532      -0.2019
        7.54      -0.2019
       7.555      -0.1037
       7.555       -0.143
       7.562     -0.00542
       7.562     -0.04472
       7.562      -0.1037
        7.57      0.09282
        7.57      0.03388
        7.57     -0.00542
       7.577      0.09282
       7.585       0.1714
       7.593       0.1714
         7.6       0.1125
       7.608      0.09282
       7.615      0.05352
       7.653     -0.00542
       7.661     -0.04472
       7.668      -0.1233
       7.676      -0.1233
       7.676      -0.1626
       7.691      -0.1822
       7.706     -0.06436
       7.706       -0.143
       7.714     -0.04472
       7.721      0.05352
       7.736      0.07317
       7.744     -0.00542
       7.759     -0.04472
       7.766     -0.04472
       7.774     -0.00542
       7.782       0.1125
       7.782      0.07317
       7.789       0.2107
       7.789       0.1714
       7.789       0.1125
       7.797         0.25
       7.804       0.2893
       7.835       0.3089
       7.842       0.2696
       7.857       0.1714
       7.865       0.1125
       7.872      0.07317
        7.88     -0.00542
       7.895     -0.04472
       7.903      -0.1037
       7.903       -0.143
        7.91      -0.1822
       7.918      -0.2608
       7.925      -0.2805
        7.94      -0.2805
       7.948      -0.2215
       7.948      -0.2608
       7.956      -0.1233
       7.956      -0.1626
       7.956      -0.2215
       7.963     -0.02507
       7.963     -0.06436
       7.963      -0.1233
       7.971      0.07317
       7.971      0.03388
       7.971     -0.02507
       7.978       0.1518
       7.978      0.07317
       7.986       0.2107
       7.986       0.1518
       7.993         0.25
       8.008       0.2696
       8.016       0.2304
       8.016       0.1714
       8.024       0.1911
       8.024      0.09282
       8.031      0.09282
       8.031     -0.02507
       8.039     -0.02507
       8.039     -0.06436
       8.039      -0.1233
       8.054      -0.2019
       8.054      -0.2412
       8.069      -0.2805
       8.076      -0.3001
       8.084      -0.3001
       8.099      -0.3394
       8.107      -0.3591
       8.114      -0.3198
       8.122      -0.2805
       8.129      -0.1822
       8.129      -0.2412
       8.137     -0.08401
       8.137      -0.1233
       8.137      -0.1822
       8.145     -0.02507
       8.145     -0.08401
       8.152      0.07317
       8.152     -0.00542
        8.16       0.1518
        8.16      0.09282
       8.167       0.1911
        8.19       0.2107
       8.197       0.2304
       8.213       0.2893
       8.228       0.3089
       8.235       0.2696
       8.243       0.1714
       8.258      0.09282
       8.266      0.03388
       8.273      0.03388
       8.288     -0.00542
       8.296     -0.00542
       8.303      0.03388
       8.311      0.07317
       8.334      0.09282
       8.341      0.09282
       8.349      0.05352
       8.356      0.03388
       8.364     -0.00542
       8.379     -0.02507
       8.394     -0.04472
       8.409      -0.1037
       8.417       -0.143
       8.432      -0.1626
       8.439      -0.1233
        8.47      -0.1037
       8.477     -0.02507
       8.477     -0.06436
       8.485      0.03388
       8.485     -0.00542
       8.492      0.03388
         8.5       0.1125
       8.515       0.1321
       8.523      0.09282
       8.538     -0.00542
       8.545     -0.02507
       8.545     -0.06436
       8.553     -0.08401
        8.56      -0.1037
       8.568      -0.1626
       8.576      -0.1822
       8.591       -0.143
       8.606      -0.1037
       8.628      0.05352
       8.644      0.07317
       8.674     -0.02507
       8.689     -0.00542
       8.704      0.07317
       8.712       0.1518
       8.727       0.1714
       8.742       0.1714
       8.757       0.1321
       8.765      0.09282
       8.765      0.03388
       8.772      0.03388
       8.772     -0.04472
        8.78     -0.04472
       8.787     -0.08401
       8.795      -0.1037
       8.802     -0.04472
        8.81     -0.02507
       8.825      0.07317
       8.833       0.1125
       8.855      0.09282
       8.863      0.05352
       8.878      0.07317
       8.886       0.1125
       8.901       0.1321
       8.908       0.1125
       8.916      0.03388
       8.923      0.03388
       8.923     -0.00542
       8.923     -0.06436
       8.931     -0.06436
       8.931      -0.1233
       8.938      -0.1822
       8.946      -0.2019
       8.954      -0.2019
       8.961      -0.1037
       8.961      -0.1626
       8.969     -0.02507
       8.969     -0.06436
       8.969      -0.1233
       8.976      0.03388
       8.976     -0.00542
