     0.01181       0.2302
     0.02692       0.2109
     0.04203       0.2109
     0.04959       0.2109
      0.0647       0.1529
     0.07225       0.1336
     0.08736       0.1336
      0.1025      0.09491
        0.11      0.07559
      0.1251      0.01762
      0.1327    -0.001705
      0.1478     -0.04035
      0.1554     -0.04035
      0.1705    -0.001705
       0.178      0.05627
      0.1856      0.07559
      0.1931       0.1336
      0.2007       0.1529
      0.2158       0.1529
      0.2234       0.1336
      0.2385      0.05627
       0.246    -0.001705
      0.2536     -0.05968
      0.2611       -0.137
      0.2687      -0.2143
      0.2762      -0.2722
      0.2838      -0.3302
      0.2989      -0.3495
      0.3065      -0.3109
       0.314      -0.2722
      0.3216      -0.2143
      0.3291      -0.1756
      0.3367      -0.1176
      0.3442       -0.079
      0.3518     -0.02103
      0.3593      0.01762
      0.3669      0.05627
      0.3745       0.1142
       0.382       0.1722
      0.3896       0.2495
      0.3971       0.3268
      0.4047       0.3848
      0.4122       0.4041
      0.4273       0.3461
      0.4349       0.2882
      0.4424       0.2302
        0.45       0.1915
      0.4576       0.1722
      0.4727       0.1915
      0.4878       0.1336
      0.4953      0.09491
      0.5029      0.05627
      0.5104    -0.001705
       0.518     -0.04035
      0.5256       -0.079
      0.5331      -0.1176
      0.5407      -0.1176
      0.5482      -0.1563
      0.5558      -0.1949
      0.5633      -0.2143
      0.5784      -0.1949
       0.586      -0.1756
      0.5936       -0.137
      0.6011     -0.09832
      0.6087     -0.04035
      0.6162      0.01762
      0.6238      0.09491
      0.6313       0.1336
      0.6464       0.1529
       0.654      0.09491
      0.6615      0.03694
      0.6691     -0.02103
      0.6767     -0.05968
      0.6842     -0.09832
      0.6993       -0.079
      0.7144     -0.04035
       0.722     -0.02103
      0.7371    -0.001705
      0.7447    -0.001705
      0.7598     -0.05968
      0.7673     -0.09832
      0.7749       -0.079
      0.7824     -0.05968
        0.79     -0.02103
      0.7975      0.01762
      0.8126      0.01762
      0.8202      0.01762
      0.8353    -0.001705
      0.8504     -0.05968
       0.858       -0.079
      0.8731       -0.079
      0.8806     -0.05968
      0.8958     -0.04035
      0.9033     -0.05968
      0.9109     -0.09832
      0.9184       -0.137
       0.926      -0.1756
      0.9335      -0.2143
      0.9411      -0.2336
      0.9486      -0.2722
      0.9562      -0.2916
      0.9713      -0.3302
      0.9789      -0.3109
       0.994      -0.2722
       1.002      -0.2336
       1.009      -0.1949
       1.024       -0.137
       1.032      -0.1176
       1.047     -0.04035
       1.054      0.03694
       1.062       0.1142
        1.07       0.2109
       1.077       0.2882
       1.085       0.3268
       1.092       0.3848
         1.1       0.4234
       1.107       0.4621
       1.115       0.5007
        1.13       0.5587
       1.138        0.578
       1.153       0.5394
        1.16       0.5007
       1.168       0.4234
       1.175       0.3461
       1.183       0.2495
        1.19       0.1722
       1.198      0.09491
       1.206      0.03694
       1.213     -0.02103
       1.221     -0.04035
       1.236     -0.09832
       1.243       -0.137
       1.251      -0.2143
       1.258      -0.2916
       1.266      -0.3495
       1.274      -0.3882
       1.281      -0.3882
       1.289      -0.3689
       1.296      -0.3109
       1.304      -0.2143
       1.311      -0.1563
       1.319       -0.079
       1.326     -0.02103
       1.334      0.03694
       1.342      0.09491
       1.349       0.1336
       1.357       0.1915
       1.364       0.1915
       1.372       0.1722
       1.379       0.1336
       1.394       0.1529
       1.402       0.1529
       1.417       0.1529
       1.432       0.1529
        1.44       0.1529
       1.455      0.09491
       1.462      0.05627
       1.477      0.03694
       1.485      0.05627
       1.493      0.09491
         1.5       0.1336
       1.508       0.1915
       1.523       0.2302
        1.53       0.2302
       1.545       0.2109
       1.553       0.2302
       1.568       0.1722
       1.576       0.1336
       1.583      0.07559
       1.591     -0.02103
       1.598       -0.079
       1.606       -0.137
       1.613      -0.1949
       1.621      -0.2529
       1.629      -0.2916
       1.636      -0.3109
       1.651      -0.3109
       1.666      -0.3109
       1.674      -0.3109
       1.689      -0.2529
       1.704      -0.2143
       1.712      -0.1949
       1.727      -0.1563
       1.734      -0.1176
       1.742     -0.05968
       1.749     -0.02103
       1.757      0.01762
       1.772      0.05627
        1.78      0.03694
        1.78    -0.001705
       1.787     -0.02103
       1.795     -0.05968
       1.802       -0.079
       1.817     -0.09832
       1.825     -0.05968
        1.84     -0.02103
       1.855      0.05627
       1.863      0.07559
        1.87      0.09491
       1.885       0.1529
       1.893       0.1529
       1.908       0.1529
       1.923       0.1142
       1.931       0.1142
       1.938       0.1142
       1.953      0.09491
       1.961      0.09491
       1.969       0.1142
       1.976       0.1722
       1.984       0.2495
       1.991       0.3654
       1.999       0.4427
       2.006       0.4814
       2.014       0.4427
       2.021       0.3848
       2.029       0.2688
       2.037       0.1336
       2.044      0.05627
       2.044     -0.05968
       2.052      -0.1949
       2.059      -0.3302
       2.067      -0.4075
       2.074      -0.4461
       2.082      -0.4655
       2.097      -0.4461
       2.105      -0.4268
       2.112      -0.3882
        2.12      -0.3495
       2.127      -0.2916
       2.135      -0.2529
       2.142      -0.1756
        2.15      -0.1176
       2.157     -0.05968
       2.165     -0.02103
       2.173      0.05627
        2.18       0.1142
       2.188       0.1915
       2.195       0.2495
       2.203       0.2882
        2.21       0.3075
       2.218       0.3268
       2.225       0.2882
       2.233       0.2495
       2.241       0.1915
       2.248       0.1722
       2.263       0.1336
       2.271      0.09491
       2.278      0.05627
       2.286      0.03694
       2.301      0.03694
       2.309      0.01762
       2.316    -0.001705
       2.331     -0.04035
       2.339       -0.079
       2.346       -0.079
       2.361      -0.1176
       2.369     -0.09832
       2.384     -0.04035
       2.399      0.05627
       2.407      0.09491
       2.414       0.1142
       2.429       0.1722
       2.437       0.1915
       2.445       0.2109
        2.46       0.2109
       2.467       0.1915
       2.482       0.1336
        2.49      0.09491
       2.497      0.05627
       2.513    -0.001705
        2.52     -0.02103
       2.535     -0.05968
       2.543     -0.05968
       2.558       -0.079
       2.565       -0.079
       2.573     -0.04035
       2.588    -0.001705
       2.596      0.03694
       2.603      0.05627
       2.611      0.07559
       2.618       0.1336
       2.626       0.1722
       2.633       0.2302
       2.649       0.2495
       2.656       0.2302
       2.664       0.1915
       2.671       0.1142
       2.679      0.05627
       2.679    -0.001705
       2.686     -0.04035
       2.694       -0.137
       2.701      -0.2529
       2.709      -0.3302
       2.717      -0.4075
       2.724      -0.4655
       2.732      -0.4848
       2.747      -0.4848
       2.754      -0.4655
       2.762      -0.4268
       2.769      -0.3689
       2.777      -0.3109
       2.785      -0.2529
       2.792      -0.1949
         2.8      -0.1176
       2.807       -0.079
       2.815     -0.02103
       2.822    -0.001705
        2.83      0.03694
       2.837      0.05627
       2.845      0.09491
       2.853       0.1142
        2.86       0.1722
       2.868       0.2302
       2.875       0.2688
        2.89       0.3075
       2.898       0.3075
       2.905       0.3268
       2.913       0.3461
       2.928       0.3848
       2.936       0.3654
       2.943       0.3268
       2.951       0.2688
       2.958       0.1722
       2.966      0.09491
       2.966    -0.001705
       2.973     -0.05968
       2.981      -0.1756
       2.989      -0.2529
       2.996      -0.3109
       3.004      -0.3302
       3.019      -0.2916
       3.034      -0.2529
       3.041      -0.2143
       3.049      -0.1563
       3.057     -0.09832
       3.064     -0.04035
       3.072      0.01762
       3.079      0.07559
       3.094       0.1142
       3.102       0.1529
       3.109       0.1915
       3.117       0.2302
       3.124       0.1915
        3.14       0.1529
       3.147       0.1529
       3.162       0.1722
        3.17       0.1722
       3.185       0.1722
         3.2       0.1529
       3.208       0.1336
       3.223       0.1336
        3.23       0.1529
       3.238       0.1915
       3.253       0.2109
        3.26       0.1915
       3.268       0.1722
       3.276       0.1336
       3.283      0.09491
       3.291      0.05627
       3.291     -0.02103
       3.298       -0.137
       3.306      -0.3109
       3.313      -0.4268
       3.321      -0.5234
       3.336      -0.5428
       3.344      -0.5041
       3.351      -0.4655
       3.359      -0.4461
       3.366      -0.4268
       3.381      -0.3495
       3.389      -0.2916
       3.396      -0.2336
       3.404      -0.1756
       3.412     -0.09832
       3.419      0.03694
       3.419     -0.02103
       3.427      0.09491
       3.434       0.1915
       3.442       0.2688
       3.449       0.3268
       3.457       0.3848
       3.464       0.4234
       3.472       0.4427
       3.487       0.4234
       3.502       0.3654
        3.51       0.3461
       3.517       0.3461
       3.525       0.3075
       3.532       0.2495
        3.54       0.1722
       3.548       0.1142
       3.555      0.05627
       3.563    -0.001705
        3.57     -0.04035
       3.585     -0.09832
       3.593     -0.09832
       3.608     -0.09832
       3.616     -0.09832
       3.623       -0.079
       3.638     -0.04035
       3.646    -0.001705
       3.653      0.05627
       3.661       0.1142
       3.668       0.1722
       3.676       0.2495
       3.684       0.2882
       3.699       0.2882
       3.706       0.2495
       3.714       0.1915
       3.721       0.1142
       3.729      0.05627
       3.729    -0.001705
       3.736     -0.04035
       3.744       -0.137
       3.752      -0.2143
       3.759      -0.3109
       3.767      -0.3495
       3.774      -0.3689
       3.782      -0.3495
       3.797      -0.2916
       3.804      -0.2722
        3.82      -0.2143
       3.827      -0.1756
       3.835       -0.137
       3.842      -0.1176
        3.85       -0.079
       3.857     -0.05968
       3.865     -0.02103
       3.872      0.07559
        3.88       0.1336
       3.888       0.1915
       3.895       0.2688
       3.903       0.3268
        3.91       0.3654
       3.918       0.4041
       3.933       0.4041
        3.94       0.3848
       3.948       0.3461
       3.963       0.2882
       3.971       0.2495
       3.978       0.1915
       3.986      0.09491
       3.993      0.03694
       3.993     -0.02103
       4.001     -0.05968
       4.008       -0.137
       4.016      -0.1949
       4.024      -0.2722
       4.031      -0.3689
       4.039      -0.4461
       4.046      -0.5041
       4.054      -0.5428
       4.069      -0.5428
       4.076      -0.5041
       4.084      -0.4461
       4.092      -0.3689
       4.099      -0.3109
       4.107      -0.2336
       4.114       -0.137
       4.122     -0.04035
       4.129      0.07559
       4.129    -0.001705
       4.137       0.1722
       4.144       0.2688
       4.152       0.3461
        4.16       0.3848
       4.167       0.4234
       4.182       0.4041
        4.19       0.3848
       4.197       0.3461
       4.205       0.2882
       4.212       0.2495
        4.22       0.1915
       4.228       0.1336
       4.235      0.07559
       4.243      0.05627
        4.25    -0.001705
       4.258    -0.001705
        4.28    -0.001705
       4.288    -0.001705
       4.303    -0.001705
       4.318     -0.02103
       4.326     -0.02103
       4.341     -0.02103
       4.348     -0.02103
       4.356    -0.001705
       4.371     -0.02103
       4.379     -0.05968
       4.386     -0.09832
       4.394      -0.1176
       4.409      -0.1176
       4.416      -0.1176
       4.432     -0.09832
       4.447       -0.079
       4.454     -0.09832
       4.469     -0.09832
       4.477     -0.09832
       4.484     -0.05968
         4.5     -0.02103
       4.507    -0.001705
       4.515      0.05627
       4.522      0.07559
       4.537       0.1336
       4.545       0.1529
        4.56       0.1722
       4.568       0.1915
       4.583       0.2302
        4.59       0.2688
       4.598       0.3075
       4.613       0.3654
        4.62       0.3654
       4.628       0.3461
       4.636       0.3075
       4.643       0.2302
       4.651       0.1722
       4.658       0.1142
       4.666      0.05627
       4.673    -0.001705
       4.681     -0.05968
       4.688     -0.09832
       4.696      -0.1176
       4.704      -0.1563
       4.711      -0.2143
       4.719      -0.2916
       4.726      -0.3689
       4.734      -0.4075
       4.741      -0.4268
       4.756      -0.3689
       4.764      -0.3302
       4.772      -0.3109
       4.779      -0.2722
       4.787      -0.2336
       4.802      -0.1756
       4.809      -0.1563
       4.817       -0.079
       4.824      0.03694
       4.832       0.1529
       4.839       0.2302
       4.847       0.2688
       4.855       0.3075
        4.87       0.2882
       4.877       0.2495
       4.885       0.2109
         4.9       0.1529
       4.907      0.09491
       4.915      0.05627
       4.923    -0.001705
        4.93     -0.04035
       4.945     -0.09832
       4.953      -0.1176
       4.968      -0.1563
       4.975      -0.1756
       4.983      -0.1756
       4.998      -0.1949
       5.006      -0.2143
       5.021      -0.2529
       5.028      -0.2722
       5.043      -0.2336
       5.051      -0.1756
       5.059      -0.1176
       5.066     -0.05968
       5.074     -0.02103
       5.081      0.05627
       5.089       0.1142
       5.096       0.2109
       5.104       0.2688
       5.111       0.3461
       5.119       0.3848
       5.127       0.3848
       5.134       0.3461
       5.142       0.2688
       5.149       0.1915
       5.157       0.1336
       5.164      0.07559
       5.172      0.05627
       5.179      0.01762
       5.187    -0.001705
       5.195     -0.04035
       5.202     -0.05968
        5.21     -0.04035
       5.225    -0.001705
       5.232      0.03694
        5.24      0.05627
       5.255      0.05627
       5.263      0.05627
       5.278      0.09491
       5.285       0.1336
       5.293       0.1722
         5.3       0.2109
       5.315       0.2302
       5.323       0.1722
       5.331      0.09491
       5.338      0.01762
       5.346     -0.05968
       5.353      -0.1176
       5.368      -0.1563
       5.376       -0.137
       5.391       -0.079
       5.399     -0.02103
       5.406      0.01762
       5.414      0.05627
       5.429      0.03694
       5.436      0.03694
       5.451      0.01762
       5.459    -0.001705
       5.467     -0.02103
       5.474     -0.05968
       5.482     -0.09832
       5.497      -0.1563
       5.504      -0.1756
       5.512      -0.1563
       5.527       -0.137
       5.535     -0.09832
        5.55     -0.05968
       5.557     -0.02103
       5.565      0.05627
       5.565    -0.001705
       5.572      0.09491
        5.58       0.1529
       5.587       0.1915
       5.595       0.2495
       5.603       0.2688
       5.618       0.2882
       5.625       0.2688
       5.633       0.2302
        5.64       0.1915
       5.648       0.1529
       5.655      0.09491
       5.663      0.05627
       5.678      0.03694
       5.686      0.05627
       5.701      0.03694
       5.708    -0.001705
       5.716     -0.02103
       5.723       -0.079
       5.731      -0.1563
       5.739      -0.2336
       5.746      -0.2916
       5.754      -0.3495
       5.769      -0.3689
       5.776      -0.3495
       5.784      -0.3109
       5.791      -0.2722
       5.799      -0.2143
       5.807      -0.1756
       5.814       -0.137
       5.822      -0.1176
       5.837     -0.05968
       5.844     -0.02103
       5.852      0.01762
       5.859      0.05627
       5.867      0.09491
       5.875       0.1529
       5.882       0.1722
       5.897       0.2302
       5.905       0.2495
        5.92       0.2882
       5.935       0.3654
       5.943       0.3848
       5.958       0.4041
       5.965       0.4041
        5.98       0.3848
       5.988       0.3461
       5.995       0.3075
       6.003       0.2688
       6.011       0.2302
       6.026       0.1722
       6.033       0.1142
       6.041      0.01762
       6.048       -0.079
       6.056      -0.1756
       6.063      -0.2722
       6.071      -0.3302
       6.086      -0.3689
       6.094      -0.3689
       6.101      -0.3495
       6.116      -0.3495
       6.124      -0.3109
       6.139      -0.2722
       6.147      -0.2529
       6.154      -0.1949
       6.162      -0.1176
       6.169     -0.04035
       6.177      0.05627
       6.177    -0.001705
       6.184      0.07559
       6.199       0.1142
       6.207       0.1336
       6.222       0.1529
        6.23       0.1529
       6.245       0.1722
        6.26       0.1722
       6.267       0.1915
       6.283       0.1915
        6.29       0.1529
       6.298       0.1142
       6.305      0.07559
        6.32    -0.001705
       6.328     -0.04035
       6.335     -0.09832
       6.343      -0.1563
       6.351      -0.1949
       6.366      -0.2336
       6.373      -0.2336
       6.388      -0.2336
       6.396      -0.2336
       6.411      -0.2529
       6.419      -0.2143
       6.426      -0.1563
       6.434       -0.079
       6.441      0.03694
       6.441     -0.02103
       6.449      0.05627
       6.456       0.1142
       6.471       0.1529
       6.479       0.1529
       6.494       0.1722
       6.509       0.1915
       6.517       0.1915
       6.524       0.1915
       6.532       0.2109
       6.539       0.2688
       6.547       0.3268
       6.555       0.3268
       6.562       0.2882
        6.57       0.2302
       6.577       0.1915
       6.585       0.1529
         6.6       0.1142
       6.607      0.09491
       6.615      0.05627
       6.622      0.01762
        6.63     -0.05968
       6.638      -0.1563
       6.645      -0.2143
       6.653      -0.3495
        6.66      -0.3882
        6.66      -0.4268
       6.683      -0.3689
        6.69      -0.3302
       6.698      -0.2722
       6.706      -0.2143
       6.713      -0.1756
       6.728     -0.09832
       6.736     -0.05968
       6.743     -0.04035
       6.758      0.05627
       6.766      0.07559
       6.774       0.1142
       6.781       0.1529
       6.796       0.1529
       6.804       0.1336
       6.819      0.05627
       6.826    -0.001705
       6.834     -0.02103
       6.842     -0.02103
       6.857      0.01762
       6.864      0.09491
       6.872       0.1529
       6.879       0.2495
       6.887       0.3268
       6.894       0.3848
       6.902       0.4234
        6.91       0.4427
       6.925       0.4234
       6.932       0.3848
        6.94       0.3268
       6.947       0.2688
       6.955       0.2109
       6.962       0.1529
        6.97      0.07559
       6.978      0.03694
       6.978     -0.02103
       6.985     -0.09832
       6.993      -0.1949
           7      -0.3109
       7.008      -0.4268
       7.015      -0.4848
       7.023      -0.5234
        7.03      -0.5041
       7.038      -0.4461
       7.046      -0.3882
       7.053      -0.3109
       7.061      -0.2143
       7.068     -0.09832
       7.076      0.03694
       7.076     -0.02103
       7.083      0.09491
       7.091       0.1722
       7.098       0.2688
       7.106       0.3461
       7.114       0.4234
       7.121       0.4814
       7.129       0.5007
       7.144       0.4427
       7.151       0.3654
       7.159       0.2882
       7.166       0.2109
       7.174       0.1142
       7.182      0.03694
       7.189     -0.05968
       7.197       -0.137
       7.204      -0.1949
       7.219      -0.2336
       7.227      -0.2529
       7.234      -0.2336
        7.25      -0.2143
       7.257      -0.2143
       7.265      -0.1949
        7.28      -0.1563
       7.287       -0.137
       7.302      -0.1176
        7.31      -0.1176
       7.318     -0.09832
       7.333       -0.137
        7.34      -0.1563
       7.348       -0.137
       7.355      -0.1176
       7.363     -0.05968
        7.37     -0.02103
       7.378    -0.001705
       7.393      0.05627
       7.401      0.07559
       7.416      0.07559
       7.423      0.07559
       7.431      0.09491
       7.446       0.1142
       7.454      0.09491
       7.469      0.05627
       7.484      0.03694
       7.491      0.03694
       7.506      0.03694
       7.514      0.01762
       7.529      0.05627
       7.537       0.1142
       7.544       0.1529
       7.559       0.1529
       7.567       0.1336
       7.582      0.09491
        7.59      0.05627
       7.597      0.01762
       7.605     -0.02103
        7.62     -0.05968
       7.627       -0.079
       7.642       -0.079
        7.65       -0.079
       7.658     -0.05968
       7.673     -0.04035
        7.68     -0.02103
       7.695      0.05627
        7.71       0.1142
       7.718       0.1142
       7.733      0.09491
       7.741      0.09491
       7.748       0.1142
       7.756       0.1336
       7.763       0.1722
       7.771       0.2302
       7.778       0.2688
       7.786       0.2882
       7.801       0.2302
       7.809       0.1915
       7.816       0.1142
       7.824      0.05627
       7.824     -0.02103
       7.831     -0.09832
       7.839      -0.1949
       7.846      -0.2722
       7.854      -0.3109
       7.862      -0.3302
       7.877      -0.3109
       7.892      -0.3109
       7.899      -0.3109
       7.907      -0.3109
       7.922      -0.3109
        7.93      -0.3109
       7.937      -0.2722
       7.952      -0.2336
        7.96      -0.1949
       7.967      -0.1563
       7.975     -0.09832
       7.982     -0.05968
        7.99     -0.02103
       7.998      0.05627
       8.005      0.09491
       8.013       0.1529
        8.02       0.2109
       8.028       0.2688
       8.035       0.3075
       8.043       0.3654
        8.05       0.3654
       8.058       0.3461
       8.066       0.3075
       8.073       0.2495
       8.081       0.1915
       8.088       0.1336
       8.096       0.1142
       8.111      0.09491
       8.118      0.05627
       8.126    -0.001705
       8.141     -0.04035
       8.149     -0.02103
       8.164      0.05627
       8.171      0.07559
       8.179       0.1142
       8.186       0.1336
       8.202       0.1722
       8.209       0.1722
       8.217       0.1915
       8.232       0.1915
       8.239       0.1722
       8.254       0.1915
       8.262       0.1722
        8.27       0.1142
       8.277      0.03694
       8.285     -0.05968
       8.292      -0.1176
         8.3      -0.1756
       8.307      -0.1949
       8.315      -0.2143
        8.33      -0.2722
       8.337      -0.3109
       8.345      -0.3495
        8.36      -0.3882
       8.368      -0.3882
       8.375      -0.3689
        8.39      -0.3302
       8.398      -0.2529
       8.405      -0.1949
       8.413     -0.09832
       8.421     -0.04035
       8.428      0.07559
       8.436       0.1142
       8.443       0.1529
       8.451       0.2109
       8.458       0.2495
       8.473       0.3075
       8.481       0.3268
       8.496       0.3268
       8.504       0.3461
       8.519       0.3461
       8.526       0.3075
       8.534       0.2495
       8.541       0.1915
       8.549      0.09491
       8.557      0.01762
       8.564     -0.04035
       8.572     -0.09832
       8.587      -0.1176
       8.594     -0.09832
       8.602     -0.05968
       8.609     -0.02103
       8.617      0.05627
       8.625      0.09491
       8.632       0.1336
        8.64       0.1529
       8.655       0.1722
        8.67       0.1336
       8.677       0.1142
       8.685      0.07559
       8.693     -0.02103
         8.7     -0.05968
       8.708      -0.1756
       8.715      -0.2722
       8.723      -0.3495
        8.73      -0.3882
       8.738      -0.4268
       8.745      -0.4075
       8.761      -0.3882
       8.768      -0.3689
       8.776      -0.3495
       8.783      -0.2916
       8.791      -0.2336
       8.798      -0.1563
       8.806      -0.1176
       8.813     -0.04035
       8.821      0.07559
       8.829       0.1722
       8.836       0.2302
       8.844       0.3075
       8.851       0.3461
       8.859       0.3848
       8.874       0.3654
       8.881       0.3268
       8.889       0.2688
       8.897       0.2109
       8.904       0.1529
       8.912       0.1142
       8.927      0.05627
       8.934      0.03694
       8.949      0.03694
       8.965      0.05627
