     0.01181     -0.05627
     0.02692     -0.05627
     0.04203     -0.05627
     0.04959     -0.07673
      0.0647     -0.05627
     0.07981     -0.03581
     0.08736     -0.01535
      0.1025     0.005115
        0.11      0.02558
      0.1251      0.04604
      0.1327       0.0665
      0.1478       0.1074
      0.1554       0.1279
      0.1705       0.1279
       0.178       0.1279
      0.1931       0.1483
      0.2082       0.1688
      0.2158       0.1688
      0.2234       0.1688
      0.2385       0.1688
       0.246       0.1688
      0.2611       0.1688
      0.2687       0.1688
      0.2838       0.1688
      0.2989       0.1688
       0.314       0.1483
      0.3216       0.1279
      0.3367      0.08696
      0.3442       0.0665
      0.3593      0.04604
      0.3745     0.005115
       0.382     0.005115
      0.4047     -0.03581
      0.4122     -0.01535
      0.4273      0.02558
      0.4349      0.04604
        0.45      0.04604
      0.4576      0.04604
      0.4727      0.02558
      0.4802      0.02558
      0.4953     0.005115
      0.5029     0.005115
       0.518     -0.03581
      0.5256     -0.03581
      0.5407     -0.05627
      0.5482     -0.05627
      0.5633     -0.05627
      0.5709     -0.05627
       0.586     -0.05627
      0.5936     -0.05627
      0.6087     -0.05627
      0.6162     -0.05627
      0.6238     -0.03581
      0.6389     -0.05627
      0.6464     -0.05627
      0.6615     -0.05627
      0.6691     -0.05627
      0.6767     -0.03581
      0.6918     -0.03581
      0.6993     -0.03581
      0.7144     -0.03581
       0.722     -0.03581
      0.7371     -0.03581
      0.7522     -0.01535
      0.7598     0.005115
      0.7824      0.04604
        0.79      0.04604
      0.8051      0.04604
      0.8126      0.04604
      0.8278      0.04604
      0.8353      0.04604
      0.8504      0.04604
       0.858      0.04604
      0.8655       0.0665
      0.8806       0.0665
      0.8882      0.04604
      0.9033      0.02558
       0.926      0.02558
      0.9486      0.04604
      0.9562      0.04604
      0.9713      0.02558
      0.9789     0.005115
       0.994     0.005115
       1.002     -0.01535
       1.009     -0.01535
       1.024     -0.03581
       1.032     -0.05627
       1.039     -0.05627
       1.054     -0.05627
       1.062     -0.05627
       1.077     -0.07673
       1.085     -0.05627
         1.1     -0.01535
       1.107     -0.01535
       1.115     0.005115
        1.13     -0.01535
       1.138     -0.01535
       1.153     -0.01535
        1.16     0.005115
       1.175     0.005115
       1.183     -0.01535
       1.206     -0.01535
       1.221     -0.03581
       1.228     -0.03581
       1.243     -0.03581
       1.251     -0.03581
       1.266     -0.01535
       1.274     0.005115
       1.289      0.02558
       1.296      0.04604
       1.319     0.005115
       1.326     0.005115
       1.342     -0.01535
       1.357     -0.01535
       1.364     0.005115
       1.379      0.04604
       1.387      0.04604
       1.402       0.0665
       1.409       0.1074
       1.425       0.1483
        1.44       0.2097
       1.447       0.2506
       1.462       0.2711
        1.47       0.2711
       1.485       0.2506
       1.493       0.2302
         1.5       0.2302
       1.515       0.1893
       1.523       0.1688
       1.538       0.1279
       1.545       0.1279
       1.561       0.1074
       1.568      0.08696
       1.583      0.08696
       1.606       0.0665
       1.613       0.0665
       1.629      0.02558
       1.636     0.005115
       1.651     0.005115
       1.666     -0.01535
       1.674     -0.01535
       1.689     -0.01535
       1.697     0.005115
       1.712     -0.01535
       1.719     -0.01535
       1.734     -0.05627
       1.742     -0.09719
       1.757      -0.1381
       1.765      -0.1586
       1.772      -0.1381
       1.787      -0.1176
       1.795      -0.1176
        1.81      -0.1176
       1.817      -0.1176
       1.825     -0.09719
        1.84     -0.07673
       1.848     -0.07673
       1.863     -0.07673
        1.87     -0.07673
       1.885     -0.07673
       1.901     -0.07673
       1.908     -0.05627
       1.923     -0.03581
       1.931     -0.03581
       1.946     -0.01535
       1.961     -0.03581
       1.969     -0.03581
       1.984     -0.03581
       1.991     -0.03581
       2.006     -0.03581
       2.014     -0.01535
       2.029     0.005115
       2.037     0.005115
       2.052     -0.01535
       2.059     -0.01535
       2.067     -0.01535
       2.082     -0.05627
       2.089     -0.07673
       2.097     -0.05627
       2.112     -0.03581
        2.12     -0.01535
       2.135      0.02558
       2.142       0.0665
        2.15       0.1074
       2.157       0.1483
       2.173       0.1688
        2.18       0.1893
       2.203       0.2097
       2.218       0.1688
       2.225       0.1483
       2.241       0.1279
       2.248       0.1279
       2.263       0.1074
       2.271      0.08696
       2.286      0.08696
       2.293      0.08696
       2.309      0.08696
       2.316      0.08696
       2.331       0.0665
       2.339       0.0665
       2.354      0.04604
       2.361      0.02558
       2.377     -0.01535
       2.384     -0.03581
       2.392     -0.03581
       2.407     -0.07673
       2.414     -0.09719
       2.422     -0.09719
       2.437     -0.09719
       2.445     -0.07673
        2.46     -0.03581
       2.467     -0.01535
       2.482     0.005115
       2.497      0.02558
       2.505      0.02558
        2.52     0.005115
       2.528     0.005115
       2.543     -0.03581
        2.55     -0.01535
       2.558      0.02558
       2.565       0.0665
       2.581       0.0665
       2.588       0.0665
       2.603      0.08696
       2.611       0.1074
       2.626       0.1074
       2.633      0.08696
       2.649      0.08696
       2.656      0.08696
       2.671      0.08696
       2.679      0.08696
       2.694       0.0665
       2.701       0.0665
       2.709       0.0665
       2.724      0.04604
       2.732      0.04604
       2.747     0.005115
       2.754     0.005115
       2.769     -0.01535
       2.777     0.005115
       2.792     0.005115
         2.8     0.005115
       2.815     0.005115
        2.83     -0.01535
       2.837     -0.01535
       2.853     -0.01535
        2.86     -0.01535
       2.875     -0.05627
       2.883     -0.07673
       2.898     -0.07673
       2.905     -0.07673
       2.921     -0.07673
       2.928     -0.07673
       2.943     -0.05627
       2.958     -0.07673
       2.966     -0.07673
       2.981     -0.07673
       2.989     -0.07673
       3.004     -0.05627
       3.011     -0.03581
       3.026     0.005115
       3.034      0.02558
       3.049      0.04604
       3.057      0.04604
       3.064       0.0665
       3.079       0.0665
       3.087       0.0665
       3.094       0.0665
       3.109      0.08696
       3.117       0.1074
       3.124       0.1483
       3.132       0.1893
       3.147       0.1893
       3.155       0.1893
       3.162       0.2097
       3.177       0.2097
       3.185       0.1893
         3.2       0.1483
       3.208       0.1074
       3.223      0.04604
        3.23     0.005115
       3.238     0.005115
       3.253     -0.03581
        3.26     -0.03581
       3.276     -0.05627
       3.283     -0.07673
       3.298     -0.07673
       3.313     -0.09719
       3.321     -0.07673
       3.336     -0.07673
       3.344     -0.07673
       3.359     -0.07673
       3.366     -0.07673
       3.381     -0.07673
       3.389     -0.07673
       3.404     -0.07673
       3.412     -0.05627
       3.427     -0.05627
       3.434     -0.03581
       3.442     -0.01535
       3.457      0.02558
       3.464      0.04604
        3.48      0.04604
       3.487      0.02558
       3.502     0.005115
        3.51     0.005115
       3.525     0.005115
       3.532     0.005115
       3.548     0.005115
       3.555     0.005115
        3.57      0.02558
       3.578      0.04604
         3.6       0.0665
       3.608      0.08696
       3.623       0.1074
       3.631       0.1074
       3.638       0.1279
       3.653       0.1279
       3.661       0.1279
       3.668       0.1483
       3.684       0.1483
       3.691       0.1483
       3.706       0.1483
       3.721       0.1074
       3.729      0.08696
       3.744      0.04604
       3.752      0.04604
       3.767     0.005115
       3.774     0.005115
       3.789      0.04604
       3.804      0.04604
        3.82     0.005115
       3.827     0.005115
       3.835     0.005115
        3.85     0.005115
       3.857     0.005115
       3.872     -0.01535
        3.88     -0.03581
       3.895     -0.03581
       3.903     -0.03581
        3.91     -0.03581
       3.925     -0.05627
       3.933     -0.05627
       3.948     -0.05627
       3.956     -0.07673
       3.971     -0.05627
       3.986     -0.05627
       3.993     -0.05627
       4.008     -0.05627
       4.016     -0.05627
       4.031     -0.05627
       4.039     -0.05627
       4.054     -0.05627
       4.061     -0.05627
       4.076     -0.05627
       4.084     -0.05627
       4.099     -0.07673
       4.107     -0.07673
       4.122     -0.07673
       4.129     -0.05627
       4.137     -0.03581
       4.152     -0.03581
        4.16     -0.03581
       4.167     0.005115
       4.182      0.04604
       4.197       0.0665
       4.205      0.08696
        4.22       0.1074
       4.228       0.1074
       4.235       0.1074
        4.25      0.08696
       4.258       0.1074
       4.273       0.1279
       4.288       0.1279
       4.296       0.1074
       4.311       0.1074
       4.318       0.1074
       4.326       0.1074
       4.341       0.0665
       4.348      0.04604
       4.364     0.005115
       4.371     0.005115
       4.386     0.005115
       4.401     -0.01535
       4.409     -0.03581
       4.416     -0.03581
       4.432     -0.07673
       4.439     -0.07673
       4.447     -0.05627
       4.454     -0.01535
       4.462       0.0665
       4.462     0.005115
       4.469      0.08696
       4.484       0.1074
       4.492       0.1074
       4.507       0.1074
       4.515       0.1279
        4.53       0.1483
       4.537       0.1483
       4.545       0.1483
        4.56       0.1074
       4.568       0.1074
       4.583      0.08696
       4.598       0.0665
       4.605       0.0665
        4.62       0.0665
       4.628      0.04604
       4.643      0.04604
       4.651     0.005115
       4.658     0.005115
       4.673     -0.01535
       4.681     -0.03581
       4.688     -0.03581
       4.704     -0.05627
       4.711     -0.05627
       4.726     -0.05627
       4.734     -0.05627
       4.749     -0.05627
       4.756     -0.05627
       4.772     -0.05627
       4.779     -0.05627
       4.787     -0.03581
       4.802     -0.01535
       4.809     -0.01535
       4.817     0.005115
       4.832     0.005115
       4.839     0.005115
       4.855     0.005115
        4.87     0.005115
       4.885     0.005115
       4.892     -0.01535
         4.9     -0.01535
       4.915     -0.05627
       4.923     -0.05627
       4.938     -0.07673
       4.945     -0.07673
       4.953     -0.05627
       4.968     -0.03581
       4.975     -0.01535
       4.991     0.005115
       4.998     0.005115
       5.013     0.005115
       5.021     0.005115
       5.036     0.005115
       5.043     0.005115
       5.059     0.005115
       5.066     0.005115
       5.081     0.005115
       5.089     0.005115
       5.096     0.005115
       5.111     -0.03581
       5.119     -0.05627
       5.134     -0.05627
       5.142     -0.03581
       5.157     -0.01535
       5.164     0.005115
       5.179     0.005115
       5.195      0.04604
       5.217     0.005115
       5.225     0.005115
        5.24     -0.01535
       5.247     -0.01535
       5.263     -0.01535
        5.27     -0.03581
       5.285     -0.03581
       5.293     -0.03581
       5.308     -0.01535
       5.315     -0.01535
       5.331     -0.01535
       5.338     0.005115
       5.353      0.04604
       5.361       0.0665
       5.376       0.1074
       5.383       0.1279
       5.391       0.1688
       5.399       0.2097
       5.414       0.2097
       5.421       0.2097
       5.429       0.2097
       5.444       0.1893
       5.451       0.1688
       5.467       0.1893
       5.482       0.2097
       5.489       0.2097
       5.497       0.2097
       5.512       0.1688
       5.519       0.1688
       5.535       0.1483
       5.542       0.1279
       5.557      0.08696
       5.565      0.04604
       5.572     0.005115
        5.58     0.005115
       5.595     -0.01535
       5.603     -0.03581
       5.618     -0.03581
       5.625     -0.03581
        5.64     -0.03581
       5.648     -0.01535
       5.663     -0.01535
       5.671     -0.03581
       5.686     -0.05627
       5.693     -0.05627
       5.708     -0.07673
       5.716     -0.07673
       5.731     -0.09719
       5.739      -0.1176
       5.746      -0.1176
       5.761      -0.1176
       5.769      -0.1176
       5.784      -0.1176
       5.799      -0.1176
       5.814     -0.07673
       5.822     -0.05627
       5.837     -0.05627
       5.844     -0.05627
       5.859     -0.05627
       5.867     -0.05627
       5.882     -0.05627
        5.89     -0.05627
       5.905     -0.05627
       5.912     -0.05627
       5.927     -0.03581
       5.943     -0.03581
        5.95     -0.03581
       5.958     -0.01535
       5.973     -0.01535
        5.98     -0.01535
       5.995     -0.03581
       6.003     -0.03581
       6.018     -0.03581
       6.026     -0.01535
       6.041     0.005115
       6.048     0.005115
       6.056       0.0665
       6.071       0.1074
       6.079       0.1279
       6.094       0.1893
       6.109       0.2097
       6.116       0.1893
       6.124       0.1893
       6.139       0.1688
       6.147       0.1893
       6.162       0.2097
       6.169       0.2097
       6.177       0.2097
       6.199       0.1893
       6.207       0.1893
       6.222       0.1688
        6.23       0.1483
       6.245      0.08696
       6.252      0.08696
       6.267       0.0665
       6.275       0.0665
       6.283       0.0665
       6.298      0.04604
       6.305      0.02558
        6.32     -0.01535
       6.328     -0.01535
       6.343     -0.03581
       6.351     -0.03581
       6.366     -0.05627
       6.373     -0.05627
       6.396     -0.05627
       6.403     -0.05627
       6.419     -0.05627
       6.426     -0.07673
       6.441     -0.07673
       6.449     -0.07673
       6.464     -0.09719
       6.471     -0.09719
       6.479     -0.07673
       6.494     -0.05627
       6.502     -0.05627
       6.517     -0.05627
       6.524     -0.03581
       6.539     -0.01535
       6.547     0.005115
       6.562     0.005115
        6.57     -0.01535
       6.577     -0.01535
       6.592     -0.03581
         6.6     -0.05627
       6.615     -0.05627
       6.622     -0.03581
       6.638     -0.03581
       6.645     -0.01535
        6.66     0.005115
       6.668     0.005115
       6.683     -0.01535
        6.69     -0.01535
       6.706     -0.01535
       6.713     -0.01535
       6.728     -0.01535
       6.736     -0.01535
       6.743     0.005115
       6.758     0.005115
       6.766     0.005115
       6.781     0.005115
       6.789     0.005115
       6.804     0.005115
       6.811      0.02558
       6.819       0.0665
       6.826       0.1074
       6.842       0.1279
       6.849       0.1279
       6.857       0.1483
       6.872       0.1893
       6.879       0.1893
       6.894       0.1893
       6.902       0.1893
       6.917       0.1893
       6.925       0.1893
        6.94       0.1688
       6.955       0.1483
       6.962       0.1279
       6.978       0.1074
       6.993       0.1074
           7       0.1074
       7.015       0.0665
       7.023     0.005115
       7.038     -0.03581
       7.046     -0.07673
       7.053     -0.07673
       7.068     -0.09719
       7.076     -0.09719
       7.083     -0.07673
       7.098     -0.07673
       7.106     -0.07673
       7.121     -0.07673
       7.129     -0.07673
       7.136     -0.05627
       7.151     -0.01535
       7.159     0.005115
       7.174      0.02558
       7.182      0.02558
       7.197     0.005115
       7.204     0.005115
       7.219     -0.03581
       7.227     -0.03581
       7.242     -0.07673
        7.25     -0.07673
       7.265     -0.09719
       7.272     -0.09719
       7.287     -0.09719
       7.295     -0.07673
        7.31     -0.07673
       7.318     -0.07673
       7.333     -0.07673
        7.34     -0.07673
       7.355     -0.05627
       7.363     -0.05627
       7.378     -0.05627
       7.393     -0.03581
       7.408     -0.01535
       7.423     -0.01535
       7.431     -0.01535
       7.446     -0.01535
       7.454     -0.01535
       7.469     0.005115
       7.484       0.0665
       7.491       0.1074
       7.506       0.1483
       7.514       0.1688
       7.529       0.1893
       7.537       0.2097
       7.552       0.2097
       7.559       0.2097
       7.574       0.2097
        7.59       0.1688
       7.597       0.1483
       7.612       0.1074
        7.62      0.08696
       7.635      0.08696
        7.65       0.0665
       7.658      0.04604
       7.673     0.005115
        7.68     0.005115
       7.695     0.005115
       7.703     0.005115
       7.718     -0.01535
       7.726     -0.01535
       7.733     -0.01535
       7.748     -0.01535
       7.756     -0.01535
       7.771     -0.01535
       7.778     -0.01535
       7.794     -0.03581
       7.801     -0.05627
       7.816     -0.09719
       7.824     -0.09719
       7.839     -0.07673
       7.846     -0.05627
       7.862     -0.03581
       7.869     -0.03581
       7.877     -0.01535
       7.892     -0.01535
       7.899     -0.01535
       7.907     -0.01535
       7.922     -0.03581
        7.93     -0.03581
       7.937     -0.03581
       7.952     -0.05627
        7.96     -0.05627
       7.975     -0.03581
       7.982     -0.01535
        7.99     0.005115
       8.005      0.02558
       8.013      0.04604
        8.02       0.0665
       8.028       0.1074
       8.035       0.1279
        8.05       0.1279
       8.058       0.1074
       8.073       0.1074
       8.081       0.1074
       8.096       0.1279
       8.103       0.1279
       8.118       0.1074
       8.126       0.1074
       8.134       0.1074
       8.149       0.0665
       8.156      0.04604
       8.179      0.04604
       8.186      0.04604
       8.202      0.04604
       8.209      0.04604
       8.232     0.005115
       8.239     0.005115
       8.254     -0.01535
        8.27     -0.03581
       8.277     -0.03581
       8.292     -0.03581
         8.3     -0.03581
       8.307     -0.03581
       8.322     -0.05627
        8.33     -0.07673
       8.345     -0.05627
        8.36     -0.07673
       8.368     -0.07673
        8.39     -0.07673
       8.398     -0.05627
       8.413     -0.05627
       8.421     -0.05627
       8.428     -0.03581
       8.443     -0.05627
       8.451     -0.05627
       8.466     -0.03581
       8.473     -0.01535
       8.489     -0.01535
       8.496     0.005115
       8.504      0.02558
       8.519      0.08696
       8.526       0.1074
       8.534       0.1074
       8.549      0.08696
       8.557      0.08696
       8.572      0.08696
       8.579      0.08696
       8.594       0.1074
       8.602       0.1074
       8.617      0.08696
       8.625      0.08696
        8.64      0.04604
       8.647      0.04604
       8.662     0.005115
        8.67     0.005115
       8.693      0.02558
       8.723      0.02558
       8.738     0.005115
       8.753     -0.01535
       8.761     0.005115
       8.776       0.0665
       8.791       0.1074
       8.798       0.1074
       8.806       0.1074
       8.821       0.0665
       8.829      0.04604
       8.836       0.0665
       8.844      0.08696
       8.859       0.1483
       8.866       0.1483
       8.881       0.1483
       8.889       0.1483
       8.904       0.1279
       8.912       0.1279
       8.927      0.08696
       8.934       0.0665
       8.957     -0.01535
       8.965     -0.01535
