     0.01181      0.03581
     0.01937      0.07487
     0.02692       0.1335
     0.03448        0.153
     0.04203        0.192
     0.04959       0.2311
      0.0647       0.2311
     0.07225       0.2506
     0.08736       0.2702
     0.09492       0.2506
      0.1025       0.2116
        0.11        0.153
      0.1176      0.07487
      0.1251     -0.02279
      0.1327     -0.08138
      0.1402        -0.14
      0.1478       -0.179
      0.1629       -0.179
      0.1705      -0.1595
       0.178        -0.14
      0.1931      -0.1009
      0.2007     -0.08138
      0.2082     -0.04232
      0.2158     -0.02279
      0.2309      0.03581
      0.2385      0.05534
      0.2536      0.05534
      0.2611      0.07487
      0.2762       0.1139
      0.2838       0.1335
      0.2989       0.1335
       0.314      0.07487
      0.3216      0.07487
      0.3367       0.1139
      0.3518        0.153
      0.3593       0.1335
      0.3669      0.07487
      0.3745      0.01628
       0.382     -0.06185
      0.3896        -0.14
      0.3971      -0.2181
      0.4047      -0.2571
      0.4122      -0.2962
      0.4198      -0.3157
      0.4273      -0.2962
      0.4349      -0.2376
      0.4424       -0.179
        0.45      -0.1204
      0.4576     -0.08138
      0.4727     -0.04232
      0.4802     -0.06185
      0.4878     -0.04232
      0.5029      0.01628
      0.5104      0.07487
       0.518       0.1139
      0.5256       0.1335
      0.5407       0.0944
      0.5482      0.05534
      0.5633      0.03581
      0.5709      0.05534
       0.586      0.05534
      0.5936      0.05534
      0.6087      0.05534
      0.6238    -0.003255
      0.6313     -0.02279
      0.6464     -0.06185
       0.654      -0.1009
      0.6691      -0.1204
      0.6767      -0.1009
      0.6842     -0.08138
      0.6918     -0.02279
      0.6993      0.03581
      0.7069      0.07487
      0.7144       0.1335
       0.722       0.1725
      0.7295       0.2311
      0.7371       0.2702
      0.7447       0.3092
      0.7598       0.3483
      0.7673       0.3483
      0.7749       0.3483
        0.79       0.3092
      0.7975       0.3092
      0.8126       0.2311
      0.8202        0.153
      0.8278      0.07487
      0.8353     -0.04232
      0.8429      -0.1204
      0.8504      -0.1986
       0.858      -0.2767
      0.8655      -0.3353
      0.8731      -0.3743
      0.8806      -0.3939
      0.8958      -0.3548
      0.9033      -0.2767
      0.9109      -0.2181
      0.9184        -0.14
       0.926     -0.08138
      0.9335    -0.003255
      0.9411      0.07487
      0.9486        0.153
      0.9562        0.192
      0.9713        0.192
      0.9789       0.1725
       0.994       0.1725
       1.009        0.192
       1.017        0.192
       1.032       0.1335
       1.039      0.07487
       1.047      0.03581
       1.054    -0.003255
       1.062     -0.04232
        1.07     -0.08138
       1.077      -0.1009
       1.092     -0.08138
         1.1      -0.1009
       1.107        -0.14
       1.115       -0.179
       1.122      -0.2376
        1.13      -0.2767
       1.138      -0.2962
       1.153      -0.2962
        1.16      -0.2767
       1.175      -0.2571
       1.183      -0.2376
        1.19      -0.2181
       1.198      -0.1595
       1.206      -0.1009
       1.213     -0.02279
       1.221      0.07487
       1.228       0.1335
       1.236       0.1725
       1.243       0.2116
       1.251       0.2506
       1.266       0.2897
       1.274       0.2897
       1.289       0.2311
       1.296       0.2116
       1.304       0.1725
       1.311       0.1335
       1.319       0.0944
       1.326      0.05534
       1.334      0.01628
       1.349     -0.04232
       1.357     -0.06185
       1.364      -0.1204
       1.372      -0.1595
       1.379      -0.1986
       1.394      -0.2376
       1.402      -0.2376
       1.409      -0.1986
       1.417       -0.179
       1.425      -0.1204
       1.432     -0.06185
        1.44      0.01628
       1.447      0.07487
       1.455       0.1139
       1.462       0.1139
        1.47       0.1139
       1.485       0.0944
       1.493       0.1139
         1.5        0.153
       1.508        0.192
       1.515       0.2116
        1.53       0.2702
       1.538       0.2897
       1.553       0.2897
       1.561       0.2506
       1.568        0.192
       1.576        0.153
       1.583       0.0944
       1.591      0.05534
       1.598    -0.003255
       1.606     -0.06185
       1.613      -0.1009
       1.621      -0.1595
       1.629      -0.1986
       1.644      -0.2376
       1.651      -0.2376
       1.666       -0.179
       1.674        -0.14
       1.681     -0.08138
       1.689     -0.04232
       1.697      0.01628
       1.704      0.05534
       1.712      0.07487
       1.727      0.05534
       1.734      0.05534
       1.749      0.07487
       1.757      0.07487
       1.772      0.07487
        1.78       0.0944
       1.787       0.1335
       1.795        0.192
       1.802       0.2311
       1.817        0.192
       1.825       0.1139
       1.833      0.01628
        1.84     -0.06185
       1.848      -0.1204
       1.855      -0.1595
       1.863       -0.179
       1.878      -0.1986
       1.893       -0.179
       1.901        -0.14
       1.908      -0.1009
       1.916      -0.1009
       1.931     -0.08138
       1.938     -0.06185
       1.946     -0.04232
       1.961      0.01628
       1.969      0.01628
       1.984      0.03581
       1.991      0.03581
       2.006      0.03581
       2.014      0.05534
       2.021      0.07487
       2.037       0.1139
       2.044       0.0944
       2.052      0.05534
       2.059      0.03581
       2.074      0.01628
       2.082      0.01628
       2.089      0.01628
       2.105     -0.02279
       2.112     -0.04232
       2.127     -0.02279
       2.142      0.01628
        2.15      0.03581
       2.157      0.07487
       2.165      0.07487
        2.18      0.07487
       2.195      0.03581
       2.203      0.03581
       2.218    -0.003255
       2.225     -0.02279
       2.241     -0.04232
       2.256     -0.02279
       2.263    -0.003255
       2.278    -0.003255
       2.286     -0.04232
       2.309     -0.04232
       2.316     -0.02279
       2.339      0.03581
       2.346      0.05534
       2.361      0.05534
       2.369      0.07487
       2.384       0.1139
       2.399        0.153
       2.414       0.2311
       2.422       0.2506
       2.437       0.2897
       2.445       0.2897
       2.452       0.2506
        2.46        0.192
       2.467       0.1139
       2.475      0.03581
       2.482     -0.04232
        2.49      -0.1009
       2.497      -0.1595
       2.513      -0.1986
        2.52      -0.2181
       2.535      -0.2181
       2.543      -0.2181
       2.558      -0.2376
       2.565      -0.1986
       2.573        -0.14
       2.581     -0.08138
       2.588     -0.04232
       2.596    -0.003255
       2.603      0.01628
       2.618      0.05534
       2.633       0.1139
       2.641        0.153
       2.656        0.192
       2.664        0.192
       2.679       0.2311
       2.694        0.153
       2.701      0.07487
       2.709     -0.02279
       2.717     -0.08138
       2.724        -0.14
       2.732       -0.179
       2.739      -0.1986
       2.754      -0.2181
       2.762      -0.1986
       2.769      -0.1595
       2.777        -0.14
       2.785      -0.1204
       2.792     -0.08138
         2.8     -0.02279
       2.815      0.01628
       2.822      0.01628
       2.837      0.03581
       2.853      0.03581
        2.86      0.03581
       2.868      0.05534
       2.883       0.0944
       2.898       0.1335
       2.905       0.1335
       2.913       0.1139
       2.921      0.07487
       2.928      0.03581
       2.936     -0.02279
       2.943     -0.06185
       2.958     -0.08138
       2.966     -0.04232
       2.981    -0.003255
       2.989      0.01628
       3.004      0.01628
       3.011      0.01628
       3.026    -0.003255
       3.034    -0.003255
       3.041      0.01628
       3.049      0.05534
       3.057       0.0944
       3.064        0.153
       3.072        0.192
       3.079       0.2506
       3.094       0.3092
       3.102       0.2897
       3.109       0.2506
       3.117        0.192
       3.124       0.1335
       3.132      0.07487
        3.14    -0.003255
       3.147     -0.08138
       3.155      -0.1595
       3.162      -0.2376
        3.17      -0.3157
       3.185      -0.3353
       3.192      -0.3157
       3.208      -0.2962
       3.215      -0.2767
       3.223      -0.2376
        3.23      -0.2181
       3.238       -0.179
       3.245      -0.1204
       3.253     -0.04232
        3.26      0.05534
       3.268       0.1335
       3.276       0.2311
       3.283       0.3092
       3.291       0.3483
       3.298       0.3678
       3.306       0.3288
       3.313       0.2506
       3.321       0.1725
       3.328      0.07487
       3.336      0.01628
       3.344     -0.02279
       3.351     -0.04232
       3.366     -0.08138
       3.374     -0.08138
       3.389     -0.04232
       3.396     -0.02279
       3.404      0.05534
       3.412       0.1139
       3.419        0.153
       3.434        0.192
       3.442        0.153
       3.449       0.0944
       3.457      0.03581
       3.464     -0.02279
       3.472     -0.06185
        3.48     -0.08138
       3.495     -0.06185
       3.502     -0.04232
       3.517     -0.06185
       3.525     -0.06185
        3.54     -0.06185
       3.548     -0.02279
       3.563    -0.003255
        3.57    -0.003255
       3.585      0.01628
         3.6     -0.02279
       3.608     -0.04232
       3.616    -0.003255
       3.631      0.03581
       3.638      0.05534
       3.646      0.07487
       3.661       0.0944
       3.668       0.0944
       3.684       0.0944
       3.691       0.0944
       3.706      0.07487
       3.714      0.03581
       3.721     -0.02279
       3.729     -0.06185
       3.744     -0.06185
       3.752     -0.04232
       3.767    -0.003255
       3.774      0.03581
       3.782       0.0944
       3.789        0.153
       3.797        0.192
       3.812        0.192
        3.82        0.153
       3.827       0.1139
       3.835       0.0944
        3.85      0.05534
       3.857      0.03581
       3.865    -0.003255
       3.872     -0.04232
        3.88     -0.08138
       3.888      -0.1204
       3.895       -0.179
       3.903      -0.2181
        3.91      -0.2571
       3.925      -0.2962
       3.933      -0.2767
        3.94      -0.2571
       3.948      -0.2181
       3.956       -0.179
       3.963        -0.14
       3.971      -0.1009
       3.978     -0.06185
       3.986     -0.02279
       3.993      0.05534
       4.001       0.0944
       4.016       0.1139
       4.024       0.1335
       4.039       0.1139
       4.046       0.1139
       4.054       0.1335
       4.069       0.1725
       4.076        0.192
       4.092        0.153
       4.099      0.07487
       4.107      0.01628
       4.114     -0.04232
       4.129     -0.08138
       4.137     -0.06185
       4.144     -0.02279
       4.152      0.03581
       4.167      0.05534
       4.175      0.01628
        4.19      0.01628
       4.197      0.03581
       4.205      0.03581
       4.212    -0.003255
        4.22     -0.04232
       4.235      -0.1009
       4.243     -0.08138
       4.258     -0.04232
       4.265     -0.04232
       4.273     -0.08138
       4.296     -0.06185
       4.303    -0.003255
       4.311      0.05534
       4.318       0.1139
       4.326        0.153
       4.341       0.1725
       4.348        0.153
       4.364       0.1335
       4.371        0.153
       4.379        0.192
       4.386       0.2311
       4.394       0.2702
       4.401       0.2506
       4.409        0.192
       4.416       0.1139
       4.424      0.01628
       4.432     -0.06185
       4.439      -0.1595
       4.447      -0.2376
       4.462      -0.2376
       4.469      -0.2181
       4.477      -0.1595
       4.484      -0.1595
         4.5      -0.1595
       4.507        -0.14
       4.522      -0.1009
        4.53     -0.08138
       4.537     -0.06185
       4.545     -0.04232
       4.552    -0.003255
        4.56      0.07487
       4.568       0.1335
       4.575       0.1725
       4.583       0.2116
        4.59       0.2116
       4.598        0.192
       4.605        0.153
        4.62       0.1139
       4.628       0.0944
       4.643      0.05534
       4.651      0.01628
       4.666     -0.04232
       4.673     -0.08138
       4.688        -0.14
       4.696      -0.1595
       4.704      -0.1986
       4.711      -0.2376
       4.719      -0.2767
       4.726      -0.2962
       4.734      -0.2767
       4.741      -0.2181
       4.749      -0.1595
       4.756      -0.1204
       4.764     -0.06185
       4.772     -0.04232
       4.779    -0.003255
       4.787      0.03581
       4.794       0.0944
       4.802       0.1725
       4.809       0.2506
       4.817       0.2897
       4.824       0.3288
       4.839       0.3092
       4.847       0.3092
       4.862       0.2897
        4.87       0.2506
       4.877       0.2116
       4.885       0.1335
       4.892      0.07487
       4.907      0.03581
       4.915      0.01628
       4.923     -0.02279
        4.93     -0.08138
       4.938        -0.14
       4.945       -0.179
       4.953      -0.2181
       4.968      -0.2181
       4.983      -0.1986
       4.991       -0.179
       5.006        -0.14
       5.013        -0.14
       5.021      -0.1009
       5.028     -0.08138
       5.036     -0.04232
       5.043      0.01628
       5.051      0.05534
       5.059       0.1139
       5.066        0.153
       5.074       0.1725
       5.081       0.2116
       5.089       0.2311
       5.096       0.2702
       5.104       0.3092
       5.119       0.2897
       5.127       0.2506
       5.134        0.192
       5.142       0.1335
       5.149       0.0944
       5.157      0.05534
       5.164     -0.02279
       5.172     -0.06185
       5.179      -0.1204
       5.187      -0.1595
       5.202      -0.2181
       5.217      -0.2571
       5.225      -0.2376
        5.24      -0.1986
       5.247        -0.14
       5.255     -0.06185
       5.263      0.01628
        5.27      0.05534
       5.278      0.07487
       5.285      0.05534
       5.293    -0.003255
         5.3     -0.06185
       5.308     -0.08138
       5.323      -0.1009
       5.331     -0.06185
       5.346    -0.003255
       5.353      0.05534
       5.361       0.1139
       5.368        0.192
       5.376       0.2506
       5.391       0.2702
       5.399       0.2506
       5.414       0.2116
       5.421       0.2116
       5.436       0.1335
       5.444      0.03581
       5.451      -0.1009
       5.459      -0.2376
       5.467      -0.3353
       5.474      -0.3939
       5.489      -0.3743
       5.504      -0.3157
       5.512      -0.2767
       5.519      -0.2181
       5.527       -0.179
       5.535      -0.1595
        5.55        -0.14
       5.557        -0.14
       5.572      -0.1204
       5.587     -0.08138
       5.595     -0.02279
       5.603      0.03581
        5.61      0.07487
       5.618       0.1139
       5.625        0.153
       5.633       0.2116
        5.64       0.2506
       5.648       0.2897
       5.655       0.3483
       5.671       0.3288
       5.678       0.2897
       5.686       0.2311
       5.693       0.1725
       5.708       0.1139
       5.716       0.0944
       5.723      0.07487
       5.739      0.01628
       5.746    -0.003255
       5.761      0.01628
       5.769      0.05534
       5.776      0.07487
       5.784       0.1139
       5.791        0.153
       5.799       0.1725
       5.807       0.2116
       5.814       0.2506
       5.829       0.2116
       5.837       0.1335
       5.844      0.07487
       5.852    -0.003255
       5.859     -0.04232
       5.867     -0.08138
       5.882        -0.14
        5.89      -0.1595
       5.897      -0.1986
       5.905      -0.2181
        5.92      -0.2571
       5.927      -0.2767
       5.935      -0.2571
       5.943      -0.2376
        5.95       -0.179
       5.958      -0.1204
       5.965     -0.04232
       5.973    -0.003255
       5.988      0.05534
       5.995      0.07487
       6.003       0.1139
       6.011        0.153
       6.018        0.192
       6.033       0.2116
       6.041       0.2311
       6.056       0.2311
       6.063       0.2116
       6.071       0.1725
       6.079       0.1335
       6.086       0.0944
       6.094      0.05534
       6.101    -0.003255
       6.109     -0.04232
       6.124     -0.06185
       6.131     -0.06185
       6.147     -0.02279
       6.154      0.01628
       6.169      0.03581
       6.177      0.01628
       6.192     -0.02279
       6.199    -0.003255
       6.207      0.01628
       6.222      0.07487
        6.23      0.07487
       6.237      0.05534
       6.245      0.01628
       6.252     -0.04232
        6.26      -0.1009
       6.267        -0.14
        6.29       -0.179
       6.298        -0.14
       6.305      -0.1009
       6.313     -0.06185
        6.32     -0.02279
       6.328      0.01628
       6.335      0.07487
       6.343       0.1139
       6.351        0.153
       6.366       0.2116
       6.373       0.2311
       6.381       0.2506
       6.396        0.192
       6.403        0.153
       6.411       0.0944
       6.419      0.05534
       6.426      0.01628
       6.434     -0.02279
       6.449     -0.08138
       6.456      -0.1009
       6.464      -0.1009
       6.479      -0.1595
       6.487       -0.179
       6.502      -0.1986
       6.517       -0.179
       6.524      -0.1595
       6.532      -0.1009
       6.539     -0.04232
       6.547    -0.003255
       6.555      0.03581
        6.57       0.0944
       6.577       0.1139
       6.585        0.153
       6.592        0.153
       6.607       0.1335
       6.615       0.1335
        6.63        0.153
       6.645        0.153
       6.653        0.153
       6.668       0.1335
       6.675       0.0944
       6.683      0.05534
        6.69    -0.003255
       6.698     -0.06185
       6.706      -0.1204
       6.713      -0.1595
       6.721       -0.179
       6.736      -0.1595
       6.743        -0.14
       6.758      -0.1009
       6.766     -0.08138
       6.774     -0.04232
       6.781     -0.02279
       6.789      0.03581
       6.796       0.0944
       6.804        0.153
       6.819       0.2116
       6.826        0.192
       6.834       0.1335
       6.842       0.0944
       6.849      0.03581
       6.857     -0.02279
       6.872     -0.04232
       6.879     -0.02279
       6.887      0.01628
       6.902      0.07487
        6.91       0.1139
       6.925       0.1139
       6.932       0.0944
       6.947      0.03581
       6.955    -0.003255
       6.962     -0.04232
        6.97      -0.1009
       6.978      -0.1204
       6.985      -0.1009
       6.993     -0.08138
       7.008     -0.02279
       7.015    -0.003255
        7.03      0.03581
       7.046       0.0944
       7.053       0.0944
       7.061       0.0944
       7.068      0.05534
       7.076      0.01628
       7.083     -0.04232
       7.091      -0.1009
       7.098      -0.1595
       7.106      -0.2181
       7.121      -0.2571
       7.129      -0.2376
       7.144      -0.1986
       7.151      -0.1595
       7.159      -0.1009
       7.166     -0.04232
       7.174      0.01628
       7.182      0.05534
       7.189       0.1139
       7.204       0.1725
       7.212        0.192
       7.219       0.2116
       7.234       0.2702
       7.242       0.2897
        7.25       0.3092
       7.265       0.2506
       7.272       0.2116
        7.28        0.153
       7.287       0.1139
       7.295      0.05534
       7.302      0.01628
       7.318     -0.02279
       7.325     -0.02279
       7.333     -0.06185
        7.34      -0.1009
       7.348      -0.1595
       7.355      -0.1986
        7.37      -0.1986
       7.378      -0.1595
       7.386        -0.14
       7.393     -0.08138
       7.401     -0.04232
       7.408    -0.003255
       7.423      0.01628
       7.431      0.01628
       7.446      0.03581
       7.454      0.03581
       7.469      0.05534
       7.484      0.05534
       7.491      0.05534
       7.506       0.1335
       7.514       0.1725
       7.522       0.2311
       7.522        0.192
       7.529       0.2311
       7.537        0.192
       7.544        0.153
       7.552       0.0944
       7.559      0.03581
       7.567    -0.003255
       7.574     -0.04232
       7.582      -0.1009
        7.59      -0.1595
       7.597      -0.2181
       7.605      -0.2962
        7.62      -0.3548
       7.627      -0.3548
       7.635      -0.3353
       7.642      -0.2962
        7.65      -0.2571
       7.658      -0.2181
       7.665       -0.179
       7.673      -0.1204
        7.68     -0.06185
       7.688      0.01628
       7.695       0.0944
       7.703       0.1725
        7.71       0.2116
       7.718       0.2506
       7.733       0.2897
       7.741       0.2897
       7.748       0.2897
       7.756       0.2506
       7.763       0.2116
       7.771       0.1725
       7.778       0.1139
       7.786      0.07487
       7.794      0.03581
       7.801      0.01628
       7.816      0.01628
       7.824      0.01628
       7.839    -0.003255
       7.846    -0.003255
       7.854    -0.003255
       7.869     -0.02279
       7.884     -0.06185
       7.892      -0.1009
       7.899      -0.1204
       7.914      -0.1595
       7.922        -0.14
       7.937      -0.1009
       7.945     -0.08138
       7.952     -0.06185
        7.96     -0.02279
       7.967      0.01628
       7.982      0.03581
        7.99      0.03581
       8.005      0.07487
       8.013       0.1139
        8.02        0.153
       8.035       0.1139
       8.043      0.07487
        8.05      0.05534
       8.058      0.01628
       8.066     -0.02279
       8.081     -0.06185
       8.088     -0.08138
       8.096     -0.06185
       8.103     -0.02279
       8.118      0.03581
       8.126      0.03581
       8.141    -0.003255
       8.149    -0.003255
       8.164    -0.003255
       8.171     -0.02279
       8.186     -0.02279
       8.194    -0.003255
       8.209    -0.003255
       8.217    -0.003255
       8.224    -0.003255
       8.239     -0.04232
       8.247     -0.06185
       8.262     -0.06185
        8.27     -0.06185
       8.285     -0.04232
       8.292     -0.04232
       8.307     -0.04232
       8.322     -0.04232
        8.33     -0.02279
       8.345    -0.003255
       8.353      0.03581
        8.36      0.05534
       8.368       0.0944
       8.375        0.153
       8.383       0.2116
        8.39       0.2702
       8.398       0.3092
       8.413       0.3678
       8.421       0.3678
       8.436       0.3288
       8.443       0.2702
       8.451       0.2311
       8.458        0.192
       8.466       0.1139
       8.473      0.05534
       8.481     -0.02279
       8.489     -0.06185
       8.496      -0.1204
       8.504       -0.179
       8.511      -0.2376
       8.519      -0.2767
       8.534      -0.3157
       8.541      -0.2767
       8.549      -0.2376
       8.557      -0.1986
       8.564      -0.1595
       8.572      -0.1595
       8.587      -0.1986
       8.594       -0.179
       8.602        -0.14
       8.609      -0.1009
       8.617     -0.06185
       8.632     -0.04232
        8.64     -0.02279
       8.647      0.01628
       8.655      0.07487
       8.662       0.1139
        8.67       0.1725
       8.677       0.2311
       8.685       0.3092
       8.693       0.3678
         8.7       0.4264
       8.715       0.4459
       8.723       0.3874
        8.73       0.3092
       8.738       0.2311
       8.745        0.153
       8.753      0.07487
       8.761    -0.003255
       8.768     -0.08138
       8.776      -0.1595
       8.783      -0.2181
       8.791      -0.2376
       8.806      -0.2767
       8.813      -0.2767
       8.821      -0.2571
       8.836      -0.2181
       8.844       -0.179
       8.851        -0.14
       8.859      -0.1009
       8.866     -0.06185
       8.874     -0.02279
       8.881      0.01628
       8.889      0.05534
       8.897       0.0944
       8.912       0.1139
       8.919       0.1139
       8.934       0.1139
       8.942       0.1335
       8.949       0.1725
       8.965       0.2506
