     0.01181     -0.01535
     0.01937      0.01535
     0.02692      0.01535
     0.04203      0.02558
     0.04959      0.04604
     0.05714       0.0665
      0.0647      0.08696
     0.07981       0.1074
     0.08736       0.1074
     0.09492       0.1074
        0.11       0.1176
      0.1176       0.1483
      0.1251       0.1483
      0.1327       0.1381
      0.1402      0.09719
      0.1478      0.05627
      0.1554    -0.005115
      0.1629     -0.05627
      0.1705      -0.1074
       0.178      -0.1586
      0.1856      -0.1995
      0.1931      -0.2302
      0.2007      -0.2506
      0.2158      -0.2302
      0.2234      -0.1995
      0.2309      -0.1586
      0.2385      -0.1074
       0.246     -0.05627
      0.2536      0.02558
      0.2536     -0.02558
      0.2611       0.0665
      0.2687       0.1279
      0.2762        0.179
      0.2838       0.1995
      0.2913       0.1995
      0.2989       0.1893
      0.3065       0.1688
       0.314       0.1381
      0.3216       0.1074
      0.3367      0.08696
      0.3442      0.09719
      0.3593       0.1074
      0.3669      0.07673
      0.3745      0.03581
      0.3745    -0.005115
       0.382     -0.05627
      0.3896      -0.1586
      0.3971      -0.2404
      0.4047      -0.3223
      0.4122      -0.3427
      0.4273      -0.2916
      0.4349      -0.2199
      0.4424      -0.1483
        0.45     -0.07673
      0.4576      0.02558
      0.4576     -0.02558
      0.4651      0.05627
      0.4727       0.1176
      0.4802       0.1483
      0.4953       0.1688
      0.5029       0.1688
       0.518       0.1586
      0.5256       0.1586
      0.5407       0.1688
      0.5558       0.1893
      0.5633       0.1995
      0.5709       0.1688
      0.5784       0.1074
       0.586      0.04604
       0.586     -0.01535
      0.5936     -0.05627
      0.6011      -0.1279
      0.6087       -0.179
      0.6162      -0.1995
      0.6238      -0.2097
      0.6313      -0.1995
      0.6389      -0.1688
      0.6464      -0.1279
       0.654     -0.08696
      0.6615     -0.03581
      0.6691     0.005115
      0.6767      0.04604
      0.6842      0.08696
      0.6918       0.1176
      0.7069       0.1381
      0.7144       0.1176
      0.7295      0.09719
      0.7371      0.09719
      0.7522       0.1074
      0.7598      0.07673
      0.7673      0.03581
      0.7673    -0.005115
      0.7749     -0.05627
      0.7824      -0.1176
        0.79       -0.179
      0.7975      -0.2302
      0.8051      -0.2506
      0.8126      -0.2302
      0.8202       -0.179
      0.8278      -0.1074
      0.8353      0.01535
      0.8353     -0.03581
      0.8429      0.04604
      0.8504      0.09719
       0.858       0.1176
      0.8655       0.1279
      0.8806       0.1176
      0.8882      0.09719
      0.8958      0.07673
      0.9033       0.0665
      0.9184       0.0665
       0.926      0.04604
      0.9335     0.005115
      0.9411      -0.0665
      0.9486      -0.1586
      0.9562      -0.2302
      0.9637      -0.2711
      0.9713      -0.2609
      0.9789      -0.2199
      0.9864      -0.1586
       0.994      -0.1074
       1.002     -0.05627
       1.009     -0.01535
       1.017      0.01535
       1.017    -0.005115
       1.024      0.03581
       1.032      0.05627
       1.039      0.07673
       1.047      0.09719
       1.054       0.1074
       1.062       0.1074
       1.077      0.07673
       1.092       0.0665
         1.1      0.07673
       1.107      0.05627
       1.115      0.03581
       1.115     -0.01535
       1.122     -0.05627
        1.13      -0.1279
       1.138      -0.1893
       1.145      -0.2097
       1.153      -0.2097
        1.16      -0.1893
       1.168      -0.1483
       1.175     -0.09719
       1.183      0.01535
       1.183     -0.03581
        1.19      0.04604
       1.198      0.07673
       1.206       0.1176
       1.213       0.1381
       1.228       0.1688
       1.236        0.179
       1.251       0.1893
       1.258       0.1688
       1.266       0.1176
       1.274      0.05627
       1.281      0.01535
       1.281     -0.03581
       1.289     -0.07673
       1.296      -0.1279
       1.304      -0.1586
       1.311      -0.1995
       1.319      -0.2302
       1.326      -0.2302
       1.334      -0.1995
       1.342      -0.1483
       1.349     -0.07673
       1.357      0.02558
       1.357     -0.02558
       1.364      0.03581
       1.372      0.07673
       1.387      0.08696
       1.394      0.08696
       1.409       0.1176
       1.417       0.1381
       1.425       0.1688
       1.432       0.1893
        1.44       0.2097
       1.455       0.1893
       1.462       0.1483
        1.47       0.1074
       1.477      0.04604
       1.485      0.01535
       1.485     -0.04604
       1.493      -0.1279
         1.5      -0.2199
       1.508      -0.2813
       1.515       -0.312
       1.523      -0.2916
        1.53      -0.2506
       1.538      -0.1893
       1.545      -0.1074
       1.553     -0.04604
       1.561      0.01535
       1.561     -0.01535
       1.568      0.03581
       1.576       0.0665
       1.583       0.1074
       1.591       0.1483
       1.598       0.1893
       1.606       0.2199
       1.613       0.2506
       1.621       0.2711
       1.636       0.2711
       1.644       0.2199
       1.651       0.1483
       1.659       0.0665
       1.659    -0.005115
       1.666      0.01535
       1.666     -0.05627
       1.674      -0.1483
       1.681      -0.2199
       1.689      -0.2813
       1.697       -0.312
       1.712      -0.3223
       1.719      -0.3018
       1.727      -0.2609
       1.734      -0.1893
       1.742      -0.1176
       1.749     -0.04604
       1.757      0.03581
       1.757    -0.005115
       1.765      0.07673
       1.772       0.1381
        1.78        0.179
       1.787       0.2199
       1.795       0.2404
       1.802       0.2711
        1.81       0.2813
       1.817       0.2609
       1.825       0.2199
       1.833       0.1688
        1.84      0.08696
       1.848      0.01535
       1.855      -0.0665
       1.863      -0.1279
        1.87       -0.179
       1.878      -0.2199
       1.885      -0.2404
       1.901      -0.2199
       1.908      -0.1893
       1.916      -0.1586
       1.923      -0.1074
       1.931      -0.0665
       1.938     -0.02558
       1.946      0.03581
       1.953       0.0665
       1.961       0.1074
       1.969       0.1279
       1.984       0.1381
       1.991       0.1381
       2.006       0.1586
       2.014       0.1586
       2.021       0.1483
       2.029       0.1279
       2.037      0.09719
       2.044      0.05627
       2.052      0.02558
       2.059    -0.005115
       2.067     -0.02558
       2.074     -0.03581
       2.089     -0.04604
       2.097      -0.0665
       2.105     -0.09719
       2.112      -0.1279
        2.12      -0.1586
       2.135      -0.1586
       2.142      -0.1381
        2.15      -0.1074
       2.157      -0.0665
       2.165     -0.04604
        2.18    -0.005115
       2.188      0.01535
       2.195      0.05627
       2.203       0.1074
        2.21       0.1586
       2.218       0.1893
       2.225       0.1995
       2.233       0.1893
       2.241       0.1688
       2.248       0.1483
       2.256       0.1279
       2.263       0.1176
       2.271      0.09719
       2.278       0.0665
       2.286      0.03581
       2.286    -0.005115
       2.293     -0.03581
       2.301     -0.08696
       2.309      -0.1279
       2.316      -0.1586
       2.324       -0.179
       2.339      -0.1893
       2.346      -0.1688
       2.354      -0.1381
       2.361     -0.09719
       2.369     -0.07673
       2.377     -0.04604
       2.384     -0.03581
       2.392     -0.02558
       2.399    -0.005115
       2.407      0.01535
       2.422      0.03581
       2.429      0.02558
       2.445      0.01535
       2.452      0.02558
        2.46      0.03581
       2.467      0.07673
       2.475       0.1074
       2.482       0.1381
        2.49       0.1688
       2.497        0.179
       2.505       0.1586
       2.513       0.1279
        2.52      0.08696
       2.528      0.04604
       2.535      0.01535
       2.543     -0.01535
        2.55     -0.05627
       2.558     -0.07673
       2.573     -0.09719
       2.581     -0.09719
       2.596      -0.1176
       2.603      -0.1279
       2.618      -0.1279
       2.626      -0.1074
       2.633     -0.07673
       2.641     -0.03581
       2.649      0.01535
       2.649     -0.01535
       2.656      0.04604
       2.664      0.08696
       2.671       0.1176
       2.686       0.1074
       2.694      0.07673
       2.701      0.04604
       2.709      0.02558
       2.709    -0.005115
       2.717     -0.01535
       2.724     -0.03581
       2.732     -0.05627
       2.739     -0.05627
       2.747     -0.02558
       2.754      0.04604
       2.754    -0.005115
       2.762      0.09719
       2.769       0.1279
       2.777       0.1279
       2.785       0.1176
         2.8      0.09719
       2.807      0.08696
       2.822       0.0665
        2.83      0.04604
       2.837      0.02558
       2.837    -0.005115
       2.845     -0.02558
       2.853     -0.05627
        2.86     -0.07673
       2.868     -0.07673
       2.875     -0.05627
       2.883     -0.03581
       2.898     -0.03581
       2.905     -0.04604
       2.921     -0.03581
       2.928     -0.01535
       2.936      0.02558
       2.943      0.05627
       2.951      0.07673
       2.958      0.09719
       2.973       0.1176
       2.981       0.1176
       2.989      0.09719
       2.996      0.04604
       3.004      0.01535
       3.004     -0.03581
       3.011     -0.07673
       3.019      -0.1074
       3.026      -0.1074
       3.034     -0.08696
       3.041      -0.0665
       3.057     -0.04604
       3.064     -0.04604
       3.072     -0.02558
       3.079     -0.01535
       3.094      0.01535
       3.102      0.01535
       3.117      0.01535
       3.124      0.02558
       3.132      0.03581
        3.14       0.0665
       3.147      0.08696
       3.162      0.09719
        3.17      0.07673
       3.177      0.05627
       3.185      0.02558
       3.192      0.01535
       3.208    -0.005115
       3.215     -0.01535
       3.223     -0.03581
        3.23     -0.05627
       3.238     -0.07673
       3.253     -0.09719
        3.26     -0.09719
       3.276      -0.0665
       3.283      -0.0665
       3.298      -0.0665
       3.306     -0.05627
       3.313     -0.04604
       3.328     -0.04604
       3.336     -0.08696
       3.344      -0.1176
       3.351      -0.1279
       3.359      -0.1074
       3.366      -0.0665
       3.374     -0.03581
       3.389    -0.005115
       3.396     0.005115
       3.404      0.03581
       3.412       0.0665
       3.419       0.1074
       3.427       0.1279
       3.434       0.1483
       3.442       0.1586
       3.449       0.1586
       3.464       0.1381
       3.472       0.1176
        3.48      0.09719
       3.487       0.0665
       3.495      0.03581
       3.495    -0.005115
       3.502     -0.02558
        3.51      -0.0665
       3.517     -0.09719
       3.525      -0.1279
       3.532      -0.1381
       3.548      -0.1381
       3.555      -0.1279
       3.563      -0.1074
        3.57     -0.08696
       3.578     -0.05627
       3.585     -0.02558
       3.593     0.005115
         3.6      0.02558
       3.616      0.04604
       3.623      0.04604
       3.638       0.0665
       3.646      0.07673
       3.661      0.05627
       3.668      0.03581
       3.668    -0.005115
       3.676     -0.01535
       3.684     -0.04604
       3.691     -0.07673
       3.706     -0.09719
       3.714     -0.08696
       3.721      -0.0665
       3.729     -0.03581
       3.736     -0.01535
       3.744      0.02558
       3.752      0.03581
       3.767      0.05627
       3.774      0.05627
       3.789      0.07673
       3.797       0.1074
       3.804       0.1279
        3.82       0.1483
       3.827       0.1381
       3.842       0.1074
        3.85       0.0665
       3.857     0.005115
       3.865      -0.0665
       3.872      -0.1483
        3.88      -0.2199
       3.888      -0.2711
       3.895      -0.2711
       3.903      -0.2506
        3.91      -0.2097
       3.918      -0.1586
       3.925      -0.1176
       3.933     -0.07673
        3.94     -0.03581
       3.948      0.01535
       3.948    -0.005115
       3.956      0.04604
       3.963      0.09719
       3.971       0.1483
       3.978        0.179
       3.986       0.1995
       4.001       0.2097
       4.008       0.2097
       4.024       0.2097
       4.031       0.1893
       4.039       0.1483
       4.046      0.09719
       4.054      0.04604
       4.054    -0.005115
       4.061     -0.03581
       4.069     -0.09719
       4.076      -0.1279
       4.092      -0.1279
       4.099      -0.1176
       4.114      -0.1176
       4.122      -0.1176
       4.129      -0.1074
       4.137     -0.08696
       4.144     -0.05627
       4.152      0.01535
       4.152     -0.01535
        4.16      0.03581
       4.167      0.05627
       4.182      0.07673
        4.19      0.07673
       4.205      0.07673
       4.212       0.0665
        4.22      0.04604
       4.228      0.02558
       4.235    -0.005115
        4.25     0.005115
       4.258      0.03581
       4.265      0.05627
        4.28      0.07673
       4.288      0.07673
       4.303      0.05627
       4.311      0.05627
       4.318       0.0665
       4.333      0.07673
       4.341      0.04604
       4.348     0.005115
       4.356     -0.04604
       4.364     -0.08696
       4.371      -0.1176
       4.379      -0.1381
       4.386      -0.1381
       4.394      -0.1176
       4.401     -0.07673
       4.409     -0.03581
       4.416     0.005115
       4.424      0.02558
       4.432      0.04604
       4.447      0.02558
       4.454      0.01535
       4.462    -0.005115
       4.469    -0.005115
       4.484     -0.02558
       4.492     -0.02558
       4.507     -0.03581
       4.515     -0.02558
       4.522     -0.01535
       4.537    -0.005115
       4.545     -0.01535
       4.552     -0.05627
        4.56     -0.09719
       4.568      -0.1279
       4.583      -0.1074
        4.59     -0.07673
       4.598     -0.03581
       4.605      0.01535
       4.613      0.04604
        4.62      0.08696
       4.628       0.1074
       4.643       0.1176
       4.651       0.1074
       4.658       0.1074
       4.673      0.07673
       4.681      0.04604
       4.688      0.01535
       4.688     -0.02558
       4.696      -0.0665
       4.704      -0.1176
       4.711      -0.1586
       4.719      -0.1893
       4.726      -0.2199
       4.734      -0.2404
       4.741      -0.2506
       4.756      -0.2404
       4.764      -0.1893
       4.772      -0.1279
       4.779     -0.04604
       4.787      0.03581
       4.787    -0.005115
       4.794      0.08696
       4.802       0.1381
       4.809       0.1688
       4.824       0.1995
       4.832       0.2199
       4.839       0.2404
       4.847       0.2711
       4.855        0.312
       4.862       0.3427
        4.87       0.3325
       4.877       0.3018
       4.885       0.2609
       4.892       0.2097
         4.9       0.1688
       4.907       0.1279
       4.915      0.05627
       4.923      0.02558
       4.923     -0.03581
        4.93      -0.1176
       4.938      -0.2097
       4.945      -0.2609
       4.953      -0.2813
        4.96      -0.2609
       4.968      -0.1995
       4.975      -0.1279
       4.983      -0.0665
       4.991     -0.01535
       4.998      0.02558
       5.006      0.03581
       5.013      0.05627
       5.021      0.07673
       5.036      0.09719
       5.043      0.09719
       5.051      0.07673
       5.066      0.04604
       5.074      0.04604
       5.089      0.04604
       5.096      0.02558
       5.104     0.005115
       5.111    -0.005115
       5.127    -0.005115
       5.134    -0.005115
       5.142    -0.005115
       5.149     -0.03581
       5.157     -0.05627
       5.164      -0.0665
       5.179     -0.07673
       5.187      -0.0665
       5.195     -0.03581
       5.202     -0.01535
        5.21      0.02558
       5.225      0.02558
       5.232     -0.01535
        5.24     -0.04604
       5.247      -0.0665
       5.263      -0.0665
        5.27     -0.05627
       5.278     -0.03581
       5.285     -0.01535
         5.3      0.01535
       5.308     0.005115
       5.315     -0.04604
       5.323      -0.1074
       5.331      -0.1688
       5.338      -0.2302
       5.346      -0.2609
       5.353      -0.2506
       5.361      -0.2199
       5.368      -0.1688
       5.376      -0.1176
       5.383      -0.0665
       5.391     -0.02558
       5.399      0.02558
       5.399    -0.005115
       5.406      0.05627
       5.414       0.1176
       5.421        0.179
       5.429       0.2302
       5.436       0.2609
       5.444       0.2609
       5.451       0.2609
       5.459       0.2404
       5.467       0.2199
       5.474       0.1995
       5.482       0.1586
       5.489       0.1176
       5.497      0.07673
       5.504      0.03581
       5.512     -0.01535
       5.519     -0.05627
       5.527      -0.1279
       5.535      -0.1995
       5.542      -0.2711
        5.55      -0.3325
       5.557      -0.3529
       5.565      -0.3223
       5.572      -0.2404
        5.58      -0.1483
       5.587     -0.05627
       5.595      0.03581
       5.595    -0.005115
       5.603       0.0665
        5.61       0.1074
       5.618       0.1483
       5.625       0.1893
       5.633       0.2302
        5.64       0.2506
       5.648       0.2506
       5.655       0.2302
       5.663       0.2097
       5.671       0.1586
       5.678       0.1074
       5.686      0.04604
       5.693     -0.02558
       5.701      -0.0665
       5.708      -0.1074
       5.716      -0.1586
       5.723      -0.1995
       5.731      -0.2199
       5.746      -0.1893
       5.754      -0.1483
       5.761     -0.09719
       5.769      0.01535
       5.769     -0.03581
       5.776      0.04604
       5.784      0.08696
       5.791       0.1074
       5.799       0.1074
       5.814      0.08696
       5.822      0.09719
       5.837      0.09719
       5.844      0.07673
       5.852      0.03581
       5.859     0.005115
       5.867     -0.01535
       5.882     -0.02558
        5.89     -0.02558
       5.905     -0.01535
       5.912     -0.01535
       5.927     -0.02558
       5.935     -0.02558
       5.943     -0.01535
        5.95      0.01535
       5.958      0.03581
       5.965      0.05627
       5.973      0.03581
        5.98     -0.02558
       5.988     -0.07673
       5.995      -0.1176
       6.003      -0.1483
       6.011      -0.1381
       6.018      -0.1279
       6.026     -0.09719
       6.033      -0.0665
       6.041     -0.02558
       6.048     0.005115
       6.056      0.03581
       6.063      0.05627
       6.071      0.07673
       6.079      0.09719
       6.094       0.1279
       6.101       0.1381
       6.116       0.1688
       6.124        0.179
       6.139       0.1483
       6.147      0.09719
       6.154      0.04604
       6.154    -0.005115
       6.162     -0.04604
       6.169      -0.1074
       6.177      -0.1483
       6.184      -0.1893
       6.192      -0.2097
       6.207      -0.2199
       6.215      -0.2097
       6.222       -0.179
        6.23      -0.1279
       6.237     -0.07673
       6.245     -0.03581
       6.252     0.005115
        6.26      0.03581
       6.267       0.0665
       6.275       0.1176
       6.283       0.1688
        6.29       0.2199
       6.298       0.2711
       6.305       0.3018
       6.313        0.312
        6.32       0.2916
       6.328       0.2609
       6.335       0.1995
       6.343       0.1381
       6.351       0.0665
       6.358      0.02558
       6.358     -0.02558
       6.366     -0.08696
       6.373      -0.1483
       6.381       -0.179
       6.403       -0.179
       6.411       -0.179
       6.426       -0.179
       6.434      -0.1586
       6.441      -0.1279
       6.449     -0.08696
       6.456     -0.03581
       6.464     0.005115
       6.471      0.02558
       6.479      0.04604
       6.494       0.0665
       6.502      0.05627
       6.509      0.03581
       6.524    -0.005115
       6.532     -0.01535
       6.547     -0.03581
       6.555     -0.02558
        6.57      0.02558
       6.577      0.03581
       6.585      0.05627
       6.592       0.0665
         6.6      0.09719
       6.607       0.1279
       6.615       0.1586
       6.622        0.179
        6.63       0.1586
       6.638       0.1176
       6.645      0.05627
       6.645    -0.005115
       6.653     -0.02558
        6.66     -0.09719
       6.668      -0.1279
        6.69      -0.1483
       6.698      -0.1586
       6.713      -0.1586
       6.721      -0.1483
       6.728      -0.1176
       6.736      -0.0665
       6.743      0.01535
       6.743     -0.02558
       6.751      0.04604
       6.758      0.09719
       6.766       0.1586
       6.774       0.1995
       6.781       0.2199
       6.796       0.1893
       6.804       0.1483
       6.811       0.1074
       6.819       0.0665
       6.826      0.03581
       6.834     0.005115
       6.842     -0.02558
       6.849      -0.0665
       6.857      -0.1074
       6.864      -0.1483
       6.872       -0.179
       6.879      -0.2097
       6.887      -0.2302
       6.902      -0.2199
        6.91       -0.179
       6.917      -0.1279
       6.925     -0.05627
       6.932     0.005115
        6.94      0.07673
       6.947       0.1279
       6.955       0.1893
       6.962       0.2302
        6.97       0.2506
       6.978       0.2506
       6.985       0.2302
           7       0.1995
       7.008       0.1995
       7.023       0.1483
        7.03       0.1074
       7.038      0.04604
       7.038    -0.005115
       7.046     -0.04604
       7.053      -0.1176
       7.061       -0.179
       7.068      -0.2199
       7.076      -0.2404
       7.091      -0.2199
       7.098      -0.1893
       7.106      -0.1483
       7.114     -0.09719
       7.121     -0.04604
       7.129     0.005115
       7.136      0.04604
       7.144      0.08696
       7.151       0.1074
       7.166       0.1381
       7.174       0.1381
       7.189       0.1381
       7.204       0.1176
       7.212       0.1176
       7.219      0.08696
       7.227      0.05627
       7.234      0.02558
       7.234    -0.005115
       7.242     -0.03581
        7.25      -0.1074
       7.257      -0.1688
       7.265      -0.2199
       7.272      -0.2404
        7.28      -0.2404
       7.287      -0.2199
       7.295      -0.1893
       7.302      -0.1586
        7.31      -0.1176
       7.318      -0.0665
       7.325     -0.02558
       7.333      0.02558
       7.333    -0.005115
        7.34      0.05627
       7.348      0.08696
       7.355       0.1176
       7.363       0.1688
        7.37       0.2097
       7.378       0.2302
       7.401       0.2506
       7.408       0.2302
       7.416       0.1995
       7.423       0.1483
       7.431      0.08696
       7.438      0.01535
       7.446     -0.04604
       7.454      -0.1074
       7.461      -0.1381
       7.469      -0.1483
       7.484      -0.1586
       7.491      -0.1586
       7.499      -0.1381
       7.506      -0.1279
       7.514     -0.09719
       7.522      -0.0665
       7.529     -0.03581
       7.537      0.02558
       7.537     -0.01535
       7.544      0.04604
       7.552      0.07673
       7.559      0.09719
       7.567      0.08696
       7.574       0.0665
       7.582      0.03581
        7.59     -0.01535
       7.597     -0.03581
       7.612     -0.05627
        7.62     -0.03581
       7.635     -0.01535
       7.642    -0.005115
       7.658      0.01535
       7.665      0.03581
       7.673      0.05627
        7.68       0.0665
       7.695      0.07673
       7.703       0.0665
        7.71      0.04604
       7.718      0.02558
       7.726    -0.005115
       7.733     -0.02558
       7.741     -0.05627
       7.748     -0.07673
       7.756      -0.1074
       7.763      -0.1279
       7.778      -0.1483
       7.786      -0.1483
       7.794      -0.1279
       7.801     -0.08696
       7.809     -0.03581
       7.816      0.04604
       7.816    -0.005115
       7.824      0.09719
       7.831       0.1483
       7.839       0.2097
       7.846       0.2506
       7.854       0.2711
       7.869       0.2609
       7.877       0.2302
       7.884       0.1688
       7.892       0.1074
       7.899      0.04604
       7.899     -0.01535
       7.907     -0.05627
       7.914      -0.1279
       7.922       -0.179
        7.93      -0.2097
       7.937      -0.2302
       7.945      -0.2506
       7.952      -0.2813
        7.96      -0.3018
       7.967      -0.2711
       7.975      -0.2097
       7.982      -0.1381
        7.99     -0.05627
       7.998      0.03581
       7.998     -0.01535
       8.005      0.08696
       8.013       0.1381
        8.02        0.179
       8.028       0.2199
       8.035       0.2506
       8.043       0.2711
        8.05       0.2711
       8.058       0.2404
       8.066       0.1893
       8.073       0.1381
       8.081      0.07673
       8.088      0.03581
       8.088    -0.005115
       8.096     -0.03581
       8.103      -0.1074
       8.111      -0.1688
       8.118      -0.2404
       8.126      -0.2916
       8.134      -0.3325
       8.141      -0.3529
       8.149      -0.3427
       8.156      -0.2813
       8.164      -0.2097
       8.171      -0.1279
       8.179     -0.04604
       8.186      0.04604
       8.186    -0.005115
       8.194      0.09719
       8.202       0.1688
       8.209       0.2302
       8.217       0.2711
       8.224       0.3018
       8.232       0.2916
       8.239       0.2711
       8.247       0.2302
       8.254       0.1893
       8.262       0.1279
        8.27      0.05627
       8.277      0.02558
       8.277     -0.02558
       8.285     -0.08696
       8.292      -0.1483
         8.3      -0.1893
       8.307      -0.2097
       8.315      -0.1995
       8.322      -0.1688
        8.33      -0.1279
       8.337     -0.08696
       8.345      -0.0665
       8.353     -0.04604
        8.36     -0.02558
       8.368    -0.005115
       8.375      0.02558
       8.383      0.04604
       8.398       0.0665
       8.405      0.08696
       8.413       0.1176
       8.421       0.1483
       8.428       0.1893
       8.436       0.1995
       8.443       0.1688
       8.451       0.1176
       8.458      0.05627
       8.458    -0.005115
       8.466     -0.05627
       8.473      -0.1381
       8.481      -0.1995
       8.489      -0.2302
       8.496      -0.2404
       8.504      -0.2302
       8.511      -0.1893
       8.519      -0.1483
       8.526      -0.1074
       8.534      -0.0665
       8.541     -0.02558
       8.549      0.01535
       8.557      0.05627
       8.564      0.09719
       8.572       0.1279
       8.579       0.1586
       8.587        0.179
       8.602        0.179
       8.609       0.1688
       8.617       0.1381
       8.625       0.1074
       8.632      0.05627
        8.64    -0.005115
       8.647      -0.0665
       8.655      -0.1074
       8.662      -0.1483
        8.67      -0.1688
       8.677       -0.179
       8.685      -0.1586
       8.693      -0.1279
         8.7     -0.07673
       8.708     -0.02558
       8.715      0.02558
       8.715    -0.005115
       8.723      0.05627
        8.73      0.08696
       8.738       0.1176
       8.745       0.1483
       8.753       0.1688
       8.761       0.1586
       8.768       0.1279
       8.776      0.07673
       8.783      0.03581
       8.783    -0.005115
       8.791     -0.01535
       8.798     -0.04604
       8.806     -0.04604
       8.813     -0.01535
       8.821      0.03581
       8.829       0.0665
       8.836      0.08696
       8.844       0.0665
       8.851      0.03581
       8.859      0.01535
       8.859     -0.01535
       8.866     -0.05627
       8.874     -0.08696
       8.881     -0.09719
       8.897     -0.03581
       8.904     0.005115
       8.912      0.05627
       8.919      0.08696
       8.934       0.0665
       8.942      0.03581
       8.957    -0.005115
       8.965    -0.005115
