     0.01181       0.3223
     0.03449       0.3792
     0.04205       0.4172
     0.05716       0.4552
     0.06472       0.4552
     0.07228       0.4552
      0.0874       0.4172
     0.09496       0.4172
      0.1025       0.3792
      0.1101       0.3412
      0.1176       0.2843
      0.1252       0.2083
      0.1327       0.1323
      0.1403      0.07526
      0.1479     -0.01973
      0.1554     -0.07673
       0.163     -0.09573
      0.1781      -0.1527
      0.1857      -0.1527
      0.1932      -0.1907
      0.2008      -0.2287
      0.2083      -0.2667
      0.2159      -0.2857
       0.231      -0.2857
      0.2386      -0.2667
      0.2461      -0.2097
      0.2537      -0.1527
      0.2612     -0.09573
      0.2688     -0.05773
      0.2764     -0.03873
      0.2915     -0.03873
       0.299     -0.03873
      0.3142     -0.07673
      0.3217      -0.1147
      0.3368      -0.1907
      0.3444      -0.2287
       0.352      -0.2857
      0.3595      -0.3427
      0.3671      -0.3997
      0.3746      -0.4187
      0.3897      -0.4187
      0.3973      -0.3807
      0.4049      -0.2667
      0.4124      -0.1527
        0.42      0.03727
        0.42     -0.03873
      0.4275       0.1133
      0.4351       0.2083
      0.4427       0.3223
      0.4502       0.3792
      0.4578       0.4362
      0.4653       0.4932
      0.4729       0.5312
      0.4804       0.5692
      0.4956       0.5692
      0.5031       0.5502
      0.5107       0.4932
      0.5182       0.4552
      0.5258       0.3792
      0.5334       0.3033
      0.5409       0.1893
      0.5485       0.1133
       0.556      0.01827
      0.5636     -0.03873
      0.5712     -0.07673
      0.5787      -0.1147
      0.5863      -0.1717
      0.5938      -0.2287
      0.6014      -0.2857
      0.6089      -0.3427
      0.6241      -0.3047
      0.6316      -0.2477
      0.6392      -0.2097
      0.6467      -0.1527
      0.6543     -0.07673
      0.6619      0.03727
      0.6619     -0.01973
      0.6694      0.07526
       0.677       0.1323
      0.6845       0.1703
      0.6921       0.1893
      0.6996       0.2083
      0.7148       0.1703
      0.7299       0.1133
      0.7374      0.07526
       0.745      0.03727
       0.745   -0.0007307
      0.7526     -0.01973
      0.7601     -0.05773
      0.7677     -0.09573
      0.7752      -0.1527
      0.7828      -0.1717
      0.7904      -0.2097
      0.7979      -0.2287
      0.8055      -0.2667
       0.813      -0.3427
      0.8206      -0.3997
      0.8281      -0.4187
      0.8357      -0.3427
      0.8433      -0.2287
      0.8508      -0.1147
      0.8584      0.05627
      0.8584     -0.03873
      0.8659       0.1133
      0.8735       0.2273
      0.8811       0.3412
      0.8886       0.4172
      0.8962       0.4932
      0.9037       0.5312
      0.9188       0.5692
      0.9264       0.5882
      0.9415       0.5692
      0.9491       0.5122
      0.9566       0.4742
      0.9642       0.4172
      0.9642       0.3602
      0.9718       0.3033
      0.9793       0.2083
      0.9869       0.1323
      0.9944      0.03727
       1.002     -0.07673
        1.01      -0.1717
       1.017      -0.3047
       1.025      -0.4567
       1.032      -0.5517
        1.04      -0.6087
       1.047      -0.5707
       1.055      -0.5137
       1.062      -0.4377
        1.07      -0.3617
       1.078      -0.2857
       1.085      -0.2287
       1.093      -0.1717
         1.1      -0.1337
       1.115     -0.07673
       1.123     -0.07673
       1.138     -0.07673
       1.146     -0.05773
       1.161     -0.01973
       1.176      0.05627
       1.183      0.07526
       1.191       0.1133
       1.199       0.1513
       1.214       0.1703
       1.221       0.1323
       1.229      0.07526
       1.229   -0.0007307
       1.236     -0.07673
       1.244      -0.1717
       1.251      -0.2097
       1.267      -0.1527
       1.274     -0.07673
       1.282      0.03727
       1.282     -0.01973
       1.289      0.09426
       1.297       0.1703
       1.304       0.2083
       1.319       0.2273
       1.327       0.2463
       1.335       0.2653
       1.342       0.3223
        1.35       0.3792
       1.357       0.4172
       1.365       0.4742
       1.372       0.4932
       1.387       0.4932
       1.395       0.4742
       1.403       0.4362
        1.41       0.3982
       1.418       0.3602
       1.425       0.2653
       1.433       0.1513
        1.44      0.01827
       1.448      -0.1147
       1.456      -0.2097
       1.463      -0.2477
       1.471      -0.2477
       1.486      -0.2477
       1.493      -0.2477
       1.501      -0.2477
       1.516      -0.2667
       1.524      -0.3047
       1.531      -0.3427
       1.539      -0.3807
       1.546      -0.4377
       1.554      -0.4757
       1.569      -0.4757
       1.576      -0.4377
       1.584      -0.3997
       1.592      -0.3427
       1.599      -0.3047
       1.607      -0.2667
       1.614      -0.2097
       1.622      -0.1527
       1.629      -0.1147
       1.637     -0.07673
       1.652     -0.07673
        1.66     -0.09573
       1.675      -0.1147
       1.682     -0.05773
        1.69      0.07526
        1.69   -0.0007307
       1.697       0.1513
       1.705       0.2653
       1.713       0.3792
        1.72       0.4742
       1.728       0.5312
       1.735       0.5692
       1.743       0.5692
        1.75       0.5312
       1.758       0.4932
       1.765       0.4172
       1.773       0.3412
       1.781       0.2463
       1.788       0.1513
       1.796      0.09426
       1.803      0.01827
       1.811     -0.03873
       1.818      -0.1147
       1.826      -0.2097
       1.833      -0.2667
       1.841      -0.3047
       1.849      -0.3427
       1.856      -0.3237
       1.871      -0.3237
       1.879      -0.3237
       1.886      -0.2857
       1.894      -0.1907
       1.901     -0.07673
       1.909      0.07526
       1.909   -0.0007307
       1.917       0.1323
       1.924       0.2083
       1.932       0.2653
       1.939       0.3223
       1.947       0.3792
       1.954       0.4172
       1.962       0.4362
       1.977       0.3982
       1.985       0.3602
           2       0.3033
       2.007       0.2653
       2.015       0.2273
        2.03       0.1893
       2.038       0.1513
       2.045       0.1133
       2.053      0.05627
       2.053   -0.0007307
        2.06     -0.05773
       2.068      -0.1717
       2.075      -0.2667
       2.083      -0.3807
        2.09      -0.4757
       2.098      -0.5137
       2.106      -0.5327
       2.113      -0.5137
       2.121      -0.4567
       2.128      -0.3997
       2.136      -0.3237
       2.143      -0.2477
       2.151      -0.1717
       2.158      -0.1337
       2.166     -0.09573
       2.181     -0.05773
       2.189     -0.05773
       2.204     -0.03873
       2.219   -0.0007307
       2.226      0.05627
       2.234      0.07526
       2.249       0.1323
       2.257       0.1513
       2.264       0.2083
       2.272       0.2463
       2.279       0.2843
       2.295       0.2463
       2.302       0.1703
        2.31       0.1323
       2.317       0.1133
       2.332       0.1513
        2.34       0.1703
       2.347       0.2083
       2.355       0.2463
        2.37       0.2273
       2.378       0.1893
       2.385       0.1133
       2.393      0.05627
         2.4      0.01827
       2.408     -0.01973
       2.415     -0.05773
       2.423      -0.1147
       2.431      -0.1527
       2.446      -0.1337
       2.453     -0.09573
       2.461     -0.03873
       2.468   -0.0007307
       2.476      0.03727
       2.491     -0.01973
       2.499     -0.05773
       2.506      -0.1147
       2.514      -0.1337
       2.521      -0.1147
       2.529     -0.03873
       2.536      0.05627
       2.536   -0.0007307
       2.544       0.1133
       2.552       0.1893
       2.559       0.2463
       2.574       0.2653
       2.582       0.2653
       2.589       0.2653
       2.604       0.2463
       2.612       0.2273
       2.627       0.1703
       2.635       0.1323
       2.642      0.07526
        2.65     -0.01973
       2.657     -0.05773
       2.665      -0.1147
       2.672      -0.1717
        2.68      -0.2287
       2.688      -0.2857
       2.695      -0.3237
       2.703      -0.3427
        2.71      -0.3807
       2.718      -0.3997
       2.725      -0.4187
       2.733      -0.4567
       2.748      -0.4377
       2.756      -0.3617
       2.763      -0.2857
       2.771      -0.2097
       2.778      -0.1337
       2.786     -0.03873
       2.793      0.07526
       2.793   -0.0007307
       2.801       0.1513
       2.809       0.2273
       2.816       0.2843
       2.831       0.3033
       2.839       0.3033
       2.854       0.3033
       2.861       0.3033
       2.869       0.3033
       2.884       0.2463
       2.892       0.1893
       2.899       0.1133
       2.907      0.05627
       2.907   -0.0007307
       2.914     -0.05773
       2.922      -0.1337
       2.929      -0.1907
       2.937      -0.2477
       2.945      -0.3047
       2.952      -0.3427
        2.96      -0.3617
       2.967      -0.3427
       2.975      -0.2667
       2.982      -0.1717
        2.99     -0.07673
       2.997      0.03727
       3.005       0.1323
       3.013       0.2273
        3.02       0.3223
       3.028       0.3982
       3.035       0.4362
        3.05       0.3982
       3.058       0.3602
       3.066       0.3033
       3.073       0.2843
       3.088       0.2463
       3.096       0.2463
       3.111       0.1893
       3.118       0.1513
       3.126      0.09426
       3.134      0.01827
       3.141     -0.03873
       3.149     -0.09573
       3.156      -0.1337
       3.164      -0.1527
       3.179      -0.1337
       3.186      -0.1147
       3.194     -0.05773
       3.202     -0.01973
       3.209      0.05627
       3.224      0.09426
       3.232      0.05627
       3.239     -0.01973
       3.247     -0.07673
       3.254      -0.1337
       3.262      -0.1717
       3.277      -0.2097
       3.285      -0.2287
       3.292      -0.2287
       3.307      -0.2477
       3.315      -0.2477
        3.33      -0.2857
       3.338      -0.3047
       3.345      -0.3427
       3.353      -0.3807
        3.36      -0.4187
       3.368      -0.4567
       3.375      -0.4757
       3.383      -0.4377
       3.391      -0.3807
       3.398      -0.2857
       3.406      -0.1907
       3.413      -0.1147
       3.421     -0.03873
       3.428      0.05627
       3.443      0.09426
       3.451       0.1133
       3.459       0.1323
       3.466       0.1703
       3.474       0.2273
       3.481       0.2653
       3.489       0.3223
       3.504       0.3602
       3.511       0.3412
       3.527       0.3033
       3.542       0.2653
       3.549       0.2273
       3.557       0.2273
       3.564       0.1893
       3.579       0.1513
       3.587       0.1323
       3.602       0.1323
        3.61       0.1323
       3.625       0.1323
       3.632       0.1513
        3.64       0.1893
       3.648       0.2463
       3.655       0.2843
       3.663       0.3223
       3.678       0.3412
       3.685       0.3223
       3.693       0.2653
         3.7       0.2083
       3.708       0.1513
       3.716      0.07526
       3.723      0.05627
       3.723   -0.0007307
       3.731     -0.01973
       3.738     -0.07673
       3.746      -0.1337
       3.753      -0.1907
       3.761      -0.2477
       3.768      -0.3047
       3.776      -0.3237
       3.791      -0.3427
       3.799      -0.3427
       3.814      -0.3047
       3.821      -0.2667
       3.829      -0.2097
       3.836      -0.1527
       3.844      -0.1147
       3.859     -0.09573
       3.867     -0.07673
       3.882     -0.05773
       3.889     -0.07673
       3.897      -0.1147
       3.905      -0.1717
       3.912      -0.2097
        3.92      -0.2097
       3.927      -0.1527
       3.935     -0.09573
       3.942     -0.03873
        3.95      0.05627
        3.95   -0.0007307
       3.957       0.1133
       3.965       0.1893
       3.973       0.2273
       3.988       0.2653
       3.995       0.2653
       4.003       0.2653
       4.018       0.3033
       4.025       0.3412
       4.033       0.3792
       4.048       0.3982
       4.056       0.3982
       4.071       0.3982
       4.086       0.3412
       4.101       0.3033
       4.109       0.2653
       4.116       0.2273
       4.124       0.1513
       4.131      0.09426
       4.139      0.05627
       4.139   -0.0007307
       4.146     -0.01973
       4.154     -0.07673
       4.162      -0.1527
       4.169      -0.2287
       4.177      -0.2857
       4.192      -0.3047
       4.199      -0.2477
       4.207      -0.1717
       4.214      -0.1147
       4.222     -0.03873
        4.23      0.03727
       4.237      0.09426
       4.245       0.1133
       4.252       0.1133
        4.26      0.07526
       4.267   -0.0007307
       4.275     -0.03873
       4.282     -0.07673
        4.29     -0.09573
       4.305      -0.1337
       4.313      -0.1717
        4.32      -0.2097
       4.328      -0.2477
       4.335      -0.2857
       4.343      -0.3237
       4.358      -0.3617
       4.366      -0.3617
       4.381      -0.3237
       4.388      -0.2857
       4.396      -0.2667
       4.411      -0.2857
       4.419      -0.2667
       4.426      -0.2287
       4.434      -0.1527
       4.441     -0.07673
       4.449      0.03727
       4.449     -0.01973
       4.456      0.09426
       4.464       0.1703
       4.471       0.2273
       4.479       0.2653
       4.487       0.2653
       4.502       0.2273
       4.509       0.2083
       4.524       0.1893
       4.532       0.1893
       4.547       0.1323
       4.555       0.1323
       4.562       0.1513
       4.577       0.1893
       4.592       0.2463
         4.6       0.2843
       4.615       0.3412
       4.623       0.3602
       4.638       0.3223
       4.645       0.2653
       4.653       0.1893
        4.66       0.1133
       4.668      0.05627
       4.668   -0.0007307
       4.676     -0.01973
       4.683     -0.07673
       4.691     -0.09573
       4.706     -0.07673
       4.713     -0.05773
       4.721     -0.01973
       4.736      0.03727
       4.744      0.05627
       4.759      0.03727
       4.766   -0.0007307
       4.774   -0.0007307
       4.789      0.01827
       4.796      0.05627
       4.804       0.1323
       4.812       0.1703
       4.819       0.2273
       4.834       0.2843
       4.842       0.2653
       4.849       0.2083
       4.857       0.1513
       4.864      0.07526
       4.872      0.05627
       4.872     -0.01973
        4.88     -0.07673
       4.887      -0.1527
       4.895      -0.2097
       4.902      -0.2667
        4.91      -0.3047
       4.917      -0.3617
       4.925      -0.3997
       4.932      -0.4377
        4.94      -0.4947
       4.948      -0.5327
       4.955      -0.5707
       4.963      -0.6277
        4.97      -0.6847
       4.985      -0.6657
       4.993      -0.5707
       5.001      -0.4187
       5.008      -0.2477
       5.016      -0.1147
       5.023      0.01827
       5.031       0.1323
       5.038       0.1893
       5.046       0.2083
       5.053       0.2083
       5.069       0.1703
       5.076       0.1323
       5.091      0.09426
       5.099      0.07526
       5.114      0.05627
       5.121      0.03727
       5.137      0.05627
       5.152      0.07526
       5.159      0.09426
       5.174       0.1133
       5.182       0.1323
       5.197       0.1133
       5.205       0.1133
       5.212       0.1513
        5.22       0.2083
       5.227       0.2843
       5.235       0.3412
        5.25       0.3792
       5.258       0.3982
       5.273       0.3982
       5.288       0.3223
       5.295       0.2463
       5.303       0.1703
        5.31       0.1133
       5.318      0.09426
       5.326      0.05627
       5.333      0.01827
       5.341     -0.03873
       5.348     -0.07673
       5.356      -0.1147
       5.363      -0.1527
       5.371      -0.1907
       5.378      -0.2287
       5.386      -0.2667
       5.394      -0.3047
       5.401      -0.3237
       5.416      -0.2857
       5.424      -0.2477
       5.431      -0.1907
       5.439      -0.1527
       5.446      -0.1147
       5.462     -0.05773
       5.469     -0.05773
       5.477     -0.03873
       5.492     -0.01973
       5.499     -0.01973
       5.515   -0.0007307
       5.522      0.03727
        5.53      0.05627
       5.537       0.1133
       5.545       0.1893
       5.552       0.2273
        5.56       0.2653
       5.575       0.1893
       5.583       0.1323
        5.59      0.07526
       5.598      0.03727
       5.605   -0.0007307
       5.613   -0.0007307
        5.62     -0.03873
       5.628     -0.07673
       5.635      -0.1337
       5.643      -0.1907
       5.651      -0.2287
       5.666      -0.2477
       5.673      -0.2287
       5.688      -0.1717
       5.696      -0.1907
       5.711      -0.1907
       5.719      -0.1717
       5.734      -0.1337
       5.741     -0.09573
       5.749     -0.05773
       5.756   -0.0007307
       5.764      0.03727
       5.772      0.05627
       5.779      0.09426
       5.787       0.1133
       5.802      0.09426
       5.809      0.05627
       5.817      0.01827
       5.824     -0.01973
        5.84     -0.01973
       5.847      0.03727
       5.855       0.1133
       5.862       0.1893
        5.87       0.2653
       5.877       0.3412
       5.885       0.3982
       5.892       0.4362
         5.9       0.4932
       5.915       0.4932
       5.923       0.4742
        5.93       0.4552
       5.945       0.3982
       5.953       0.3602
       5.968       0.3223
       5.976       0.3033
       5.991       0.2653
       5.998       0.2463
       6.013       0.2463
       6.029       0.1893
       6.036       0.1513
       6.044       0.1133
       6.051      0.05627
       6.059   -0.0007307
       6.066     -0.03873
       6.074     -0.07673
       6.081      -0.1337
       6.089      -0.1717
       6.097      -0.2287
       6.104      -0.3047
       6.112      -0.3807
       6.119      -0.4757
       6.127      -0.5707
       6.134      -0.6277
       6.142      -0.6847
       6.157      -0.6847
       6.165      -0.6467
       6.172      -0.5707
        6.18      -0.4757
       6.187      -0.3807
       6.195      -0.2667
       6.202      -0.2097
        6.21      -0.1337
       6.217     -0.09573
       6.225     -0.03873
        6.24     -0.01973
       6.248     -0.01973
       6.263     -0.07673
        6.27     -0.09573
       6.285     -0.03873
       6.301      0.05627
       6.308      0.07526
       6.323      0.09426
       6.331      0.09426
       6.338      0.09426
       6.354      0.09426
       6.361      0.09426
       6.376      0.09426
       6.384       0.1133
       6.391       0.1323
       6.399       0.1703
       6.406       0.2083
       6.414       0.2653
       6.422       0.3223
       6.429       0.3602
       6.437       0.4172
       6.437       0.3792
       6.452       0.4552
       6.459       0.4742
       6.482       0.4172
        6.49       0.3792
       6.497       0.3223
       6.505       0.2463
       6.512       0.1703
        6.52      0.07526
        6.52   -0.0007307
       6.527     -0.05773
       6.535      -0.1717
       6.542      -0.2667
        6.55      -0.3237
       6.558      -0.3807
       6.565      -0.4187
       6.573      -0.4567
       6.588      -0.4757
       6.595      -0.4377
       6.603      -0.4187
       6.611      -0.3617
       6.618      -0.2857
       6.626      -0.2097
       6.633      -0.1147
       6.641     -0.03873
       6.648      0.01827
       6.656      0.05627
       6.671       0.1133
       6.679       0.1323
       6.686       0.1703
       6.701       0.2083
       6.709       0.2273
       6.724       0.2463
       6.731       0.2463
       6.739       0.2083
       6.747       0.1323
       6.754      0.03727
       6.762     -0.05773
       6.769     -0.09573
       6.777      -0.1147
       6.784     -0.09573
       6.799     -0.05773
       6.807     -0.03873
       6.815     -0.01973
        6.83      0.03727
       6.837      0.05627
       6.845      0.07526
       6.852       0.1133
        6.86       0.1703
       6.868       0.2083
       6.875       0.2273
        6.89       0.2463
       6.898       0.2273
       6.905       0.2273
        6.92       0.1703
       6.928       0.1323
       6.936      0.07526
       6.943     -0.03873
       6.951     -0.09573
       6.958      -0.1907
       6.966      -0.2477
       6.981      -0.2287
       6.988      -0.1907
       6.996      -0.1527
       7.004      -0.1147
       7.019     -0.09573
       7.026     -0.07673
       7.034     -0.03873
       7.041   -0.0007307
       7.049      0.03727
       7.056      0.03727
       7.064      0.07526
       7.072      0.09426
       7.079       0.1513
       7.087       0.1893
       7.102       0.2273
       7.109       0.2273
       7.125       0.2273
       7.132       0.2273
       7.147       0.1513
       7.155      0.09426
       7.162      0.05627
       7.162     -0.01973
        7.17      -0.1147
       7.177      -0.2287
       7.185      -0.3427
       7.193      -0.4187
       7.208      -0.4187
       7.215      -0.3617
       7.223      -0.3047
        7.23      -0.2477
       7.238      -0.2097
       7.245      -0.1527
       7.253     -0.09573
       7.261     -0.05773
       7.268     -0.01973
       7.276      0.03727
       7.276   -0.0007307
       7.283      0.07526
       7.291       0.1323
       7.298       0.1703
       7.306       0.2083
       7.321       0.2653
       7.329       0.2653
       7.336       0.2653
       7.351       0.2083
       7.359       0.1703
       7.366       0.1323
       7.374      0.09426
       7.382      0.05627
       7.389     -0.01973
       7.397     -0.05773
       7.404      -0.1337
       7.412      -0.1907
       7.419      -0.2477
       7.427      -0.2857
       7.434      -0.3047
        7.45      -0.2477
       7.457      -0.1907
       7.465      -0.1337
       7.472     -0.07673
        7.48     -0.03873
       7.487      0.01827
       7.495      0.05627
       7.502      0.07526
        7.51       0.1133
       7.518       0.1513
       7.525       0.1893
       7.533       0.2273
       7.548       0.2653
       7.555       0.2653
        7.57       0.2083
       7.578       0.1703
       7.586       0.1323
       7.601      0.09426
       7.608      0.05627
       7.623     -0.01973
       7.631     -0.07673
       7.638      -0.1337
       7.646      -0.1907
       7.654      -0.2287
       7.661      -0.2477
       7.669      -0.2477
       7.676      -0.1907
       7.684      -0.1337
       7.691     -0.05773
       7.699      0.01827
       7.707      0.07526
       7.714       0.1323
       7.722       0.1893
       7.729       0.2273
       7.737       0.2463
       7.744       0.2463
       7.759       0.2083
       7.767       0.1893
       7.782       0.1513
        7.79       0.1703
       7.805       0.1703
       7.812       0.1513
        7.82       0.1513
       7.835       0.1323
       7.843       0.1323
        7.85      0.07526
       7.858      0.01827
       7.865     -0.05773
       7.873      -0.1527
        7.88      -0.2477
       7.888      -0.3047
       7.895      -0.3617
       7.903      -0.4187
       7.911      -0.4377
       7.926      -0.4377
       7.933      -0.3807
       7.941      -0.2857
       7.948      -0.2097
       7.956      -0.1337
       7.964     -0.05773
       7.971      0.03727
       7.971   -0.0007307
       7.979      0.07526
       7.986       0.1513
       7.994       0.2463
       8.001       0.3223
       8.009       0.3792
       8.016       0.4362
       8.024       0.4742
       8.039       0.5122
       8.047       0.5122
       8.062       0.4932
       8.069       0.4552
       8.077       0.3982
       8.084       0.3412
       8.092       0.2653
         8.1       0.1893
       8.107      0.09426
       8.115      0.03727
       8.115     -0.03873
       8.122      -0.1337
        8.13      -0.2667
       8.137      -0.3807
       8.145      -0.4567
       8.152      -0.5517
        8.16      -0.6087
       8.168      -0.6657
       8.183      -0.6847
        8.19      -0.6467
       8.198      -0.5517
       8.205      -0.4567
       8.213      -0.3427
       8.221      -0.2667
       8.228      -0.1907
       8.236      -0.1147
       8.243     -0.03873
       8.251      0.07526
       8.251   -0.0007307
       8.258       0.1323
       8.266       0.2083
       8.273       0.2463
       8.289       0.3033
       8.296       0.2843
       8.304       0.2463
       8.311       0.2083
       8.319       0.1703
       8.326       0.1133
       8.334      0.07526
       8.341      0.01827
       8.349     -0.01973
       8.357     -0.09573
       8.364      -0.1527
       8.372      -0.2287
       8.379      -0.3047
       8.387      -0.3617
       8.394      -0.3997
       8.402      -0.3997
       8.409      -0.3617
       8.417      -0.2667
       8.425      -0.1527
       8.432      0.03727
       8.432     -0.03873
        8.44      0.09426
       8.447       0.1703
       8.455       0.2463
       8.462       0.2843
        8.47       0.3223
       8.478       0.3602
       8.485       0.3792
         8.5       0.4552
       8.508       0.4742
       8.523       0.4742
        8.53       0.4742
       8.546       0.4552
       8.553       0.4362
       8.561       0.3982
       8.568       0.3602
       8.576       0.2843
       8.583       0.2083
       8.591       0.1323
       8.598      0.07526
       8.606     -0.01973
       8.614     -0.05773
       8.621      -0.1147
       8.629      -0.1527
       8.636      -0.1907
       8.644      -0.2097
       8.651      -0.2667
       8.659      -0.3237
       8.666      -0.3997
       8.674      -0.4567
       8.689      -0.4567
       8.697      -0.3997
       8.704      -0.3047
       8.712      -0.2477
       8.719      -0.1337
       8.727     -0.03873
       8.735      0.07526
       8.742       0.1133
        8.75       0.1703
       8.765       0.2273
       8.772       0.2653
        8.78       0.3033
       8.795       0.2843
       8.803       0.2463
        8.81       0.2083
       8.825       0.1703
       8.833       0.1323
       8.848       0.1133
       8.863       0.1133
       8.871       0.1133
       8.886      0.09426
       8.893      0.09426
       8.901      0.05627
       8.908     -0.01973
       8.916     -0.07673
       8.923      -0.1527
       8.931      -0.1907
       8.946      -0.1717
       8.954      -0.1337
       8.961     -0.07673
       8.969     -0.03873
       8.976      0.05627
