     0.01181     -0.01535
     0.03449     -0.01535
      0.0496     -0.01535
     0.05716    -0.005115
     0.06472      0.01535
     0.07228      0.05627
     0.07984      0.09719
      0.0874       0.1381
     0.09496       0.1381
      0.1101       0.1483
      0.1252       0.1176
      0.1327      0.07673
      0.1403      0.07673
      0.1554      0.03581
       0.163      0.01535
      0.1781    -0.005115
      0.1857    -0.005115
      0.2008    -0.005115
      0.2083    -0.005115
      0.2235    -0.005115
       0.231    -0.005115
      0.2461     -0.01535
      0.2537     -0.01535
      0.2612    -0.005115
      0.2764      0.03581
      0.2839      0.01535
      0.2915    -0.005115
      0.3066     -0.05627
      0.3142     -0.09719
      0.3293     -0.07673
      0.3368     -0.05627
       0.352     -0.03581
      0.3595     -0.05627
      0.3671     -0.03581
      0.3822    -0.005115
      0.3897      0.03581
      0.4049      0.07673
      0.4124      0.05627
        0.42      0.05627
      0.4275      0.01535
      0.4351     -0.01535
      0.4502     -0.07673
      0.4578     -0.09719
      0.4653     -0.07673
      0.4804     -0.03581
       0.488     -0.01535
      0.5031    -0.005115
      0.5107      0.01535
      0.5258      0.03581
      0.5334      0.03581
      0.5485      0.03581
       0.556      0.01535
      0.5712     -0.01535
      0.5787     -0.03581
      0.5863     -0.03581
      0.6014     -0.05627
      0.6089     -0.05627
      0.6241     -0.03581
      0.6316    -0.005115
      0.6467      0.03581
      0.6543      0.03581
      0.6619      0.05627
       0.677      0.05627
      0.6845      0.03581
      0.6996    -0.005115
      0.7072     -0.01535
      0.7148     -0.01535
      0.7299     -0.03581
      0.7374     -0.01535
      0.7526    -0.005115
      0.7601      0.01535
      0.7752      0.03581
      0.7828      0.03581
      0.7979    -0.005115
      0.8055    -0.005115
      0.8206    -0.005115
      0.8281    -0.005115
      0.8433    -0.005115
      0.8508      0.01535
      0.8659      0.05627
      0.8811      0.07673
      0.8886      0.07673
      0.9037      0.05627
      0.9113      0.03581
      0.9264      0.01535
       0.934      0.01535
      0.9491      0.01535
      0.9566      0.03581
      0.9718      0.03581
      0.9793      0.03581
      0.9944      0.03581
       1.002      0.05627
       1.017      0.05627
       1.025      0.05627
        1.04      0.05627
       1.047      0.07673
       1.062      0.07673
        1.07      0.07673
       1.085      0.05627
         1.1      0.05627
       1.115      0.05627
       1.123      0.03581
        1.13      0.03581
       1.146    -0.005115
       1.153      0.01535
       1.168    -0.005115
       1.176    -0.005115
       1.191    -0.005115
       1.206    -0.005115
       1.214      0.01535
       1.229      0.03581
       1.236      0.03581
       1.251      0.03581
       1.259      0.03581
       1.274      0.01535
       1.282    -0.005115
       1.297      0.01535
       1.304      0.03581
       1.319      0.07673
       1.327      0.09719
       1.342      0.09719
        1.35      0.05627
       1.357      0.01535
       1.365     -0.01535
       1.372     -0.05627
        1.38     -0.07673
       1.395      -0.1381
       1.403      -0.1381
        1.41      -0.1176
       1.425     -0.07673
       1.433     -0.05627
       1.448     -0.03581
       1.456     -0.01535
       1.471     -0.01535
       1.478     -0.01535
       1.501     -0.01535
       1.516     -0.01535
       1.524     -0.01535
       1.539     -0.03581
       1.546     -0.03581
       1.561     -0.03581
       1.569     -0.01535
       1.584     -0.01535
       1.592     -0.01535
       1.607     -0.01535
       1.614    -0.005115
       1.622      0.03581
       1.637      0.07673
       1.644      0.07673
       1.652      0.09719
       1.667      0.07673
       1.675      0.05627
        1.69      0.03581
       1.697      0.01535
       1.713    -0.005115
       1.728    -0.005115
       1.735    -0.005115
        1.75      0.03581
       1.758      0.05627
       1.773      0.05627
       1.781      0.05627
       1.796      0.01535
       1.803    -0.005115
       1.818    -0.005115
       1.826    -0.005115
       1.841      0.03581
       1.849      0.05627
       1.864      0.09719
       1.871      0.09719
       1.886      0.09719
       1.894      0.09719
       1.909      0.05627
       1.917      0.01535
       1.932     -0.01535
       1.939     -0.01535
       1.954      0.01535
       1.962      0.01535
       1.977     -0.01535
       1.985     -0.01535
           2     -0.01535
       2.007    -0.005115
       2.015      0.01535
        2.03      0.01535
       2.038    -0.005115
       2.053     -0.05627
        2.06     -0.07673
       2.075      -0.1176
       2.083      -0.1176
       2.098     -0.09719
       2.106     -0.07673
       2.113     -0.03581
       2.121     -0.01535
       2.136      0.03581
       2.143      0.05627
       2.158      0.05627
       2.166      0.05627
       2.181      0.05627
       2.189      0.03581
       2.196      0.03581
       2.211      0.03581
       2.219      0.05627
       2.234      0.09719
       2.242      0.07673
       2.249      0.07673
       2.264      0.03581
       2.272      0.01535
       2.287    -0.005115
       2.295    -0.005115
        2.31      0.01535
       2.317      0.03581
       2.332      0.05627
       2.347      0.03581
       2.355      0.03581
        2.37    -0.005115
       2.378    -0.005115
       2.393      0.01535
         2.4      0.03581
       2.415      0.03581
       2.423      0.03581
       2.431      0.05627
       2.446      0.05627
       2.453      0.05627
       2.468      0.05627
       2.476      0.07673
       2.491      0.05627
       2.499      0.05627
       2.514      0.05627
       2.521      0.05627
       2.536      0.05627
       2.544      0.01535
       2.552    -0.005115
       2.559     -0.03581
       2.574     -0.07673
       2.582     -0.09719
       2.597      -0.1381
       2.604      -0.1381
        2.62     -0.09719
       2.635     -0.03581
        2.65      0.01535
       2.657      0.03581
       2.672      0.05627
        2.68      0.07673
       2.703      0.07673
        2.71      0.07673
       2.718      0.07673
       2.733      0.05627
        2.74      0.05627
       2.756      0.01535
       2.763    -0.005115
       2.778    -0.005115
       2.793    -0.005115
       2.801    -0.005115
       2.816      0.01535
       2.824    -0.005115
       2.839    -0.005115
       2.846      0.01535
       2.861      0.05627
       2.877      0.07673
       2.884      0.09719
       2.899      0.09719
       2.914      0.07673
       2.922      0.05627
       2.937      0.03581
       2.952    -0.005115
        2.96    -0.005115
       2.967    -0.005115
       2.982     -0.01535
        2.99    -0.005115
       3.005      0.03581
       3.013      0.05627
       3.028      0.05627
       3.035      0.01535
        3.05     -0.01535
       3.058     -0.05627
       3.066     -0.05627
       3.081     -0.05627
       3.088     -0.03581
       3.103    -0.005115
       3.111    -0.005115
       3.126      0.03581
       3.141      0.05627
       3.149      0.05627
       3.164      0.01535
       3.179     -0.01535
       3.186     -0.03581
       3.202     -0.03581
       3.209     -0.03581
       3.224     -0.03581
       3.232     -0.03581
       3.247     -0.03581
       3.254     -0.03581
        3.27     -0.03581
       3.277     -0.03581
         3.3     -0.03581
       3.307     -0.01535
       3.323    -0.005115
        3.33    -0.005115
       3.338      0.01535
       3.353      0.03581
        3.36      0.03581
       3.375      0.01535
       3.391     -0.01535
       3.398     -0.03581
       3.413     -0.03581
       3.421     -0.03581
       3.428     -0.01535
       3.443    -0.005115
       3.451      0.01535
       3.466      0.05627
       3.474      0.05627
       3.481      0.05627
       3.496      0.03581
       3.504      0.03581
       3.519      0.03581
       3.527      0.03581
       3.542      0.03581
       3.549      0.03581
       3.564      0.05627
       3.579      0.03581
       3.587      0.03581
       3.602    -0.005115
        3.61     -0.03581
       3.625     -0.07673
       3.632     -0.05627
       3.648    -0.005115
       3.655      0.03581
        3.67      0.03581
       3.678      0.01535
         3.7     -0.01535
       3.716     -0.03581
       3.723     -0.01535
       3.738      0.01535
       3.746      0.03581
       3.761      0.07673
       3.768      0.07673
       3.784      0.07673
       3.791      0.05627
       3.799      0.05627
       3.814      0.03581
       3.821      0.01535
       3.836    -0.005115
       3.844      0.01535
       3.859      0.05627
       3.867      0.07673
       3.882      0.05627
       3.889      0.03581
       3.905    -0.005115
       3.912     -0.01535
       3.927     -0.05627
       3.935     -0.05627
        3.95     -0.05627
       3.957     -0.07673
       3.973     -0.05627
       3.988     -0.01535
       3.995     -0.01535
       4.003    -0.005115
       4.018    -0.005115
       4.025     -0.01535
       4.041     -0.05627
       4.048     -0.05627
       4.063     -0.05627
       4.071     -0.03581
       4.078    -0.005115
       4.086      0.01535
       4.101      0.03581
       4.109      0.03581
       4.124      0.01535
       4.131      0.01535
       4.139      0.03581
       4.154      0.05627
       4.162      0.05627
       4.169      0.05627
       4.184      0.03581
       4.192      0.03581
       4.207      0.03581
       4.214      0.03581
        4.23    -0.005115
       4.237    -0.005115
       4.252      0.01535
        4.26      0.03581
       4.267      0.05627
       4.282      0.05627
        4.29      0.01535
       4.305    -0.005115
        4.32    -0.005115
       4.328    -0.005115
       4.343      0.01535
        4.35      0.01535
       4.366      0.01535
       4.373      0.01535
       4.388      0.01535
       4.396      0.01535
       4.411     -0.01535
       4.419     -0.01535
       4.434     -0.05627
       4.441     -0.03581
       4.456     -0.01535
       4.464    -0.005115
       4.479      0.03581
       4.487      0.05627
       4.502      0.07673
       4.509      0.07673
       4.524      0.05627
       4.532      0.03581
       4.547      0.01535
       4.555      0.01535
        4.57      0.01535
       4.577      0.03581
       4.592      0.07673
         4.6      0.09719
       4.607      0.09719
       4.623      0.07673
        4.63      0.07673
       4.645      0.07673
       4.653      0.07673
        4.66      0.03581
       4.668    -0.005115
       4.676     -0.01535
       4.698    -0.005115
       4.706    -0.005115
       4.721    -0.005115
       4.728    -0.005115
       4.744    -0.005115
       4.751    -0.005115
       4.766    -0.005115
       4.774    -0.005115
       4.789    -0.005115
       4.796      0.01535
       4.812      0.01535
       4.827     -0.01535
       4.834     -0.05627
       4.849     -0.07673
       4.857     -0.07673
       4.872     -0.05627
       4.887     -0.05627
       4.895     -0.03581
        4.91     -0.01535
       4.917    -0.005115
       4.932      0.01535
        4.94      0.01535
       4.955      0.01535
       4.963      0.03581
       4.978      0.03581
       4.985      0.03581
       5.001      0.01535
       5.016    -0.005115
       5.023    -0.005115
       5.038      0.03581
       5.046      0.03581
       5.061      0.01535
       5.069      0.03581
       5.084      0.05627
       5.099      0.05627
       5.114      0.01535
       5.121    -0.005115
       5.129      0.01535
       5.144      0.05627
       5.152      0.05627
       5.159      0.05627
       5.174      0.03581
       5.182      0.01535
       5.197      0.01535
       5.205      0.01535
        5.22      0.01535
       5.227      0.01535
       5.242    -0.005115
       5.258    -0.005115
       5.265      0.01535
       5.273      0.01535
       5.295     -0.01535
       5.303     -0.01535
       5.318      0.01535
       5.333      0.03581
       5.341      0.03581
       5.356      0.05627
       5.363      0.05627
       5.378      0.03581
       5.386      0.01535
       5.394      0.01535
       5.409     -0.01535
       5.416     -0.03581
       5.431     -0.03581
       5.439     -0.01535
       5.454    -0.005115
       5.469     -0.01535
       5.477     -0.01535
       5.492     -0.01535
       5.499     -0.01535
       5.507    -0.005115
       5.522    -0.005115
        5.53    -0.005115
       5.545    -0.005115
       5.552    -0.005115
       5.567    -0.005115
       5.575    -0.005115
        5.59    -0.005115
       5.598    -0.005115
       5.613    -0.005115
        5.62     -0.01535
       5.635     -0.05627
       5.643     -0.09719
       5.651     -0.09719
       5.666     -0.05627
       5.673     -0.01535
       5.681      0.03581
       5.688      0.09719
       5.696       0.1176
       5.703       0.1381
       5.719       0.1381
       5.726       0.1176
       5.741      0.07673
       5.749      0.05627
       5.756      0.05627
       5.772      0.07673
       5.779      0.09719
       5.787       0.1176
       5.802       0.1176
       5.809      0.09719
       5.824      0.05627
       5.832      0.03581
        5.84    -0.005115
       5.847     -0.03581
       5.855     -0.07673
       5.862     -0.09719
       5.877      -0.1176
       5.885     -0.09719
       5.892     -0.07673
         5.9     -0.03581
       5.908     -0.01535
       5.923    -0.005115
        5.93      0.01535
       5.938      0.03581
       5.953      0.03581
        5.96      0.03581
       5.976      0.05627
       5.983      0.05627
       5.991      0.07673
       6.006      0.05627
       6.013      0.05627
       6.029      0.03581
       6.036      0.01535
       6.044      0.01535
       6.059     -0.03581
       6.074     -0.07673
       6.081     -0.09719
       6.097     -0.05627
       6.112    -0.005115
       6.119    -0.005115
       6.134    -0.005115
       6.149      0.01535
       6.157      0.03581
       6.172      0.03581
        6.18      0.01535
       6.195    -0.005115
       6.202    -0.005115
        6.21      0.01535
       6.225      0.05627
       6.233      0.07673
       6.248      0.05627
       6.263      0.01535
        6.27    -0.005115
       6.278    -0.005115
       6.293     -0.01535
       6.301     -0.01535
       6.316     -0.03581
       6.323     -0.03581
       6.338     -0.05627
       6.346     -0.03581
       6.361    -0.005115
       6.369    -0.005115
       6.384      0.03581
       6.391      0.03581
       6.406      0.03581
       6.422      0.01535
       6.429      0.01535
       6.444      0.05627
       6.459      0.09719
       6.467      0.09719
       6.482      0.05627
        6.49      0.03581
       6.497      0.03581
       6.512    -0.005115
        6.52     -0.01535
       6.535     -0.05627
       6.542     -0.05627
        6.55     -0.03581
       6.565    -0.005115
       6.573    -0.005115
       6.588    -0.005115
       6.595    -0.005115
       6.603    -0.005115
       6.618    -0.005115
       6.626    -0.005115
       6.641      0.01535
       6.648      0.03581
       6.663      0.09719
       6.671       0.1176
       6.686       0.1381
       6.694       0.1381
       6.709      0.09719
       6.724      0.03581
       6.731    -0.005115
       6.747     -0.03581
       6.754     -0.03581
       6.769     -0.03581
       6.777     -0.01535
       6.784    -0.005115
       6.799    -0.005115
       6.807      0.01535
       6.822      0.01535
        6.83    -0.005115
       6.845    -0.005115
       6.852    -0.005115
       6.868    -0.005115
       6.875    -0.005115
        6.89    -0.005115
       6.898    -0.005115
       6.913    -0.005115
        6.92      0.01535
       6.936      0.03581
       6.943      0.01535
       6.951    -0.005115
       6.966     -0.03581
       6.973     -0.03581
       6.988     -0.05627
       6.996     -0.05627
       7.004     -0.03581
       7.019     -0.03581
       7.026     -0.03581
       7.041     -0.05627
       7.049     -0.05627
       7.056     -0.03581
       7.072    -0.005115
       7.079      0.01535
       7.094      0.07673
       7.102      0.09719
       7.117      0.09719
       7.125      0.07673
        7.14      0.03581
       7.147      0.03581
       7.162    -0.005115
        7.17     -0.03581
       7.185     -0.03581
       7.193     -0.03581
       7.208     -0.01535
       7.223      0.01535
        7.23      0.01535
       7.245      0.01535
       7.253      0.01535
       7.261      0.01535
       7.276      0.01535
       7.283      0.01535
       7.298      0.03581
       7.306      0.05627
       7.321      0.03581
       7.329      0.03581
       7.336      0.05627
       7.351      0.05627
       7.359      0.05627
       7.374      0.03581
       7.382      0.01535
       7.397    -0.005115
       7.404    -0.005115
       7.412    -0.005115
       7.427    -0.005115
       7.434    -0.005115
        7.45      0.03581
       7.457      0.05627
       7.472      0.07673
        7.48      0.07673
       7.495      0.07673
       7.502      0.07673
       7.518      0.05627
       7.525      0.05627
        7.54      0.03581
       7.548      0.03581
       7.563      0.05627
       7.578      0.09719
       7.586      0.09719
       7.593       0.1176
       7.608      0.09719
       7.616      0.07673
       7.631      0.03581
       7.638      0.01535
       7.654    -0.005115
       7.661    -0.005115
       7.676     -0.05627
       7.691     -0.09719
       7.707     -0.09719
       7.714     -0.09719
       7.722     -0.07673
       7.737     -0.03581
       7.744     -0.01535
       7.759      0.01535
       7.775      0.03581
       7.782      0.03581
       7.797      0.01535
       7.805      0.01535
        7.82      0.01535
       7.827      0.01535
       7.843    -0.005115
        7.85    -0.005115
       7.865     -0.01535
       7.873     -0.01535
        7.88     -0.01535
       7.895     -0.03581
       7.903     -0.03581
       7.918     -0.03581
       7.926     -0.03581
       7.941     -0.05627
       7.948     -0.05627
       7.964     -0.03581
       7.971     -0.03581
       7.986      0.01535
       7.994      0.05627
       8.001      0.05627
       8.016      0.07673
       8.024      0.07673
       8.039      0.05627
       8.047      0.03581
       8.054      0.01535
       8.069     -0.03581
       8.077     -0.03581
       8.092     -0.01535
         8.1    -0.005115
       8.115      0.01535
       8.122      0.01535
       8.137      0.01535
       8.145      0.01535
        8.16    -0.005115
       8.168    -0.005115
       8.183    -0.005115
        8.19    -0.005115
       8.205    -0.005115
       8.213      0.01535
       8.228      0.07673
       8.243      0.09719
       8.251      0.09719
       8.258      0.09719
       8.273      0.03581
       8.289      0.03581
       8.304      0.01535
       8.311      0.01535
       8.326    -0.005115
       8.334      0.03581
       8.349      0.05627
       8.357      0.05627
       8.372      0.01535
       8.379     -0.01535
       8.394     -0.07673
       8.402     -0.09719
       8.417      -0.1381
       8.425      -0.1381
       8.432      -0.1176
       8.447      -0.1176
       8.455     -0.09719
        8.47     -0.09719
       8.478     -0.09719
       8.493     -0.07673
       8.508     -0.09719
       8.515     -0.09719
        8.53     -0.07673
       8.546     -0.03581
       8.553    -0.005115
       8.568      0.03581
       8.576      0.03581
       8.591      0.03581
       8.598      0.03581
       8.614      0.05627
       8.629      0.07673
       8.636      0.07673
       8.644      0.09719
       8.659       0.1176
       8.666       0.1176
       8.689      0.09719
       8.697      0.09719
       8.712      0.05627
       8.719      0.05627
       8.727      0.05627
       8.742      0.03581
        8.75      0.03581
       8.765      0.01535
        8.78      0.01535
       8.787      0.03581
       8.803      0.07673
        8.81      0.09719
       8.825       0.1381
       8.833       0.1381
       8.848       0.1688
       8.863       0.1688
       8.871       0.1688
       8.886       0.1381
       8.893       0.1381
       8.908       0.1176
       8.916      0.09719
       8.931      0.09719
       8.946      0.05627
       8.954      0.05627
       8.961      0.01535
       8.976     -0.01535
