     0.01181      0.03581
     0.01937      0.05456
     0.03449       0.1296
     0.04205       0.1858
      0.0496       0.2234
     0.06472       0.2421
     0.07228       0.1858
     0.07984      0.09207
     0.07984    -0.001705
      0.0874     -0.07673
     0.09496      -0.1893
      0.1025      -0.2643
      0.1176      -0.2455
      0.1252      -0.2268
      0.1403      -0.1705
      0.1479       -0.133
      0.1554     -0.09548
       0.163     -0.05797
      0.1705     -0.02046
      0.1781      0.01705
      0.1857      0.05456
      0.1932      0.09207
      0.2008       0.1296
      0.2083       0.1671
      0.2159       0.1858
       0.231       0.1296
      0.2386      0.07332
      0.2461      0.03581
      0.2461     -0.02046
      0.2537     -0.05797
      0.2612      -0.1142
      0.2688      -0.1517
      0.2839       -0.133
      0.2915     -0.09548
       0.299     -0.03922
      0.3066      0.03581
      0.3066    -0.001705
      0.3142      0.07332
      0.3217       0.1296
      0.3293       0.1858
      0.3444       0.2046
       0.352       0.1483
      0.3595       0.1108
      0.3671      0.05456
      0.3746     -0.02046
      0.3822     -0.07673
      0.3897       -0.133
      0.3973      -0.1517
      0.4124       -0.208
        0.42       -0.208
      0.4275      -0.1893
      0.4351       -0.133
      0.4427     -0.03922
      0.4502      0.05456
      0.4502    -0.001705
      0.4578       0.1108
      0.4653       0.1671
      0.4729       0.1858
      0.4804       0.1858
       0.488       0.1483
      0.4956      0.09207
      0.5031      0.05456
      0.5182      0.03581
      0.5258      0.05456
      0.5334      0.09207
      0.5409       0.1296
       0.556       0.1483
      0.5636       0.1483
      0.5787       0.1108
      0.5863      0.05456
      0.5938     -0.03922
      0.6014      -0.1142
      0.6089      -0.1705
      0.6165       -0.208
      0.6241       -0.208
      0.6392      -0.1893
      0.6467      -0.1517
      0.6543     -0.09548
      0.6619     -0.03922
      0.6694      0.05456
      0.6694    -0.001705
       0.677      0.07332
      0.6921       0.1296
      0.6996       0.1483
      0.7148       0.1671
      0.7223       0.1483
      0.7374       0.1108
       0.745      0.09207
      0.7526      0.09207
      0.7601      0.05456
      0.7677      0.01705
      0.7752     -0.03922
      0.7828     -0.07673
      0.7979     -0.07673
      0.8055     -0.03922
       0.813    -0.001705
      0.8206      0.05456
      0.8281      0.07332
      0.8433       0.1108
      0.8508      0.09207
      0.8659      0.07332
      0.8811      0.05456
      0.8886      0.03581
      0.8962    -0.001705
      0.9037     -0.02046
      0.9188     -0.05797
      0.9264     -0.05797
      0.9415     -0.03922
      0.9566      0.03581
      0.9642      0.05456
      0.9718      0.09207
      0.9793       0.1108
      0.9944       0.1671
       1.002       0.1296
        1.01      0.07332
       1.017     -0.02046
       1.025     -0.07673
       1.032       -0.133
        1.04      -0.1705
       1.055      -0.1893
       1.062      -0.1705
       1.078      -0.1705
       1.085      -0.1517
       1.093       -0.133
         1.1     -0.09548
       1.108     -0.03922
       1.115      0.01705
       1.123      0.07332
       1.138       0.1108
       1.146       0.1296
       1.153       0.1671
       1.161       0.1858
       1.176       0.1858
       1.183       0.1671
       1.191       0.1296
       1.199      0.07332
       1.206    -0.001705
       1.214     -0.05797
       1.221      -0.1142
       1.229       -0.133
       1.244      -0.1705
       1.251      -0.1705
       1.267       -0.208
       1.274      -0.1893
       1.282      -0.1705
       1.289      -0.1142
       1.297     -0.05797
       1.304      0.03581
       1.304     -0.02046
       1.312      0.05456
       1.319      0.07332
       1.327      0.07332
       1.342      0.03581
        1.35    -0.001705
       1.357      0.03581
       1.365      0.07332
       1.372       0.1296
        1.38       0.1671
       1.387       0.1858
       1.403       0.1671
        1.41       0.1671
       1.425       0.1671
       1.433       0.1483
        1.44       0.1296
       1.448      0.07332
       1.456      0.01705
       1.463     -0.03922
       1.471     -0.09548
       1.478       -0.133
       1.493       -0.133
       1.501     -0.09548
       1.516     -0.07673
       1.524     -0.07673
       1.531     -0.05797
       1.539     -0.03922
       1.546      0.01705
       1.554      0.09207
       1.561       0.1483
       1.569       0.1858
       1.576       0.1671
       1.584       0.1483
       1.599      0.09207
       1.607      0.07332
       1.614      0.07332
       1.629    -0.001705
       1.637     -0.03922
       1.644     -0.07673
       1.652     -0.09548
       1.667     -0.05797
       1.675     -0.03922
       1.682      0.03581
        1.69      0.07332
       1.697       0.1108
       1.713       0.1296
        1.72       0.1108
       1.735      0.09207
        1.75      0.07332
       1.758      0.07332
       1.773      0.05456
       1.781      0.03581
       1.796    -0.001705
       1.803    -0.001705
       1.811     -0.02046
       1.826     -0.05797
       1.833     -0.07673
       1.849     -0.07673
       1.856     -0.05797
       1.864     -0.02046
       1.879    -0.001705
       1.886    -0.001705
       1.901      0.01705
       1.909      0.03581
       1.917      0.05456
       1.932    -0.001705
       1.939    -0.001705
       1.954     -0.03922
       1.962     -0.05797
       1.977     -0.07673
       1.985     -0.05797
       2.007     -0.03922
       2.015     -0.02046
       2.022      0.01705
        2.03      0.05456
       2.045       0.1108
       2.053       0.1296
       2.068       0.1108
       2.075      0.07332
       2.083    -0.001705
        2.09     -0.03922
       2.098     -0.09548
       2.106      -0.1142
       2.121      -0.1517
       2.128       -0.133
       2.136      -0.1142
       2.143     -0.05797
       2.151     -0.02046
       2.158      0.05456
       2.166      0.09207
       2.174       0.1296
       2.189       0.1483
       2.196       0.1483
       2.211       0.1108
       2.219      0.09207
       2.234      0.05456
       2.242      0.03581
       2.257    -0.001705
       2.264    -0.001705
       2.272     -0.03922
       2.279     -0.09548
       2.287       -0.133
       2.295      -0.1705
       2.302      -0.1705
        2.31       -0.133
       2.325      -0.1142
       2.332      -0.1142
        2.34     -0.09548
       2.355     -0.05797
        2.37      0.01705
       2.378      0.07332
       2.385       0.1296
       2.393       0.1671
         2.4       0.2046
       2.408       0.2234
       2.423       0.2234
       2.431       0.1858
       2.446       0.1483
       2.453       0.1296
       2.461      0.09207
       2.468      0.05456
       2.476    -0.001705
       2.483     -0.03922
       2.491     -0.09548
       2.499      -0.1517
       2.514      -0.1893
       2.521      -0.1893
       2.536      -0.1705
       2.544      -0.1142
       2.552     -0.03922
       2.559      0.07332
       2.559    -0.001705
       2.567       0.1296
       2.574       0.1671
       2.582       0.1858
       2.589       0.1483
       2.597       0.1108
       2.604      0.05456
       2.612      0.01705
        2.62     -0.02046
       2.627     -0.03922
       2.642     -0.03922
        2.65    -0.001705
       2.657      0.01705
       2.672      0.07332
        2.68      0.09207
       2.695       0.1108
       2.703       0.1108
       2.718      0.07332
       2.725      0.01705
       2.733     -0.02046
        2.74     -0.05797
       2.756      -0.1142
       2.763       -0.133
       2.778      -0.1705
       2.786       -0.133
       2.793     -0.07673
       2.801     -0.02046
       2.809      0.01705
       2.824      0.03581
       2.831    -0.001705
       2.846    -0.001705
       2.854      0.03581
       2.861      0.07332
       2.877      0.09207
       2.884      0.09207
       2.899      0.05456
       2.907      0.01705
       2.922    -0.001705
       2.929    -0.001705
       2.945     -0.02046
        2.96     -0.05797
       2.967     -0.05797
        2.99     -0.02046
       3.005    -0.001705
        3.02      0.03581
       3.028      0.03581
       3.035      0.01705
        3.05     -0.03922
       3.058     -0.05797
       3.066     -0.03922
       3.073     -0.02046
       3.088      0.05456
       3.096      0.07332
       3.111      0.09207
       3.118      0.09207
       3.126      0.05456
       3.141    -0.001705
       3.149    -0.001705
       3.164     -0.02046
       3.171    -0.001705
       3.179      0.05456
       3.186      0.09207
       3.194       0.1108
       3.209      0.07332
       3.224    -0.001705
       3.232     -0.02046
       3.239     -0.05797
       3.247     -0.09548
       3.262      -0.1142
        3.27     -0.09548
       3.277     -0.03922
       3.285      0.01705
       3.292      0.07332
         3.3       0.1108
       3.307       0.1108
       3.315       0.1108
        3.33      0.07332
       3.338      0.09207
       3.345       0.1108
        3.36       0.1483
       3.368       0.1296
       3.383      0.09207
       3.391      0.09207
       3.406      0.09207
       3.413      0.09207
       3.428      0.05456
       3.436    -0.001705
       3.443     -0.03922
       3.451     -0.07673
       3.459       -0.133
       3.466      -0.1705
       3.481      -0.1517
       3.489      -0.1142
       3.496     -0.09548
       3.504     -0.07673
       3.519     -0.09548
       3.527     -0.07673
       3.542     -0.05797
       3.549     -0.03922
       3.564     -0.02046
       3.572     -0.02046
       3.579    -0.001705
       3.595      0.03581
        3.61      0.07332
       3.625       0.1108
       3.632       0.1483
       3.648       0.1483
       3.655       0.1108
       3.663      0.07332
        3.67      0.05456
       3.678    -0.001705
       3.685     -0.03922
         3.7     -0.03922
       3.708     -0.02046
       3.723      0.03581
       3.731      0.03581
       3.746      0.01705
       3.753      0.03581
       3.768      0.03581
       3.776    -0.001705
       3.784     -0.03922
       3.791     -0.07673
       3.806       -0.133
       3.814      -0.1142
       3.821     -0.05797
       3.829      0.01705
       3.836      0.09207
       3.844       0.1671
       3.852       0.2046
       3.859       0.2609
       3.867       0.2609
       3.874       0.2609
       3.882       0.2046
       3.889       0.1483
       3.897      0.07332
       3.905      0.01705
       3.912     -0.03922
       3.927     -0.07673
       3.935     -0.09548
        3.95       -0.133
       3.957       -0.133
       3.973     -0.07673
        3.98     -0.05797
       3.988     -0.02046
       3.995      0.05456
        4.01      0.09207
       4.018      0.05456
       4.025     -0.03922
       4.033      -0.1142
       4.041      -0.1705
       4.048       -0.208
       4.056       -0.208
       4.063       -0.133
       4.071     -0.07673
       4.078     -0.02046
       4.086      0.01705
       4.101      0.05456
       4.109      0.07332
       4.124       0.1108
       4.131       0.1296
       4.139       0.1671
       4.146       0.2046
       4.162       0.2234
       4.169       0.1858
       4.184       0.1483
       4.192       0.1483
       4.207       0.1108
       4.214      0.07332
        4.23      0.05456
       4.237      0.05456
       4.252      0.05456
        4.26      0.05456
       4.275    -0.001705
       4.282     -0.03922
        4.29     -0.07673
       4.298       -0.133
       4.305      -0.1893
       4.313      -0.2268
        4.32      -0.2643
       4.335      -0.2643
       4.343      -0.2268
        4.35      -0.1705
       4.358      -0.1142
       4.366     -0.03922
       4.373      0.05456
       4.373    -0.001705
       4.381      0.09207
       4.403       0.1108
       4.411      0.07332
       4.426      0.05456
       4.434      0.05456
       4.441      0.07332
       4.456      0.05456
       4.464      0.01705
       4.471     -0.02046
       4.479     -0.05797
       4.487     -0.09548
       4.494      -0.1142
       4.509     -0.09548
       4.517     -0.05797
       4.524     -0.02046
       4.532      0.01705
       4.539      0.05456
       4.555      0.05456
       4.562      0.03581
        4.57    -0.001705
       4.577     -0.02046
       4.592     -0.05797
         4.6     -0.07673
       4.607     -0.07673
       4.623      -0.1142
        4.63       -0.133
       4.638      -0.1142
       4.645     -0.03922
       4.653      0.05456
       4.653    -0.001705
        4.66       0.1108
       4.668       0.1858
       4.676       0.2234
       4.691       0.2609
       4.698       0.2609
       4.706       0.2421
       4.713       0.2046
       4.721       0.1296
       4.728      0.07332
       4.736      0.03581
       4.736    -0.001705
       4.744     -0.03922
       4.751     -0.07673
       4.759      -0.1142
       4.774       -0.133
       4.781      -0.1142
       4.789     -0.07673
       4.804     -0.02046
       4.812      0.01705
       4.819      0.05456
       4.827      0.09207
       4.834       0.1296
       4.849       0.1483
       4.857       0.1483
       4.872       0.1483
        4.88       0.1296
       4.887      0.09207
       4.895      0.05456
       4.902     -0.02046
        4.91     -0.09548
       4.917      -0.1517
       4.925       -0.208
       4.932      -0.2455
        4.94      -0.2455
       4.948       -0.208
       4.955      -0.1517
       4.963     -0.07673
        4.97     -0.02046
       4.978      0.03581
       4.985      0.05456
       5.008      0.05456
       5.016      0.05456
       5.023      0.07332
       5.038       0.1108
       5.046       0.1108
       5.053       0.1108
       5.069      0.07332
       5.076      0.07332
       5.091      0.05456
       5.099      0.05456
       5.106      0.01705
       5.114     -0.02046
       5.121     -0.05797
       5.137     -0.09548
       5.144      -0.1142
       5.159     -0.09548
       5.167     -0.07673
       5.182     -0.02046
       5.189     -0.02046
       5.205     -0.07673
       5.212      -0.1142
       5.227     -0.09548
       5.235     -0.07673
       5.242     -0.03922
        5.25    -0.001705
       5.258      0.01705
       5.273      0.05456
        5.28      0.05456
       5.295      0.03581
       5.303      0.05456
       5.318      0.09207
       5.326      0.09207
       5.341       0.1296
       5.348       0.1296
       5.356       0.1108
       5.363      0.07332
       5.371    -0.001705
       5.378     -0.03922
       5.401     -0.03922
       5.409     -0.02046
       5.416      0.01705
       5.424      0.05456
       5.439      0.05456
       5.446      0.03581
       5.462    -0.001705
       5.469      0.05456
       5.477       0.1108
       5.484       0.1483
       5.492       0.1858
       5.507       0.1858
       5.515       0.1296
       5.522      0.07332
        5.53     -0.02046
       5.537     -0.07673
       5.545       -0.133
        5.56      -0.1705
       5.567      -0.1705
       5.583      -0.1705
        5.59      -0.1517
       5.605     -0.05797
       5.613      0.01705
        5.62      0.09207
       5.628       0.1671
       5.635       0.2234
       5.643       0.2609
       5.651       0.2421
       5.658       0.2046
       5.666       0.1671
       5.681       0.1108
       5.688       0.1108
       5.696       0.1108
       5.703      0.07332
       5.711      0.01705
       5.719     -0.03922
       5.726     -0.09548
       5.734       -0.133
       5.741      -0.1705
       5.749      -0.1517
       5.756      -0.1142
       5.764     -0.05797
       5.772     -0.02046
       5.779      0.05456
       5.787      0.07332
       5.802      0.05456
       5.809      0.03581
       5.824      0.01705
        5.84    -0.001705
       5.855    -0.001705
       5.862    -0.001705
       5.877      0.03581
       5.885      0.05456
         5.9      0.05456
       5.908      0.05456
       5.915      0.07332
        5.93       0.1108
       5.945       0.1671
       5.953       0.1671
        5.96       0.1671
       5.976       0.1483
       5.983       0.1296
       5.991      0.09207
       5.998      0.03581
       6.006     -0.03922
       6.013      -0.1142
       6.021       -0.208
       6.029      -0.2643
       6.044       -0.283
       6.051      -0.2643
       6.059       -0.208
       6.066      -0.1517
       6.074     -0.07673
       6.081     -0.02046
       6.089      0.05456
       6.097       0.1108
       6.112       0.1483
       6.119       0.1483
       6.134      0.09207
       6.142      0.05456
       6.149    -0.001705
       6.157     -0.03922
       6.165     -0.05797
        6.18     -0.07673
       6.187      -0.1142
       6.202     -0.09548
        6.21     -0.07673
       6.217     -0.02046
       6.225      0.05456
       6.225    -0.001705
       6.233      0.07332
        6.24       0.1296
       6.248       0.1671
       6.263       0.1483
        6.27       0.1108
       6.278      0.05456
       6.285     -0.02046
       6.293     -0.05797
       6.301     -0.07673
       6.316     -0.05797
       6.323     -0.02046
       6.331    -0.001705
       6.338     -0.02046
       6.346     -0.05797
       6.354     -0.09548
       6.361      -0.1142
       6.376     -0.05797
       6.384      0.01705
       6.391      0.09207
       6.399       0.1483
       6.406       0.2234
       6.414       0.2796
       6.422       0.2796
       6.429       0.2234
       6.437       0.1483
       6.444      0.07332
       6.452      0.03581
       6.452     -0.02046
       6.459     -0.07673
       6.467       -0.133
       6.474      -0.1893
       6.482       -0.208
       6.497      -0.2643
       6.505       -0.283
       6.512      -0.2643
        6.52      -0.2268
       6.527      -0.1705
       6.535     -0.09548
       6.542     -0.02046
        6.55      0.05456
        6.55    -0.001705
       6.558      0.07332
       6.565       0.1296
       6.573       0.1671
       6.588       0.2046
       6.595       0.1858
       6.611       0.1671
       6.626       0.1108
       6.633      0.07332
       6.641      0.05456
       6.641    -0.001705
       6.648     -0.02046
       6.656     -0.05797
       6.663     -0.09548
       6.679     -0.05797
       6.694    -0.001705
       6.701      0.01705
       6.716      0.03581
       6.724      0.03581
       6.731    -0.001705
       6.747     -0.02046
       6.754    -0.001705
       6.762      0.01705
       6.777      0.03581
       6.784     -0.02046
       6.792     -0.07673
       6.799      -0.1517
       6.807       -0.208
       6.815      -0.2268
       6.822       -0.208
        6.83      -0.1517
       6.837      -0.1142
       6.845     -0.07673
        6.86     -0.02046
       6.868      0.03581
       6.875      0.07332
       6.883       0.1108
       6.898       0.1296
       6.905       0.1296
        6.92       0.1483
       6.936       0.1858
       6.943       0.2046
       6.958       0.2046
       6.973       0.1671
       6.981       0.1296
       6.988      0.09207
       6.996      0.05456
       7.004    -0.001705
       7.011     -0.03922
       7.019     -0.09548
       7.026      -0.1517
       7.034       -0.208
       7.041      -0.2268
       7.056       -0.208
       7.064      -0.1705
       7.072       -0.133
       7.079     -0.07673
       7.087     -0.02046
       7.094      0.05456
       7.102      0.09207
       7.117       0.1296
       7.125       0.1108
       7.132      0.05456
        7.14     -0.02046
       7.147     -0.07673
       7.155       -0.133
       7.162       -0.133
        7.17     -0.07673
       7.177     -0.02046
       7.185      0.07332
       7.193       0.1108
         7.2       0.1483
       7.215       0.1671
       7.223       0.1483
       7.238       0.1483
       7.245       0.1296
       7.253      0.09207
       7.261      0.05456
       7.268    -0.001705
       7.276     -0.03922
       7.291     -0.07673
       7.298     -0.07673
       7.313     -0.07673
       7.321     -0.07673
       7.329     -0.05797
       7.344     -0.02046
       7.351      0.01705
       7.359      0.05456
       7.374      0.03581
       7.374    -0.001705
       7.382     -0.02046
       7.397     -0.05797
       7.404     -0.02046
       7.419      0.05456
       7.427      0.07332
       7.434       0.1108
       7.442       0.1483
        7.45       0.1858
       7.457       0.2234
       7.472       0.2046
        7.48       0.1671
       7.487       0.1108
       7.495      0.07332
       7.502      0.05456
        7.51     -0.02046
       7.518     -0.05797
       7.525      -0.1142
       7.533      -0.1705
       7.548       -0.208
       7.555       -0.208
       7.563      -0.1705
        7.57      -0.1517
       7.578     -0.09548
       7.586     -0.03922
       7.593      0.01705
       7.601      0.09207
       7.608       0.1296
       7.616       0.1858
       7.631       0.1858
       7.638       0.1671
       7.654       0.1108
       7.661      0.07332
       7.669      0.03581
       7.676     -0.02046
       7.684     -0.07673
       7.691       -0.133
       7.699      -0.1705
       7.707       -0.208
       7.714      -0.2268
       7.722      -0.1893
       7.729      -0.1517
       7.737     -0.09548
       7.744     -0.03922
       7.752    -0.001705
       7.759      0.05456
       7.767      0.09207
       7.775       0.1108
        7.79       0.1483
       7.797       0.1858
       7.812       0.2234
        7.82       0.2234
       7.827       0.1671
       7.835       0.1296
       7.843      0.09207
        7.85      0.05456
       7.858    -0.001705
       7.873     -0.05797
        7.88     -0.07673
       7.888     -0.09548
       7.903       -0.133
       7.911      -0.1705
       7.918      -0.1705
       7.933       -0.133
       7.941     -0.09548
       7.948     -0.03922
       7.956      0.03581
       7.956    -0.001705
       7.964      0.05456
       7.971      0.05456
       7.986      0.05456
       7.994      0.05456
       8.001      0.09207
       8.016       0.1296
       8.024       0.1108
       8.039      0.05456
       8.047      0.03581
       8.062    -0.001705
       8.069    -0.001705
       8.084      0.03581
       8.092      0.03581
       8.107      0.05456
       8.115      0.07332
       8.122       0.1108
        8.13       0.1483
       8.145       0.1671
       8.152       0.1296
        8.16      0.07332
       8.168     -0.03922
       8.175      -0.1142
       8.183      -0.1705
        8.19      -0.2268
       8.198      -0.2268
       8.213       -0.208
       8.221      -0.1705
       8.228      -0.1142
       8.236     -0.03922
       8.243     -0.02046
       8.251      0.07332
       8.258       0.1108
       8.266       0.1671
       8.273       0.2234
       8.281       0.2421
       8.296       0.2234
       8.304       0.1858
       8.311       0.1296
       8.319      0.07332
       8.326      0.01705
       8.334     -0.03922
       8.341     -0.09548
       8.349       -0.133
       8.364      -0.1517
       8.372       -0.133
       8.387     -0.09548
       8.402     -0.03922
       8.409    -0.001705
       8.425      0.01705
       8.432    -0.001705
        8.44    -0.001705
       8.455    -0.001705
       8.462      0.03581
        8.47      0.05456
       8.478      0.09207
       8.485       0.1296
         8.5       0.1483
       8.508       0.1296
       8.515      0.09207
       8.523      0.07332
       8.538      0.03581
       8.546      0.03581
       8.561      0.03581
       8.568      0.03581
       8.576    -0.001705
       8.583     -0.03922
       8.591     -0.07673
       8.598       -0.133
       8.606      -0.1705
       8.614      -0.1893
       8.629      -0.1705
       8.636       -0.133
       8.644     -0.07673
       8.651     -0.02046
       8.659      0.07332
       8.666       0.1483
       8.674       0.2046
       8.682       0.2421
       8.689       0.2421
       8.697       0.2046
       8.704       0.1483
       8.712      0.07332
       8.712    -0.001705
       8.719     -0.03922
       8.727       -0.133
       8.735      -0.2268
       8.742      -0.2643
        8.75       -0.283
       8.757      -0.2268
       8.765      -0.1705
       8.772     -0.07673
        8.78    -0.001705
       8.787      0.07332
       8.795       0.1108
       8.803       0.1296
       8.833      0.07332
        8.84      0.03581
        8.84    -0.001705
       8.848    -0.001705
       8.855     -0.03922
       8.863     -0.05797
       8.871     -0.03922
       8.886      0.05456
       8.893      0.05456
       8.901      0.05456
       8.901    -0.001705
       8.908     -0.02046
       8.916     -0.07673
       8.923       -0.133
       8.939      -0.1705
       8.946      -0.1705
       8.961       -0.133
       8.976     -0.07673
