     0.01181      -0.1381
     0.01937     -0.07928
     0.01937      -0.1185
     0.02693     -0.04007
     0.03449      0.07758
     0.03449   -0.0008525
     0.04205        0.156
      0.0496        0.254
     0.05716       0.3325
     0.06472       0.3717
     0.07228       0.3913
      0.0874       0.4109
     0.09496       0.4305
      0.1101       0.4501
      0.1176       0.4305
      0.1252       0.3913
      0.1327       0.3521
      0.1403       0.3325
      0.1554       0.2933
       0.163       0.2737
      0.1781       0.2933
      0.1932       0.3129
      0.2008       0.3129
      0.2159       0.3129
      0.2235       0.3129
       0.231       0.2737
      0.2386       0.2148
      0.2461       0.1364
      0.2537      0.07758
      0.2537   -0.0008525
      0.2612     -0.04007
      0.2688      -0.1381
      0.2764      -0.2165
      0.2839       -0.295
      0.2915      -0.3538
       0.299      -0.4126
      0.3066      -0.4322
      0.3217      -0.4126
      0.3293      -0.3538
      0.3368       -0.295
      0.3444      -0.2558
       0.352      -0.2165
      0.3671      -0.2361
      0.3746      -0.2558
      0.3897      -0.2361
      0.3973      -0.1773
      0.4049      -0.1185
      0.4124     -0.07928
      0.4275     -0.05968
      0.4351     -0.05968
      0.4427     -0.04007
      0.4502     -0.02046
      0.4653      0.03836
      0.4729      0.03836
       0.488      0.03836
      0.4956   -0.0008525
      0.5107     -0.02046
      0.5182     -0.02046
      0.5334   -0.0008525
      0.5409      0.03836
      0.5485      0.07758
       0.556       0.1168
      0.5712        0.156
      0.5787        0.156
      0.5863        0.156
      0.6014        0.156
      0.6089       0.1756
      0.6241      0.09719
      0.6316      0.01876
      0.6392     -0.07928
      0.6467      -0.1577
      0.6543      -0.2361
      0.6619      -0.2558
       0.677      -0.2361
      0.6845      -0.2165
      0.6921      -0.1773
      0.6996      -0.1185
      0.7072     -0.07928
      0.7223     -0.02046
      0.7299   -0.0008525
      0.7374      0.01876
      0.7526      0.05797
      0.7601      0.07758
      0.7752       0.1168
      0.7828        0.156
      0.7904       0.2148
      0.7979        0.254
      0.8055       0.3129
       0.813       0.3129
      0.8281       0.3129
      0.8357       0.3129
      0.8433       0.3129
      0.8584       0.2344
      0.8659        0.156
      0.8735      0.07758
      0.8811   -0.0008525
      0.8962     -0.05968
      0.9037     -0.09889
      0.9113      -0.1577
      0.9188      -0.2165
       0.934      -0.2165
      0.9415      -0.1969
      0.9566      -0.1381
      0.9642      -0.1381
      0.9718      -0.1381
      0.9869      -0.1577
      0.9944      -0.1577
        1.01      -0.1381
       1.017      -0.1185
       1.032     -0.04007
        1.04   -0.0008525
       1.047      0.05797
       1.055      0.07758
       1.062       0.1168
        1.07        0.156
       1.078       0.2148
       1.085        0.254
         1.1       0.3129
       1.108       0.3521
       1.123       0.3913
        1.13       0.4109
       1.138       0.4501
       1.146       0.4893
       1.153       0.5286
       1.161       0.5678
       1.176       0.5482
       1.183       0.4893
       1.199       0.4305
       1.206       0.4305
       1.221       0.4109
       1.229       0.3717
       1.236       0.3325
       1.244       0.2344
       1.251       0.1364
       1.259      0.01876
       1.267     -0.07928
       1.274      -0.1773
       1.282       -0.295
       1.289      -0.3734
       1.297      -0.4714
       1.304      -0.5303
       1.312      -0.5695
       1.319      -0.6087
       1.327      -0.6675
       1.335      -0.7067
       1.342      -0.7263
        1.35      -0.7067
       1.357      -0.6479
       1.365      -0.5695
       1.372       -0.491
        1.38       -0.393
       1.387      -0.2754
       1.395      -0.1577
       1.403     -0.04007
        1.41      0.07758
        1.41   -0.0008525
       1.418        0.156
       1.425       0.2148
       1.433        0.254
       1.448       0.1952
       1.456       0.1168
       1.463      0.05797
       1.463   -0.0008525
       1.471     -0.02046
       1.486     -0.05968
       1.493     -0.09889
       1.501      -0.1577
       1.508      -0.1969
       1.524      -0.2558
       1.531      -0.2558
       1.539      -0.2361
       1.546      -0.2165
       1.554      -0.1773
       1.561      -0.1381
       1.576     -0.09889
       1.584     -0.07928
       1.592     -0.04007
       1.599      0.01876
       1.607      0.07758
       1.614       0.1168
       1.622       0.1364
       1.637        0.156
       1.644        0.156
        1.66       0.1756
       1.667       0.1952
       1.682       0.2148
        1.69       0.2148
       1.697       0.2148
       1.705       0.1756
       1.713       0.1364
        1.72       0.1168
       1.735      0.09719
       1.743       0.1168
       1.758       0.1168
       1.765      0.09719
       1.781      0.07758
       1.796      0.07758
       1.803      0.09719
       1.818       0.1364
       1.826       0.1364
       1.841      0.07758
       1.849   -0.0008525
       1.856     -0.04007
       1.864     -0.09889
       1.871      -0.1381
       1.886      -0.1969
       1.894      -0.2361
       1.909      -0.2754
       1.917       -0.295
       1.924      -0.2754
       1.939      -0.2558
       1.947      -0.2558
       1.954      -0.2165
       1.962      -0.1969
        1.97      -0.1381
       1.977     -0.07928
       1.985     -0.02046
       1.992      0.05797
       1.992   -0.0008525
           2      0.09719
       2.007        0.156
       2.015       0.1952
       2.022       0.2344
        2.03       0.2737
       2.038       0.3129
       2.045       0.3521
       2.053       0.3913
        2.06       0.4305
       2.075       0.4697
       2.083       0.4697
       2.098       0.4893
       2.106       0.4697
       2.113       0.4501
       2.128       0.3913
       2.136       0.3325
       2.143       0.2933
       2.151       0.2344
       2.158       0.1756
       2.166       0.1168
       2.174      0.07758
       2.189      0.03836
       2.196      0.03836
       2.211   -0.0008525
       2.219     -0.02046
       2.226     -0.07928
       2.234      -0.1185
       2.242      -0.1773
       2.249      -0.2361
       2.257       -0.295
       2.264      -0.3146
       2.279      -0.3538
       2.287      -0.3538
       2.302      -0.3734
        2.31      -0.3538
       2.317      -0.3146
       2.325      -0.2754
       2.332      -0.2165
        2.34      -0.1969
       2.355      -0.1185
       2.363     -0.09889
       2.378     -0.05968
       2.385     -0.07928
         2.4     -0.09889
       2.415      -0.1381
       2.423      -0.1577
       2.438      -0.1773
       2.446      -0.1969
       2.461      -0.1969
       2.476      -0.2361
       2.483      -0.2361
       2.491      -0.2165
       2.506      -0.1773
       2.514      -0.1577
       2.529     -0.09889
       2.536     -0.07928
       2.544     -0.04007
       2.552   -0.0008525
       2.559      0.05797
       2.567      0.07758
       2.582       0.1364
       2.589       0.1364
       2.597        0.156
       2.612       0.1952
        2.62       0.1952
       2.627       0.2148
       2.642        0.254
        2.65       0.2933
       2.665       0.3325
       2.672       0.3325
       2.688       0.3325
       2.695       0.3325
        2.71       0.3129
       2.718       0.2737
       2.725       0.2344
       2.733       0.1952
        2.74       0.1168
       2.748      0.05797
       2.748   -0.0008525
       2.756     -0.02046
       2.763     -0.07928
       2.771      -0.1185
       2.786      -0.1773
       2.793      -0.2361
       2.801      -0.2754
       2.809      -0.3146
       2.816      -0.3734
       2.824       -0.393
       2.839      -0.4126
       2.846       -0.393
       2.854      -0.3538
       2.861       -0.295
       2.869      -0.2165
       2.877      -0.1577
       2.884      -0.1185
       2.892     -0.05968
       2.899     -0.02046
       2.907      0.05797
       2.914      0.09719
       2.922       0.1364
       2.929       0.1756
       2.945       0.1756
       2.952       0.1756
       2.967        0.156
       2.975        0.156
        2.99       0.1168
       2.997       0.1168
       3.013      0.07758
        3.02      0.07758
       3.035       0.1168
       3.043       0.1364
        3.05        0.156
       3.066        0.156
       3.073        0.156
       3.088        0.156
       3.096        0.156
       3.111        0.156
       3.118       0.1756
       3.134       0.2344
       3.141       0.2737
       3.149       0.3325
       3.164       0.3521
       3.171       0.3325
       3.179       0.2933
       3.186        0.254
       3.194       0.1952
       3.202        0.156
       3.209      0.09719
       3.217      0.05797
       3.217   -0.0008525
       3.224     -0.02046
       3.232     -0.05968
       3.239     -0.07928
       3.254     -0.07928
       3.262     -0.07928
       3.277     -0.07928
       3.285     -0.07928
         3.3     -0.05968
       3.307     -0.04007
       3.323   -0.0008525
        3.33   -0.0008525
       3.338      0.03836
       3.345      0.05797
        3.36      0.09719
       3.368      0.09719
       3.383      0.09719
       3.391       0.1168
       3.406       0.1364
       3.413       0.1364
       3.421       0.1168
       3.436      0.07758
       3.443      0.05797
       3.459      0.05797
       3.466      0.07758
       3.481      0.07758
       3.489      0.05797
       3.504      0.05797
       3.519      0.03836
       3.534      0.01876
       3.564   -0.0008525
       3.572   -0.0008525
       3.587      0.05797
       3.595      0.07758
       3.602       0.1168
        3.61       0.1756
       3.617       0.2148
       3.625       0.2344
        3.64       0.1756
       3.648       0.1364
       3.655      0.07758
       3.655   -0.0008525
       3.663     -0.04007
        3.67     -0.09889
       3.678      -0.1577
       3.685      -0.2165
       3.693      -0.2754
       3.708      -0.3146
       3.716      -0.3146
       3.731      -0.3146
       3.738      -0.3146
       3.753      -0.3342
       3.761      -0.3342
       3.776       -0.393
       3.791      -0.4322
       3.799      -0.4714
       3.806       -0.491
       3.821      -0.5107
       3.829       -0.491
       3.844      -0.4322
       3.852      -0.4126
       3.867      -0.3538
       3.874      -0.3342
       3.889      -0.2558
       3.897      -0.2165
       3.905      -0.1577
       3.912     -0.09889
        3.92     -0.04007
       3.927   -0.0008525
       3.935      0.05797
        3.95       0.1168
       3.957       0.1364
       3.973      0.09719
        3.98      0.07758
       3.988      0.07758
       4.003      0.03836
        4.01      0.03836
       4.025      0.05797
       4.041      0.07758
       4.048      0.09719
       4.063      0.07758
       4.071      0.09719
       4.086       0.1168
       4.093        0.156
       4.109       0.1952
       4.124        0.254
       4.131       0.3129
       4.139       0.3521
       4.146       0.4109
       4.154       0.4501
       4.162       0.4893
       4.177        0.509
       4.184       0.4893
       4.199       0.4305
       4.207       0.4109
       4.222       0.3717
        4.23       0.3325
       4.237       0.2737
       4.245       0.2344
       4.252       0.1952
       4.267       0.1756
       4.275       0.1756
        4.29       0.1756
       4.298       0.1756
       4.305       0.1952
        4.32       0.2344
       4.328        0.254
       4.343       0.1756
        4.35       0.1168
       4.358      0.05797
       4.358   -0.0008525
       4.366     -0.02046
       4.373     -0.09889
       4.381      -0.1185
       4.396      -0.1381
       4.403      -0.1381
       4.411      -0.1185
       4.426      -0.1381
       4.434      -0.1577
       4.449      -0.1577
       4.456      -0.1381
       4.464      -0.1185
       4.479     -0.05968
       4.487     -0.05968
       4.502     -0.02046
       4.517     -0.04007
       4.524     -0.05968
       4.532     -0.09889
       4.539      -0.1577
       4.547      -0.1969
       4.555      -0.2361
        4.57      -0.2754
       4.577      -0.2558
       4.592      -0.2165
         4.6      -0.1969
       4.615      -0.1577
       4.623      -0.1381
       4.638      -0.1185
       4.645     -0.09889
        4.66     -0.09889
       4.668     -0.07928
       4.683     -0.02046
       4.691   -0.0008525
       4.698      0.05797
       4.706      0.09719
       4.713       0.1364
       4.721       0.1756
       4.728       0.2148
       4.744        0.254
       4.751       0.2737
       4.766       0.2933
       4.774       0.2933
       4.789        0.254
       4.804       0.2344
       4.812       0.2148
       4.819       0.1952
       4.827        0.156
       4.834       0.1168
       4.842      0.05797
       4.849     -0.02046
       4.857     -0.05968
       4.864      -0.1185
       4.872      -0.1773
        4.88      -0.2165
       4.887      -0.2558
       4.902      -0.2558
        4.91      -0.2165
       4.917      -0.1773
       4.925      -0.1577
        4.94      -0.1577
       4.948      -0.1577
       4.955      -0.1577
        4.97      -0.1969
       4.978      -0.2361
       4.993       -0.295
       5.001       -0.295
       5.016      -0.2754
       5.023      -0.2558
       5.038      -0.1773
       5.046      -0.1577
       5.053      -0.1381
       5.061     -0.09889
       5.069     -0.05968
       5.076   -0.0008525
       5.084      0.05797
       5.091      0.07758
       5.106       0.1364
       5.114       0.1364
       5.129       0.1364
       5.137        0.156
       5.152       0.1952
       5.167        0.254
       5.174        0.254
       5.189        0.254
       5.197        0.254
       5.212       0.2737
       5.227       0.2737
       5.235        0.254
        5.25        0.254
       5.265       0.1952
       5.273       0.1168
        5.28      0.03836
       5.288     -0.09889
       5.295      -0.2165
       5.303      -0.3342
        5.31      -0.3734
       5.318      -0.4126
       5.333      -0.3734
       5.348      -0.3146
       5.356      -0.2754
       5.363      -0.2165
       5.378      -0.1773
       5.386      -0.1381
       5.401     -0.09889
       5.409     -0.05968
       5.416     -0.02046
       5.424   -0.0008525
       5.431      0.03836
       5.439      0.05797
       5.454       0.1364
       5.462        0.156
       5.477       0.2148
       5.484       0.2344
       5.499       0.2933
       5.507       0.3129
       5.522       0.3325
        5.53       0.3325
       5.537       0.3521
       5.552       0.3325
        5.56       0.2933
       5.575        0.254
       5.583        0.254
       5.598        0.254
       5.605       0.2344
        5.62       0.2148
       5.635       0.2344
       5.643        0.254
       5.658       0.2737
       5.666       0.2737
       5.673       0.2344
       5.681       0.1952
       5.688       0.1756
       5.703       0.1364
       5.711      0.09719
       5.726      0.05797
       5.734      0.03836
       5.741     -0.02046
       5.749     -0.05968
       5.756     -0.09889
       5.764      -0.1381
       5.772      -0.1773
       5.779      -0.2558
       5.787      -0.3342
       5.794      -0.4126
       5.802      -0.4714
       5.809      -0.5303
       5.817      -0.5695
       5.824      -0.5891
       5.832      -0.5695
       5.847      -0.5303
       5.855      -0.5107
        5.87      -0.4714
       5.877      -0.4322
       5.885      -0.3734
       5.892      -0.3146
         5.9      -0.2558
       5.908      -0.1969
       5.915      -0.1577
       5.923      -0.1185
        5.93     -0.07928
       5.945     -0.02046
       5.953   -0.0008525
       5.968     -0.02046
       5.976     -0.02046
       5.991      0.05797
       5.998      0.07758
       6.006       0.1364
       6.013       0.1952
       6.021        0.254
       6.029       0.2933
       6.036       0.3325
       6.044       0.3717
       6.051       0.3913
       6.066       0.4501
       6.074       0.4501
       6.081       0.4501
       6.097       0.3913
       6.104       0.3521
       6.112       0.3129
       6.119        0.254
       6.127       0.2148
       6.134        0.156
       6.142      0.09719
       6.157      0.05797
       6.165      0.03836
       6.172      0.03836
       6.187     -0.02046
       6.195     -0.04007
        6.21     -0.07928
       6.217     -0.09889
       6.233     -0.09889
        6.24     -0.07928
       6.248     -0.05968
       6.255     -0.02046
       6.263      0.05797
        6.27       0.1168
       6.278        0.156
       6.285       0.1952
       6.301       0.2148
       6.308       0.1952
       6.323        0.156
       6.331       0.1364
       6.346       0.1364
       6.354       0.1364
       6.369       0.1364
       6.384      0.09719
       6.391      0.05797
       6.406      0.01876
       6.422     -0.02046
       6.429     -0.02046
       6.444     -0.02046
       6.459     -0.02046
       6.467   -0.0008525
        6.49      0.01876
       6.497   -0.0008525
       6.505     -0.02046
        6.52     -0.07928
       6.535      -0.1577
       6.542      -0.1969
        6.55      -0.2361
       6.558      -0.2558
       6.573      -0.2361
        6.58      -0.2558
       6.588      -0.2558
       6.595       -0.295
       6.611      -0.3342
       6.618      -0.3538
       6.633      -0.3146
       6.641       -0.295
       6.656      -0.2754
       6.663      -0.2754
       6.679      -0.2558
       6.694      -0.2361
       6.701      -0.2361
       6.709      -0.2165
       6.731      -0.1969
       6.739      -0.1969
       6.754      -0.1969
       6.762      -0.1969
       6.777      -0.1577
       6.784      -0.1185
       6.792     -0.05968
       6.799      0.01876
       6.807       0.1168
       6.815       0.2344
       6.822       0.3325
        6.83       0.4109
       6.837       0.4893
       6.845       0.5678
       6.852        0.607
        6.86       0.6658
       6.868        0.705
       6.875        0.705
        6.89       0.6658
       6.898       0.6462
       6.905        0.607
       6.913       0.5874
       6.928       0.5678
       6.936       0.5678
       6.943       0.5286
       6.951       0.4501
       6.958       0.3913
       6.966       0.3325
       6.973       0.2933
       6.981        0.254
       6.988       0.1952
       6.996       0.1168
       7.004      0.01876
       7.011     -0.07928
       7.019      -0.1773
       7.026      -0.2361
       7.034       -0.295
       7.041      -0.3146
       7.049      -0.3538
       7.056      -0.3734
       7.072       -0.393
       7.087      -0.4126
       7.094      -0.4322
       7.109      -0.4322
       7.125       -0.393
        7.14      -0.3342
       7.147       -0.295
       7.155      -0.2165
       7.155      -0.2754
       7.162      -0.1773
        7.17      -0.1185
       7.177     -0.04007
       7.185      0.05797
       7.185   -0.0008525
       7.193       0.1168
         7.2        0.156
       7.208       0.1952
       7.223       0.1952
        7.23       0.1756
       7.238       0.1756
       7.253       0.1364
       7.261       0.1168
       7.268      0.09719
       7.276      0.05797
       7.283     -0.02046
       7.291     -0.07928
       7.298      -0.1381
       7.306      -0.1969
       7.313      -0.2361
       7.329      -0.2754
       7.336       -0.295
       7.344      -0.2754
       7.359      -0.2754
       7.366      -0.2558
       7.382       -0.295
       7.389       -0.295
       7.397      -0.2754
       7.412      -0.2361
       7.419      -0.2361
       7.434      -0.2754
       7.442       -0.295
       7.457      -0.3538
       7.465      -0.3342
       7.472      -0.3146
        7.48      -0.2558
       7.487      -0.1969
       7.495      -0.1185
       7.502     -0.04007
        7.51      0.05797
        7.51   -0.0008525
       7.518       0.1168
       7.525       0.1952
       7.533        0.254
        7.54       0.3129
       7.548       0.3717
       7.563       0.3717
        7.57       0.3717
       7.586       0.3717
       7.593       0.3717
       7.608       0.3913
       7.616       0.4109
       7.623       0.4305
       7.638       0.4109
       7.646       0.3913
       7.661       0.3717
       7.669       0.3521
       7.684       0.3129
       7.691       0.3129
       7.707       0.3325
       7.722       0.3325
       7.729       0.3521
       7.737       0.3717
       7.752       0.4305
       7.759       0.4305
       7.775       0.4305
        7.79       0.3913
       7.797       0.3717
       7.805       0.3325
       7.812       0.2933
        7.82        0.254
       7.835       0.2148
       7.843       0.1952
        7.85        0.156
       7.858       0.1168
       7.865      0.05797
       7.873     -0.02046
        7.88     -0.05968
       7.888      -0.1185
       7.895      -0.1577
       7.903      -0.1969
       7.911      -0.2361
       7.926       -0.295
       7.933      -0.3538
       7.941       -0.393
       7.948      -0.4518
       7.956       -0.491
       7.971      -0.5499
       7.979      -0.5695
       7.994      -0.5891
       8.001      -0.5891
       8.016      -0.5499
       8.032      -0.5107
       8.039      -0.5107
       8.047       -0.491
       8.062      -0.4518
       8.069      -0.4322
       8.084      -0.3734
       8.092      -0.3342
         8.1       -0.295
       8.107      -0.2558
       8.115      -0.1969
       8.122      -0.1381
        8.13     -0.05968
       8.137      0.01876
       8.145      0.09719
       8.152        0.156
        8.16       0.2344
       8.168       0.2933
       8.175       0.3521
       8.183       0.4109
        8.19       0.4697
       8.198        0.509
       8.205       0.5482
       8.213       0.5874
       8.228       0.5874
       8.236       0.5874
       8.251       0.6266
       8.258       0.6462
       8.273       0.6462
       8.281       0.6462
       8.289       0.6266
       8.296       0.5678
       8.304        0.509
       8.311       0.4305
       8.319       0.3521
       8.326       0.2737
       8.334       0.2148
       8.341        0.156
       8.349       0.1364
       8.364      0.09719
       8.372      0.09719
       8.387      0.05797
       8.394      0.03836
       8.402   -0.0008525
       8.409     -0.02046
       8.417     -0.07928
       8.425      -0.1185
       8.432      -0.1773
        8.44      -0.2361
       8.447       -0.295
       8.455      -0.3538
       8.462       -0.393
        8.47      -0.4126
       8.478      -0.4518
       8.485      -0.4714
         8.5      -0.5107
       8.508      -0.5303
       8.523      -0.5303
       8.538      -0.5499
       8.546      -0.5695
       8.561      -0.5891
       8.568      -0.5891
       8.583      -0.5695
       8.591      -0.5499
       8.598       -0.491
       8.606      -0.4322
       8.614      -0.3734
       8.621       -0.295
       8.629      -0.2165
       8.636      -0.1773
       8.644      -0.1381
       8.651     -0.07928
       8.659     -0.04007
       8.666     -0.02046
       8.674      0.01876
       8.682      0.05797
       8.697       0.1168
       8.704       0.1364
       8.712       0.1952
       8.719       0.2344
       8.727       0.2933
       8.735       0.3521
       8.742       0.3913
       8.757       0.4501
       8.765       0.4893
        8.78        0.509
       8.787       0.4893
       8.795       0.4305
       8.803       0.3913
        8.81       0.3129
       8.818       0.2344
       8.825        0.156
       8.833      0.09719
        8.84      0.05797
       8.855   -0.0008525
       8.871   -0.0008525
       8.886     -0.02046
       8.901     -0.05968
       8.908     -0.07928
       8.923     -0.07928
       8.931     -0.07928
       8.939     -0.05968
       8.954     -0.02046
       8.961   -0.0008525
       8.969      0.05797
       8.976      0.09719
