     0.01186      0.04878
     0.02699      0.04878
     0.04212      0.02927
     0.05725      0.02927
     0.07238    -0.009756
     0.07994     -0.02927
     0.08751     -0.02927
      0.1026     -0.06829
      0.1102      -0.0878
      0.1253      -0.0878
      0.1329     -0.06829
       0.148     -0.04878
      0.1556     -0.02927
      0.1707    -0.009756
      0.1783    -0.009756
      0.1859     0.009756
       0.201      0.02927
      0.2085      0.02927
      0.2161      0.04878
      0.2312      0.04878
      0.2388      0.04878
      0.2539     0.009756
      0.2615    -0.009756
      0.2766     -0.04878
      0.2842      -0.0878
      0.2918      -0.1073
      0.3069      -0.1463
      0.3145      -0.1659
      0.3296      -0.1463
      0.3447      -0.1073
      0.3523      -0.1073
      0.3598      -0.0878
       0.375      -0.0878
      0.3825      -0.0878
      0.3977     -0.06829
      0.4052     -0.06829
      0.4204     -0.06829
      0.4279     -0.06829
      0.4431     -0.04878
      0.4582    -0.009756
      0.4658     0.009756
      0.4809      0.06829
      0.4884       0.0878
      0.5036       0.1073
      0.5111       0.0878
      0.5187       0.0878
      0.5338      0.04878
      0.5414      0.04878
      0.5565     0.009756
      0.5641     0.009756
      0.5792      0.02927
      0.5868      0.02927
      0.5944      0.04878
      0.6095      0.06829
      0.6171       0.0878
      0.6322       0.0878
      0.6397       0.1073
      0.6549       0.1073
      0.6624       0.1073
        0.67       0.1073
      0.6851      0.06829
      0.6927      0.06829
      0.7154     0.009756
       0.723    -0.009756
      0.7305    -0.009756
      0.7457     -0.04878
      0.7532     -0.04878
      0.7608     -0.04878
      0.7759     -0.04878
      0.7835     -0.04878
      0.7986     -0.06829
      0.8137      -0.1268
      0.8289      -0.1659
      0.8364      -0.1854
      0.8516      -0.1854
      0.8667      -0.1854
      0.8743      -0.1659
      0.8894      -0.1073
       0.897      -0.0878
      0.9045     -0.04878
      0.9121     -0.02927
      0.9196    -0.009756
      0.9348      0.06829
      0.9423       0.0878
      0.9575       0.1268
       0.965       0.1463
      0.9726       0.1659
      0.9877       0.1659
      0.9953       0.1659
        1.01       0.1268
       1.018       0.1268
       1.026       0.1268
       1.041       0.1073
       1.048       0.0878
       1.063      0.06829
       1.071      0.04878
       1.086      0.04878
       1.094      0.04878
       1.101      0.06829
       1.116       0.0878
       1.124       0.1073
       1.139       0.1073
       1.147       0.1073
       1.162       0.1073
       1.169       0.1073
       1.177       0.1268
       1.192       0.1268
         1.2       0.1268
       1.215       0.1463
        1.23       0.1463
       1.237       0.1463
       1.253       0.1463
        1.26       0.1463
       1.268       0.1659
       1.283       0.1854
        1.29       0.1854
       1.305       0.2049
       1.313       0.2049
       1.321       0.1659
       1.336       0.1073
       1.343       0.0878
       1.351      0.04878
       1.366    -0.009756
       1.374     -0.04878
       1.381      -0.0878
       1.396      -0.1268
       1.404      -0.1463
       1.419      -0.1659
       1.426      -0.1659
       1.434      -0.1659
       1.449      -0.2049
       1.457      -0.2244
       1.464      -0.2244
       1.479      -0.2439
       1.487      -0.2439
       1.502      -0.2244
        1.51      -0.2049
       1.517      -0.1854
       1.532      -0.1463
        1.54      -0.1463
       1.548      -0.1268
       1.563      -0.1268
        1.57      -0.1268
       1.585      -0.1073
       1.593      -0.0878
       1.608      -0.0878
       1.616     -0.06829
       1.631     -0.02927
       1.638     -0.02927
       1.646    -0.009756
       1.661    -0.009756
       1.669    -0.009756
       1.684     0.009756
       1.691     0.009756
       1.706     0.009756
       1.714    -0.009756
       1.729    -0.009756
       1.737    -0.009756
       1.752     -0.02927
       1.759     -0.02927
       1.767     -0.02927
       1.782     -0.04878
        1.79     -0.04878
       1.797     -0.02927
       1.812    -0.009756
        1.82    -0.009756
       1.835    -0.009756
       1.843     -0.02927
       1.858     -0.02927
       1.865    -0.009756
        1.88     0.009756
       1.888      0.02927
       1.903      0.04878
       1.911      0.04878
       1.918      0.06829
       1.933      0.06829
       1.941      0.06829
       1.956      0.02927
       1.964      0.02927
       1.979    -0.009756
       1.986    -0.009756
       2.001    -0.009756
       2.009    -0.009756
       2.024    -0.009756
       2.032    -0.009756
       2.047     0.009756
       2.054     0.009756
        2.07     0.009756
       2.077     0.009756
       2.092    -0.009756
         2.1    -0.009756
       2.115    -0.009756
       2.122     -0.02927
        2.13     -0.02927
       2.145     -0.04878
       2.153     -0.04878
        2.16     -0.02927
       2.175     0.009756
       2.183      0.02927
       2.198      0.06829
       2.206      0.06829
       2.221      0.06829
       2.228      0.04878
       2.236      0.04878
       2.251     0.009756
       2.259    -0.009756
       2.274    -0.009756
       2.289    -0.009756
       2.296     0.009756
       2.312     0.009756
       2.319     0.009756
       2.334      0.02927
       2.349      0.04878
       2.357      0.06829
       2.372       0.0878
        2.38       0.0878
       2.395      0.06829
       2.402      0.06829
       2.418      0.02927
       2.425     0.009756
        2.44    -0.009756
       2.448     0.009756
       2.463      0.02927
        2.47      0.02927
       2.486      0.04878
       2.493      0.04878
       2.508      0.06829
       2.516      0.06829
       2.523       0.0878
       2.539       0.0878
       2.546       0.1073
       2.561       0.0878
       2.569      0.06829
       2.584      0.06829
       2.599      0.02927
       2.607     0.009756
       2.622    -0.009756
       2.629    -0.009756
       2.644     -0.02927
       2.652     -0.04878
       2.667      -0.0878
       2.675      -0.0878
        2.69      -0.0878
       2.697      -0.0878
       2.713     -0.04878
       2.728     -0.02927
       2.735     -0.02927
        2.75     -0.02927
       2.758     -0.02927
       2.773     -0.02927
       2.781     -0.02927
       2.796    -0.009756
       2.811     0.009756
       2.818      0.02927
       2.834      0.02927
       2.841     0.009756
       2.856    -0.009756
       2.871     -0.02927
       2.879     -0.04878
       2.894     -0.02927
       2.902     0.009756
       2.917      0.04878
       2.924      0.04878
       2.939      0.02927
       2.947     0.009756
       2.962    -0.009756
       2.977     -0.02927
       2.985     -0.04878
       2.992     -0.04878
       3.008     -0.06829
       3.015     -0.04878
        3.03    -0.009756
       3.038     0.009756
       3.053     0.009756
       3.068    -0.009756
       3.076     -0.02927
       3.083    -0.009756
       3.098    -0.009756
       3.106     -0.02927
       3.121     -0.02927
       3.136     -0.04878
       3.144     -0.04878
       3.159     -0.04878
       3.166     -0.02927
       3.182    -0.009756
       3.189    -0.009756
       3.204      0.04878
       3.219      0.06829
       3.227       0.0878
       3.242      0.06829
        3.25      0.06829
       3.257      0.06829
       3.272      0.02927
        3.28      0.02927
       3.295      0.02927
       3.303      0.04878
       3.318      0.06829
       3.325      0.06829
        3.34      0.02927
       3.348      0.02927
       3.363      0.04878
       3.378      0.02927
       3.386      0.02927
       3.401     -0.02927
       3.409     -0.02927
       3.424     -0.04878
       3.431     -0.04878
       3.446     -0.04878
       3.454     -0.02927
       3.469     0.009756
       3.477      0.02927
       3.484      0.04878
       3.499      0.04878
       3.514      0.02927
        3.53      0.04878
       3.545      0.04878
       3.552      0.02927
        3.56      0.02927
       3.575    -0.009756
       3.582    -0.009756
       3.598     0.009756
       3.605     0.009756
        3.62    -0.009756
       3.628    -0.009756
       3.643    -0.009756
       3.658     -0.02927
       3.666     -0.04878
       3.681      -0.0878
       3.688      -0.1073
       3.696      -0.1073
       3.719      -0.1073
       3.726      -0.1073
       3.741      -0.1073
       3.749      -0.1073
       3.756      -0.0878
       3.772     -0.06829
       3.779     -0.06829
       3.794    -0.009756
       3.809      0.02927
       3.817      0.04878
       3.832      0.04878
        3.84      0.04878
       3.855     0.009756
       3.862     0.009756
       3.878    -0.009756
       3.885    -0.009756
         3.9    -0.009756
       3.908     0.009756
       3.923      0.02927
       3.938      0.04878
       3.946      0.04878
       3.961      0.04878
       3.968      0.06829
       3.983      0.06829
       3.991       0.0878
       4.006       0.0878
       4.014       0.0878
       4.029       0.0878
       4.036       0.0878
       4.052       0.0878
       4.059       0.0878
       4.074       0.0878
       4.082       0.0878
       4.097       0.0878
       4.104       0.0878
       4.112       0.0878
       4.127      0.04878
       4.135      0.02927
       4.142     0.009756
       4.157     -0.02927
       4.165     -0.04878
        4.18     -0.06829
       4.188      -0.0878
       4.203     -0.06829
       4.218     -0.02927
       4.226    -0.009756
       4.241      0.02927
       4.248      0.04878
       4.263      0.04878
       4.271      0.04878
       4.286     0.009756
       4.294     0.009756
       4.309     -0.02927
       4.316     -0.02927
       4.331     -0.04878
       4.339     -0.04878
       4.354     -0.02927
       4.369     -0.02927
       4.377     -0.02927
       4.392     -0.02927
         4.4     -0.02927
       4.415    -0.009756
       4.422     0.009756
        4.43     0.009756
       4.445    -0.009756
       4.452     -0.02927
        4.46    -0.009756
       4.475      0.02927
       4.483      0.02927
        4.49      0.04878
       4.505      0.02927
       4.513      0.02927
       4.528     0.009756
       4.543    -0.009756
       4.551    -0.009756
       4.566    -0.009756
       4.574    -0.009756
       4.589     -0.04878
       4.596     -0.06829
       4.611     -0.04878
       4.626    -0.009756
       4.634    -0.009756
       4.649     0.009756
       4.657      0.02927
       4.672      0.06829
       4.679      0.06829
       4.687      0.06829
       4.702      0.02927
        4.71     0.009756
       4.725    -0.009756
        4.74     -0.02927
       4.747     -0.04878
       4.763     -0.04878
        4.77     -0.04878
       4.785     -0.02927
       4.793     -0.02927
       4.808     -0.02927
       4.816    -0.009756
       4.823     0.009756
       4.838     0.009756
       4.846     0.009756
       4.861    -0.009756
       4.869    -0.009756
       4.884     -0.02927
       4.891     -0.02927
       4.906     0.009756
       4.914     0.009756
       4.929      0.04878
       4.944      0.06829
       4.952       0.0878
       4.967       0.0878
       4.974       0.0878
        4.99      0.04878
       4.997      0.02927
       5.012     -0.02927
        5.02     -0.02927
       5.035     -0.02927
       5.043     -0.02927
       5.058     -0.02927
       5.065     -0.02927
        5.08    -0.009756
       5.088    -0.009756
       5.103     0.009756
       5.111      0.02927
       5.126     0.009756
       5.133     0.009756
       5.148    -0.009756
       5.156    -0.009756
       5.171    -0.009756
       5.179    -0.009756
       5.194    -0.009756
       5.201    -0.009756
       5.209    -0.009756
       5.224     -0.02927
       5.232    -0.009756
       5.247     0.009756
       5.254     0.009756
       5.277      0.02927
       5.285      0.02927
       5.307     0.009756
       5.315      0.02927
       5.338      0.02927
       5.345     0.009756
       5.353     0.009756
       5.368    -0.009756
       5.375    -0.009756
       5.391     -0.02927
       5.398     -0.02927
       5.413     -0.02927
       5.421     -0.02927
       5.436     -0.02927
       5.443    -0.009756
       5.459     0.009756
       5.466      0.02927
       5.481      0.04878
       5.496      0.04878
       5.504      0.04878
       5.519      0.04878
       5.527      0.04878
       5.542      0.02927
       5.549      0.02927
       5.565      0.02927
       5.572      0.04878
       5.587      0.02927
       5.595      0.02927
        5.61    -0.009756
       5.617    -0.009756
       5.633     -0.04878
        5.64     -0.06829
       5.655     -0.04878
        5.67     -0.02927
       5.678     -0.02927
       5.693     -0.02927
       5.701    -0.009756
       5.716    -0.009756
       5.723    -0.009756
       5.739    -0.009756
       5.746    -0.009756
       5.754     0.009756
       5.769     0.009756
       5.776      0.02927
       5.791      0.02927
       5.799      0.02927
       5.814      0.02927
       5.822      0.02927
       5.837     0.009756
       5.844     0.009756
       5.852     0.009756
       5.867     -0.02927
       5.875     -0.04878
        5.89     -0.06829
       5.897      -0.0878
       5.912     -0.06829
        5.92     -0.04878
       5.935     -0.02927
       5.943    -0.009756
       5.958    -0.009756
       5.965    -0.009756
       5.981    -0.009756
       5.988    -0.009756
       5.996    -0.009756
       6.011     -0.02927
       6.018     -0.04878
       6.034     -0.04878
       6.041     -0.02927
       6.056     -0.02927
       6.064     -0.02927
       6.079    -0.009756
       6.086     0.009756
       6.102      0.04878
       6.117      0.04878
       6.124      0.02927
       6.139     0.009756
       6.147     0.009756
       6.162     0.009756
        6.17     0.009756
       6.185     0.009756
       6.192     0.009756
       6.208      0.02927
       6.215      0.02927
        6.23      0.02927
       6.238      0.04878
       6.253      0.02927
        6.26     0.009756
       6.276    -0.009756
       6.283    -0.009756
       6.298    -0.009756
       6.306    -0.009756
       6.313     0.009756
       6.329     0.009756
       6.336     0.009756
       6.351     0.009756
       6.359     0.009756
       6.366      0.02927
       6.382      0.04878
       6.389      0.06829
       6.404      0.06829
       6.412      0.04878
       6.427    -0.009756
       6.434     -0.02927
        6.45    -0.009756
       6.465     0.009756
       6.472     0.009756
       6.487     0.009756
       6.495      0.02927
        6.51      0.04878
       6.525      0.04878
       6.533      0.04878
       6.548      0.06829
       6.563      0.02927
       6.571    -0.009756
       6.586     -0.02927
       6.601     -0.02927
       6.608     -0.02927
       6.624     -0.02927
       6.631     -0.02927
       6.646     -0.02927
       6.654     -0.02927
       6.669     -0.02927
       6.677     -0.02927
       6.692     -0.02927
       6.699     -0.02927
       6.714     -0.02927
       6.722     -0.02927
       6.737     -0.02927
       6.745     -0.02927
        6.76     0.009756
       6.767      0.02927
       6.782      0.04878
        6.79      0.04878
       6.798      0.06829
       6.813      0.06829
        6.82      0.06829
       6.835      0.04878
       6.843      0.02927
       6.851    -0.009756
       6.866     -0.04878
       6.873     -0.06829
       6.888      -0.0878
       6.896      -0.0878
       6.911     -0.06829
       6.919     -0.04878
       6.926     -0.02927
       6.941    -0.009756
       6.949    -0.009756
       6.964     0.009756
       6.972     0.009756
       6.987     0.009756
       6.994    -0.009756
       7.002    -0.009756
       7.017     -0.04878
       7.025     -0.06829
       7.032     -0.04878
       7.047    -0.009756
       7.055     0.009756
        7.07     0.009756
       7.077     0.009756
       7.093      0.02927
         7.1      0.04878
       7.115       0.0878
       7.123       0.1073
        7.13       0.1268
       7.146       0.1268
       7.153       0.1073
       7.161      0.06829
       7.168      0.02927
       7.176    -0.009756
       7.191     -0.04878
       7.199     -0.06829
       7.214     -0.06829
       7.221     -0.06829
       7.229     -0.04878
       7.244     -0.02927
       7.251    -0.009756
       7.267    -0.009756
       7.274    -0.009756
       7.289     0.009756
       7.297     0.009756
       7.312      0.02927
        7.32      0.02927
       7.327      0.02927
       7.342     0.009756
        7.35     0.009756
       7.365     0.009756
       7.373     0.009756
       7.388     0.009756
       7.395     0.009756
        7.41     0.009756
       7.418     0.009756
       7.433     0.009756
       7.441     0.009756
       7.456      0.02927
       7.463      0.02927
       7.471      0.04878
       7.486      0.02927
       7.494     0.009756
       7.509     -0.02927
       7.516     -0.06829
       7.531      -0.0878
       7.539      -0.0878
       7.554      -0.0878
       7.562     -0.06829
       7.577     -0.04878
       7.584     -0.02927
       7.599    -0.009756
       7.607     0.009756
       7.622     0.009756
        7.63     0.009756
       7.645      0.02927
       7.652      0.04878
       7.668      0.02927
       7.675     0.009756
        7.69    -0.009756
       7.698    -0.009756
       7.713     -0.02927
       7.721     -0.02927
       7.728    -0.009756
       7.743     0.009756
       7.751      0.02927
       7.758      0.04878
       7.773      0.06829
       7.781      0.06829
       7.796      0.06829
       7.804      0.06829
       7.819      0.06829
       7.834      0.02927
       7.842     0.009756
       7.857     -0.02927
       7.864     -0.02927
       7.879     -0.04878
       7.887     -0.04878
       7.902     -0.02927
        7.91    -0.009756
       7.925    -0.009756
       7.932    -0.009756
       7.947    -0.009756
       7.955     0.009756
        7.97      0.04878
       7.985      0.04878
       7.993      0.04878
       8.008      0.02927
       8.016     0.009756
       8.031     -0.02927
       8.038     -0.04878
       8.053      -0.0878
       8.061      -0.1073
       8.068      -0.0878
       8.084     -0.04878
       8.091     -0.02927
       8.106    -0.009756
       8.114    -0.009756
       8.129    -0.009756
       8.137    -0.009756
       8.152    -0.009756
       8.159    -0.009756
       8.174     0.009756
       8.182     0.009756
       8.197     0.009756
       8.205     0.009756
       8.212      0.02927
       8.227      0.02927
       8.235      0.02927
        8.25      0.04878
       8.265      0.06829
       8.273      0.06829
       8.288      0.06829
       8.295      0.06829
       8.311      0.04878
       8.318      0.02927
       8.333      0.02927
       8.341      0.02927
       8.348      0.02927
       8.364    -0.009756
       8.371     -0.02927
       8.386     -0.06829
       8.394     -0.06829
       8.401     -0.04878
       8.416     -0.02927
       8.424     -0.02927
       8.439     0.009756
       8.454     0.009756
       8.462     0.009756
       8.477      0.02927
       8.492      0.02927
         8.5      0.02927
       8.515      0.02927
       8.522      0.02927
       8.538      0.02927
       8.545      0.04878
        8.56      0.06829
       8.568      0.06829
       8.583      0.06829
        8.59      0.04878
       8.606      0.04878
       8.613      0.04878
       8.628      0.06829
       8.643      0.06829
       8.651      0.04878
       8.666      0.02927
       8.674     0.009756
       8.681     0.009756
       8.696    -0.009756
       8.704     -0.02927
       8.712     -0.02927
       8.727     -0.04878
       8.734     -0.06829
       8.749      -0.0878
       8.757     -0.06829
       8.764     -0.04878
        8.78     -0.02927
       8.787     -0.02927
       8.795    -0.009756
        8.81     -0.02927
       8.817     -0.02927
       8.833     -0.04878
        8.84     -0.04878
       8.855     -0.04878
       8.863     -0.04878
       8.878     -0.06829
       8.886     -0.06829
       8.901      -0.0878
       8.908      -0.0878
       8.923      -0.0878
       8.931      -0.0878
       8.946     -0.06829
       8.969     -0.04878
       8.976     -0.04878
