     0.01181      0.07673
     0.01937      0.03873
     0.01937     -0.01827
     0.02693     -0.07526
     0.03449      -0.1323
     0.04205      -0.1893
      0.0496      -0.2273
     0.05716      -0.2463
     0.07228      -0.2843
     0.07984      -0.3033
      0.0874      -0.3033
      0.1025      -0.2843
      0.1101      -0.2463
      0.1176      -0.2083
      0.1252      -0.1703
      0.1403      -0.1133
      0.1479     -0.07526
      0.1554     -0.03727
       0.163    0.0007307
      0.1781      0.01973
      0.1857      0.01973
      0.1932      0.05773
      0.2083      0.07673
      0.2159      0.07673
       0.231      0.03873
      0.2386      0.01973
      0.2537      0.03873
      0.2612      0.07673
      0.2688       0.1147
      0.2764       0.1527
      0.2915       0.1337
      0.3066      0.07673
      0.3142      0.05773
      0.3293      0.01973
      0.3368      0.03873
       0.352      0.07673
      0.3671       0.1147
      0.3746      0.09573
      0.3822      0.07673
      0.3897      0.03873
      0.3973    0.0007307
      0.4049    0.0007307
        0.42      0.05773
      0.4275      0.09573
      0.4427       0.1717
      0.4502       0.1717
      0.4578       0.1907
      0.4729       0.1527
      0.4804       0.1147
       0.488      0.05773
      0.4956      0.01973
      0.5107    0.0007307
      0.5182    0.0007307
      0.5258      0.01973
      0.5409    0.0007307
      0.5485    0.0007307
       0.556    0.0007307
      0.5712     -0.03727
      0.5787     -0.07526
      0.5863      -0.1133
      0.5938      -0.1323
      0.6089      -0.1703
      0.6165      -0.1703
      0.6316      -0.1703
      0.6392      -0.1513
      0.6467      -0.1133
      0.6543     -0.05627
      0.6619     -0.01827
      0.6694    0.0007307
      0.6845      0.03873
      0.6921      0.05773
      0.6996      0.09573
      0.7072       0.1337
      0.7148       0.1717
      0.7223       0.1907
      0.7299       0.1907
      0.7374       0.1527
       0.745       0.1147
      0.7526      0.05773
      0.7601    0.0007307
      0.7677     -0.03727
      0.7752     -0.09426
      0.7828      -0.1323
      0.7979      -0.1893
      0.8055      -0.1893
       0.813      -0.1703
      0.8281      -0.1323
      0.8357     -0.09426
      0.8508     -0.05627
      0.8584     -0.05627
      0.8735     -0.03727
      0.8811     -0.01827
      0.8886      0.03873
      0.8962      0.09573
      0.9037       0.1527
      0.9113       0.1907
      0.9264       0.1907
       0.934       0.2097
      0.9491       0.2477
      0.9566       0.2477
      0.9642       0.2097
      0.9718       0.1337
      0.9793      0.05773
      0.9869     -0.01827
      0.9944     -0.07526
       1.002      -0.1323
        1.01      -0.1703
       1.017      -0.2083
       1.032      -0.2273
        1.04      -0.2083
       1.047      -0.1703
       1.055      -0.1133
       1.062     -0.05627
        1.07     -0.01827
       1.085    0.0007307
       1.093      0.01973
       1.108      0.07673
       1.115       0.1147
       1.123       0.1527
       1.138       0.1527
       1.146       0.1527
       1.153       0.1527
       1.168       0.1337
       1.176       0.1147
       1.183      0.07673
       1.191      0.01973
       1.199     -0.05627
       1.206      -0.1133
       1.214      -0.1513
       1.229      -0.1893
       1.236      -0.2083
       1.244      -0.1893
       1.259      -0.1513
       1.274     -0.07526
       1.282     -0.03727
       1.289      0.01973
       1.297      0.05773
       1.312      0.07673
       1.319      0.07673
       1.327      0.09573
       1.342       0.1337
        1.35       0.1527
       1.365       0.1527
       1.372      0.09573
        1.38      0.05773
       1.387    0.0007307
       1.395     -0.01827
        1.41     -0.03727
       1.418     -0.01827
       1.433      0.01973
        1.44      0.01973
       1.448    0.0007307
       1.456     -0.03727
       1.463     -0.07526
       1.471      -0.1133
       1.486      -0.1513
       1.493      -0.1703
       1.508      -0.1323
       1.516     -0.09426
       1.524     -0.03727
       1.531    0.0007307
       1.539      0.05773
       1.546      0.07673
       1.554       0.1337
       1.561       0.1717
       1.569       0.1907
       1.584       0.1907
       1.592       0.1717
       1.607       0.1527
       1.614       0.1527
       1.622       0.1717
       1.637       0.1527
       1.644       0.1147
       1.652      0.05773
        1.66      0.01973
       1.667     -0.03727
       1.675     -0.07526
        1.69      -0.1323
       1.705      -0.1513
       1.713      -0.1133
        1.72     -0.09426
       1.728     -0.03727
       1.735      0.01973
       1.743      0.07673
       1.758       0.1147
       1.765       0.1147
       1.781      0.07673
       1.788      0.09573
       1.796       0.1337
       1.803       0.1527
       1.818       0.1527
       1.826      0.09573
       1.833      0.05773
       1.841    0.0007307
       1.856     -0.03727
       1.864     -0.03727
       1.871     -0.03727
       1.886     -0.05627
       1.894     -0.07526
       1.909     -0.09426
       1.917     -0.09426
       1.932     -0.05627
       1.947    0.0007307
       1.954    0.0007307
       1.962      0.03873
        1.97      0.05773
       1.985      0.09573
       1.992      0.07673
           2      0.03873
       2.007     -0.01827
       2.015     -0.07526
        2.03     -0.09426
       2.038     -0.07526
       2.045     -0.05627
        2.06    0.0007307
       2.068      0.01973
       2.083      0.03873
        2.09      0.03873
       2.106      0.01973
       2.113     -0.01827
       2.121     -0.03727
       2.136     -0.07526
       2.143     -0.05627
       2.158     -0.05627
       2.166     -0.05627
       2.181     -0.09426
       2.196      -0.1133
       2.204     -0.09426
       2.211     -0.03727
       2.219      0.01973
       2.226      0.05773
       2.234      0.09573
       2.242       0.1337
       2.249       0.1527
       2.264       0.2097
       2.272       0.2477
       2.287       0.2667
       2.295       0.2857
        2.31       0.2477
       2.317       0.2097
       2.325       0.1337
       2.332      0.05773
        2.34     -0.01827
       2.347     -0.07526
       2.355     -0.09426
       2.363     -0.05627
        2.37     -0.03727
       2.378      0.01973
       2.385      0.05773
       2.393      0.05773
       2.408      0.05773
       2.423      0.03873
       2.431    0.0007307
       2.446     -0.03727
       2.453     -0.07526
       2.468     -0.05627
       2.476     -0.03727
       2.491     -0.03727
       2.499     -0.01827
       2.514    0.0007307
       2.521      0.03873
       2.536      0.05773
       2.544      0.05773
       2.559      0.05773
       2.567      0.07673
       2.582       0.1147
       2.589       0.1337
       2.604       0.1527
       2.612       0.1527
       2.627       0.1147
       2.635      0.09573
        2.65      0.05773
       2.657      0.05773
       2.672      0.01973
        2.68    0.0007307
       2.695    0.0007307
       2.703    0.0007307
       2.718     -0.01827
       2.725     -0.01827
       2.733    0.0007307
       2.748    0.0007307
       2.756    0.0007307
       2.771     -0.01827
       2.786    0.0007307
       2.793      0.03873
       2.809      0.01973
       2.816     -0.01827
       2.824     -0.05627
       2.831      -0.1133
       2.839      -0.1513
       2.846      -0.1893
       2.854      -0.2273
       2.861      -0.2653
       2.877      -0.3033
       2.884      -0.2843
       2.892      -0.2653
       2.899      -0.2083
       2.907      -0.1323
       2.914     -0.05627
       2.922      0.01973
       2.929      0.05773
       2.937       0.1147
       2.952       0.1337
        2.96       0.1527
       2.975       0.1907
       2.982       0.1907
       2.997       0.1337
       3.005      0.09573
        3.02      0.05773
       3.028      0.01973
       3.035     -0.01827
       3.043     -0.07526
       3.058      -0.1323
       3.066      -0.1703
       3.081      -0.2083
       3.088      -0.1893
       3.096      -0.1513
       3.103     -0.07526
       3.111    0.0007307
       3.118      0.07673
       3.126       0.1527
       3.134       0.2097
       3.141       0.2477
       3.149       0.2857
       3.156       0.3047
       3.164       0.3427
       3.171       0.3807
       3.186       0.3807
       3.194       0.3807
       3.209       0.3427
       3.217       0.3237
       3.224       0.2667
       3.232       0.1717
       3.239      0.03873
       3.247     -0.07526
       3.254      -0.1703
       3.262      -0.2653
        3.27      -0.3033
       3.285      -0.3033
       3.292      -0.2843
         3.3      -0.2463
       3.307      -0.2083
       3.323      -0.1513
        3.33      -0.1323
       3.345     -0.07526
       3.353     -0.05627
        3.36     -0.01827
       3.368      0.03873
       3.383      0.07673
       3.391      0.07673
       3.406      0.07673
       3.413      0.07673
       3.428      0.07673
       3.436      0.09573
       3.443       0.1147
       3.459      0.07673
       3.466      0.03873
       3.474     -0.01827
       3.481     -0.09426
       3.489      -0.1513
       3.496      -0.1893
       3.511      -0.2083
       3.527      -0.2273
       3.534      -0.2083
       3.542      -0.1703
       3.549      -0.1323
       3.557     -0.09426
       3.572     -0.03727
       3.579     -0.01827
       3.587     -0.01827
       3.602     -0.03727
        3.61     -0.01827
       3.625      0.01973
       3.632      0.01973
       3.648      0.03873
       3.655      0.03873
        3.67      0.03873
       3.685      0.05773
       3.693      0.07673
         3.7       0.1147
       3.708       0.1527
       3.723       0.1527
       3.731       0.1527
       3.738       0.1717
       3.753       0.1717
       3.761       0.1717
       3.768       0.1337
       3.776      0.09573
       3.784      0.05773
       3.791    0.0007307
       3.799     -0.03727
       3.806     -0.09426
       3.814      -0.1323
       3.821      -0.1703
       3.829      -0.1893
       3.844      -0.1893
       3.852      -0.1703
       3.859      -0.1133
       3.867     -0.07526
       3.874     -0.01827
       3.882      0.01973
       3.889      0.05773
       3.897      0.09573
       3.905       0.1337
       3.912       0.1907
        3.92       0.2287
       3.927       0.2667
       3.942       0.2857
        3.95       0.2857
       3.965       0.2857
        3.98       0.2287
       3.988       0.1907
       3.995       0.1337
       4.003      0.01973
        4.01     -0.07526
       4.018      -0.2083
       4.025      -0.3033
       4.033      -0.3792
       4.041      -0.4362
       4.056      -0.4362
       4.063      -0.3982
       4.071      -0.3412
       4.078      -0.2843
       4.086      -0.2273
       4.093      -0.1703
       4.101      -0.1323
       4.109     -0.07526
       4.116     -0.01827
       4.124      0.07673
       4.131       0.1337
       4.139       0.1717
       4.146       0.2287
       4.154       0.2667
       4.162       0.3047
       4.169       0.3427
       4.184       0.3617
       4.192       0.3237
       4.199       0.2857
       4.207       0.2097
       4.214       0.1337
       4.222      0.05773
        4.23     -0.03727
       4.237     -0.09426
       4.245      -0.1513
       4.252      -0.2083
       4.267      -0.2273
       4.275      -0.2083
       4.282      -0.1513
        4.29      -0.1133
       4.298     -0.07526
       4.305     -0.03727
       4.313    0.0007307
        4.32      0.01973
       4.328      0.05773
       4.335      0.09573
       4.343       0.1337
        4.35       0.1717
       4.366       0.2287
       4.373       0.2477
       4.381       0.2667
       4.396       0.2667
       4.403       0.2667
       4.411       0.2477
       4.419       0.2097
       4.426       0.1717
       4.434      0.09573
       4.441      0.01973
       4.449     -0.05627
       4.456      -0.1133
       4.464      -0.1703
       4.471      -0.2083
       4.479      -0.2273
       4.494      -0.2653
       4.502      -0.2463
       4.509      -0.2273
       4.517      -0.1893
       4.524      -0.1513
       4.539      -0.1133
       4.547      -0.1133
       4.562     -0.07526
        4.57     -0.05627
       4.585     -0.01827
       4.592     -0.01827
       4.607      0.01973
       4.623      0.03873
        4.63      0.03873
       4.645      0.01973
       4.653      0.01973
       4.668    0.0007307
       4.676    0.0007307
       4.691    0.0007307
       4.706     -0.01827
       4.721    0.0007307
       4.728      0.03873
       4.736      0.09573
       4.744       0.1337
       4.751       0.1717
       4.766       0.1527
       4.774       0.1337
       4.781       0.1337
       4.796       0.1527
       4.804       0.1527
       4.812       0.1527
       4.819       0.1147
       4.827      0.07673
       4.834      0.01973
       4.842     -0.01827
       4.857     -0.05627
       4.864     -0.07526
        4.88     -0.09426
       4.895      -0.1133
       4.902     -0.07526
        4.91     -0.05627
       4.917     -0.01827
       4.925      0.03873
       4.932      0.07673
        4.94       0.1147
       4.948       0.1527
       4.955       0.1907
        4.97       0.2097
       4.978       0.2097
       4.985       0.1717
       4.993       0.1337
       5.001       0.1147
       5.016      0.05773
       5.023      0.05773
       5.038      0.01973
       5.046      0.01973
       5.061    0.0007307
       5.076     -0.03727
       5.084     -0.05627
       5.106     -0.07526
       5.114     -0.03727
       5.129    0.0007307
       5.137      0.01973
       5.152     -0.01827
       5.159     -0.05627
       5.174     -0.09426
       5.182      -0.1133
       5.197      -0.1323
       5.205      -0.1133
        5.22     -0.09426
       5.227      -0.1133
       5.235      -0.1133
        5.25      -0.1133
       5.258     -0.07526
       5.265     -0.03727
       5.273      0.03873
        5.28      0.09573
       5.288       0.1337
       5.303       0.1717
        5.31       0.1527
       5.326       0.1147
       5.333       0.1147
       5.341       0.1337
       5.356       0.1147
       5.363       0.1147
       5.371       0.1147
       5.386      0.05773
       5.394    0.0007307
       5.401     -0.03727
       5.416     -0.07526
       5.424     -0.09426
       5.439      -0.1513
       5.446      -0.1513
       5.462      -0.1513
       5.469      -0.1133
       5.477     -0.07526
       5.484     -0.01827
       5.492      0.05773
       5.499      0.09573
       5.507       0.1147
       5.522       0.1337
        5.53       0.1147
       5.537      0.05773
       5.545      0.01973
       5.552     -0.03727
        5.56     -0.07526
       5.567      -0.1133
       5.575      -0.1513
        5.59      -0.1893
       5.598      -0.2083
       5.613      -0.1893
        5.62      -0.1703
       5.628      -0.1513
       5.635      -0.1133
       5.643     -0.07526
       5.651     -0.03727
       5.658    0.0007307
       5.666      0.05773
       5.673       0.1147
       5.681       0.1717
       5.688       0.2477
       5.696       0.3047
       5.703       0.3617
       5.719       0.4187
       5.726       0.4377
       5.734       0.3997
       5.741       0.3427
       5.749       0.2667
       5.756       0.2097
       5.756       0.1337
       5.764      0.09573
       5.772      0.03873
       5.772     -0.03727
       5.779      -0.1133
       5.787      -0.1893
       5.794      -0.2463
       5.809      -0.2653
       5.817      -0.2273
       5.824      -0.2083
        5.84      -0.1323
       5.847     -0.07526
       5.855     -0.01827
       5.862      0.07673
        5.87       0.1337
       5.877       0.1907
       5.885       0.2477
       5.892       0.2857
         5.9       0.3237
       5.908       0.3617
       5.915       0.4187
        5.93       0.4377
       5.938       0.3807
       5.945       0.3237
       5.953       0.2667
        5.96       0.1907
       5.968       0.1147
       5.976      0.03873
       5.983     -0.03727
       5.991      -0.1133
       5.998      -0.1893
       6.006      -0.2463
       6.013      -0.3033
       6.021      -0.3223
       6.036      -0.3412
       6.044      -0.3223
       6.051      -0.2843
       6.059      -0.2273
       6.066      -0.1703
       6.074      -0.1323
       6.081     -0.07526
       6.089     -0.03727
       6.097     -0.01827
       6.104      0.01973
       6.112      0.05773
       6.119      0.07673
       6.134       0.1147
       6.142       0.1147
       6.157       0.1147
       6.172      0.07673
        6.18      0.05773
       6.187      0.01973
       6.195     -0.03727
       6.202     -0.07526
        6.21     -0.09426
       6.225     -0.09426
       6.233     -0.07526
       6.248     -0.05627
       6.255     -0.07526
        6.27     -0.09426
       6.278     -0.07526
       6.285     -0.05627
       6.293     -0.01827
       6.301     -0.01827
       6.316     -0.03727
       6.323     -0.03727
       6.331     -0.01827
       6.346      0.01973
       6.354      0.05773
       6.361      0.09573
       6.376       0.1527
       6.384       0.1907
       6.391       0.2097
       6.406       0.2477
       6.414       0.2477
       6.422       0.2097
       6.429       0.1527
       6.437      0.07673
       6.444     -0.01827
       6.452     -0.09426
       6.459      -0.1323
       6.467      -0.1513
       6.482      -0.1323
        6.49      -0.1133
       6.505      -0.1513
       6.512      -0.1703
       6.527      -0.1893
       6.535      -0.1703
       6.542      -0.1513
       6.558     -0.09426
       6.565     -0.05627
        6.58     -0.01827
       6.595      0.03873
       6.603      0.03873
       6.618      0.03873
       6.626      0.07673
       6.641       0.1337
       6.648       0.1527
       6.663       0.1527
       6.671       0.1527
       6.686       0.1147
       6.694      0.07673
       6.701      0.05773
       6.709    0.0007307
       6.716     -0.03727
       6.724     -0.07526
       6.739     -0.09426
       6.747     -0.07526
       6.754     -0.03727
       6.762    0.0007307
       6.769      0.05773
       6.777      0.05773
       6.792      0.05773
       6.807      0.03873
       6.815      0.01973
        6.83      0.05773
       6.837      0.09573
       6.845       0.1147
        6.86       0.1147
       6.868       0.1147
       6.875       0.1337
       6.883       0.1907
        6.89       0.2287
       6.898       0.2667
       6.913       0.2097
       6.928       0.1527
       6.936       0.1147
       6.943      0.05773
       6.951     -0.01827
       6.958     -0.07526
       6.966      -0.1513
       6.973      -0.2273
       6.981      -0.2843
       6.988      -0.3602
       6.996      -0.3792
       7.011      -0.3223
       7.019      -0.2653
       7.026      -0.2083
       7.034      -0.1323
       7.041     -0.03727
       7.049      0.03873
       7.056      0.09573
       7.064       0.1717
       7.072       0.2477
       7.079       0.3047
       7.087       0.3427
       7.094       0.3807
       7.102       0.3807
       7.109       0.3617
       7.117       0.3237
       7.125       0.2667
       7.132       0.2287
        7.14       0.1717
       7.147       0.1337
       7.155      0.09573
       7.162      0.05773
        7.17     -0.01827
       7.177     -0.07526
       7.185      -0.1703
       7.193      -0.2463
         7.2      -0.3033
       7.208      -0.3602
       7.215      -0.4172
       7.223      -0.4362
        7.23      -0.4362
       7.238      -0.3792
       7.245      -0.3033
       7.253      -0.2273
       7.261      -0.1513
       7.268     -0.09426
       7.276     -0.03727
       7.283    0.0007307
       7.291      0.01973
       7.298      0.05773
       7.313       0.1147
       7.321       0.1337
       7.336       0.1527
       7.344       0.1717
       7.359       0.2097
       7.366       0.2287
       7.382       0.2097
       7.389       0.1717
       7.397       0.1337
       7.404      0.09573
       7.412      0.05773
       7.419      0.01973
       7.427     -0.01827
       7.434     -0.07526
       7.442      -0.1133
       7.457      -0.1133
       7.472     -0.07526
        7.48     -0.07526
       7.495     -0.09426
       7.502     -0.09426
       7.518     -0.03727
       7.525     -0.01827
        7.54      0.03873
       7.548      0.05773
       7.555       0.1147
       7.563       0.1527
        7.57       0.2097
       7.578       0.2477
       7.586       0.2857
       7.601       0.3237
       7.608       0.3047
       7.616       0.2667
       7.623       0.2287
       7.631       0.1717
       7.638      0.09573
       7.646      0.03873
       7.654     -0.01827
       7.661     -0.05627
       7.669     -0.09426
       7.676      -0.1513
       7.684      -0.1893
       7.691      -0.2273
       7.699      -0.2463
       7.714      -0.2653
       7.722      -0.2273
       7.737      -0.1703
       7.744      -0.1513
       7.752      -0.1133
       7.759     -0.09426
       7.767     -0.05627
       7.775     -0.01827
       7.782      0.05773
        7.79      0.09573
       7.797       0.1527
       7.812       0.1907
        7.82       0.2097
       7.835       0.2097
       7.843       0.2097
       7.858       0.1907
       7.865       0.1907
        7.88       0.1337
       7.895      0.09573
       7.903      0.05773
       7.918    0.0007307
       7.926     -0.01827
       7.941     -0.07526
       7.948     -0.07526
       7.956     -0.05627
       7.964     -0.01827
       7.971      0.01973
       7.986      0.05773
       7.994      0.05773
       8.009      0.05773
       8.024      0.01973
       8.032    0.0007307
       8.047     -0.01827
       8.054     -0.01827
       8.062    0.0007307
       8.077    0.0007307
       8.084      0.03873
         8.1      0.09573
       8.107       0.1527
       8.115       0.1907
        8.13       0.2097
       8.137       0.1527
       8.145      0.07673
       8.152     -0.03727
        8.16      -0.1133
       8.168      -0.1703
       8.183      -0.2273
        8.19      -0.2463
       8.205      -0.2653
       8.221      -0.2653
       8.228      -0.2463
       8.243      -0.2083
       8.251      -0.1703
       8.258      -0.1323
       8.266     -0.09426
       8.273     -0.03727
       8.281      0.03873
       8.289      0.07673
       8.296       0.1337
       8.304       0.1717
       8.311       0.2097
       8.326       0.2097
       8.334       0.1907
       8.349       0.1527
       8.357       0.1527
       8.364       0.1527
       8.379       0.1147
       8.387      0.09573
       8.394      0.05773
       8.402    0.0007307
       8.409     -0.05627
       8.417     -0.09426
       8.432      -0.1133
        8.44      -0.1323
       8.447      -0.1323
       8.462      -0.1513
        8.47      -0.1513
       8.478      -0.1323
       8.493      -0.1323
         8.5      -0.1513
       8.508      -0.1323
       8.523     -0.09426
        8.53     -0.07526
       8.538     -0.05627
       8.546     -0.01827
       8.553      0.01973
       8.568      0.07673
       8.576      0.09573
       8.591      0.07673
       8.598      0.05773
       8.614      0.05773
       8.629      0.03873
       8.636      0.03873
       8.651      0.05773
       8.659      0.05773
       8.674      0.05773
       8.682      0.07673
       8.697       0.1147
       8.704       0.1337
       8.719       0.1527
       8.727      0.09573
       8.735      0.03873
       8.742     -0.03727
        8.75     -0.07526
       8.765     -0.05627
        8.78    0.0007307
       8.787    0.0007307
       8.795     -0.01827
        8.81     -0.05627
       8.818     -0.07526
       8.833     -0.05627
        8.84     -0.01827
       8.855      0.01973
       8.863      0.01973
       8.878      0.05773
       8.886      0.07673
       8.893       0.1147
       8.901       0.1337
       8.908       0.1527
       8.916       0.1147
       8.923      0.07673
       8.931      0.01973
       8.939     -0.03727
       8.946     -0.09426
       8.954      -0.1133
       8.976     -0.05627
