     0.01186        0.168
     0.01942        0.168
     0.03454      0.08672
     0.04966      0.04607
     0.05723      0.02575
     0.07235      0.02575
     0.07991      0.08672
     0.08747       0.1477
     0.09503        0.229
      0.1026       0.2696
      0.1102        0.229
      0.1177       0.1477
      0.1253      0.04607
      0.1328     -0.05556
      0.1404      -0.1369
       0.148      -0.1572
      0.1631      -0.1165
      0.1706     -0.07588
      0.1782     -0.01491
      0.1858      0.02575
      0.1933       0.0664
      0.2009        0.107
      0.2085        0.168
       0.216        0.229
      0.2236       0.2696
      0.2311       0.3103
      0.2387       0.3103
      0.2463       0.2493
      0.2538        0.168
      0.2614      0.08672
      0.2689      0.02575
      0.2765     -0.01491
      0.2841     -0.05556
      0.2916     -0.09621
      0.2992      -0.1572
      0.3067      -0.1978
      0.3143      -0.2385
      0.3219      -0.2385
       0.337      -0.1978
      0.3521      -0.1369
      0.3597      -0.1369
      0.3672      -0.1165
      0.3748     -0.07588
      0.3824     -0.03523
      0.3899      0.00542
      0.3975      0.04607
      0.4126       0.0664
      0.4202      0.04607
      0.4353      0.02575
      0.4504      0.02575
       0.458      0.02575
      0.4731      0.00542
      0.4807     -0.01491
      0.4958     -0.01491
      0.5033      0.00542
      0.5185      0.04607
       0.526       0.0664
      0.5411      0.08672
      0.5487        0.107
      0.5638        0.107
      0.5714        0.107
       0.579       0.0664
      0.5865      0.02575
      0.5941     -0.03523
      0.6016     -0.05556
      0.6168     -0.03523
      0.6243      0.00542
      0.6394       0.0664
       0.647       0.0664
      0.6621       0.0664
      0.6773        0.107
      0.6848       0.1274
      0.6999       0.0664
      0.7151      0.00542
      0.7226     -0.01491
      0.7377     -0.01491
      0.7453     -0.01491
      0.7529     -0.01491
       0.768     -0.07588
      0.7831      -0.1369
      0.7907      -0.1572
      0.8058      -0.1369
      0.8134      -0.1165
      0.8209     -0.07588
       0.836     -0.05556
      0.8436     -0.07588
      0.8587      -0.1165
      0.8663     -0.07588
      0.8738     -0.05556
       0.889     -0.03523
      0.8965     -0.07588
      0.9041      -0.1369
      0.9117      -0.1978
      0.9268      -0.1978
      0.9343      -0.1775
      0.9419      -0.1165
      0.9495     -0.07588
       0.957     -0.03523
      0.9646      0.02575
      0.9721      0.04607
      0.9797       0.0664
      0.9948      0.02575
       1.002     -0.01491
       1.018     -0.03523
       1.025     -0.01491
        1.04      0.02575
       1.048      0.04607
       1.063      0.08672
       1.078        0.107
       1.086        0.107
       1.101       0.0664
       1.108      0.04607
       1.116      0.00542
       1.131     -0.03523
       1.138     -0.01491
       1.154      0.00542
       1.161      0.00542
       1.176      0.02575
       1.191     -0.01491
       1.199     -0.03523
       1.222     -0.03523
       1.229     -0.03523
       1.244     -0.01491
       1.252     -0.01491
       1.267     -0.01491
       1.275     -0.01491
        1.29     -0.03523
       1.297     -0.03523
       1.312     -0.01491
       1.328      0.00542
       1.335      0.02575
        1.35      0.04607
       1.358       0.0664
       1.373      0.08672
        1.38      0.08672
       1.388      0.08672
       1.403      0.04607
       1.411      0.02575
       1.426     -0.01491
       1.433     -0.01491
       1.441      0.00542
       1.456      0.02575
       1.464      0.04607
       1.479       0.0664
       1.486      0.04607
       1.494      0.04607
       1.509      0.00542
       1.517      0.00542
       1.524      0.00542
       1.539     -0.01491
       1.547     -0.01491
       1.562     -0.01491
       1.569     -0.01491
       1.585      0.00542
       1.592      0.00542
       1.607      0.02575
       1.615      0.04607
        1.63       0.0664
       1.638       0.0664
       1.653      0.04607
        1.66      0.04607
       1.675      0.00542
       1.683     -0.03523
        1.69     -0.03523
       1.706     -0.03523
       1.713     -0.03523
       1.728     -0.03523
       1.743     -0.01491
       1.751      0.00542
       1.766      0.00542
       1.774      0.00542
       1.789     -0.01491
       1.796     -0.01491
       1.811     -0.05556
       1.819     -0.07588
       1.834     -0.09621
       1.842     -0.09621
       1.857     -0.07588
       1.864     -0.05556
       1.879     -0.03523
       1.887     -0.01491
       1.895      0.02575
        1.91       0.0664
       1.917       0.0664
       1.925        0.107
        1.94       0.1477
       1.948        0.168
       1.963       0.1477
        1.97        0.107
       1.985      0.04607
       1.993      0.02575
       2.008     -0.03523
       2.016     -0.05556
       2.031     -0.05556
       2.038     -0.05556
       2.053     -0.01491
       2.061     -0.01491
       2.076     -0.01491
       2.091     -0.05556
       2.099     -0.07588
       2.114      -0.1165
       2.121      -0.1369
       2.137     -0.09621
       2.144     -0.07588
       2.159     -0.03523
       2.167     -0.03523
       2.174     -0.01491
        2.19     -0.01491
       2.197     -0.01491
       2.212      0.00542
        2.22      0.00542
       2.227      0.02575
       2.242       0.0664
       2.258       0.1274
       2.265       0.1274
        2.28        0.107
       2.288        0.107
       2.303       0.0664
        2.31      0.04607
       2.326      0.02575
       2.333      0.02575
       2.348     -0.01491
       2.356     -0.03523
       2.371     -0.03523
       2.386     -0.05556
       2.394     -0.07588
       2.401     -0.07588
       2.416     -0.07588
       2.424     -0.03523
       2.439      0.00542
       2.447      0.04607
       2.454        0.107
       2.462       0.1477
       2.469       0.1477
       2.477       0.1477
       2.484        0.107
       2.492      0.04607
         2.5     -0.01491
       2.507     -0.07588
       2.515     -0.09621
        2.53      -0.1369
       2.537      -0.1165
       2.552     -0.09621
        2.56     -0.07588
       2.568     -0.05556
       2.583     -0.03523
        2.59     -0.01491
       2.605     -0.01491
       2.613     -0.01491
       2.628     -0.03523
       2.636     -0.03523
       2.643     -0.01491
       2.658      0.00542
       2.666      0.00542
       2.681      0.00542
       2.689      0.00542
       2.704      0.00542
       2.711      0.02575
       2.726      0.02575
       2.734      0.02575
       2.749     -0.01491
       2.757     -0.01491
       2.772      0.02575
       2.779      0.04607
       2.787       0.0664
       2.802      0.04607
       2.817      0.02575
       2.832     -0.01491
        2.84     -0.01491
       2.855      0.02575
        2.87      0.04607
       2.878      0.04607
       2.885      0.04607
       2.893      0.00542
         2.9     -0.03523
       2.908     -0.07588
       2.915      -0.1165
       2.923      -0.1369
       2.938      -0.1572
       2.946      -0.1369
       2.953      -0.1165
       2.961     -0.05556
       2.968     -0.01491
       2.976      0.04607
       2.983      0.08672
       2.991       0.1274
       3.006        0.168
       3.014        0.168
       3.021       0.1477
       3.029        0.107
       3.036       0.0664
       3.044      0.02575
       3.051     -0.01491
       3.059     -0.07588
       3.067      -0.1165
       3.074      -0.1369
       3.089      -0.1369
       3.097      -0.1369
       3.104      -0.1165
       3.112     -0.07588
        3.12     -0.03523
       3.127      0.04607
       3.135        0.107
       3.142       0.1477
        3.15        0.168
       3.165       0.1883
       3.172       0.1883
       3.188        0.107
       3.195       0.0664
       3.203      0.02575
        3.21     -0.03523
       3.218     -0.09621
       3.225      -0.1369
       3.233      -0.1572
       3.248      -0.1978
       3.256      -0.1775
       3.271      -0.1369
       3.278      -0.1165
       3.286     -0.05556
       3.293     -0.01491
       3.301      0.02575
       3.316       0.0664
       3.324      0.08672
       3.339       0.1274
       3.346       0.1477
       3.362       0.1883
       3.369       0.2087
       3.384       0.1883
       3.392        0.168
       3.399        0.168
       3.414       0.1274
       3.422        0.107
        3.43       0.0664
       3.437      0.00542
       3.445     -0.03523
       3.452     -0.09621
        3.46      -0.1165
       3.475      -0.1572
       3.482      -0.1572
       3.498      -0.1369
       3.513      -0.1165
        3.52     -0.09621
       3.535     -0.05556
       3.543     -0.03523
       3.558     -0.01491
       3.566      0.00542
       3.581       0.0664
       3.588       0.0664
       3.603      0.04607
       3.619     -0.01491
       3.626     -0.03523
       3.641     -0.07588
       3.649     -0.07588
       3.656     -0.07588
       3.672     -0.07588
       3.679     -0.07588
       3.694     -0.03523
       3.702     -0.01491
       3.717      0.02575
       3.724      0.02575
        3.74     -0.01491
       3.747     -0.03523
       3.762     -0.05556
        3.77     -0.05556
       3.785     -0.05556
         3.8     -0.07588
       3.815     -0.05556
        3.83     -0.05556
       3.838     -0.03523
       3.853     -0.01491
       3.861     -0.01491
       3.876     -0.01491
       3.883      0.00542
       3.891      0.02575
       3.906      0.04607
       3.913      0.04607
       3.921      0.04607
       3.936      0.02575
       3.944      0.02575
       3.959      0.02575
       3.966      0.00542
       3.974      0.00542
       3.989     -0.01491
       3.997      0.00542
       4.012      0.02575
       4.019      0.04607
       4.034      0.04607
        4.05      0.00542
       4.057     -0.01491
       4.065      0.00542
        4.08      0.04607
       4.087       0.0664
       4.103       0.0664
        4.11       0.0664
       4.125        0.107
        4.14       0.0664
       4.155      0.00542
       4.163     -0.01491
       4.178     -0.01491
       4.186     -0.01491
       4.201      0.00542
       4.208      0.04607
       4.216      0.08672
       4.231        0.107
       4.239        0.107
       4.246       0.0664
       4.261     -0.01491
       4.269     -0.03523
       4.284     -0.07588
       4.292     -0.09621
       4.307      -0.1369
       4.314      -0.1572
       4.329      -0.1369
       4.337      -0.1369
       4.344      -0.1165
        4.36     -0.07588
       4.367     -0.03523
       4.375      0.00542
        4.39       0.0664
       4.397      0.08672
       4.413       0.1477
        4.42        0.168
       4.435       0.2493
       4.443       0.2696
       4.458       0.3306
       4.465       0.3306
       4.473       0.3103
       4.488       0.2493
       4.496       0.2087
       4.503        0.168
       4.511        0.107
       4.518       0.0664
       4.526      0.04607
       4.534     -0.01491
       4.541     -0.05556
       4.549      -0.1369
       4.556      -0.1978
       4.564      -0.2588
       4.571      -0.3198
       4.579      -0.3401
       4.594      -0.3401
       4.602      -0.3198
       4.617      -0.2791
       4.624      -0.2182
       4.632      -0.1775
       4.639      -0.1369
       4.654     -0.09621
       4.662     -0.09621
        4.67     -0.07588
       4.685     -0.05556
       4.692     -0.05556
       4.707     -0.05556
       4.715     -0.05556
       4.723     -0.05556
       4.738     -0.05556
       4.745     -0.03523
        4.76     -0.01491
       4.768      0.00542
       4.783      0.02575
       4.791      0.02575
       4.813      0.02575
       4.821      0.02575
       4.828      0.04607
       4.844      0.04607
       4.851       0.0664
       4.866       0.0664
       4.874       0.0664
       4.889       0.0664
       4.904       0.0664
       4.912       0.0664
       4.927       0.0664
       4.942       0.0664
       4.949       0.0664
       4.965       0.0664
       4.972       0.0664
        4.98      0.08672
       4.995      0.08672
       5.002       0.0664
       5.017       0.0664
       5.033      0.04607
        5.04       0.0664
       5.055       0.0664
       5.063       0.0664
       5.078      0.04607
       5.085      0.00542
       5.093     -0.03523
       5.101     -0.07588
       5.108      -0.1369
       5.116      -0.1775
       5.131      -0.2182
       5.138      -0.1978
       5.146      -0.1775
       5.154      -0.1369
       5.161     -0.09621
       5.176     -0.07588
       5.184     -0.09621
       5.199     -0.07588
       5.214     -0.05556
       5.222     -0.03523
       5.237     -0.03523
       5.244     -0.03523
       5.259     -0.03523
       5.267     -0.01491
       5.282     -0.01491
        5.29     -0.01491
       5.305     -0.01491
       5.312     -0.01491
        5.32     -0.01491
       5.335     -0.01491
       5.343     -0.01491
       5.358      0.00542
       5.365      0.00542
        5.38      0.02575
       5.388      0.02575
       5.403     -0.01491
       5.411     -0.01491
       5.426     -0.01491
       5.433     -0.01491
       5.441      0.00542
       5.456      0.04607
       5.464       0.0664
       5.479       0.0664
       5.486       0.0664
       5.501      0.04607
       5.509      0.04607
       5.524      0.02575
       5.532      0.02575
       5.547      0.04607
       5.554      0.08672
       5.562        0.107
       5.577        0.168
       5.585       0.1883
         5.6       0.1477
       5.607        0.107
       5.615      0.08672
        5.63      0.04607
       5.637      0.00542
       5.645      0.00542
        5.66     -0.03523
       5.668     -0.07588
       5.683      -0.1165
        5.69      -0.1369
       5.706      -0.1369
       5.713      -0.1165
       5.728     -0.07588
       5.743     -0.01491
       5.751      0.02575
       5.766      0.00542
       5.774     -0.01491
       5.789     -0.03523
       5.796     -0.03523
       5.811     -0.03523
       5.819     -0.03523
       5.826     -0.03523
       5.842     -0.01491
       5.849      0.00542
       5.857       0.0664
       5.864        0.107
       5.872       0.1477
       5.879       0.2087
       5.887        0.229
       5.902       0.2696
        5.91       0.2696
       5.925        0.229
       5.932       0.1883
        5.94       0.1477
       5.947       0.0664
       5.955      0.00542
       5.963     -0.05556
        5.97      -0.1165
        5.97      -0.1572
       5.978      -0.1775
       5.993      -0.2182
           6      -0.2182
       6.016      -0.1572
       6.023      -0.1165
       6.031     -0.07588
       6.038     -0.03523
       6.053      0.02575
       6.061      0.02575
       6.076      0.02575
       6.084      0.02575
       6.091     -0.03523
       6.099     -0.09621
       6.106      -0.1978
       6.114      -0.2588
       6.129      -0.2385
       6.137      -0.2182
       6.144      -0.1572
       6.152     -0.09621
       6.159     -0.03523
       6.167      0.04607
       6.174        0.107
       6.182       0.1477
       6.189       0.1883
       6.205       0.1883
       6.212        0.168
        6.22       0.1274
       6.235       0.0664
       6.242       0.0664
       6.257      0.04607
       6.265      0.02575
       6.273     -0.01491
        6.28     -0.05556
       6.295     -0.09621
       6.303     -0.09621
       6.318     -0.09621
       6.326     -0.09621
       6.341     -0.09621
       6.348     -0.07588
       6.363     -0.01491
       6.371     -0.01491
       6.386     -0.03523
       6.401     -0.09621
       6.409     -0.09621
       6.424     -0.05556
       6.431     -0.03523
       6.447     -0.01491
       6.454      0.02575
       6.469      0.08672
       6.477      0.08672
       6.484      0.04607
       6.492     -0.01491
       6.499     -0.09621
       6.507      -0.1572
       6.515      -0.1978
        6.53      -0.1572
       6.537      -0.1165
       6.545     -0.07588
        6.56     -0.01491
       6.567      0.00542
       6.575      0.04607
       6.583        0.107
        6.59       0.1883
       6.598         0.29
       6.605       0.3713
       6.613       0.3916
        6.62       0.3713
       6.628         0.29
       6.636       0.2087
       6.643        0.168
       6.658       0.1883
       6.666       0.1883
       6.673       0.2087
       6.681        0.168
       6.688       0.1274
       6.696      0.08672
       6.704      0.02575
       6.711     -0.03523
       6.719      -0.1165
       6.726      -0.1775
       6.734      -0.2385
       6.749      -0.2385
       6.757      -0.1978
       6.764      -0.1572
       6.772      -0.1165
       6.779     -0.07588
       6.787     -0.03523
       6.794      0.04607
       6.802        0.107
       6.809       0.1477
       6.825       0.2087
       6.832       0.2696
        6.84       0.3103
       6.847       0.3509
       6.855       0.3306
       6.862       0.2696
        6.87       0.1477
       6.878     -0.03523
       6.885      -0.2385
       6.893      -0.3808
         6.9      -0.4621
       6.908      -0.4214
       6.915      -0.3604
       6.923      -0.2995
        6.93      -0.2588
       6.938      -0.2385
       6.946      -0.1978
       6.953      -0.1369
       6.961     -0.07588
       6.968      0.02575
       6.976        0.107
       6.983       0.1883
       6.991       0.2493
       6.998       0.2696
       7.014       0.2493
       7.021       0.2087
       7.029       0.1274
       7.036       0.0664
       7.044      0.02575
       7.059      0.00542
       7.067     -0.01491
       7.074     -0.03523
       7.082     -0.07588
       7.089      -0.1369
       7.097      -0.1572
       7.112      -0.1165
       7.119     -0.05556
       7.127      0.00542
       7.135       0.0664
       7.142        0.107
        7.15       0.1274
       7.157       0.1274
       7.172       0.0664
        7.18      0.04607
       7.188      0.04607
       7.203     -0.01491
        7.21     -0.05556
       7.218     -0.09621
       7.225      -0.1165
        7.24      -0.1775
       7.248      -0.1978
       7.256      -0.2385
       7.263      -0.2791
       7.271      -0.3198
       7.278      -0.3401
       7.286      -0.3198
       7.293      -0.2995
       7.301      -0.2385
       7.309      -0.1775
       7.316     -0.09621
       7.324     -0.03523
       7.331      0.02575
       7.339       0.0664
       7.354       0.1274
       7.361       0.1274
       7.377       0.1274
       7.384       0.1274
       7.399        0.107
       7.414       0.0664
       7.422      0.04607
       7.437      0.00542
       7.445      0.00542
        7.46     -0.01491
       7.467      0.00542
       7.482      0.00542
        7.49      0.00542
       7.505      0.04607
        7.52      0.04607
       7.528      0.04607
       7.543      0.04607
        7.55       0.0664
       7.566        0.107
       7.573        0.107
       7.581        0.107
       7.588       0.0664
       7.596      0.04607
       7.611     -0.01491
       7.619     -0.01491
       7.634      0.00542
       7.641      0.02575
       7.649      0.04607
       7.656      0.08672
       7.664        0.107
       7.679       0.1274
       7.687       0.1274
       7.702      0.08672
       7.709       0.0664
       7.724      0.02575
       7.732      0.02575
       7.747     -0.01491
       7.755     -0.03523
       7.762     -0.05556
       7.777     -0.09621
       7.785     -0.09621
       7.808      -0.1369
       7.815      -0.1572
       7.823      -0.1572
       7.838      -0.1369
       7.845      -0.1165
        7.86      -0.1165
       7.868      -0.1165
       7.876      -0.1165
       7.891     -0.09621
       7.898     -0.07588
       7.913     -0.07588
       7.921     -0.09621
       7.936      -0.1369
       7.944      -0.1572
       7.959      -0.1775
       7.966      -0.1572
       7.981     -0.09621
       7.989     -0.05556
       7.997     -0.01491
       8.004      0.00542
       8.019       0.0664
       8.034        0.107
        8.05        0.168
       8.057       0.1883
       8.072       0.2087
        8.08       0.2493
       8.095       0.2696
       8.102       0.2696
        8.11       0.2696
       8.125       0.2087
       8.133       0.1883
       8.148       0.1477
       8.155       0.1477
       8.163       0.1274
        8.17      0.08672
       8.178      0.02575
       8.186     -0.01491
       8.208     -0.03523
       8.216     -0.01491
       8.223      0.00542
       8.239      0.02575
       8.246      0.02575
       8.261      0.02575
       8.269      0.02575
       8.284      0.00542
       8.299     -0.01491
       8.307     -0.03523
       8.314     -0.07588
       8.322      -0.1369
       8.329      -0.2385
       8.337      -0.3401
       8.344      -0.4214
        8.36      -0.4011
       8.367      -0.3401
       8.375      -0.2588
       8.382      -0.1978
        8.39      -0.1369
       8.397     -0.09621
       8.412     -0.03523
       8.428      0.04607
       8.435       0.0664
        8.45        0.107
       8.458        0.107
       8.473      0.08672
       8.481       0.0664
       8.496      0.04607
       8.503       0.0664
       8.518        0.107
       8.526       0.1274
       8.533        0.168
       8.541       0.1883
       8.549        0.229
       8.556       0.2696
       8.571       0.2493
       8.579       0.2493
       8.594         0.29
       8.601       0.3103
       8.617       0.3306
       8.624       0.3103
       8.632       0.2696
       8.639        0.229
       8.647        0.168
       8.654        0.107
       8.662       0.0664
        8.67      0.00542
       8.685     -0.05556
       8.692     -0.09621
         8.7      -0.1572
       8.707      -0.1978
       8.715      -0.2588
       8.722      -0.3198
        8.73      -0.3808
       8.738      -0.4214
       8.753      -0.4621
        8.76      -0.4417
       8.768      -0.4011
       8.775      -0.3401
       8.783      -0.2588
       8.791      -0.1978
       8.798      -0.1369
       8.806     -0.09621
       8.821     -0.05556
       8.836     -0.01491
       8.843      0.00542
       8.859      0.04607
       8.866      0.04607
       8.881      0.02575
       8.896     -0.01491
       8.904     -0.01491
       8.919     -0.01491
       8.927     -0.01491
       8.957      0.00542
       8.964      0.00542
