     0.01181      -0.1381
     0.03448      -0.1074
     0.04959     -0.07673
     0.05714     -0.04604
     0.07225     -0.03069
     0.07981  -4.441e-016
     0.09492      0.03069
        0.11      0.04604
      0.1176      0.04604
      0.1327      0.03069
      0.1402      0.03069
      0.1554      0.01535
      0.1629      0.03069
       0.178      0.06138
      0.1856      0.09207
      0.2007       0.1228
      0.2082       0.1381
      0.2158       0.1535
      0.2309       0.1841
      0.2385       0.1841
      0.2536       0.2148
      0.2611       0.2302
      0.2762       0.1995
      0.2838       0.1841
      0.2989       0.1381
      0.3065       0.1381
      0.3216       0.1381
      0.3291       0.1535
      0.3442       0.1535
      0.3518       0.1074
      0.3593      0.07673
      0.3669      0.03069
      0.3745  -4.441e-016
      0.3896     -0.04604
      0.3971     -0.06138
      0.4047     -0.07673
      0.4198      -0.1228
      0.4273      -0.1381
      0.4424      -0.1535
        0.45      -0.1688
      0.4576      -0.1995
      0.4651      -0.2455
      0.4727      -0.2762
      0.4878      -0.3069
      0.4953      -0.2916
      0.5104      -0.2609
      0.5256      -0.1995
      0.5331      -0.1841
      0.5407      -0.1688
      0.5558      -0.1228
      0.5633     -0.09207
      0.5709     -0.06138
      0.5784     -0.03069
      0.5936  -4.441e-016
      0.6011      0.01535
      0.6162      0.01535
      0.6238      0.01535
      0.6389      0.01535
       0.654     -0.03069
      0.6615     -0.06138
      0.6691     -0.09207
      0.6767      -0.1228
      0.6918      -0.1535
      0.6993      -0.1688
      0.7144      -0.1535
      0.7295      -0.1228
      0.7371      -0.1074
      0.7447     -0.09207
      0.7598     -0.06138
      0.7673     -0.04604
      0.7824     -0.01535
      0.7975      0.03069
      0.8051      0.04604
      0.8202      0.07673
      0.8353       0.1381
      0.8429       0.1688
      0.8504       0.1995
       0.858       0.2302
      0.8731       0.2762
      0.8806       0.2762
      0.8882       0.2762
      0.9033       0.2455
      0.9109       0.2302
      0.9184       0.1995
       0.926       0.1535
      0.9335      0.09207
      0.9411      0.03069
      0.9486     -0.04604
      0.9562     -0.09207
      0.9637      -0.1381
      0.9789      -0.1688
      0.9864      -0.1841
       1.002      -0.1688
       1.017      -0.1688
       1.024      -0.1688
       1.032      -0.1688
       1.047      -0.1688
       1.054      -0.1381
        1.07      -0.1074
       1.085     -0.06138
       1.092     -0.04604
         1.1     -0.03069
       1.115     -0.03069
        1.13     -0.03069
       1.145     -0.03069
       1.153     -0.03069
        1.16  -4.441e-016
       1.168      0.01535
       1.183      0.04604
        1.19      0.06138
       1.206      0.06138
       1.213      0.06138
       1.228      0.06138
       1.243      0.01535
       1.251     -0.01535
       1.258     -0.04604
       1.266     -0.09207
       1.274      -0.1381
       1.281      -0.1688
       1.289      -0.1841
       1.296      -0.1688
       1.304      -0.1228
       1.311     -0.09207
       1.319     -0.06138
       1.334     -0.03069
       1.342     -0.01535
       1.357      0.01535
       1.372      0.04604
       1.379      0.07673
       1.394       0.1074
       1.402       0.1074
       1.409       0.1228
       1.425      0.07673
       1.432      0.04604
        1.44      0.03069
       1.455      0.01535
       1.462      0.03069
       1.477      0.06138
       1.493      0.04604
         1.5      0.03069
       1.508     -0.01535
       1.515     -0.06138
       1.523      -0.1228
        1.53      -0.1688
       1.538      -0.1995
       1.545      -0.2302
       1.553      -0.2148
       1.568      -0.1841
       1.576      -0.1535
       1.583      -0.1228
       1.591     -0.09207
       1.598     -0.06138
       1.613     -0.03069
       1.621     -0.01535
       1.629      0.01535
       1.644      0.04604
       1.651      0.04604
       1.659      0.04604
       1.674      0.01535
       1.681  -4.441e-016
       1.697      0.03069
       1.704      0.04604
       1.712      0.06138
       1.727      0.07673
       1.734      0.06138
       1.742      0.04604
       1.749      0.01535
       1.757     -0.01535
       1.772     -0.03069
        1.78     -0.03069
       1.787      0.01535
       1.802      0.04604
        1.81      0.06138
       1.825      0.04604
       1.833      0.03069
        1.84      0.03069
       1.855  -4.441e-016
       1.863  -4.441e-016
       1.878      0.01535
       1.893      0.01535
       1.901  -4.441e-016
       1.908     -0.03069
       1.916     -0.03069
       1.923     -0.03069
       1.938     -0.03069
       1.961  -4.441e-016
       1.976  -4.441e-016
       1.984     -0.01535
       1.999     -0.04604
       2.006     -0.07673
       2.014      -0.1228
       2.021      -0.1841
       2.029      -0.2455
       2.037      -0.2916
       2.044      -0.3223
       2.052      -0.3376
       2.059      -0.3223
       2.067      -0.2916
       2.074      -0.2609
       2.082      -0.2148
       2.089      -0.1995
       2.105      -0.1381
       2.112      -0.1228
        2.12     -0.09207
       2.127     -0.07673
       2.142     -0.03069
        2.15     -0.01535
       2.157      0.01535
       2.165      0.03069
       2.173      0.06138
        2.18      0.07673
       2.195      0.07673
       2.203      0.09207
       2.218       0.1228
       2.225       0.1381
       2.233       0.1688
       2.241       0.1841
       2.256       0.2148
       2.263       0.2302
       2.278       0.2609
       2.286       0.2455
       2.293       0.2302
       2.309       0.1995
       2.316       0.1688
       2.324       0.1381
       2.331       0.1074
       2.339      0.06138
       2.346      0.01535
       2.346     -0.03069
       2.354     -0.06138
       2.361      -0.1228
       2.369      -0.1841
       2.377      -0.2302
       2.384      -0.2455
       2.399      -0.2148
       2.407      -0.1688
       2.414      -0.1381
       2.429      -0.1074
       2.437      -0.1074
       2.452     -0.07673
        2.46     -0.06138
       2.475     -0.03069
        2.49  -4.441e-016
       2.497  -4.441e-016
       2.505      0.01535
        2.52      0.01535
       2.528      0.01535
       2.535      0.01535
        2.55     -0.01535
       2.558     -0.03069
       2.573  -4.441e-016
       2.581  -4.441e-016
       2.588      0.01535
       2.603      0.01535
       2.611  -4.441e-016
       2.618     -0.03069
       2.626     -0.03069
       2.641     -0.06138
       2.649     -0.06138
       2.664     -0.06138
       2.679     -0.07673
       2.686     -0.07673
       2.694     -0.06138
       2.701     -0.03069
       2.709      0.01535
       2.717      0.03069
       2.732      0.06138
       2.739      0.04604
       2.754      0.04604
       2.769      0.03069
       2.777      0.03069
       2.785      0.03069
         2.8  -4.441e-016
       2.807     -0.01535
       2.822     -0.03069
       2.837     -0.06138
       2.845     -0.09207
       2.853      -0.1381
        2.86      -0.1688
       2.868      -0.1995
       2.875      -0.2148
        2.89      -0.2148
       2.898      -0.1995
       2.905      -0.1841
       2.921      -0.1535
       2.928      -0.1381
       2.936      -0.1228
       2.951     -0.09207
       2.958     -0.07673
       2.973     -0.04604
       2.981     -0.03069
       2.996     -0.03069
       3.011  -4.441e-016
       3.026      0.03069
       3.034      0.04604
       3.049      0.09207
       3.057       0.1074
       3.064       0.1228
       3.072       0.1535
       3.079       0.1688
       3.094       0.1841
       3.102       0.1841
       3.117       0.1688
       3.132       0.1228
        3.14      0.07673
       3.147      0.04604
       3.155      0.01535
       3.162     -0.03069
       3.177     -0.06138
       3.185     -0.07673
         3.2     -0.09207
       3.208     -0.09207
       3.223      -0.1228
       3.238      -0.1074
       3.253     -0.09207
        3.26     -0.07673
       3.276     -0.06138
       3.283     -0.04604
       3.298  -4.441e-016
       3.306      0.01535
       3.313      0.04604
       3.321      0.06138
       3.328      0.09207
       3.336       0.1074
       3.351       0.1381
       3.359       0.1381
       3.374       0.1535
       3.381       0.1381
       3.396       0.1381
       3.404       0.1228
       3.419       0.1074
       3.434      0.09207
       3.442      0.07673
       3.449      0.04604
       3.457      0.01535
       3.464  -4.441e-016
       3.472     -0.03069
        3.48     -0.03069
       3.495     -0.01535
       3.502     -0.01535
       3.517     -0.03069
       3.525     -0.04604
        3.54     -0.09207
       3.548      -0.1228
       3.563      -0.1688
        3.57      -0.1841
       3.585      -0.1688
       3.593      -0.1688
         3.6      -0.1535
       3.616      -0.1228
       3.623      -0.1228
       3.638      -0.1228
       3.646      -0.1074
       3.661      -0.1074
       3.668     -0.09207
       3.684     -0.07673
       3.691     -0.07673
       3.699     -0.06138
       3.714     -0.04604
       3.721     -0.04604
       3.736     -0.04604
       3.744     -0.04604
       3.752     -0.04604
       3.767     -0.06138
       3.774     -0.06138
       3.782     -0.09207
       3.789      -0.1381
       3.797      -0.1688
       3.804      -0.2148
       3.812      -0.2762
        3.82      -0.3069
       3.827      -0.3376
       3.835      -0.3223
       3.842      -0.2916
        3.85      -0.2455
       3.857      -0.2148
       3.872      -0.1688
        3.88      -0.1535
       3.895      -0.1228
       3.903      -0.1074
        3.91     -0.07673
       3.918     -0.06138
       3.925     -0.03069
       3.933     -0.01535
        3.94      0.01535
       3.948      0.04604
       3.956      0.09207
       3.963       0.1228
       3.971       0.1688
       3.978       0.1841
       3.993       0.2302
       4.001       0.2609
       4.008       0.2916
       4.016       0.2916
       4.031       0.2916
       4.039       0.3069
       4.046       0.3223
       4.054       0.3683
       4.061       0.4143
       4.069       0.4604
       4.076        0.491
       4.084       0.4757
       4.092       0.4297
       4.099       0.3529
       4.107       0.2455
       4.114       0.1535
       4.122      0.07673
       4.129      0.01535
       4.137     -0.03069
       4.144     -0.03069
        4.16     -0.07673
       4.175      -0.1381
       4.182      -0.1688
        4.19      -0.2148
       4.197      -0.2455
       4.212      -0.2762
        4.22      -0.2916
       4.235      -0.2762
       4.243      -0.2609
       4.258      -0.2302
       4.265      -0.2148
        4.28      -0.1995
       4.288      -0.1841
       4.296      -0.1688
       4.311      -0.1535
       4.318      -0.1535
       4.326      -0.1381
       4.341      -0.1381
       4.348      -0.1228
       4.364      -0.1228
       4.371      -0.1074
       4.386      -0.1074
       4.394      -0.1074
       4.401     -0.09207
       4.416     -0.09207
       4.424     -0.09207
       4.432     -0.07673
       4.447     -0.07673
       4.454     -0.07673
       4.462     -0.09207
       4.477      -0.1381
       4.484      -0.1535
         4.5      -0.1841
       4.507      -0.1688
       4.522      -0.1381
        4.53      -0.1228
       4.545      -0.1228
       4.552      -0.1074
       4.568     -0.07673
       4.575     -0.04604
       4.583      0.03069
        4.59       0.1074
       4.598       0.1841
       4.605       0.2609
       4.613       0.3223
        4.62        0.399
       4.628       0.4757
       4.636       0.5371
       4.643       0.5678
       4.651       0.5985
       4.666       0.6138
       4.673       0.6138
       4.681       0.5831
       4.688       0.5524
       4.696       0.5064
       4.704       0.4604
       4.711        0.399
       4.719       0.3529
       4.719       0.3069
       4.726       0.2609
       4.734       0.2148
       4.734       0.1535
       4.741      0.09207
       4.749      0.03069
       4.749     -0.03069
       4.756     -0.06138
       4.764      -0.1381
       4.772      -0.1995
       4.779      -0.2455
       4.787      -0.2762
       4.802      -0.3223
       4.809      -0.3223
       4.817      -0.3069
       4.832      -0.2916
       4.839      -0.2762
       4.855      -0.2455
       4.862      -0.2302
       4.877      -0.2148
       4.885      -0.1995
         4.9      -0.1841
       4.907      -0.1995
       4.915      -0.2302
        4.93      -0.2609
       4.938      -0.2609
       4.953      -0.2455
        4.96      -0.2302
       4.975      -0.2148
       4.983      -0.2148
       4.998      -0.2148
       5.006      -0.1995
       5.013      -0.1841
       5.021      -0.1381
       5.028     -0.09207
       5.036     -0.04604
       5.043  -4.441e-016
       5.051      0.04604
       5.059      0.07673
       5.066       0.1228
       5.074       0.1535
       5.081       0.1995
       5.096       0.2609
       5.104       0.2762
       5.119       0.3223
       5.127       0.3223
       5.134       0.3069
       5.142       0.2609
       5.149       0.2302
       5.157       0.1841
       5.164       0.1381
       5.172      0.07673
       5.179      0.03069
       5.187  -4.441e-016
       5.187     -0.03069
       5.195     -0.06138
        5.21     -0.09207
       5.217     -0.09207
       5.232      -0.1074
        5.24      -0.1228
       5.247      -0.1228
       5.263      -0.1228
        5.27      -0.1228
       5.285      -0.1228
       5.293      -0.1074
       5.308      -0.1074
       5.315      -0.1074
       5.323     -0.09207
       5.338     -0.09207
       5.346     -0.09207
       5.353      -0.1228
       5.361      -0.1535
       5.368      -0.1841
       5.383      -0.2148
       5.391      -0.2148
       5.406      -0.2148
       5.414      -0.1995
       5.429      -0.1841
       5.436      -0.1841
       5.444      -0.1841
       5.459      -0.1535
       5.467      -0.1228
       5.474     -0.07673
       5.482  -4.441e-016
       5.489      0.07673
       5.497       0.1381
       5.504       0.1995
       5.512       0.2609
       5.519       0.3069
       5.527       0.3529
       5.535        0.399
       5.542       0.4297
        5.55       0.4604
       5.557        0.491
       5.572       0.4757
        5.58        0.445
       5.587       0.3836
       5.595       0.3223
       5.603       0.2609
        5.61       0.1995
       5.618       0.1535
       5.625       0.1074
       5.633      0.06138
        5.64      0.03069
       5.648      0.01535
       5.663     -0.03069
       5.671     -0.04604
       5.686     -0.07673
       5.693     -0.09207
       5.708      -0.1228
       5.716      -0.1381
       5.723      -0.1381
       5.739      -0.1535
       5.746      -0.1535
       5.761      -0.1535
       5.769      -0.1381
       5.784      -0.1535
       5.791      -0.1841
       5.799      -0.2302
       5.807      -0.2916
       5.814      -0.3529
       5.822       -0.399
       5.829      -0.4143
       5.844      -0.3836
       5.852      -0.3529
       5.859      -0.3223
       5.867      -0.3069
       5.882      -0.2762
        5.89      -0.2762
       5.905      -0.2302
       5.912      -0.2148
        5.92      -0.1535
       5.927     -0.09207
       5.935      0.01535
       5.935     -0.04604
       5.943      0.04604
        5.95       0.1381
       5.958       0.2148
       5.965       0.2762
       5.973       0.3376
        5.98       0.3836
       5.988       0.4143
       6.003       0.4297
       6.011       0.4297
       6.018       0.4143
       6.026       0.3836
       6.033       0.3529
       6.041       0.3069
       6.048       0.2455
       6.056       0.1841
       6.063       0.1228
       6.071      0.04604
       6.079  -4.441e-016
       6.079     -0.04604
       6.086      -0.1074
       6.094      -0.1535
       6.101      -0.1995
       6.109      -0.2302
       6.116      -0.2455
       6.131      -0.2762
       6.139      -0.2762
       6.147      -0.2609
       6.162      -0.2455
       6.169      -0.2302
       6.184      -0.1995
       6.192      -0.1841
       6.207      -0.1535
       6.222      -0.1381
       6.237      -0.1074
       6.252      -0.1074
        6.26      -0.1074
       6.267      -0.1381
       6.275      -0.1688
       6.283      -0.1841
       6.298      -0.1995
       6.305      -0.1841
        6.32      -0.1688
       6.328      -0.1535
       6.343      -0.1381
       6.351      -0.1381
       6.366      -0.1228
       6.373     -0.09207
       6.381     -0.04604
       6.388      0.03069
       6.396      0.07673
       6.403       0.1381
       6.411       0.1995
       6.419       0.2609
       6.426       0.3223
       6.434       0.3836
       6.441        0.445
       6.449       0.4757
       6.456       0.5064
       6.471       0.5217
       6.479       0.5064
       6.487       0.4604
       6.494        0.399
       6.502       0.3376
       6.509       0.2762
       6.517       0.1995
       6.524       0.1535
       6.532       0.1074
       6.539      0.06138
       6.547      0.01535
       6.555     -0.01535
       6.562     -0.04604
        6.57     -0.07673
       6.585      -0.1228
       6.592      -0.1381
       6.607      -0.1841
       6.615      -0.1841
        6.63      -0.1841
       6.638      -0.1841
       6.653      -0.1688
       6.668      -0.1535
       6.675      -0.1535
       6.683      -0.1381
       6.698      -0.1228
       6.706      -0.1228
       6.713      -0.1228
       6.721      -0.1535
       6.728      -0.1841
       6.736      -0.1995
       6.751      -0.2302
       6.758      -0.2148
       6.774      -0.1995
       6.781      -0.1841
       6.796      -0.1841
       6.804      -0.1841
       6.819      -0.1688
       6.826      -0.1535
       6.834      -0.1074
       6.842     -0.06138
       6.849  -4.441e-016
       6.849     -0.03069
       6.857      0.03069
       6.864      0.06138
       6.872       0.1074
       6.879       0.1381
       6.887       0.1688
       6.894       0.2148
       6.902       0.2455
       6.917       0.2762
       6.925       0.2762
        6.94       0.2916
       6.947       0.2762
       6.955       0.2455
       6.962       0.2148
        6.97       0.1841
       6.978       0.1535
       6.985       0.1228
       6.993      0.09207
           7      0.06138
       7.008      0.01535
       7.015  -4.441e-016
       7.015     -0.03069
       7.023     -0.06138
        7.03     -0.09207
       7.038      -0.1228
       7.053      -0.1688
       7.061      -0.1841
       7.068      -0.1841
       7.083      -0.1841
       7.091      -0.1841
       7.106      -0.1688
       7.114      -0.1688
       7.129      -0.1535
       7.136      -0.1381
       7.151      -0.1228
       7.159      -0.1228
       7.166      -0.1074
       7.182      -0.1228
       7.189      -0.1535
       7.197      -0.1841
       7.204      -0.1995
       7.219      -0.1995
       7.227      -0.1995
       7.242      -0.1688
        7.25      -0.1535
       7.265      -0.1535
       7.272      -0.1535
        7.28      -0.1381
       7.287      -0.1228
       7.295     -0.07673
       7.302  -4.441e-016
       7.302     -0.04604
        7.31      0.03069
       7.318       0.1074
       7.325       0.1688
       7.333       0.2455
        7.34       0.3223
       7.348       0.3683
       7.355       0.4297
       7.363       0.4757
       7.378       0.5064
       7.386       0.5064
       7.393       0.4757
       7.401       0.4297
       7.408       0.3683
       7.416       0.3069
       7.423       0.2302
       7.431       0.1688
       7.438       0.1228
       7.446      0.07673
       7.454      0.03069
       7.461     -0.01535
       7.469     -0.04604
       7.476     -0.09207
       7.484      -0.1228
       7.491      -0.1535
       7.499      -0.1841
       7.514      -0.2148
       7.522      -0.2302
       7.537      -0.2302
       7.544      -0.2148
       7.559      -0.1995
       7.567      -0.1995
       7.574      -0.1841
        7.59      -0.1688
       7.597      -0.1535
       7.612      -0.1381
        7.62      -0.1381
       7.627      -0.1228
       7.642      -0.1381
        7.65      -0.1535
       7.658      -0.1841
       7.665      -0.1995
        7.68      -0.2148
       7.688      -0.2148
       7.695      -0.1995
        7.71      -0.1841
       7.718      -0.1688
       7.733      -0.1688
       7.748      -0.1535
       7.756      -0.1228
       7.763     -0.07673
       7.771     -0.04604
       7.778      0.01535
       7.786      0.04604
       7.794      0.09207
       7.801       0.1228
       7.809       0.1688
       7.816       0.2148
       7.824       0.2455
       7.831       0.2916
       7.839       0.3069
       7.854       0.3529
       7.862       0.3683
       7.869       0.3683
       7.877       0.3376
       7.884       0.3069
       7.892       0.2609
       7.899       0.1995
       7.907       0.1535
       7.914       0.1074
       7.922      0.06138
        7.93      0.03069
       7.937     -0.01535
       7.945     -0.06138
       7.952      -0.1074
        7.96      -0.1381
       7.975      -0.1688
       7.982      -0.1841
       7.998      -0.1841
       8.005      -0.1841
        8.02      -0.1841
       8.028      -0.1688
       8.043      -0.1535
       8.058      -0.1381
       8.066      -0.1381
       8.081      -0.1228
       8.088      -0.1228
       8.096      -0.1074
       8.111      -0.1228
       8.118      -0.1535
       8.126      -0.1841
       8.134      -0.1995
       8.149      -0.2148
       8.156      -0.1995
       8.171      -0.1688
       8.179      -0.1535
       8.194      -0.1535
       8.202      -0.1535
       8.217      -0.1228
       8.232     -0.04604
       8.239      0.03069
       8.247      0.07673
       8.254       0.1381
       8.262       0.1995
        8.27       0.2609
       8.277       0.3223
       8.285       0.3683
       8.292        0.399
       8.307        0.445
       8.315       0.4604
       8.322       0.4757
        8.33        0.445
       8.337        0.399
       8.345       0.3376
       8.353       0.2762
        8.36       0.1995
       8.368       0.1381
       8.375      0.09207
       8.383      0.04604
        8.39      0.01535
        8.39     -0.03069
       8.398     -0.04604
       8.405     -0.07673
       8.413      -0.1074
       8.421      -0.1381
       8.428      -0.1688
       8.443      -0.1995
       8.451      -0.2148
       8.466      -0.2148
       8.473      -0.1995
       8.489      -0.1841
       8.496      -0.1841
       8.511      -0.1535
       8.526      -0.1381
       8.534      -0.1381
       8.541      -0.1228
       8.557      -0.1228
       8.564      -0.1074
       8.579      -0.1228
       8.587      -0.1381
       8.594      -0.1688
       8.609      -0.1995
       8.617      -0.2148
       8.625      -0.1995
        8.64      -0.1841
       8.647      -0.1688
       8.662      -0.1688
        8.67      -0.1688
       8.677      -0.1535
       8.693      -0.1074
         8.7     -0.06138
       8.708      0.01535
       8.708     -0.03069
       8.715      0.06138
       8.723       0.1228
        8.73       0.1841
       8.738       0.2455
       8.745       0.3223
       8.753       0.3836
       8.761       0.4297
       8.776        0.445
       8.783        0.445
       8.791       0.4143
       8.798       0.3836
       8.806       0.3376
       8.813       0.2916
       8.821       0.2302
       8.829       0.1841
       8.836       0.1381
       8.844      0.09207
       8.851      0.06138
       8.859      0.01535
       8.866     -0.03069
       8.874     -0.07673
       8.881      -0.1228
       8.889      -0.1535
       8.897      -0.1841
       8.904      -0.1995
       8.919      -0.2148
       8.927      -0.2148
       8.942      -0.1995
       8.957      -0.1841
       8.965      -0.1688
