     0.01186      0.00542
     0.01942      0.01626
     0.03454      0.01626
      0.0421      0.01626
     0.05723      0.01626
     0.06479      0.01626
     0.07991      0.01626
     0.08747      0.01626
      0.1026      0.01626
      0.1102      0.00542
      0.1253      0.01626
      0.1328      0.01626
       0.148      0.01626
      0.1555      0.01626
      0.1706      0.00542
      0.1782      0.01626
      0.1933      0.01626
      0.2085      0.01626
       0.216      0.01626
      0.2311       0.0271
      0.2463      0.03794
      0.2538      0.03794
      0.2689      0.03794
      0.2765      0.03794
      0.2916      0.03794
      0.2992      0.03794
      0.3143       0.0271
      0.3219      0.01626
      0.3294      0.01626
      0.3446      0.00542
      0.3521      0.00542
      0.3672      0.00542
      0.3824     -0.00542
      0.3899     -0.00542
      0.3975     -0.00542
      0.4126     -0.01626
      0.4202      -0.0271
      0.4353      -0.0271
      0.4429      -0.0271
       0.458      -0.0271
      0.4655      -0.0271
      0.4807      -0.0271
      0.4882      -0.0271
      0.5033      -0.0271
      0.5185     -0.03794
       0.526     -0.03794
      0.5411      -0.0271
      0.5487     -0.01626
      0.5638     -0.00542
       0.579     -0.00542
      0.5865      0.00542
      0.6016     -0.00542
      0.6092     -0.00542
      0.6243     -0.00542
      0.6319     -0.00542
       0.647      0.00542
      0.6546      0.00542
      0.6621      0.01626
      0.6773      0.01626
      0.6848      0.00542
      0.6999      0.00542
      0.7075     -0.00542
      0.7226     -0.01626
      0.7302     -0.01626
      0.7453      -0.0271
      0.7529      -0.0271
       0.768     -0.01626
      0.7755     -0.00542
      0.7907      0.00542
      0.7982      0.00542
      0.8134      0.00542
      0.8209     -0.00542
       0.836     -0.00542
      0.8436     -0.00542
      0.8587      0.00542
      0.8663      0.01626
      0.8814       0.0271
       0.889       0.0271
      0.9041       0.0271
      0.9192      0.01626
      0.9268      0.01626
      0.9419      0.01626
       0.957     -0.00542
      0.9646     -0.00542
      0.9797     -0.01626
      0.9873      -0.0271
       1.002      -0.0271
        1.01     -0.01626
       1.025     -0.00542
       1.033      0.00542
       1.048       0.0271
       1.055       0.0271
        1.07       0.0271
       1.078       0.0271
       1.093       0.0271
       1.101       0.0271
       1.116      0.01626
       1.123      0.01626
       1.138      0.01626
       1.146      0.00542
       1.154      0.00542
       1.169     -0.01626
       1.176     -0.01626
       1.184     -0.01626
       1.199      -0.0271
       1.207     -0.03794
       1.222      -0.0271
       1.237      -0.0271
       1.244     -0.03794
       1.259      -0.0271
       1.275      -0.0271
       1.282      -0.0271
       1.297     -0.00542
       1.312      0.00542
        1.32      0.00542
       1.335      0.00542
       1.343      0.00542
       1.358     -0.00542
       1.365     -0.00542
        1.38     -0.01626
       1.388     -0.01626
       1.403      -0.0271
       1.411      -0.0271
       1.418     -0.01626
       1.433     -0.01626
       1.441     -0.01626
       1.449     -0.01626
       1.464     -0.01626
       1.471     -0.01626
       1.486     -0.00542
       1.501      0.01626
       1.509       0.0271
       1.524      0.03794
       1.532      0.03794
       1.547       0.0271
       1.554       0.0271
       1.569      0.01626
       1.577      0.01626
       1.592      0.00542
         1.6      0.00542
       1.615      0.00542
       1.622      0.00542
       1.638     -0.00542
       1.645     -0.00542
        1.66     -0.00542
       1.668     -0.00542
       1.683      0.00542
        1.69      0.00542
       1.706     -0.00542
       1.713     -0.00542
       1.728     -0.01626
       1.736     -0.01626
       1.751     -0.01626
       1.759     -0.01626
       1.774     -0.00542
       1.781      0.00542
       1.796      0.01626
       1.811      0.01626
       1.819      0.01626
       1.834      0.01626
       1.842      0.01626
       1.857      0.00542
       1.864      0.00542
       1.879      0.00542
       1.887     -0.00542
       1.902     -0.00542
        1.91      0.00542
       1.917      0.01626
       1.925      0.03794
       1.932      0.04878
       1.948      0.07046
       1.955      0.07046
        1.97      0.07046
       1.978      0.05962
       1.985      0.05962
           2      0.04878
       2.008      0.03794
       2.016      0.03794
       2.031      0.01626
       2.038      0.00542
       2.053      0.01626
       2.061      0.01626
       2.076      0.00542
       2.084      0.00542
       2.099     -0.00542
       2.106     -0.00542
       2.121     -0.00542
       2.129     -0.00542
       2.144     -0.00542
       2.152     -0.00542
       2.167     -0.01626
       2.174      -0.0271
        2.19     -0.03794
       2.197     -0.03794
       2.205      -0.0271
        2.22      -0.0271
       2.227      -0.0271
       2.235     -0.01626
       2.258      0.00542
       2.265      0.00542
        2.28      0.01626
       2.288       0.0271
       2.303       0.0271
        2.31       0.0271
       2.326      0.01626
       2.333      0.00542
       2.348     -0.00542
       2.356     -0.00542
       2.371      -0.0271
       2.386     -0.04878
       2.394     -0.05962
       2.409      -0.0813
       2.416      -0.0813
       2.439     -0.09214
       2.447     -0.09214
       2.462     -0.07046
       2.469     -0.05962
       2.477     -0.03794
       2.484     -0.01626
         2.5     -0.00542
       2.507      0.00542
       2.522      0.00542
        2.53      0.00542
       2.537      0.00542
       2.552      0.00542
        2.56      0.00542
       2.575      0.01626
       2.583      0.01626
        2.59       0.0271
       2.605      0.04878
       2.621       0.0813
       2.628      0.09214
       2.643       0.0813
       2.651      0.07046
       2.666      0.04878
       2.673      0.04878
       2.689      0.04878
       2.696      0.05962
       2.711      0.05962
       2.719      0.05962
       2.734      0.04878
       2.741      0.04878
       2.757      0.03794
       2.764       0.0271
       2.772       0.0271
       2.787      0.00542
       2.794      0.00542
        2.81     -0.00542
       2.817     -0.01626
       2.825     -0.01626
        2.84      -0.0271
       2.847     -0.01626
       2.862     -0.00542
        2.87     -0.00542
       2.885     -0.00542
       2.893     -0.00542
       2.908     -0.00542
       2.915     -0.01626
       2.923     -0.01626
       2.938      -0.0271
       2.946     -0.03794
       2.961     -0.04878
       2.968     -0.04878
       2.983      -0.0271
       2.991      -0.0271
       2.999     -0.01626
       3.014      -0.0271
       3.021      -0.0271
       3.036     -0.00542
       3.051      0.00542
       3.059     -0.00542
       3.074     -0.00542
       3.082     -0.01626
       3.097     -0.01626
       3.112      -0.0271
        3.12     -0.01626
       3.135     -0.01626
       3.142     -0.01626
        3.15     -0.00542
       3.165     -0.00542
       3.172      0.00542
       3.188      0.01626
       3.203       0.0271
        3.21      0.03794
       3.225      0.04878
       3.233      0.04878
       3.256      0.03794
       3.263      0.04878
       3.278      0.05962
       3.286      0.05962
       3.301      0.03794
       3.309       0.0271
       3.324       0.0271
       3.339      0.01626
       3.346      0.00542
       3.362     -0.01626
       3.377     -0.03794
       3.384     -0.05962
       3.392     -0.05962
       3.407     -0.05962
       3.414     -0.05962
        3.43     -0.03794
       3.437      -0.0271
       3.445     -0.01626
        3.46     -0.01626
       3.467     -0.01626
       3.482      -0.0271
        3.49      -0.0271
       3.505     -0.03794
       3.513      -0.0271
       3.528     -0.01626
       3.535     -0.00542
       3.551      0.01626
       3.558      0.01626
       3.573       0.0271
       3.588      0.01626
       3.596      0.00542
       3.611     -0.01626
       3.619      -0.0271
       3.634     -0.01626
       3.641     -0.00542
       3.656      0.00542
       3.664      0.01626
       3.679       0.0271
       3.687       0.0271
       3.702       0.0271
       3.709       0.0271
       3.724       0.0271
       3.732       0.0271
       3.747      0.01626
       3.755      0.01626
       3.762       0.0271
       3.777       0.0271
       3.785       0.0271
         3.8       0.0271
       3.808       0.0271
       3.823       0.0271
        3.83       0.0271
       3.845       0.0271
       3.861       0.0271
       3.876       0.0271
       3.883       0.0271
       3.891       0.0271
       3.906      0.01626
       3.913      0.00542
       3.921      0.00542
       3.936     -0.00542
       3.944     -0.01626
       3.959      -0.0271
       3.966     -0.03794
       3.982     -0.03794
       3.997     -0.03794
       4.004     -0.03794
       4.019     -0.03794
       4.034     -0.03794
       4.042      -0.0271
       4.057     -0.01626
       4.065     -0.01626
        4.08     -0.00542
       4.087      0.00542
       4.103      0.01626
        4.11       0.0271
       4.125      0.03794
       4.133      0.03794
        4.14      0.03794
       4.155       0.0271
       4.163      0.01626
       4.178      0.01626
       4.186      0.01626
       4.193      0.01626
       4.208      0.00542
       4.216      0.00542
       4.231      0.00542
       4.239      0.00542
       4.246      0.01626
       4.261      0.01626
       4.269      0.01626
       4.276       0.0271
       4.292       0.0271
       4.299       0.0271
       4.307       0.0271
       4.322      0.01626
       4.329      0.00542
       4.344     -0.01626
       4.352     -0.01626
       4.367     -0.01626
       4.382      -0.0271
        4.39      -0.0271
       4.405     -0.03794
       4.413     -0.03794
       4.428     -0.03794
       4.435     -0.03794
       4.458     -0.03794
       4.473     -0.03794
       4.481      -0.0271
       4.496      -0.0271
       4.503     -0.01626
       4.518     -0.01626
       4.526     -0.01626
       4.534     -0.00542
       4.549      0.00542
       4.556      0.00542
       4.571      0.01626
       4.579      0.01626
       4.594      0.00542
       4.602     -0.00542
       4.617      0.00542
       4.632       0.0271
       4.639       0.0271
       4.654      0.03794
        4.67      0.05962
       4.677      0.05962
       4.685      0.05962
         4.7      0.03794
       4.707      0.03794
       4.723      0.03794
        4.73      0.03794
       4.745       0.0271
       4.753       0.0271
       4.768      0.01626
       4.775      0.01626
       4.791      0.00542
       4.798      0.00542
       4.813      0.00542
       4.821      0.00542
       4.836     -0.00542
       4.844     -0.01626
       4.859     -0.01626
       4.874      -0.0271
       4.881      -0.0271
       4.889      -0.0271
       4.904     -0.03794
       4.912     -0.03794
       4.927     -0.03794
       4.934      -0.0271
       4.949     -0.01626
       4.957     -0.01626
       4.972     -0.00542
        4.98      0.00542
       4.987      0.00542
       5.002     -0.00542
        5.01     -0.00542
       5.025     -0.00542
        5.04     -0.00542
       5.055     -0.00542
        5.07      0.00542
       5.078      0.00542
       5.093      0.01626
       5.101      0.01626
       5.116      0.01626
       5.123      0.00542
       5.138     -0.00542
       5.146     -0.00542
       5.161     -0.01626
       5.169      -0.0271
       5.176      -0.0271
       5.191      -0.0271
       5.199     -0.01626
       5.214     -0.00542
       5.222      0.00542
       5.237      0.01626
       5.244       0.0271
       5.259       0.0271
       5.267       0.0271
       5.282      0.00542
        5.29     -0.00542
       5.305     -0.00542
       5.312      0.00542
       5.327       0.0271
       5.335       0.0271
       5.343      0.03794
       5.358      0.03794
       5.365      0.03794
        5.38      0.03794
       5.388      0.03794
       5.403      0.01626
       5.411     -0.00542
       5.426      -0.0271
       5.433     -0.03794
       5.456     -0.04878
       5.464     -0.04878
       5.479      -0.0271
       5.486     -0.01626
       5.494     -0.00542
       5.509      0.00542
       5.516      0.01626
       5.532      0.00542
       5.539      0.00542
       5.554     -0.00542
       5.562     -0.01626
       5.569     -0.01626
       5.585     -0.01626
       5.592     -0.01626
       5.607      -0.0271
       5.615      -0.0271
        5.63     -0.01626
       5.637     -0.00542
       5.653      0.00542
        5.66      0.01626
       5.675       0.0271
       5.683      0.03794
       5.698      0.04878
       5.706      0.04878
       5.713      0.05962
       5.728      0.07046
       5.736      0.07046
       5.751      0.07046
       5.758      0.07046
       5.774      0.04878
       5.781      0.03794
       5.796       0.0271
       5.804      0.01626
       5.819      0.01626
       5.826      0.01626
       5.842      0.01626
       5.857     -0.00542
       5.864     -0.00542
       5.879     -0.00542
       5.887     -0.01626
       5.895     -0.01626
        5.91     -0.03794
       5.917     -0.04878
       5.932     -0.05962
        5.94     -0.04878
       5.955     -0.03794
       5.963      -0.0271
       5.978      -0.0271
       5.985      -0.0271
           6      -0.0271
       6.016     -0.03794
       6.023     -0.03794
       6.038     -0.03794
       6.053      -0.0271
       6.068     -0.00542
       6.076      0.01626
       6.091       0.0271
       6.099      0.03794
       6.114       0.0271
       6.121      0.01626
       6.137     -0.00542
       6.144      0.00542
       6.159      0.00542
       6.167      0.00542
       6.182      0.00542
       6.189      0.01626
       6.205       0.0271
       6.212      0.03794
       6.227      0.04878
       6.235      0.05962
        6.25      0.04878
       6.257      0.04878
       6.273      0.03794
        6.28      0.03794
       6.295      0.01626
       6.303     -0.00542
       6.318      -0.0271
       6.326      -0.0271
       6.341     -0.01626
       6.356     -0.00542
       6.363     -0.00542
       6.378     -0.00542
       6.386     -0.00542
       6.394     -0.00542
       6.409     -0.00542
       6.416     -0.00542
       6.431     -0.00542
       6.447      -0.0271
       6.454      -0.0271
       6.469     -0.03794
       6.477     -0.03794
       6.492     -0.03794
       6.499     -0.03794
       6.515      -0.0271
        6.53     -0.01626
       6.537     -0.01626
       6.552     -0.00542
       6.567     -0.00542
       6.575      0.00542
        6.59      0.01626
       6.598      0.01626
       6.613      0.01626
        6.62      0.01626
       6.636      0.01626
       6.643      0.01626
       6.658      0.00542
       6.666     -0.00542
       6.673      0.00542
       6.688      0.01626
       6.696       0.0271
       6.711       0.0271
       6.719       0.0271
       6.734      0.00542
       6.741      0.00542
       6.749      0.00542
       6.764     -0.00542
       6.772     -0.00542
       6.787     -0.01626
       6.794     -0.00542
       6.809     -0.00542
       6.817     -0.00542
       6.832      0.01626
        6.84       0.0271
       6.855      0.01626
       6.862      0.00542
       6.878     -0.01626
       6.885     -0.01626
         6.9     -0.03794
       6.908     -0.04878
       6.923     -0.05962
        6.93     -0.04878
       6.946     -0.03794
       6.953      -0.0271
       6.968     -0.00542
       6.976      0.00542
       6.991       0.0271
       6.998      0.03794
       7.014      0.05962
       7.029      0.07046
       7.036      0.07046
       7.051      0.05962
       7.059      0.04878
       7.074       0.0271
       7.082       0.0271
       7.097       0.0271
       7.104       0.0271
       7.112       0.0271
       7.127      0.01626
       7.135      0.01626
        7.15      0.00542
       7.157      0.00542
       7.172      0.00542
        7.18      0.00542
       7.195     -0.00542
       7.203     -0.01626
       7.218      -0.0271
       7.225      -0.0271
       7.233      -0.0271
       7.248      -0.0271
       7.256     -0.01626
       7.271      0.00542
       7.278      0.01626
       7.293      0.01626
       7.301      0.00542
       7.309      0.00542
       7.324     -0.00542
       7.331     -0.01626
       7.346      -0.0271
       7.361     -0.04878
       7.369     -0.05962
       7.377     -0.05962
       7.392     -0.05962
       7.399     -0.04878
       7.414     -0.03794
       7.422      -0.0271
       7.437      -0.0271
       7.452      -0.0271
       7.467     -0.01626
       7.475      0.00542
        7.49       0.0271
       7.498      0.03794
       7.513      0.03794
        7.52      0.03794
       7.535      0.04878
       7.543      0.04878
       7.558      0.04878
       7.566      0.04878
       7.581      0.03794
       7.588       0.0271
       7.596       0.0271
       7.611      0.00542
       7.619     -0.00542
       7.634     -0.00542
       7.641     -0.00542
       7.656      0.00542
       7.671      0.00542
       7.679      0.01626
       7.694       0.0271
       7.702       0.0271
       7.717       0.0271
       7.724       0.0271
       7.739       0.0271
       7.755      0.00542
       7.762     -0.00542
       7.777     -0.03794
       7.785     -0.04878
         7.8     -0.03794
       7.815      -0.0271
       7.823     -0.01626
       7.838     -0.00542
       7.845     -0.00542
        7.86     -0.00542
       7.876     -0.00542
       7.883     -0.00542
       7.898      0.00542
       7.906      0.00542
       7.921     -0.00542
       7.929     -0.01626
       7.936     -0.00542
       7.951     -0.00542
       7.959     -0.00542
       7.974      0.01626
       7.989       0.0271
       7.997       0.0271
       8.012      0.03794
       8.027       0.0271
       8.034       0.0271
        8.05      0.01626
       8.057      0.01626
       8.072      0.01626
        8.08      0.01626
       8.095      0.01626
        8.11      0.00542
       8.118     -0.00542
       8.133     -0.00542
        8.14     -0.00542
       8.148     -0.00542
       8.163     -0.00542
        8.17     -0.00542
       8.178      0.00542
       8.193       0.0271
       8.201       0.0271
       8.216       0.0271
       8.231      0.01626
       8.239      0.00542
       8.254     -0.01626
       8.261      -0.0271
       8.269      -0.0271
       8.284      -0.0271
       8.291      -0.0271
       8.307     -0.01626
       8.322     -0.01626
       8.329     -0.01626
       8.337     -0.00542
       8.352     -0.01626
        8.36     -0.01626
       8.375     -0.01626
        8.39      -0.0271
       8.397     -0.03794
       8.405     -0.03794
        8.42     -0.03794
       8.428     -0.03794
       8.435      -0.0271
        8.45      -0.0271
       8.458     -0.01626
       8.473     -0.00542
       8.481     -0.00542
       8.496      0.00542
       8.511      0.00542
       8.518      0.01626
       8.533      0.03794
       8.541      0.04878
       8.556      0.05962
       8.564      0.04878
       8.571      0.04878
       8.586       0.0271
       8.594       0.0271
       8.609      0.01626
       8.617      0.01626
       8.632     -0.00542
       8.639     -0.01626
       8.654     -0.00542
       8.662     -0.00542
       8.677      0.00542
       8.685      0.00542
         8.7     -0.00542
       8.707      0.00542
       8.722      0.00542
        8.73      0.00542
       8.745      0.00542
       8.753     -0.00542
       8.768     -0.01626
       8.775     -0.01626
       8.783     -0.01626
       8.798      -0.0271
       8.806     -0.01626
       8.821     -0.00542
       8.828      0.00542
       8.843      0.00542
       8.851      0.00542
       8.866     -0.00542
       8.874     -0.00542
       8.889     -0.00542
       8.896     -0.00542
       8.911     -0.01626
       8.919     -0.01626
       8.934     -0.00542
       8.949     -0.00542
       8.964     -0.00542
