     0.01181      0.03581
     0.02693     -0.04604
     0.03449      -0.0665
     0.04205      -0.1074
      0.0496      -0.1279
     0.06472      -0.1483
     0.07228      -0.1279
      0.0874     -0.08696
     0.09496     -0.04604
      0.1025      0.01535
      0.1101      0.05627
      0.1176      0.05627
      0.1327      0.05627
      0.1403      0.07673
      0.1554      0.05627
       0.163      0.03581
      0.1781    -0.005115
      0.1857    -0.005115
      0.2008    -0.005115
      0.2083    -0.005115
      0.2235      0.01535
       0.231      0.01535
      0.2461    -0.005115
      0.2612    -0.005115
      0.2688    -0.005115
      0.2839    -0.005115
      0.2915     -0.04604
       0.299     -0.08696
      0.3142      -0.1279
      0.3217      -0.1074
      0.3368     -0.04604
      0.3595    -0.005115
      0.3671    -0.005115
      0.3822     -0.02558
      0.3897     -0.04604
      0.4049     -0.08696
      0.4124      -0.1074
      0.4275     -0.08696
      0.4351      -0.0665
      0.4502     -0.02558
      0.4578    -0.005115
      0.4653      0.03581
      0.4729      0.05627
      0.4804      0.09719
       0.488       0.1176
      0.5031       0.1586
      0.5107        0.179
      0.5258       0.1586
      0.5334       0.1381
      0.5485      0.09719
      0.5636      0.07673
      0.5712      0.07673
      0.5863      0.07673
      0.5938      0.07673
      0.6089      0.09719
      0.6165      0.09719
      0.6241      0.05627
      0.6392      0.01535
      0.6467    -0.005115
      0.6619    -0.005115
      0.6694    -0.005115
      0.6845      -0.0665
      0.6996      -0.1279
      0.7072      -0.1279
      0.7223      -0.1279
      0.7299      -0.1074
       0.745     -0.08696
      0.7601     -0.04604
      0.7752      0.03581
      0.7828      0.03581
      0.7979      0.03581
      0.8055      0.03581
       0.813      0.05627
      0.8281      0.05627
      0.8357      0.05627
      0.8433      0.05627
      0.8584      0.03581
      0.8659      0.03581
      0.8811      0.05627
      0.8962      0.07673
      0.9037      0.07673
      0.9113      0.09719
      0.9264      0.09719
       0.934      0.07673
      0.9491      0.07673
      0.9642      0.07673
      0.9718      0.07673
      0.9869      0.07673
      0.9944      0.07673
        1.01      0.05627
       1.017      0.05627
       1.032    -0.005115
        1.04     -0.02558
       1.047     -0.04604
       1.062     -0.08696
        1.07     -0.08696
       1.085     -0.08696
       1.093     -0.08696
       1.108      -0.0665
       1.123     -0.04604
        1.13     -0.04604
       1.138     -0.02558
       1.153     -0.04604
       1.161     -0.04604
       1.168     -0.04604
       1.183     -0.08696
       1.191      -0.1074
       1.199     -0.08696
       1.206      -0.0665
       1.214     -0.02558
       1.221      0.01535
       1.236      0.03581
       1.244      0.05627
       1.259      0.09719
       1.267       0.1176
       1.282       0.1381
       1.289       0.1381
       1.304       0.1381
       1.312       0.1586
       1.327       0.1586
       1.335       0.1586
        1.35      0.09719
       1.357      0.07673
       1.372      0.01535
        1.38     -0.02558
       1.387      -0.0665
       1.395      -0.1074
       1.403      -0.1483
        1.41      -0.1688
       1.425      -0.1893
       1.433      -0.1688
       1.448      -0.1074
       1.463     -0.08696
       1.471     -0.08696
       1.486     -0.08696
       1.493      -0.0665
       1.508     -0.04604
       1.516     -0.04604
       1.531      -0.0665
       1.539      -0.0665
       1.561      -0.0665
       1.569      -0.0665
       1.576     -0.04604
       1.584     -0.02558
       1.599      0.03581
       1.607      0.05627
       1.622      0.07673
       1.629      0.09719
       1.644      0.07673
       1.652      0.03581
        1.66      0.01535
       1.675    -0.005115
       1.682    -0.005115
        1.69      0.01535
       1.705      0.09719
       1.713       0.1176
       1.728      0.09719
       1.735      0.09719
        1.75      0.09719
       1.758      0.09719
       1.773      0.05627
       1.781      0.03581
       1.796      0.01535
       1.803      0.01535
       1.818    -0.005115
       1.826    -0.005115
       1.833      0.01535
       1.849      0.03581
       1.856      0.03581
       1.871      0.03581
       1.886      0.01535
       1.894      0.01535
       1.909      0.01535
       1.917    -0.005115
       1.924    -0.005115
       1.939     -0.04604
       1.947     -0.02558
       1.962    -0.005115
        1.97      0.01535
       1.985      0.07673
           2       0.1381
       2.007       0.1586
       2.022        0.179
        2.03        0.179
       2.045       0.1586
       2.053       0.1381
       2.068       0.1176
       2.075      0.09719
       2.083      0.05627
        2.09    -0.005115
       2.098     -0.04604
       2.106      -0.0665
       2.121      -0.1074
       2.128      -0.1279
       2.143      -0.1688
       2.151      -0.1688
       2.166      -0.1893
       2.174      -0.1688
       2.189      -0.1483
       2.196      -0.1279
       2.211     -0.08696
       2.219     -0.08696
       2.234     -0.04604
       2.249      0.01535
       2.257      0.05627
       2.272      0.07673
       2.279      0.09719
       2.295      0.09719
       2.302       0.1176
       2.317      0.09719
       2.325      0.09719
        2.34       0.1176
       2.347       0.1381
       2.363       0.1995
        2.37       0.2199
       2.385       0.2199
       2.393       0.1995
         2.4       0.1586
       2.408       0.1176
       2.415      0.07673
       2.423      0.03581
       2.431    -0.005115
       2.446      -0.0665
       2.453     -0.08696
       2.468      -0.1279
       2.476      -0.1688
       2.491      -0.2097
       2.499      -0.2097
       2.514      -0.2097
       2.521      -0.1893
       2.536      -0.1483
       2.544      -0.1279
       2.559      -0.1074
       2.567     -0.08696
       2.582     -0.04604
       2.589     -0.02558
       2.604      0.01535
       2.612      0.03581
       2.627      0.07673
       2.642       0.1381
        2.65       0.1586
       2.665       0.1586
       2.672       0.1586
       2.688       0.1586
       2.695       0.1586
        2.71       0.1176
       2.718      0.07673
       2.725      0.03581
        2.74    -0.005115
       2.748     -0.02558
       2.756    -0.005115
       2.771      0.01535
       2.778      0.03581
       2.786      0.03581
       2.801    -0.005115
       2.809     -0.02558
       2.824     -0.04604
       2.831     -0.02558
       2.846     -0.04604
       2.854     -0.04604
       2.861     -0.04604
       2.877     -0.02558
       2.884     -0.02558
       2.892    -0.005115
       2.907    -0.005115
       2.914    -0.005115
       2.929     -0.02558
       2.945      -0.0665
       2.952     -0.08696
       2.967     -0.08696
       2.975     -0.08696
        2.99     -0.08696
       2.997      -0.0665
       3.013      -0.0665
        3.02     -0.08696
       3.035     -0.08696
       3.043      -0.0665
       3.058     -0.02558
       3.073     -0.02558
       3.081     -0.04604
       3.088     -0.04604
       3.103     -0.04604
       3.111     -0.04604
       3.126     -0.04604
       3.141      -0.0665
       3.149      -0.0665
       3.164     -0.04604
       3.179      0.01535
       3.186      0.05627
       3.194      0.09719
       3.202       0.1176
       3.217       0.1586
       3.224       0.1586
       3.239       0.1586
       3.247       0.1586
       3.262       0.1586
        3.27       0.1586
       3.285        0.179
         3.3        0.179
       3.307       0.1586
       3.315       0.1586
       3.323       0.1176
        3.33      0.07673
       3.338      0.03581
       3.345    -0.005115
        3.36     -0.04604
       3.368     -0.04604
       3.383    -0.005115
       3.391      0.01535
       3.406      0.03581
       3.413      0.07673
       3.436       0.1176
       3.443      0.09719
       3.451      0.09719
       3.466      0.05627
       3.474      0.03581
       3.481      0.01535
       3.489     -0.02558
       3.496      -0.0665
       3.504     -0.08696
       3.519      -0.1279
       3.527      -0.1279
       3.542      -0.1279
       3.557      -0.1074
       3.572      -0.1279
       3.579      -0.1074
       3.595      -0.1074
       3.602     -0.08696
       3.617     -0.04604
       3.625     -0.02558
        3.64    -0.005115
       3.648    -0.005115
       3.655      0.01535
        3.67      0.05627
       3.678      0.09719
       3.693       0.1176
         3.7       0.1176
       3.716       0.1176
       3.723       0.1381
       3.738       0.1381
       3.746       0.1381
       3.761       0.1176
       3.768       0.1176
       3.776       0.1176
       3.791      0.09719
       3.799      0.09719
       3.814      0.05627
       3.821      0.05627
       3.836      0.01535
       3.844    -0.005115
       3.852     -0.04604
       3.859      -0.0665
       3.874      -0.0665
       3.882      -0.0665
       3.897      -0.1074
       3.905      -0.1279
        3.92      -0.1074
       3.927     -0.08696
       3.942     -0.04604
       3.957     -0.02558
       3.965     -0.02558
       3.973    -0.005115
       3.988     -0.02558
       3.995    -0.005115
        4.01      0.01535
       4.018      0.03581
       4.033      0.01535
       4.041      0.01535
       4.056      0.01535
       4.063      0.03581
       4.071      0.05627
       4.086      0.09719
       4.093      0.09719
       4.101      0.09719
       4.116      0.07673
       4.124      0.05627
       4.131      0.05627
       4.139      0.01535
       4.146    -0.005115
       4.162      -0.0665
       4.177      -0.1074
       4.184      -0.1074
       4.192     -0.08696
       4.207     -0.04604
       4.214    -0.005115
       4.222      0.03581
        4.23      0.05627
       4.245      0.05627
       4.252      0.05627
       4.267      0.05627
       4.275      0.07673
        4.29      0.07673
       4.298      0.07673
       4.313      0.03581
        4.32      0.01535
       4.335      0.01535
       4.343      0.05627
       4.358      0.07673
       4.366      0.07673
       4.373      0.03581
       4.381    -0.005115
       4.388     -0.04604
       4.403     -0.08696
       4.411      -0.1074
       4.419      -0.1074
       4.434      -0.1483
       4.441      -0.1279
       4.456     -0.08696
       4.464      -0.0665
       4.479     -0.02558
       4.494      0.03581
       4.502      0.05627
       4.509      0.07673
       4.524      0.07673
       4.532      0.05627
       4.539      0.01535
       4.547     -0.02558
       4.562     -0.04604
        4.57     -0.04604
       4.577     -0.02558
       4.592    -0.005115
         4.6    -0.005115
       4.607      0.01535
       4.623    -0.005115
        4.63     -0.02558
       4.645     -0.08696
        4.66      -0.1279
       4.668      -0.1279
       4.683      -0.1279
       4.691      -0.1074
       4.706      -0.0665
       4.713     -0.04604
       4.728      0.01535
       4.736      0.03581
       4.751      0.07673
       4.759      0.09719
       4.774       0.1381
       4.789       0.1586
       4.796       0.1586
       4.812       0.1586
       4.819       0.1586
       4.834       0.1381
       4.842       0.1176
       4.849       0.1176
       4.864      0.09719
       4.872      0.09719
        4.88       0.1176
       4.895       0.1176
       4.902       0.1176
       4.917      0.07673
       4.925      0.03581
       4.932    -0.005115
        4.94     -0.02558
       4.955      -0.0665
       4.963     -0.04604
       4.978    -0.005115
       4.985      0.03581
       5.001      0.07673
       5.008      0.09719
       5.016       0.1176
       5.031      0.09719
       5.038      0.09719
       5.053      0.07673
       5.061      0.03581
       5.069      0.01535
       5.076     -0.02558
       5.084      -0.0665
       5.099      -0.1074
       5.106      -0.1074
       5.114     -0.08696
       5.129      -0.0665
       5.137     -0.04604
       5.152    -0.005115
       5.159      0.05627
       5.167      0.07673
       5.182      0.09719
       5.189      0.09719
       5.205      0.07673
       5.212       0.1176
       5.227       0.1586
       5.235       0.1586
        5.25      0.09719
       5.258      0.07673
       5.273      0.03581
        5.28      0.01535
       5.288     -0.02558
       5.295      -0.0665
        5.31      -0.1074
       5.318      -0.1279
       5.333     -0.08696
       5.341      -0.0665
       5.356     -0.08696
       5.363     -0.08696
       5.378     -0.08696
       5.386     -0.08696
       5.401     -0.08696
       5.416     -0.08696
       5.424     -0.08696
       5.439      -0.1074
       5.446      -0.1074
       5.454      -0.0665
       5.462     -0.04604
       5.469    -0.005115
       5.477      0.05627
       5.492      0.09719
       5.499      0.09719
       5.515       0.1176
       5.522       0.1381
       5.537       0.1381
       5.552       0.1176
        5.56      0.09719
       5.567      0.05627
       5.583    -0.005115
        5.59     -0.02558
       5.605     -0.04604
       5.613     -0.04604
       5.628      -0.0665
       5.635      -0.0665
       5.643      -0.0665
       5.658     -0.08696
       5.666      -0.1074
       5.681      -0.1074
       5.688     -0.08696
       5.696      -0.0665
       5.711      -0.0665
       5.719     -0.02558
       5.734      0.03581
       5.741      0.07673
       5.749       0.1176
       5.764       0.1586
       5.779       0.1586
       5.787       0.1586
       5.794       0.1586
       5.809      0.09719
       5.817      0.09719
       5.832      0.07673
        5.84      0.07673
       5.855      0.03581
       5.862      0.03581
       5.877      0.03581
       5.885      0.05627
       5.892      0.07673
       5.908       0.1176
       5.915       0.1176
        5.93      0.05627
       5.945      0.01535
       5.953    -0.005115
       5.968    -0.005115
       5.976    -0.005115
       5.991      0.01535
       5.998      0.01535
       6.013    -0.005115
       6.021    -0.005115
       6.036     -0.02558
       6.044      -0.0665
       6.059      -0.1279
       6.066      -0.1483
       6.081      -0.1688
       6.089      -0.1688
       6.104      -0.1279
       6.112     -0.08696
       6.127     -0.02558
       6.134      0.01535
       6.142      0.05627
       6.149      0.05627
       6.165      0.03581
       6.172    -0.005115
        6.18      -0.0665
       6.187      -0.1279
       6.195      -0.1893
       6.202      -0.2302
        6.21      -0.2302
       6.217      -0.2097
       6.225      -0.1688
       6.233      -0.1074
       6.248     -0.04604
       6.255     -0.04604
        6.27      -0.0665
       6.278      -0.0665
       6.285      -0.0665
       6.301      -0.1074
       6.308      -0.1483
       6.323      -0.1688
       6.331      -0.1688
       6.346      -0.1483
       6.354      -0.1279
       6.369     -0.08696
       6.376      -0.0665
       6.391     -0.02558
       6.399     -0.02558
       6.414     -0.02558
       6.429     -0.04604
       6.437      -0.0665
       6.444      -0.0665
       6.459      -0.0665
       6.467     -0.04604
       6.482      0.01535
        6.49      0.05627
       6.497      0.07673
       6.505       0.1176
       6.512        0.179
        6.52       0.2404
       6.527       0.2813
       6.535       0.3018
        6.55       0.2813
       6.558       0.2813
       6.573       0.2404
        6.58       0.1995
       6.595       0.1381
       6.603      0.09719
       6.611      0.05627
       6.626    -0.005115
       6.633    -0.005115
       6.648      0.03581
       6.663      0.07673
       6.671      0.09719
       6.686      0.07673
       6.694      0.07673
       6.709      0.03581
       6.716      0.03581
       6.731      0.05627
       6.754      0.09719
       6.762      0.09719
       6.769       0.1176
       6.784      0.09719
       6.792      0.09719
       6.807      0.09719
       6.822      0.05627
        6.83      0.01535
       6.837     -0.02558
       6.845      -0.0665
       6.852      -0.1074
        6.86      -0.1279
       6.875      -0.1279
        6.89      -0.1074
       6.898     -0.08696
       6.913     -0.04604
        6.92     -0.02558
       6.928    -0.005115
       6.943      0.01535
       6.951      0.01535
       6.966      0.03581
       6.973      0.03581
       6.981      0.03581
       6.996      0.07673
       7.004      0.09719
       7.019       0.1381
       7.026       0.1381
       7.041       0.1176
       7.049      0.09719
       7.064      0.09719
       7.072      0.09719
       7.087      0.05627
       7.094      0.03581
       7.109    -0.005115
       7.117    -0.005115
       7.125      0.03581
        7.14      0.07673
       7.147      0.07673
       7.162      0.05627
        7.17      0.01535
       7.177     -0.02558
       7.185      -0.0665
         7.2      -0.1279
       7.208      -0.1688
       7.223      -0.2097
        7.23      -0.2302
       7.245      -0.2097
       7.253      -0.1688
       7.261      -0.1483
       7.268     -0.08696
       7.276     -0.04604
       7.291      0.03581
       7.298      0.05627
       7.313       0.1381
       7.321       0.1586
       7.336       0.1586
       7.351      0.07673
       7.359      0.03581
       7.366      0.01535
       7.382     -0.02558
       7.389     -0.02558
       7.404     -0.02558
       7.412     -0.02558
       7.427     -0.02558
       7.434     -0.02558
        7.45    -0.005115
       7.457    -0.005115
       7.472    -0.005115
        7.48    -0.005115
       7.495    -0.005115
        7.51     -0.02558
       7.518     -0.02558
       7.525    -0.005115
        7.54      0.03581
       7.548      0.05627
       7.555      0.07673
        7.57      0.07673
       7.578      0.07673
       7.593      0.03581
       7.601    -0.005115
       7.608     -0.04604
       7.616     -0.08696
       7.623      -0.1074
       7.631      -0.1483
       7.638      -0.1688
       7.654      -0.1483
       7.661     -0.08696
       7.669     -0.04604
       7.676    -0.005115
       7.691      0.03581
       7.699      0.05627
       7.707      0.09719
       7.714       0.1381
       7.729       0.1586
       7.737       0.1586
       7.752       0.1176
       7.759      0.09719
       7.767      0.09719
       7.782      0.09719
        7.79      0.09719
       7.805      0.09719
       7.812      0.09719
       7.827      0.07673
       7.835      0.05627
        7.85      0.01535
       7.858    -0.005115
       7.865    -0.005115
        7.88      -0.0665
       7.895      -0.1074
       7.903      -0.1483
       7.911      -0.1279
       7.926     -0.08696
       7.933     -0.08696
       7.948     -0.04604
       7.964    -0.005115
       7.971    -0.005115
       7.986    -0.005115
       7.994    -0.005115
       8.001      0.01535
       8.009      0.05627
       8.016      0.07673
       8.024      0.09719
       8.039       0.1586
       8.047       0.1995
       8.062       0.2199
       8.069       0.1995
       8.077       0.1995
       8.092       0.1586
         8.1       0.1381
       8.107      0.09719
       8.122      0.01535
        8.13     -0.02558
       8.137      -0.0665
       8.145     -0.08696
        8.16      -0.1483
       8.168      -0.1688
       8.175      -0.1688
        8.19      -0.1893
       8.198      -0.1893
       8.213      -0.1688
       8.228      -0.1279
       8.236      -0.1074
       8.251     -0.04604
       8.258     -0.04604
       8.273     -0.02558
       8.281    -0.005115
       8.296      0.01535
       8.304      0.03581
       8.319      0.05627
       8.326      0.05627
       8.349      0.07673
       8.357      0.09719
       8.372      0.09719
       8.387      0.05627
       8.394      0.03581
       8.409      0.03581
       8.417      0.03581
       8.425      0.05627
        8.44      0.05627
       8.447      0.05627
       8.455      0.01535
       8.462     -0.02558
        8.47      -0.0665
       8.485      -0.1279
       8.493      -0.1483
         8.5      -0.1483
       8.515      -0.1688
       8.523      -0.1893
       8.538      -0.1688
       8.546      -0.1483
       8.553      -0.1074
       8.561      -0.0665
       8.568    -0.005115
       8.576      0.03581
       8.583      0.05627
       8.591      0.07673
       8.606      0.09719
       8.614      0.09719
       8.629       0.1176
       8.644       0.1176
       8.651      0.09719
       8.666      0.09719
       8.674      0.09719
       8.682      0.09719
       8.697      0.07673
       8.704      0.07673
       8.712      0.09719
       8.727      0.09719
       8.735      0.09719
       8.757      0.09719
       8.765      0.09719
        8.78      0.07673
       8.787      0.05627
       8.795      0.01535
       8.803    -0.005115
       8.818     -0.02558
       8.825    -0.005115
        8.84    -0.005115
       8.848    -0.005115
       8.863    -0.005115
       8.871    -0.005115
       8.878     -0.04604
       8.893     -0.08696
       8.901      -0.1279
       8.908      -0.1279
       8.923      -0.1483
       8.931      -0.1483
       8.946      -0.1074
       8.961     -0.04604
       8.976    -0.005115
