     0.01181     -0.01535
     0.01937     0.002558
     0.04205      0.02046
      0.0496      0.03836
     0.06472      0.03836
     0.07984      0.07417
     0.09496         0.11
      0.1101       0.1458
      0.1176       0.1458
      0.1252       0.1458
      0.1403         0.11
      0.1479      0.07417
      0.1554      0.05627
      0.1705      0.02046
      0.1781     0.002558
      0.1932     -0.03325
      0.2008     -0.05115
      0.2083     -0.05115
      0.2235     -0.06905
       0.231     -0.06905
      0.2461     -0.05115
      0.2612     -0.03325
      0.2688     -0.03325
      0.2839     -0.03325
       0.299     -0.01535
      0.3066     0.002558
      0.3217     0.002558
      0.3293     0.002558
      0.3444      0.02046
       0.352      0.02046
      0.3671     0.002558
      0.3746      0.02046
      0.3897      0.03836
      0.3973      0.05627
      0.4124      0.05627
        0.42      0.05627
      0.4351      0.05627
      0.4427      0.07417
      0.4578      0.07417
      0.4653      0.07417
      0.4804      0.09207
       0.488      0.09207
      0.4956      0.09207
      0.5107      0.05627
      0.5182      0.02046
      0.5334     -0.01535
      0.5409     -0.03325
       0.556     -0.06905
      0.5712      -0.1228
      0.5863      -0.1586
      0.5938      -0.1765
      0.6014      -0.1586
      0.6165      -0.1228
      0.6241      -0.1049
      0.6392     -0.08696
      0.6467     -0.06905
      0.6619     -0.03325
      0.6694     0.002558
      0.6845      0.03836
      0.6921      0.05627
      0.7072      0.07417
      0.7148      0.09207
      0.7299       0.1279
      0.7374       0.1458
      0.7526       0.1637
      0.7601       0.1637
      0.7677       0.1816
      0.7828       0.1637
      0.7904       0.1458
      0.8055       0.1458
       0.813       0.1458
      0.8281         0.11
      0.8357      0.09207
      0.8508      0.03836
      0.8584      0.02046
      0.8735      0.02046
      0.8811      0.02046
      0.8962      0.02046
      0.9113     0.002558
      0.9188     0.002558
       0.934     0.002558
      0.9415     0.002558
      0.9566      0.02046
      0.9642      0.03836
      0.9793      0.03836
      0.9869      0.02046
      0.9944      0.02046
        1.01     0.002558
       1.017     -0.01535
       1.032     -0.01535
       1.047     -0.01535
       1.055     -0.01535
       1.062     -0.01535
       1.078     -0.03325
       1.085     -0.05115
         1.1     -0.06905
       1.115     -0.08696
       1.123      -0.1049
       1.138      -0.1049
       1.146     -0.08696
       1.161     -0.08696
       1.168     -0.08696
       1.176     -0.06905
       1.191     -0.03325
       1.199     -0.01535
       1.214      0.03836
       1.221      0.05627
       1.229      0.07417
       1.244      0.09207
       1.251      0.09207
       1.267      0.09207
       1.274      0.09207
       1.289         0.11
       1.304         0.11
       1.312      0.09207
       1.327      0.07417
       1.335      0.07417
        1.35      0.07417
       1.357      0.07417
       1.372      0.07417
       1.387      0.07417
       1.395      0.07417
        1.41      0.05627
       1.418      0.03836
       1.433      0.05627
       1.448      0.05627
       1.456      0.05627
       1.463      0.05627
       1.478      0.02046
       1.486     0.002558
       1.501     -0.03325
       1.508     -0.03325
       1.524     -0.06905
       1.531     -0.06905
       1.546     -0.08696
       1.561      -0.1049
       1.569      -0.1049
       1.584      -0.1049
       1.592      -0.1049
       1.607     -0.08696
       1.622     -0.05115
       1.629     -0.05115
       1.644     -0.05115
       1.652     -0.05115
        1.66     -0.03325
       1.675     0.002558
       1.682      0.02046
       1.697      0.02046
       1.705      0.02046
        1.72      0.02046
       1.728      0.02046
       1.743      0.02046
       1.758     0.002558
       1.765     0.002558
       1.781     0.002558
       1.796     -0.01535
       1.803     -0.01535
       1.818     -0.03325
       1.826     -0.03325
       1.841     -0.03325
       1.856     -0.01535
       1.864     -0.01535
       1.879     -0.01535
       1.886     0.002558
       1.901     0.002558
       1.909      0.02046
       1.924      0.03836
       1.939      0.05627
       1.947      0.05627
       1.962      0.05627
        1.97      0.07417
       1.985      0.09207
       1.992      0.09207
       2.007      0.09207
       2.015      0.07417
       2.022      0.07417
       2.038      0.03836
       2.045      0.03836
        2.06      0.02046
       2.068     0.002558
       2.075     0.002558
        2.09     -0.03325
       2.098     -0.05115
       2.106     -0.05115
       2.121     -0.08696
       2.128     -0.08696
       2.143      -0.1049
       2.151     -0.08696
       2.166     -0.05115
       2.174     -0.03325
       2.189     0.002558
       2.204      0.02046
       2.211      0.03836
       2.226      0.05627
       2.234      0.05627
       2.249      0.09207
       2.264         0.11
       2.279         0.11
       2.287         0.11
       2.302      0.09207
        2.31      0.09207
       2.317      0.09207
       2.332         0.11
        2.34         0.11
       2.347       0.1279
       2.363         0.11
        2.37      0.09207
       2.385      0.09207
       2.393      0.09207
         2.4      0.09207
       2.415      0.07417
       2.423      0.05627
       2.431      0.05627
       2.446      0.03836
       2.453      0.02046
       2.461      0.02046
       2.476     -0.01535
       2.483     -0.03325
       2.499     -0.03325
       2.506     -0.03325
       2.521     -0.03325
       2.536     -0.03325
       2.544     -0.01535
       2.559     0.002558
       2.567      0.02046
       2.574      0.03836
       2.589      0.03836
       2.597      0.05627
       2.612      0.05627
        2.62      0.05627
       2.635      0.05627
        2.65      0.02046
       2.657     0.002558
       2.672     -0.05115
        2.68     -0.06905
       2.688     -0.06905
       2.703     -0.06905
        2.71     -0.05115
       2.725     -0.03325
       2.733     -0.03325
        2.74     -0.01535
       2.756     -0.03325
       2.763     -0.03325
       2.778     -0.01535
       2.786     0.002558
       2.801      0.03836
       2.809      0.05627
       2.824      0.07417
       2.831      0.07417
       2.846      0.07417
       2.854      0.05627
       2.861      0.05627
       2.877      0.03836
       2.884      0.02046
       2.899      0.02046
       2.907      0.02046
       2.922      0.02046
       2.929      0.02046
       2.945     -0.01535
       2.952     -0.03325
       2.967     -0.05115
       2.975     -0.06905
        2.99     -0.06905
       3.005      -0.1049
       3.013      -0.1228
        3.02      -0.1049
       3.035     -0.06905
       3.043     -0.06905
       3.058     -0.03325
       3.081     -0.01535
       3.088     -0.01535
       3.096     0.002558
       3.111      0.02046
       3.118      0.02046
       3.134      0.03836
       3.141      0.03836
       3.156      0.03836
       3.164      0.03836
       3.179      0.03836
       3.186      0.03836
       3.202      0.03836
       3.217     0.002558
       3.224     0.002558
       3.239     -0.01535
       3.247     -0.03325
       3.262     -0.03325
       3.277     -0.05115
       3.292     -0.05115
         3.3     -0.05115
       3.315     -0.05115
       3.323     -0.05115
        3.33     -0.03325
       3.345     -0.01535
       3.353     0.002558
       3.368     0.002558
       3.375     0.002558
       3.391      0.02046
       3.398      0.03836
       3.413      0.05627
       3.421      0.05627
       3.436      0.07417
       3.459      0.07417
       3.466      0.05627
       3.474      0.05627
       3.489      0.03836
       3.496      0.03836
       3.519      0.07417
       3.527      0.07417
       3.534      0.07417
       3.549      0.03836
       3.557     0.002558
       3.564     -0.01535
       3.579     -0.05115
       3.587     -0.05115
       3.602     -0.05115
        3.61     -0.03325
       3.625     -0.03325
       3.632     -0.03325
       3.648     -0.03325
       3.655     -0.03325
       3.663     -0.01535
       3.678     0.002558
       3.685      0.02046
         3.7      0.05627
       3.708      0.07417
       3.723      0.07417
       3.731      0.07417
       3.738      0.09207
       3.753       0.1279
       3.761       0.1279
       3.776       0.1279
       3.784       0.1279
       3.791       0.1458
       3.806       0.1458
       3.814       0.1458
       3.829       0.1458
       3.844       0.1279
       3.852         0.11
       3.859      0.09207
       3.874      0.03836
       3.882     0.002558
       3.897     -0.03325
       3.905     -0.03325
        3.92     -0.05115
       3.927     -0.06905
       3.942     -0.06905
        3.95     -0.06905
       3.965     -0.06905
       3.973     -0.06905
        3.98     -0.05115
       3.995     -0.03325
       4.003     -0.01535
       4.018     0.002558
       4.025      0.02046
       4.041      0.03836
       4.048      0.05627
       4.063      0.05627
       4.078      0.07417
       4.093      0.07417
       4.101      0.07417
       4.116      0.07417
       4.124      0.05627
       4.139      0.05627
       4.146      0.05627
       4.162      0.02046
       4.169      0.02046
       4.184     0.002558
       4.199     -0.03325
       4.207     -0.05115
       4.222     -0.08696
        4.23     -0.08696
       4.237     -0.06905
       4.252     -0.03325
        4.26     -0.01535
       4.275     -0.01535
       4.282     -0.01535
        4.29     -0.01535
       4.305     -0.03325
       4.313     -0.03325
       4.328     -0.05115
       4.343     -0.06905
        4.35     -0.06905
       4.358     -0.06905
       4.373     -0.06905
       4.381     -0.05115
       4.396     -0.03325
       4.403     -0.01535
       4.419      0.03836
       4.426      0.05627
       4.441      0.09207
       4.449         0.11
       4.464         0.11
       4.479      0.09207
       4.494      0.05627
       4.502      0.03836
       4.509      0.03836
       4.524      0.02046
       4.532     0.002558
       4.547     0.002558
       4.555     0.002558
        4.57     0.002558
       4.577     0.002558
       4.592     0.002558
         4.6      0.02046
       4.615      0.02046
       4.623      0.02046
       4.638     0.002558
       4.653     -0.01535
        4.66     -0.03325
       4.676     -0.05115
       4.683     -0.05115
       4.691     -0.05115
       4.706     -0.06905
       4.713     -0.06905
       4.728      -0.1049
       4.736      -0.1049
       4.751     -0.08696
       4.759     -0.06905
       4.766     -0.05115
       4.781     0.002558
       4.789      0.02046
       4.804      0.02046
       4.812      0.02046
       4.827      0.02046
       4.834      0.02046
       4.849     0.002558
       4.857     0.002558
       4.872     -0.03325
        4.88     -0.05115
       4.895     -0.06905
       4.902     -0.06905
       4.917     -0.05115
       4.925     -0.05115
        4.94     -0.05115
       4.955     -0.05115
       4.963     -0.05115
       4.978     -0.03325
       4.985     -0.01535
       5.001     -0.01535
       5.008     0.002558
       5.023     0.002558
       5.031     0.002558
       5.046      0.02046
       5.053      0.03836
       5.076      0.07417
       5.084      0.09207
       5.099       0.1279
       5.106       0.1458
       5.121       0.1816
       5.137       0.1816
       5.144       0.1637
       5.152       0.1637
       5.167       0.1279
       5.174         0.11
       5.189      0.09207
       5.205      0.07417
       5.212      0.07417
       5.227      0.07417
       5.235      0.07417
       5.242      0.07417
       5.258      0.07417
       5.273      0.07417
       5.288      0.09207
       5.303         0.11
        5.31         0.11
       5.326      0.09207
       5.333      0.07417
       5.348      0.09207
       5.363      0.09207
       5.371      0.07417
       5.378      0.07417
       5.394      0.07417
       5.401      0.07417
       5.416      0.05627
       5.424      0.03836
       5.439     0.002558
       5.446     -0.01535
       5.462     -0.03325
       5.477     -0.03325
       5.492     -0.03325
       5.499     -0.03325
       5.515     -0.03325
       5.522     -0.03325
        5.53     -0.01535
       5.545     0.002558
       5.552     0.002558
       5.567     0.002558
       5.575     0.002558
        5.59     0.002558
       5.598     0.002558
       5.613     0.002558
        5.62     0.002558
       5.635      0.02046
       5.643      0.03836
       5.658      0.03836
       5.673      0.03836
       5.688      0.03836
       5.696      0.02046
       5.711      0.02046
       5.726     0.002558
       5.734     -0.01535
       5.749     -0.01535
       5.764     -0.03325
       5.772     -0.03325
       5.779     -0.03325
       5.794     -0.03325
       5.802     -0.03325
       5.817     -0.01535
       5.832     -0.01535
        5.84     0.002558
       5.855      0.02046
       5.862      0.03836
       5.877      0.05627
       5.885      0.07417
         5.9      0.09207
       5.908      0.09207
       5.915      0.09207
        5.93      0.05627
       5.938      0.02046
       5.953     -0.01535
        5.96     -0.03325
       5.976     -0.06905
       5.983     -0.06905
       5.998     -0.06905
       6.006     -0.08696
       6.013     -0.08696
       6.029     -0.06905
       6.036     -0.05115
       6.051     -0.01535
       6.059     0.002558
       6.074      0.05627
       6.081      0.07417
       6.097      0.07417
       6.104      0.05627
       6.119      0.02046
       6.127      0.02046
       6.142      0.03836
       6.149      0.03836
       6.157      0.05627
       6.172      0.05627
        6.18      0.05627
       6.195      0.05627
       6.202      0.05627
        6.21      0.05627
       6.225      0.03836
       6.233      0.03836
       6.248      0.02046
       6.255      0.02046
        6.27      0.03836
       6.278      0.03836
       6.293      0.03836
       6.301      0.03836
       6.316      0.02046
       6.323      0.02046
       6.338     0.002558
       6.354     -0.01535
       6.361     0.002558
       6.376      0.02046
       6.384      0.02046
       6.399      0.03836
       6.406      0.05627
       6.422      0.05627
       6.429      0.05627
       6.444      0.05627
       6.452      0.05627
       6.459      0.05627
       6.474      0.03836
       6.482      0.03836
       6.497      0.03836
       6.505      0.03836
       6.512      0.03836
       6.527     0.002558
       6.535     0.002558
        6.55     0.002558
       6.558     0.002558
       6.573     0.002558
       6.588     -0.03325
       6.595     -0.05115
       6.603     -0.05115
       6.618     -0.05115
       6.626     -0.03325
       6.641     -0.01535
       6.648     0.002558
       6.671     0.002558
       6.679      0.02046
       6.694      0.03836
       6.701      0.03836
       6.716      0.03836
       6.724      0.03836
       6.739      0.03836
       6.747      0.03836
       6.762      0.03836
       6.769      0.03836
       6.784      0.03836
       6.792      0.03836
       6.807      0.02046
       6.815      0.02046
        6.83      0.02046
       6.837      0.02046
       6.852      0.02046
        6.86      0.02046
       6.875      0.02046
       6.883      0.02046
       6.898      0.02046
       6.905      0.02046
        6.92     0.002558
       6.928     0.002558
       6.936     0.002558
       6.951     -0.01535
       6.958     -0.01535
       6.973     -0.01535
       6.981     0.002558
       6.996     0.002558
       7.004     0.002558
       7.019     -0.01535
       7.026     -0.01535
       7.041     -0.05115
       7.049     -0.05115
       7.064     -0.06905
       7.072     -0.06905
       7.087     -0.05115
       7.102     -0.03325
       7.109     -0.03325
       7.117     -0.01535
       7.132     0.002558
        7.14     0.002558
       7.155     0.002558
       7.162      0.02046
       7.177      0.03836
       7.185      0.03836
         7.2      0.03836
       7.208      0.03836
       7.223      0.02046
        7.23      0.02046
       7.245      0.02046
       7.253      0.02046
       7.268     0.002558
       7.276     0.002558
       7.291     0.002558
       7.298     0.002558
       7.313     0.002558
       7.321     0.002558
       7.336      0.02046
       7.344      0.02046
       7.359      0.02046
       7.366      0.03836
       7.382      0.03836
       7.397      0.03836
       7.404      0.03836
       7.412      0.05627
       7.427      0.07417
       7.434      0.07417
        7.45      0.07417
       7.457      0.07417
       7.472      0.05627
        7.48      0.05627
       7.495      0.05627
       7.502      0.05627
       7.518      0.09207
       7.533      0.09207
        7.54      0.07417
       7.555      0.03836
       7.563      0.02046
        7.57     0.002558
       7.586     -0.03325
       7.593     -0.03325
       7.608     -0.05115
       7.616     -0.05115
       7.631     -0.05115
       7.638     -0.05115
       7.654     -0.05115
       7.661     -0.03325
       7.669     -0.01535
       7.684     -0.01535
       7.691     -0.01535
       7.707     -0.03325
       7.714     -0.03325
       7.729     -0.03325
       7.744     -0.03325
       7.752     -0.03325
       7.759     -0.01535
       7.775     0.002558
       7.782      0.02046
       7.797      0.03836
       7.805      0.03836
       7.812      0.05627
       7.827      0.05627
       7.835      0.05627
        7.85      0.03836
       7.858      0.03836
       7.873     0.002558
        7.88     0.002558
       7.895     0.002558
       7.911     -0.03325
       7.918     -0.05115
       7.933     -0.08696
       7.941     -0.08696
       7.948     -0.08696
       7.964      -0.1049
       7.971      -0.1049
       7.979      -0.1049
       7.994      -0.1049
       8.001     -0.08696
       8.016     -0.05115
       8.024     -0.03325
       8.039     -0.01535
       8.047     0.002558
       8.054      0.03836
       8.062      0.05627
       8.077      0.09207
       8.084         0.11
         8.1       0.1458
       8.107       0.1458
       8.122       0.1458
        8.13       0.1458
       8.137       0.1637
       8.152       0.1637
        8.16       0.1637
       8.175       0.1458
       8.183       0.1458
       8.198       0.1279
       8.213      0.07417
       8.221      0.07417
       8.236      0.03836
       8.243      0.02046
       8.258     -0.01535
       8.266     -0.03325
       8.281     -0.06905
       8.289     -0.08696
       8.304      -0.1049
       8.319      -0.1407
       8.326      -0.1407
       8.341      -0.1407
       8.349      -0.1228
       8.364     -0.08696
       8.372     -0.08696
       8.379     -0.08696
       8.394      -0.1049
       8.402      -0.1049
       8.417      -0.1049
       8.425      -0.1049
        8.44      -0.1049
       8.447      -0.1049
       8.462     -0.08696
        8.47     -0.08696
       8.485     -0.08696
         8.5      -0.1049
       8.508      -0.1049
       8.523      -0.1049
        8.53      -0.1049
       8.546      -0.1228
       8.561      -0.1586
       8.568      -0.1586
       8.583      -0.1407
       8.591      -0.1228
       8.598     -0.08696
       8.606     -0.06905
       8.621     -0.03325
       8.629     -0.01535
       8.651      0.05627
       8.659      0.09207
       8.666         0.11
       8.682       0.1279
       8.697       0.1279
       8.704       0.1279
       8.719      0.09207
       8.727      0.09207
       8.742      0.05627
        8.75      0.03836
       8.757      0.03836
       8.772     0.002558
        8.78     0.002558
       8.787     0.002558
       8.803     0.002558
        8.81      0.03836
       8.825      0.07417
       8.833      0.09207
       8.848       0.1279
       8.855       0.1458
       8.871       0.1637
       8.878       0.1637
       8.893       0.1995
       8.908       0.1995
       8.916       0.1995
       8.931       0.1995
       8.939       0.1816
       8.954       0.1279
       8.969      0.07417
       8.976      0.05627
