     0.01181       0.1381
     0.01937       0.1765
     0.02692       0.2148
     0.04203       0.2148
     0.04959       0.2148
      0.0647       0.1765
     0.07225       0.1765
     0.08736       0.1957
     0.09492       0.1957
        0.11       0.1765
      0.1176       0.1381
      0.1251      0.08056
      0.1327      0.02302
      0.1402     -0.03453
      0.1478     -0.09207
      0.1554      -0.1496
      0.1629      -0.2072
      0.1705      -0.2455
       0.178      -0.2839
      0.1856      -0.3031
      0.2007      -0.3031
      0.2082      -0.2839
      0.2158      -0.2647
      0.2309      -0.2263
      0.2385      -0.1496
       0.246     -0.09207
      0.2536     -0.03453
      0.2611      0.02302
      0.2687      0.08056
      0.2838       0.1189
      0.2913       0.1381
      0.3065       0.1573
       0.314       0.1573
      0.3291       0.1573
      0.3442       0.1381
      0.3518       0.1189
      0.3593       0.1189
      0.3745       0.1189
       0.382       0.1381
      0.3971       0.1573
      0.4047       0.1381
      0.4122      0.09974
      0.4198      0.06138
      0.4273     0.003836
      0.4424     -0.03453
        0.45     -0.05371
      0.4576     -0.03453
      0.4727     0.003836
      0.4802       0.0422
      0.4953      0.06138
      0.5029      0.06138
       0.518       0.0422
      0.5256     0.003836
      0.5407     0.003836
      0.5558     -0.01535
      0.5633     -0.01535
      0.5784     -0.01535
       0.586     -0.01535
      0.6011     0.003836
      0.6087     0.003836
      0.6238     0.003836
      0.6313     0.003836
      0.6464     -0.01535
       0.654     -0.01535
      0.6691     0.003836
      0.6767      0.02302
      0.6842      0.06138
      0.6918      0.09974
      0.6993       0.1381
      0.7069       0.1765
       0.722       0.1765
      0.7295       0.1573
      0.7447      0.09974
      0.7522      0.08056
      0.7673       0.0422
      0.7749     0.003836
      0.7824     0.003836
      0.7975     -0.05371
      0.8051     -0.05371
      0.8202     -0.09207
      0.8278     -0.09207
      0.8429      -0.1113
      0.8504      -0.1113
      0.8655      -0.1113
      0.8731      -0.1113
      0.8806     -0.09207
      0.8958     -0.09207
      0.9033     -0.09207
      0.9184      -0.1113
       0.926      -0.1113
      0.9411     -0.09207
      0.9486     -0.07289
      0.9562     -0.01535
      0.9637      0.08056
      0.9637     0.003836
      0.9713       0.1573
      0.9789       0.2532
      0.9864       0.3299
       0.994       0.3875
       1.002       0.4066
       1.009       0.3491
       1.017       0.2532
       1.024       0.1189
       1.032       0.0422
       1.039     -0.01535
       1.047     -0.05371
       1.054     -0.09207
       1.062      -0.1304
        1.07      -0.1496
       1.085       -0.188
       1.092       -0.188
       1.107       -0.188
       1.122      -0.1688
       1.138      -0.1304
       1.145      -0.1113
        1.16     -0.09207
       1.168     -0.07289
       1.175     -0.05371
        1.19     -0.03453
       1.198     0.003836
       1.206      0.06138
       1.213      0.09974
       1.221       0.1765
       1.228       0.2148
       1.236       0.2724
       1.243       0.3107
       1.258       0.3491
       1.266       0.3299
       1.281       0.2532
       1.289       0.2148
       1.296       0.1765
       1.304       0.1381
       1.311      0.09974
       1.319      0.06138
       1.334     0.003836
       1.342     -0.01535
       1.357     -0.05371
       1.364     -0.07289
       1.379      -0.1113
       1.387      -0.1113
       1.402      -0.1496
       1.409      -0.1496
       1.425      -0.1496
       1.432      -0.1496
       1.447      -0.1496
       1.455      -0.1496
       1.462      -0.1113
       1.477     -0.05371
       1.485     -0.01535
       1.493      0.06138
       1.515      0.09974
       1.523      0.09974
       1.538      0.09974
       1.553      0.06138
       1.561      0.06138
       1.576      0.06138
       1.583      0.06138
       1.598      0.08056
       1.613       0.1189
       1.621       0.1381
       1.636       0.1573
       1.644       0.1573
       1.659       0.1381
       1.674      0.08056
       1.689     0.003836
       1.697     -0.03453
       1.704     -0.07289
       1.712      -0.1113
       1.719      -0.1304
       1.734      -0.1496
       1.742      -0.1304
       1.749     -0.09207
       1.757     -0.03453
       1.765      0.08056
       1.772       0.1381
        1.78       0.1765
       1.787       0.1573
       1.795       0.1189
       1.802      0.06138
        1.81     0.003836
       1.817     -0.03453
       1.833     -0.09207
        1.84      -0.1113
       1.848      -0.1496
       1.855      -0.1688
        1.87      -0.2072
       1.878      -0.2263
       1.893      -0.2263
       1.901      -0.2263
       1.916      -0.2647
       1.923      -0.2839
       1.931      -0.2263
       1.938      -0.1496
       1.946     -0.07289
       1.953     -0.01535
       1.961      0.06138
       1.969      0.09974
       1.976       0.1573
       1.984        0.234
       1.991       0.3299
       1.999       0.4258
       2.006       0.5217
       2.014       0.5793
       2.021       0.5793
       2.029       0.5026
       2.037       0.4834
       2.044       0.4258
       2.052       0.3875
       2.059       0.3491
       2.067       0.3107
       2.074       0.2724
       2.082        0.234
       2.089       0.1957
       2.097       0.1573
       2.105       0.1189
       2.112      0.08056
        2.12      0.06138
       2.127      0.02302
       2.135     0.003836
        2.15     -0.03453
       2.157     -0.05371
       2.165     -0.05371
        2.18     -0.07289
       2.188     -0.09207
       2.203     -0.09207
        2.21     -0.09207
       2.225      -0.1113
       2.233      -0.1113
       2.241     -0.09207
       2.256     -0.05371
       2.271     0.003836
       2.278      0.02302
       2.301     0.003836
       2.309     -0.03453
       2.316     -0.07289
       2.324      -0.1304
       2.331      -0.1496
       2.346       -0.188
       2.354      -0.2263
       2.361      -0.2647
       2.369      -0.3223
       2.377      -0.3606
       2.384      -0.3798
       2.399      -0.3606
       2.407      -0.3223
       2.414      -0.2647
       2.422      -0.2072
       2.429      -0.1688
       2.437      -0.1304
       2.445     -0.09207
       2.452     -0.05371
        2.46     -0.01535
       2.467      0.02302
       2.475      0.06138
       2.482       0.1189
       2.497       0.1381
       2.505       0.1189
        2.52      0.06138
       2.528     0.003836
       2.535     0.003836
        2.55     -0.01535
       2.558     -0.01535
       2.573      0.06138
       2.581      0.09974
       2.588       0.1765
       2.596       0.2532
       2.603       0.3107
       2.611       0.3107
       2.618       0.2724
       2.626        0.234
       2.633       0.1957
       2.641       0.1573
       2.649       0.1189
       2.664      0.06138
       2.671       0.0422
       2.679     0.003836
       2.686     0.003836
       2.701     -0.03453
       2.717     -0.05371
       2.732     -0.07289
       2.739     -0.07289
       2.747     -0.05371
       2.754     -0.01535
       2.762      0.06138
       2.769      0.09974
       2.777       0.1573
       2.792       0.1957
         2.8       0.1957
       2.815       0.1957
       2.822       0.2148
       2.837       0.2532
       2.845       0.2532
       2.853       0.2724
       2.868       0.2724
       2.875       0.2724
       2.883        0.234
        2.89       0.1957
       2.898       0.1189
       2.905       0.0422
       2.913     -0.01535
       2.921     -0.07289
       2.928      -0.1113
       2.943      -0.1688
       2.951      -0.2072
       2.958      -0.2455
       2.966      -0.2647
       2.981      -0.2839
       2.989      -0.2839
       2.996      -0.2647
       3.011      -0.2263
       3.019       -0.188
       3.026      -0.1688
       3.034      -0.1304
       3.041     -0.09207
       3.049     -0.05371
       3.057     -0.03453
       3.064     0.003836
       3.072      0.02302
       3.087      0.08056
       3.094      0.08056
       3.102      0.08056
       3.117      0.06138
       3.124      0.06138
       3.132      0.06138
       3.147       0.0422
       3.155       0.0422
       3.162     0.003836
        3.17     -0.01535
       3.177     -0.07289
       3.192      -0.1113
         3.2      -0.1113
       3.215     -0.07289
       3.223     -0.01535
        3.23      0.06138
        3.23     0.003836
       3.238       0.1381
       3.245       0.2148
       3.253       0.2532
       3.268       0.2148
       3.276       0.1573
       3.283      0.09974
       3.291      0.06138
       3.298      0.02302
       3.306     -0.01535
       3.313     -0.03453
       3.321     -0.07289
       3.328     -0.09207
       3.344      -0.1304
       3.351      -0.1496
       3.366       -0.188
       3.374       -0.188
       3.381      -0.1496
       3.389     -0.09207
       3.396     -0.03453
       3.404      0.02302
       3.412      0.06138
       3.427      0.09974
       3.434       0.1189
       3.449       0.1189
       3.457       0.1189
       3.472      0.09974
        3.48      0.08056
       3.495      0.06138
        3.51      0.02302
       3.517     0.003836
       3.532     -0.01535
       3.548     0.003836
       3.555      0.02302
       3.563     0.003836
        3.57     -0.03453
       3.578     -0.09207
       3.585      -0.1113
         3.6      -0.1304
       3.608      -0.1304
       3.616      -0.1113
       3.631     -0.07289
       3.638     -0.07289
       3.653     -0.03453
       3.661     -0.01535
       3.676     0.003836
       3.684      0.02302
       3.699      0.08056
       3.706       0.1189
       3.714       0.1573
       3.729       0.2148
       3.736       0.2148
       3.752       0.1957
       3.759       0.1957
       3.774       0.1957
       3.782       0.1957
       3.789       0.1957
       3.804       0.1765
       3.812       0.1573
       3.827       0.1573
       3.842       0.2148
        3.85       0.1957
       3.857       0.1381
       3.865      0.08056
       3.872      0.02302
        3.88     -0.03453
       3.888     -0.07289
       3.903      -0.1304
        3.91      -0.1496
       3.925      -0.1496
       3.933      -0.1496
        3.94      -0.1304
       3.956     -0.09207
       3.963     -0.03453
       3.971      0.02302
       3.978      0.09974
       3.986       0.1765
       3.993       0.2148
       4.001       0.2532
       4.016       0.2532
       4.024       0.2532
       4.039        0.234
       4.046        0.234
       4.061       0.1957
       4.069       0.1765
       4.084       0.1189
       4.092      0.09974
       4.099      0.06138
       4.114     0.003836
       4.122     0.003836
       4.137     -0.05371
       4.144     -0.07289
        4.16     -0.09207
       4.175      -0.1113
       4.182      -0.1113
        4.19      -0.1113
       4.205     -0.07289
       4.212     -0.03453
        4.22     -0.01535
       4.228     -0.05371
       4.235      -0.1304
       4.243       -0.188
        4.25      -0.2072
       4.265      -0.2455
       4.273      -0.2647
       4.288      -0.3031
       4.296      -0.3223
       4.311      -0.3031
       4.318      -0.2839
       4.326      -0.2263
       4.333      -0.1304
       4.341     -0.03453
       4.348      0.02302
       4.356      0.08056
       4.364       0.1189
       4.379       0.1765
       4.386       0.2148
       4.401       0.2148
       4.409       0.1957
       4.424       0.1765
       4.432       0.1957
       4.447       0.2148
       4.454       0.2148
       4.469       0.1957
       4.477       0.1957
       4.492       0.1573
       4.507       0.1189
       4.515       0.1189
        4.53      0.08056
       4.537      0.06138
       4.552     0.003836
        4.56     0.003836
       4.575     -0.03453
       4.583     -0.05371
       4.598     -0.07289
       4.613      -0.1113
        4.62      -0.1113
       4.636      -0.1113
       4.643      -0.1113
       4.658      -0.1304
       4.666      -0.1304
       4.681      -0.1304
       4.688      -0.1304
       4.711      -0.1113
       4.726      -0.1113
       4.734      -0.1113
       4.749      -0.1113
       4.756      -0.1304
       4.772      -0.1496
       4.779      -0.1496
       4.787      -0.1304
       4.802     -0.09207
       4.817     -0.01535
       4.824      0.02302
       4.832      0.06138
       4.839      0.09974
       4.855       0.1381
       4.862       0.1381
        4.87       0.1573
       4.877       0.1765
       4.892        0.234
         4.9        0.234
       4.915       0.2148
       4.923       0.2148
       4.938       0.1957
       4.945       0.1765
       4.953       0.1381
        4.96      0.09974
       4.968      0.06138
       4.975     0.003836
       4.983     -0.03453
       4.998     -0.09207
       5.006      -0.1113
       5.021      -0.1496
       5.028      -0.1688
       5.043       -0.188
       5.051       -0.188
       5.066       -0.188
       5.074       -0.188
       5.081      -0.1688
       5.096      -0.1496
       5.104      -0.1496
       5.111      -0.1113
       5.119     -0.05371
       5.127       0.0422
       5.127     -0.01535
       5.134      0.08056
       5.142       0.1189
       5.149       0.1381
       5.164       0.1765
       5.179       0.1957
       5.187       0.2148
       5.202       0.2532
        5.21       0.2724
       5.225       0.2532
       5.232       0.2148
        5.24       0.1765
       5.255       0.1189
       5.263      0.09974
       5.278      0.06138
       5.285       0.0422
       5.293     0.003836
       5.308     -0.01535
       5.323     0.003836
       5.331       0.0422
       5.346       0.0422
       5.353       0.0422
       5.376      0.02302
       5.391     0.003836
       5.406     0.003836
       5.421      0.06138
       5.429      0.09974
       5.436       0.1765
       5.444        0.234
       5.459       0.2532
       5.467       0.2148
       5.482       0.1765
       5.489       0.1381
       5.504      0.08056
       5.512      0.06138
       5.527     0.003836
       5.535     0.003836
        5.55     -0.03453
       5.557     -0.05371
       5.572     -0.09207
        5.58      -0.1113
       5.595      -0.1496
       5.603      -0.1496
       5.618       -0.188
       5.625       -0.188
        5.64      -0.2072
       5.648      -0.2072
       5.663      -0.2072
       5.671      -0.2072
       5.686      -0.2072
       5.693       -0.188
       5.708      -0.1688
       5.716      -0.1304
       5.723     -0.07289
       5.731       0.0422
       5.731     -0.01535
       5.739      0.08056
       5.746       0.1189
       5.754       0.1381
       5.761       0.1573
       5.776       0.1765
       5.784       0.2148
       5.791        0.234
       5.807       0.2532
       5.814       0.2148
       5.822       0.1765
       5.829       0.1189
       5.837      0.08056
       5.852     0.003836
       5.859     -0.03453
       5.875     -0.09207
       5.882     -0.09207
       5.897     -0.07289
       5.912     -0.07289
       5.927     -0.07289
       5.943     -0.09207
        5.95      -0.1113
       5.965      -0.1496
       5.973      -0.1688
        5.98      -0.1688
       5.995       -0.188
       6.003       -0.188
       6.011      -0.1688
       6.018      -0.1304
       6.026     -0.07289
       6.033     -0.01535
       6.041      0.06138
       6.048      0.09974
       6.056      0.09974
       6.071       0.1381
       6.079       0.1573
       6.086       0.1957
       6.094        0.234
       6.101       0.2724
       6.109       0.2916
       6.124        0.234
       6.131       0.1765
       6.139       0.1381
       6.147      0.09974
       6.154      0.08056
       6.169     0.003836
       6.177     -0.01535
       6.184     -0.01535
       6.199     -0.03453
       6.207     -0.03453
       6.215     -0.03453
        6.23     -0.05371
       6.237     -0.05371
       6.252     -0.03453
       6.267     -0.03453
       6.275     -0.03453
        6.29     -0.01535
       6.313     0.003836
        6.32     0.003836
       6.335      0.06138
       6.343      0.08056
       6.358       0.1381
       6.366       0.1381
       6.381      0.08056
       6.388      0.06138
       6.396      0.08056
       6.411       0.1381
       6.419       0.1381
       6.441       0.1573
       6.449       0.1573
       6.464       0.1381
       6.471      0.09974
       6.487       0.0422
       6.494     0.003836
       6.509     -0.03453
       6.517     -0.03453
       6.532     -0.05371
       6.539     -0.07289
       6.555     -0.07289
       6.562     -0.07289
       6.577     -0.07289
       6.585     -0.07289
         6.6     -0.07289
       6.607     -0.07289
       6.622     -0.07289
        6.63     -0.07289
       6.645     -0.07289
       6.653     -0.05371
        6.66     -0.03453
       6.668      0.02302
       6.675      0.06138
        6.69      0.02302
       6.706     0.003836
       6.713      0.06138
       6.721      0.08056
       6.728       0.1189
       6.736       0.1381
       6.743       0.1573
       6.758       0.1765
       6.766       0.1765
       6.781       0.1381
       6.789       0.1189
       6.796      0.08056
       6.804      0.06138
       6.811      0.02302
       6.826     -0.01535
       6.834     -0.03453
       6.849     -0.07289
       6.857     -0.09207
       6.872      -0.1113
       6.879      -0.1304
       6.894      -0.1304
        6.91      -0.1496
       6.917      -0.1496
       6.932      -0.1304
       6.947     -0.07289
       6.955     -0.01535
       6.962      0.06138
       6.962     0.003836
        6.97      0.08056
       6.985      0.09974
       6.993      0.09974
       7.008       0.1189
       7.023       0.1573
       7.038       0.1957
       7.046       0.1765
       7.053       0.1381
       7.061      0.08056
       7.068       0.0422
       7.068     0.003836
       7.076     -0.01535
       7.083     -0.05371
       7.091     -0.09207
       7.098      -0.1304
       7.106      -0.1496
       7.121      -0.1688
       7.129      -0.1688
       7.144      -0.1496
       7.151      -0.1304
       7.166      -0.1113
       7.174      -0.1113
       7.189     -0.07289
       7.197     -0.05371
       7.204     -0.03453
       7.212       0.0422
       7.212     0.003836
       7.219      0.08056
       7.227       0.1381
       7.234       0.1765
       7.242        0.234
        7.25       0.2532
       7.265       0.2916
       7.272       0.2916
       7.287       0.2916
       7.302       0.2724
        7.31       0.2724
       7.318        0.234
       7.325       0.1957
       7.333       0.1573
       7.348       0.1381
       7.355       0.1573
        7.37       0.1381
       7.378       0.1189
       7.393      0.06138
       7.408     0.003836
       7.416     -0.01535
       7.431     -0.07289
       7.438     -0.09207
       7.446     -0.09207
       7.461      -0.1304
       7.469      -0.1496
       7.476      -0.1496
       7.491      -0.1688
       7.506      -0.1496
       7.514      -0.1304
       7.522      -0.1113
       7.529     -0.07289
       7.537     -0.01535
       7.544      0.02302
       7.552      0.06138
       7.567      0.09974
       7.574      0.09974
        7.59      0.09974
       7.597       0.1189
       7.612       0.1189
        7.62      0.09974
       7.635      0.06138
       7.642      0.02302
       7.658     -0.01535
       7.665     -0.05371
        7.68     -0.07289
       7.695      -0.1113
       7.703      -0.1113
       7.718      -0.1496
       7.726      -0.1688
       7.741      -0.1688
       7.748      -0.1688
       7.756      -0.1496
       7.771      -0.1113
       7.778     -0.05371
       7.786     -0.01535
       7.794      0.06138
       7.801       0.1189
       7.809       0.1573
       7.816       0.1957
       7.831        0.234
       7.839       0.2148
       7.846       0.1957
       7.862       0.1381
       7.869      0.09974
       7.884      0.09974
       7.892       0.1189
       7.907       0.1765
       7.914       0.1765
        7.93       0.1381
       7.937       0.1189
       7.945       0.1189
        7.96      0.08056
       7.967      0.08056
       7.982      0.02302
        7.99     -0.01535
       7.998     -0.05371
       8.005     -0.09207
       8.013      -0.1113
        8.02      -0.1113
       8.028     -0.05371
       8.035     -0.01535
       8.043       0.0422
        8.05      0.06138
       8.066      0.02302
       8.073     0.003836
       8.088     0.003836
       8.103     -0.01535
       8.111     -0.03453
       8.126     -0.03453
       8.134     -0.03453
       8.141     -0.01535
       8.156     -0.01535
       8.164     -0.01535
       8.179     -0.01535
       8.186     -0.01535
       8.202     0.003836
       8.209      0.06138
       8.217      0.08056
       8.224       0.1381
       8.232       0.1765
       8.239       0.2148
       8.254        0.234
       8.262        0.234
       8.277       0.2532
       8.285       0.2532
       8.292       0.2532
       8.307       0.1765
       8.315       0.1381
       8.322       0.1189
       8.337      0.06138
       8.345       0.0422
       8.353     0.003836
        8.36     -0.03453
       8.368     -0.07289
       8.375      -0.1113
       8.383      -0.1496
        8.39       -0.188
       8.405      -0.2263
       8.413      -0.2263
       8.428      -0.2455
       8.436      -0.2647
       8.451      -0.2647
       8.466      -0.2839
       8.473      -0.2839
       8.489      -0.2647
       8.504      -0.2455
       8.511      -0.2263
       8.526      -0.2072
       8.534      -0.2072
       8.549      -0.2072
       8.557      -0.2072
       8.572      -0.1688
       8.579      -0.1496
       8.594     -0.09207
       8.602     -0.07289
       8.617     -0.07289
       8.625     -0.05371
        8.64     -0.05371
       8.647     -0.03453
       8.655     -0.01535
        8.67      0.02302
       8.677      0.08056
       8.685       0.1381
       8.693       0.1957
         8.7       0.2724
       8.708       0.3107
       8.723       0.3299
        8.73       0.3107
       8.738       0.3107
       8.753       0.2532
       8.761       0.2148
       8.768       0.1573
       8.776      0.09974
       8.783      0.06138
       8.791     0.003836
       8.806     -0.03453
       8.813     -0.05371
       8.829     -0.01535
       8.836       0.0422
       8.836     0.003836
       8.844       0.1189
       8.851       0.1765
       8.859       0.2532
       8.866       0.2724
       8.874        0.234
       8.881       0.1765
       8.889       0.1189
       8.897      0.06138
       8.904      0.02302
       8.912     -0.01535
       8.919     -0.05371
       8.927     -0.09207
       8.934      -0.1113
       8.949      -0.1496
       8.965      -0.1688
