     0.01186        0.168
     0.01186       0.1104
     0.01942      0.09116
     0.02699      0.05272
     0.03455      0.03351
     0.06481    -0.004927
     0.07238    -0.004927
     0.07994    -0.004927
     0.09507     -0.04336
      0.1026     -0.08179
      0.1102      -0.1587
      0.1178      -0.2163
      0.1253       -0.274
      0.1329      -0.3124
      0.1405      -0.3893
       0.148      -0.4469
      0.1556      -0.5046
      0.1632       -0.543
      0.1707      -0.5622
      0.1859      -0.5814
      0.1934      -0.6006
       0.201      -0.6006
      0.2161      -0.5622
      0.2237      -0.5046
      0.2312      -0.4085
      0.2388      -0.2932
      0.2464      -0.1587
      0.2539      0.05272
      0.2539     -0.04336
      0.2615       0.1296
      0.2691       0.2641
      0.2766       0.3602
      0.2842       0.4755
      0.2918       0.5716
      0.2993       0.6292
      0.3069       0.6869
       0.322       0.6869
      0.3296       0.6292
      0.3371       0.5908
      0.3447       0.5524
      0.3523       0.4947
      0.3598       0.4563
      0.3674       0.4178
       0.375       0.3794
      0.3901       0.3218
      0.3977       0.2833
      0.4052       0.2449
      0.4128       0.1872
      0.4204       0.1296
      0.4279      0.07194
      0.4355      0.03351
      0.4431    -0.004927
      0.4506    -0.004927
      0.4658     -0.06258
      0.4733       -0.101
      0.4809      -0.1394
      0.4884      -0.1971
       0.496      -0.2163
      0.5111       -0.274
      0.5187      -0.3124
      0.5263      -0.3508
      0.5338      -0.3893
      0.5414      -0.4469
       0.549      -0.5046
      0.5565       -0.543
      0.5641      -0.5622
      0.5717      -0.6006
      0.5792      -0.6199
      0.5944      -0.6775
      0.6019      -0.6967
      0.6171      -0.6583
      0.6246      -0.6006
      0.6322      -0.5238
      0.6397      -0.4469
      0.6473        -0.37
      0.6549      -0.3316
        0.67      -0.3124
      0.6776      -0.3124
      0.6851      -0.2932
      0.6927      -0.2355
      0.7003      -0.1779
      0.7078     -0.08179
      0.7154      0.03351
      0.7154     -0.02414
       0.723      0.07194
      0.7305       0.1296
      0.7381       0.1872
      0.7457       0.2449
      0.7532       0.3025
      0.7608       0.3794
      0.7683       0.4371
      0.7759       0.5139
      0.7835         0.61
       0.791       0.6869
      0.7986       0.7637
      0.8062       0.8406
      0.8137       0.8983
      0.8213       0.9367
      0.8289       0.9559
      0.8364       0.9751
      0.8516       0.9943
      0.8591       0.9943
      0.8667       0.9943
      0.8743       0.9559
      0.8818       0.9175
      0.8894       0.8406
       0.897       0.7637
      0.9045       0.6677
      0.9121       0.5716
      0.9196       0.4755
      0.9272       0.3794
      0.9348       0.2833
      0.9423       0.1872
      0.9499      0.09116
      0.9575      0.03351
       0.965     -0.02414
      0.9726     -0.08179
      0.9877       -0.101
      0.9953     -0.08179
        1.01     -0.06258
       1.018     -0.08179
       1.033      -0.1202
       1.041      -0.1587
       1.048      -0.1587
       1.063      -0.1971
       1.071      -0.2355
       1.079       -0.274
       1.086      -0.3124
       1.094      -0.3508
       1.101      -0.3893
       1.109      -0.4277
       1.116      -0.4853
       1.124       -0.543
       1.139      -0.6006
       1.147      -0.6199
       1.162      -0.6583
       1.169      -0.6391
       1.177      -0.5814
       1.184      -0.5238
       1.192      -0.4469
         1.2      -0.3893
       1.207      -0.3124
       1.215      -0.2355
       1.222      -0.1971
        1.23      -0.1587
       1.245      -0.1394
       1.253      -0.1394
       1.268      -0.1394
       1.275      -0.1394
        1.29      -0.1587
       1.298      -0.1779
       1.305      -0.1587
       1.313      -0.1394
       1.321       -0.101
       1.328     -0.04336
       1.336      0.01429
       1.343      0.07194
       1.351       0.1296
       1.358        0.168
       1.374       0.1872
       1.381       0.1872
       1.389       0.1872
       1.404       0.1104
       1.411      0.07194
       1.419     -0.02414
       1.426     -0.08179
       1.434      -0.1394
       1.442      -0.1779
       1.449      -0.2163
       1.464      -0.2547
       1.472       -0.274
       1.479      -0.2547
       1.495      -0.1971
       1.502      -0.1394
        1.51     -0.04336
       1.517      0.05272
       1.525       0.1296
       1.532       0.2257
        1.54       0.3218
       1.548       0.3986
       1.555       0.4947
       1.563       0.5716
        1.57       0.6484
       1.578       0.7253
       1.585       0.7637
       1.593       0.8214
         1.6       0.8406
       1.616        0.879
       1.623        0.879
       1.631       0.8598
       1.638       0.8022
       1.646       0.7637
       1.653       0.7253
       1.661       0.6677
       1.669         0.61
       1.676       0.5331
       1.684       0.4563
       1.691       0.3602
       1.699       0.2449
       1.706       0.1488
       1.714      0.07194
       1.722     -0.02414
       1.729       -0.101
       1.737      -0.1779
       1.744      -0.2355
       1.752      -0.2932
       1.759      -0.3316
       1.767      -0.3316
       1.782      -0.3316
        1.79      -0.3508
       1.797      -0.3893
       1.805      -0.4277
       1.812      -0.4469
       1.827      -0.4085
       1.835      -0.3508
       1.843      -0.3124
        1.85      -0.2547
       1.858      -0.2163
       1.873      -0.1587
        1.88      -0.1394
       1.896     -0.08179
       1.903     -0.08179
       1.911      -0.1394
       1.918      -0.1779
       1.926      -0.2355
       1.933      -0.2932
       1.941      -0.3316
       1.948        -0.37
       1.956      -0.4085
       1.964      -0.4277
       1.979      -0.4661
       1.986      -0.4469
       1.994      -0.4085
       2.001        -0.37
       2.009      -0.3124
       2.017      -0.2547
       2.024      -0.1587
       2.032     -0.06258
       2.039      0.01429
       2.047      0.09116
       2.054       0.1488
       2.062       0.1872
        2.07       0.2257
       2.085       0.2257
       2.092       0.1872
         2.1       0.1488
       2.107       0.1104
       2.115      0.05272
       2.122     -0.02414
        2.13     -0.06258
       2.138     -0.08179
       2.153      -0.1202
        2.16       -0.101
       2.168     -0.08179
       2.183     -0.02414
       2.191     -0.02414
       2.198    -0.004927
       2.213    -0.004927
       2.221      0.01429
       2.236      0.03351
       2.244      0.01429
       2.259    -0.004927
       2.266      0.03351
       2.274      0.05272
       2.289      0.05272
       2.296      0.01429
       2.304     -0.02414
       2.312     -0.06258
       2.319       -0.101
       2.327      -0.1394
       2.342      -0.1587
       2.349      -0.1394
       2.357     -0.08179
       2.365     -0.02414
       2.372      0.05272
       2.372    -0.004927
        2.38      0.07194
       2.387       0.1296
       2.395       0.2065
       2.402       0.2833
        2.41       0.3794
       2.418       0.4563
       2.425       0.5331
       2.433       0.5908
       2.448       0.6484
       2.455       0.6292
       2.463       0.5908
        2.47       0.5331
       2.478       0.4178
       2.486       0.2833
       2.493       0.1488
       2.501    -0.004927
       2.508      -0.1202
       2.516      -0.2355
       2.523       -0.274
       2.531      -0.3316
       2.539        -0.37
       2.554        -0.37
       2.561      -0.3508
       2.576      -0.3508
       2.584      -0.3124
       2.591      -0.2547
       2.599      -0.1394
       2.607      0.03351
       2.607     -0.04336
       2.614       0.1104
       2.622       0.2449
       2.629        0.341
       2.637       0.4371
       2.644       0.4755
       2.652       0.4755
        2.66       0.4371
       2.667       0.3794
       2.675       0.3218
       2.682       0.2641
        2.69       0.2065
       2.697       0.1488
       2.705      0.07194
       2.713      0.03351
       2.713     -0.02414
        2.72       -0.101
       2.728      -0.1779
       2.735      -0.2547
       2.743      -0.3124
        2.75        -0.37
       2.758      -0.3893
       2.765        -0.37
       2.781      -0.3316
       2.788      -0.2932
       2.796       -0.274
       2.803      -0.1971
       2.811      -0.1394
       2.818     -0.04336
       2.826      0.05272
       2.826    -0.004927
       2.834       0.1104
       2.841       0.1488
       2.849        0.168
       2.864       0.1104
       2.871      0.07194
       2.879      0.01429
       2.887     -0.04336
       2.894     -0.08179
       2.902       -0.101
       2.917      -0.1202
       2.924      -0.1394
       2.932      -0.1202
       2.947       -0.101
       2.955       -0.101
       2.962     -0.08179
       2.977     -0.06258
       2.985     -0.04336
           3    -0.004927
       3.008      0.03351
       3.015      0.07194
       3.023       0.1296
        3.03       0.1872
       3.038       0.2641
       3.045       0.3218
       3.053       0.3794
       3.061       0.3986
       3.076       0.3794
       3.083       0.3602
       3.091       0.3025
       3.098       0.2641
       3.106       0.1872
       3.113      0.09116
       3.121      0.05272
       3.121     -0.02414
       3.129       -0.101
       3.136      -0.1971
       3.144      -0.2547
       3.159      -0.2932
       3.166       -0.274
       3.174      -0.2355
       3.182      -0.1779
       3.189      -0.1202
       3.197     -0.06258
       3.204      0.03351
       3.204     -0.02414
       3.212      0.07194
       3.219       0.1488
       3.227       0.2257
       3.235       0.3025
       3.242        0.341
       3.257       0.3794
       3.265       0.3794
       3.272        0.341
        3.28       0.2833
       3.287       0.2257
       3.295        0.168
       3.303       0.1104
        3.31      0.05272
        3.31    -0.004927
       3.318     -0.04336
       3.325       -0.101
       3.333      -0.1587
        3.34      -0.1971
       3.348      -0.2163
       3.363      -0.2163
       3.371      -0.1971
       3.386      -0.1394
       3.393     -0.08179
       3.401      0.01429
       3.409       0.1488
       3.416       0.2641
       3.424       0.3794
       3.431       0.4755
       3.439       0.5331
       3.446       0.5331
       3.454       0.5331
       3.461       0.4947
       3.469       0.4178
       3.477        0.341
       3.484       0.2065
       3.492      0.09116
       3.492    -0.004927
       3.499     -0.06258
       3.507      -0.1971
       3.514      -0.3124
       3.522      -0.4277
        3.53      -0.5622
       3.537      -0.6967
       3.545      -0.8312
       3.552      -0.9465
        3.56       -1.043
       3.567       -1.081
       3.575         -1.1
       3.582       -1.062
       3.598       -1.004
       3.605      -0.9465
       3.613      -0.8889
        3.62       -0.812
       3.628      -0.7352
       3.635      -0.6199
       3.643      -0.4853
       3.651      -0.3316
       3.658      -0.1779
       3.666      0.03351
       3.666     -0.06258
       3.673      0.09116
       3.681        0.168
       3.688       0.2257
       3.696       0.2641
       3.704       0.3025
       3.711        0.341
       3.726       0.3602
       3.734       0.3602
       3.749       0.3602
       3.764       0.3025
       3.772       0.2833
       3.787       0.2257
       3.794       0.2065
       3.809       0.2257
       3.817       0.2641
       3.825       0.3025
        3.84       0.3218
       3.847       0.3218
       3.855       0.3218
       3.862       0.3794
        3.87       0.4755
       3.878       0.5524
       3.885       0.5908
       3.893       0.5908
         3.9       0.5524
       3.908       0.4947
       3.915       0.4563
       3.923       0.3986
        3.93        0.341
       3.938       0.2833
       3.946       0.2065
       3.953       0.1488
       3.961      0.09116
       3.968      0.05272
       3.976      0.01429
       3.991     -0.04336
       3.999     -0.08179
       4.014      -0.1202
       4.021      -0.1202
       4.029       -0.101
       4.044       -0.101
       4.052       -0.101
       4.059     -0.08179
       4.067     -0.06258
       4.074     -0.02414
       4.082      0.05272
       4.097       0.1104
       4.104      0.07194
        4.12     -0.02414
       4.127     -0.08179
       4.135      -0.1587
       4.142      -0.2163
        4.15       -0.274
       4.157      -0.3316
       4.165        -0.37
        4.18      -0.3893
       4.188      -0.3893
       4.195      -0.3508
       4.203      -0.3316
        4.21      -0.2932
       4.218      -0.2547
       4.226      -0.1971
       4.233      -0.1587
       4.241       -0.101
       4.248     -0.04336
       4.256      0.07194
       4.256    -0.004927
       4.263       0.1296
       4.271        0.168
       4.278       0.1872
       4.294       0.2257
       4.301       0.2833
       4.309       0.3794
       4.316       0.4563
       4.324       0.5331
       4.331         0.61
       4.339       0.6292
       4.354         0.61
       4.369       0.5524
       4.377       0.4947
       4.384       0.4371
       4.392       0.3602
         4.4       0.2641
       4.407        0.168
       4.415      0.09116
       4.422      0.03351
       4.422     -0.02414
        4.43     -0.08179
       4.437      -0.1587
       4.445      -0.2355
       4.452      -0.3316
        4.46      -0.4277
       4.468      -0.4853
       4.475       -0.543
        4.49      -0.5622
       4.498       -0.543
       4.505      -0.5046
       4.521      -0.4469
       4.528      -0.4277
       4.536      -0.3893
       4.543      -0.3316
       4.551       -0.274
       4.558      -0.2163
       4.566      -0.1779
       4.574      -0.1394
       4.581      -0.1202
       4.589      -0.1202
       4.604      -0.1779
       4.611      -0.2355
       4.619       -0.274
       4.626      -0.3124
       4.634        -0.37
       4.642      -0.4085
       4.649      -0.4469
       4.657      -0.4661
       4.672      -0.4277
       4.679      -0.4085
       4.695        -0.37
       4.702      -0.3316
        4.71      -0.2355
       4.717       -0.101
       4.725      0.09116
       4.725     -0.02414
       4.732       0.2257
        4.74       0.3794
       4.747       0.5331
       4.755       0.6869
       4.763       0.8214
        4.77       0.9175
       4.778       0.9943
       4.785        1.033
       4.793         1.09
         4.8        1.148
       4.808        1.206
       4.816        1.225
       4.823        1.186
       4.831         1.09
       4.838       0.9751
       4.846       0.8598
       4.853       0.7637
       4.861       0.6869
       4.869       0.5716
       4.876       0.4755
       4.884       0.3602
       4.891       0.2641
       4.899       0.1872
       4.906       0.1296
       4.914      0.07194
       4.929     -0.02414
       4.937     -0.06258
       4.944      -0.1202
       4.952      -0.1779
       4.959      -0.2355
       4.967      -0.2932
       4.974      -0.3508
       4.982      -0.4085
        4.99      -0.4277
       5.005      -0.4277
       5.012      -0.4277
       5.027      -0.4277
       5.043      -0.4661
        5.05      -0.4853
       5.058      -0.5046
       5.065       -0.543
       5.073      -0.5814
        5.08      -0.6391
       5.088      -0.6583
       5.103      -0.6391
       5.111      -0.6006
       5.118      -0.5622
       5.126      -0.5238
       5.133      -0.4469
       5.141        -0.37
       5.148      -0.2932
       5.156      -0.1779
       5.164     -0.06258
       5.171      0.07194
       5.171    -0.004927
       5.179       0.1488
       5.186       0.2641
       5.194       0.3602
       5.201       0.4755
       5.209       0.5524
       5.217         0.61
       5.224       0.6292
       5.232       0.6292
       5.239       0.5908
       5.247       0.5139
       5.254       0.4371
       5.262        0.341
       5.269       0.2449
       5.277       0.1296
       5.285      0.07194
       5.285    -0.004927
       5.292     -0.08179
         5.3      -0.1779
       5.307       -0.274
       5.315        -0.37
       5.322      -0.4469
        5.33      -0.5046
       5.338      -0.5238
       5.353       -0.543
        5.36      -0.5238
       5.368      -0.5046
       5.375      -0.4469
       5.383      -0.3893
       5.391      -0.2932
       5.398      -0.2163
       5.406      -0.1394
       5.413     -0.06258
       5.421     -0.02414
       5.428      0.03351
       5.428    -0.004927
       5.436      0.07194
       5.443       0.1296
       5.451        0.168
       5.459       0.1872
       5.474       0.1296
       5.489      0.07194
       5.496      0.05272
       5.504      0.01429
       5.519     -0.02414
       5.527     -0.04336
       5.542     -0.08179
       5.549       -0.101
       5.557     -0.08179
       5.572     -0.08179
        5.58     -0.08179
       5.595     -0.06258
       5.602     -0.02414
        5.61      0.07194
        5.61    -0.004927
       5.617       0.1488
       5.625       0.2833
       5.633       0.4371
        5.64         0.61
       5.648        0.783
       5.655       0.9367
       5.663       0.9943
        5.67       0.9943
       5.678       0.8983
       5.686       0.7637
       5.693       0.6292
       5.701       0.4755
       5.708       0.3218
       5.716        0.168
       5.723      0.01429
       5.731      -0.1394
       5.739      -0.2547
       5.746      -0.3508
       5.754      -0.4085
       5.769      -0.4277
       5.776      -0.4085
       5.784      -0.3893
       5.799      -0.3508
       5.807       -0.274
       5.814      -0.2163
       5.822      -0.1587
       5.829     -0.06258
       5.837      0.03351
       5.844       0.1296
       5.852       0.2257
        5.86       0.3218
       5.867       0.3794
       5.875       0.3986
       5.882        0.341
        5.89       0.2449
       5.897       0.1104
       5.905      0.03351
       5.905     -0.06258
       5.912      -0.1779
        5.92      -0.2932
       5.928      -0.3893
       5.935      -0.4469
       5.943      -0.4853
        5.95      -0.5046
       5.965      -0.4853
       5.981      -0.4469
       5.996        -0.37
       6.003      -0.3124
       6.011      -0.2547
       6.018      -0.1587
       6.026     -0.06258
       6.034      0.03351
       6.041       0.1296
       6.049       0.2833
       6.049       0.2065
       6.064       0.3602
       6.071       0.3986
       6.079       0.4371
       6.086       0.4371
       6.094       0.4178
       6.102       0.3794
       6.117        0.341
       6.124        0.341
       6.139       0.3602
       6.147       0.3602
       6.162       0.3218
       6.177       0.2641
       6.185       0.2065
       6.192       0.1488
         6.2      0.09116
       6.208      0.01429
       6.215     -0.04336
       6.223       -0.101
        6.23      -0.1394
       6.238      -0.1779
       6.253      -0.2355
        6.26      -0.2547
       6.268      -0.2547
       6.283      -0.3124
       6.291        -0.37
       6.298      -0.4085
       6.306      -0.4661
       6.321      -0.4853
       6.329      -0.4661
       6.336      -0.4085
       6.344        -0.37
       6.351      -0.3316
       6.366      -0.2932
       6.374       -0.274
       6.382      -0.2163
       6.389      -0.1587
       6.397      -0.1202
       6.412     -0.08179
       6.419      -0.1202
       6.434      -0.1779
       6.442      -0.1971
        6.45      -0.2355
       6.457       -0.274
       6.465      -0.3124
       6.472      -0.3508
        6.48      -0.3893
       6.495      -0.4277
       6.503      -0.4085
        6.51        -0.37
       6.518      -0.3316
       6.525      -0.2355
       6.533      -0.1394
        6.54      0.03351
        6.54     -0.04336
       6.548       0.1296
       6.556       0.2833
       6.563       0.4563
       6.571         0.61
       6.578       0.7253
       6.586       0.8406
       6.593       0.9175
       6.601       0.9943
       6.608        1.033
       6.616        1.071
       6.624        1.052
       6.631       0.9943
       6.639       0.9175
       6.646       0.8214
       6.654       0.7061
       6.661       0.6292
       6.669       0.5524
       6.677       0.4947
       6.684       0.4371
       6.692       0.3986
       6.699        0.341
       6.707       0.2641
       6.714       0.2065
       6.722       0.1872
       6.737       0.2257
       6.745       0.2833
       6.752       0.3602
        6.76       0.4178
       6.767       0.4755
       6.775       0.5139
       6.782       0.5716
        6.79         0.61
       6.805         0.61
       6.813       0.5524
        6.82       0.4371
       6.828       0.2833
       6.835       0.1104
       6.835     -0.02414
       6.843      -0.1394
       6.851      -0.3124
       6.858      -0.5046
       6.866      -0.6583
       6.873      -0.7928
       6.881      -0.8889
       6.888      -0.9658
       6.896       -1.004
       6.903       -1.023
       6.919       -0.985
       6.934      -0.9658
       6.941      -0.9081
       6.949       -0.812
       6.956      -0.6775
       6.964       -0.543
       6.972        -0.37
       6.979      -0.2355
       6.987      -0.1202
       6.994     -0.04336
       7.002      0.01429
       7.009      0.05272
       7.025       0.1104
       7.032       0.1488
        7.04       0.1872
       7.047       0.2257
       7.062       0.2449
        7.07       0.2257
       7.077       0.2257
       7.093        0.168
         7.1       0.1296
       7.108      0.09116
       7.115      0.05272
       7.115    -0.004927
       7.123     -0.02414
       7.138     -0.06258
       7.146     -0.06258
       7.161       -0.101
       7.168      -0.1202
       7.183      -0.1394
       7.199      -0.1779
       7.206      -0.1971
       7.221      -0.1587
       7.229       -0.101
       7.236     -0.04336
       7.244      0.03351
       7.251      0.07194
       7.267       0.1296
       7.274       0.1296
       7.282      0.09116
       7.297      0.05272
       7.304      0.03351
        7.32      0.03351
       7.327      0.05272
       7.342      0.07194
        7.35      0.07194
       7.357      0.07194
       7.373      0.01429
       7.395      0.03351
       7.403    -0.004927
        7.41    -0.004927
       7.425     -0.02414
       7.433    -0.004927
       7.456      0.03351
       7.463      0.05272
       7.471      0.09116
       7.478       0.1104
       7.494       0.1104
       7.501       0.1104
       7.509       0.1296
       7.524       0.2065
       7.531       0.2257
       7.547       0.1872
       7.554       0.1296
       7.562      0.07194
       7.569      0.03351
       7.577    -0.004927
       7.592    -0.004927
       7.607     -0.04336
       7.615      -0.1202
       7.622      -0.1971
        7.63      -0.2932
       7.637      -0.3893
       7.645      -0.4469
       7.652      -0.5046
        7.66       -0.543
       7.668       -0.543
       7.675      -0.5238
       7.683      -0.4853
        7.69      -0.4277
       7.698      -0.3508
       7.705       -0.274
       7.713      -0.1587
       7.721      0.03351
       7.721     -0.04336
       7.728       0.1104
       7.736       0.2257
       7.743       0.3602
       7.751       0.4947
       7.758       0.6292
       7.766       0.7253
       7.773       0.8022
       7.781       0.8406
       7.796       0.8598
       7.804       0.8598
       7.811       0.8214
       7.819       0.7445
       7.826       0.6484
       7.834       0.5331
       7.842       0.4178
       7.849       0.2833
       7.857       0.1872
       7.864       0.1104
       7.872      0.05272
       7.879      0.01429
       7.887    -0.004927
       7.895     -0.04336
       7.902     -0.06258
        7.91       -0.101
       7.917      -0.1587
       7.925      -0.1971
        7.94      -0.2355
       7.947      -0.2355
       7.963      -0.2355
       7.978      -0.3124
       7.985      -0.3893
       7.993      -0.4853
           8      -0.5814
       8.008      -0.6583
       8.016      -0.7159
       8.023      -0.7544
       8.038      -0.7928
       8.046      -0.7928
       8.053      -0.7544
       8.061      -0.7159
       8.068      -0.6583
       8.076      -0.6006
       8.084      -0.5238
       8.091      -0.4661
       8.099      -0.3893
       8.106      -0.2932
       8.114      -0.1779
       8.121      0.05272
       8.121     -0.06258
       8.129       0.1104
       8.137       0.2449
       8.144       0.3218
       8.152       0.3986
       8.159       0.4371
       8.167       0.4947
       8.174       0.5331
        8.19       0.5716
       8.197       0.5331
       8.205       0.4947
       8.212       0.4371
        8.22       0.3794
       8.227       0.3025
       8.235       0.1872
       8.242      0.09116
        8.25     -0.02414
       8.258     -0.08179
       8.265      -0.1202
        8.28      -0.1394
       8.288      -0.1394
       8.295      -0.1394
       8.311       -0.101
       8.318     -0.06258
       8.326      0.03351
       8.326     -0.02414
       8.333      0.07194
       8.341       0.1296
       8.348       0.2065
       8.356       0.2641
       8.364       0.3218
       8.371       0.3794
       8.379       0.4178
       8.386       0.4563
       8.401       0.4563
       8.409       0.4563
       8.416       0.4755
       8.432       0.4947
       8.439       0.4947
       8.454       0.4371
       8.462       0.3602
       8.469       0.2833
       8.477       0.1872
       8.485      0.09116
       8.492      0.03351
       8.492     -0.02414
         8.5     -0.08179
       8.507      -0.1394
       8.515      -0.1971
       8.522      -0.2355
        8.53       -0.274
       8.538      -0.2932
       8.553      -0.3508
        8.56      -0.3508
       8.568      -0.3316
       8.583      -0.3124
        8.59      -0.3124
       8.598      -0.3124
       8.613      -0.3508
       8.621      -0.3316
       8.636      -0.2932
       8.651      -0.2355
       8.659      -0.2163
       8.674      -0.2355
       8.681      -0.2355
       8.689      -0.2163
       8.704      -0.1779
       8.712      -0.1587
       8.719      -0.1202
       8.727     -0.08179
       8.734     -0.02414
       8.742      0.05272
       8.749       0.1296
       8.757       0.2257
       8.764       0.3218
       8.772       0.4178
        8.78       0.4755
       8.787       0.4755
       8.802       0.4371
        8.81       0.4563
       8.817       0.4755
       8.833       0.4947
        8.84       0.4371
       8.848       0.3602
       8.855       0.2641
       8.863       0.1872
        8.87      0.09116
       8.878      0.03351
       8.878     -0.04336
       8.886      -0.1587
       8.893      -0.2932
       8.901      -0.4469
       8.908       -0.543
       8.916      -0.6199
       8.923      -0.6583
       8.938      -0.6006
       8.946       -0.543
       8.954      -0.4661
       8.961      -0.3893
       8.969      -0.3124
       8.976      -0.2547
