     0.01181     -0.07673
     0.03448     -0.04092
     0.04959     -0.02302
     0.05714    -0.005115
     0.07225    -0.005115
     0.07981     -0.02302
     0.09492     -0.05882
      0.1025     -0.07673
      0.1176     -0.05882
      0.1251     -0.02302
      0.1402    -0.005115
      0.1478    -0.005115
      0.1629    -0.005115
      0.1705    -0.005115
      0.1856      0.01279
      0.2007      0.03069
      0.2082      0.04859
      0.2234      0.03069
      0.2309      0.03069
       0.246      0.01279
      0.2536      0.01279
      0.2611      0.03069
      0.2762      0.04859
      0.2838      0.04859
      0.2989      0.03069
      0.3065      0.03069
      0.3216      0.03069
      0.3291      0.03069
      0.3367      0.04859
      0.3518       0.0665
      0.3593       0.0665
      0.3669       0.0665
       0.382      0.03069
      0.3896      0.01279
      0.4047     -0.02302
      0.4122     -0.02302
      0.4198    -0.005115
      0.4349      0.03069
      0.4424      0.03069
      0.4576      0.03069
      0.4727    -0.005115
      0.4802     -0.02302
      0.4953     -0.02302
      0.5104     -0.04092
       0.518     -0.05882
      0.5331     -0.05882
      0.5407     -0.05882
      0.5558     -0.02302
      0.5709      0.01279
      0.5784      0.04859
       0.586       0.0844
      0.5936      0.04859
      0.6011     -0.02302
      0.6087     -0.04092
      0.6162     -0.02302
      0.6313    -0.005115
      0.6464    -0.005115
      0.6615      0.01279
      0.6691      0.03069
      0.6842      0.04859
      0.6918      0.04859
      0.7069      0.01279
      0.7144    -0.005115
      0.7295     -0.04092
      0.7371     -0.04092
      0.7522     -0.05882
      0.7598     -0.05882
      0.7749     -0.05882
      0.7824     -0.05882
      0.7975     -0.05882
      0.8051     -0.04092
      0.8202     -0.04092
      0.8278     -0.04092
      0.8353     -0.02302
      0.8504    -0.005115
       0.858      0.01279
      0.8731      0.04859
      0.8806      0.04859
      0.8882      0.04859
      0.9033      0.03069
      0.9109      0.03069
       0.926    -0.005115
      0.9335     -0.02302
      0.9411    -0.005115
      0.9562    -0.005115
      0.9637    -0.005115
      0.9789      0.01279
      0.9864      0.03069
       0.994      0.03069
       1.009      0.01279
       1.017      0.01279
       1.032    -0.005115
       1.039      0.01279
       1.054      0.04859
       1.062      0.04859
       1.077      0.04859
       1.085      0.04859
         1.1      0.04859
       1.115      0.03069
       1.122      0.04859
       1.138      0.04859
       1.145      0.03069
        1.16      0.01279
       1.168      0.01279
       1.183      0.01279
        1.19      0.03069
       1.206      0.04859
       1.213      0.04859
       1.221      0.04859
       1.236      0.03069
       1.243      0.01279
       1.251      0.01279
       1.266    -0.005115
       1.274     -0.02302
       1.281    -0.005115
       1.296      0.01279
       1.304      0.01279
       1.311      0.01279
       1.326     -0.02302
       1.334     -0.02302
       1.349     -0.02302
       1.357     -0.02302
       1.372     -0.05882
       1.379     -0.07673
       1.394     -0.07673
       1.402     -0.07673
       1.417     -0.07673
       1.425     -0.05882
       1.432     -0.02302
       1.447     -0.04092
       1.455     -0.07673
        1.47     -0.05882
       1.477     -0.02302
       1.493    -0.005115
         1.5    -0.005115
       1.508      0.01279
       1.523      0.04859
        1.53       0.0665
       1.545       0.0665
       1.553       0.0665
       1.561       0.0844
       1.576       0.0844
       1.583       0.0844
       1.598      0.04859
       1.606      0.03069
       1.613      0.03069
       1.629      0.01279
       1.644    -0.005115
       1.651    -0.005115
       1.666    -0.005115
       1.674    -0.005115
       1.689      0.01279
       1.697      0.03069
       1.712      0.04859
       1.727       0.0665
       1.734       0.0665
       1.749       0.0665
       1.765      0.03069
       1.772      0.03069
       1.787    -0.005115
       1.795    -0.005115
        1.81     -0.02302
       1.825     -0.05882
       1.833     -0.07673
       1.848     -0.05882
       1.863     -0.02302
        1.87     -0.02302
       1.885    -0.005115
       1.893    -0.005115
       1.908      0.01279
       1.916      0.01279
       1.931      0.01279
       1.938      0.01279
       1.953      0.03069
       1.961      0.03069
       1.976      0.03069
       1.984      0.03069
       1.991      0.04859
       2.006      0.04859
       2.014      0.04859
       2.021       0.0665
       2.044      0.04859
       2.052      0.03069
       2.059    -0.005115
       2.067     -0.04092
       2.074     -0.07673
       2.082     -0.09463
       2.089      -0.1304
       2.097      -0.1483
       2.112      -0.1841
        2.12       -0.202
       2.135      -0.1841
        2.15      -0.1483
       2.157      -0.1304
       2.173     -0.07673
        2.18     -0.04092
       2.195      0.03069
       2.203      0.04859
       2.218       0.0844
       2.225       0.1023
       2.241       0.1381
       2.248        0.156
       2.256       0.1739
       2.271       0.1739
       2.278        0.156
       2.286       0.1739
       2.301       0.1381
       2.309       0.0844
       2.316      0.04859
       2.331       0.0665
       2.339       0.0665
       2.354      0.04859
       2.361      0.04859
       2.377      0.04859
       2.384      0.04859
       2.399      0.04859
       2.407      0.04859
       2.422      0.04859
       2.429      0.04859
       2.437      0.04859
       2.452      0.03069
        2.46      0.03069
       2.475      0.03069
       2.482      0.03069
       2.497      0.03069
       2.505      0.03069
        2.52      0.03069
       2.528      0.01279
       2.543    -0.005115
        2.55    -0.005115
       2.565     -0.02302
       2.573     -0.02302
       2.588     -0.04092
       2.603     -0.07673
       2.611     -0.09463
       2.626      -0.1304
       2.633      -0.1304
       2.649      -0.1304
       2.656      -0.1304
       2.671      -0.1662
       2.686      -0.1841
       2.694      -0.1841
       2.709      -0.1304
       2.724     -0.09463
       2.732     -0.07673
       2.747     -0.05882
       2.754     -0.04092
       2.769    -0.005115
       2.777      0.01279
       2.792      0.04859
         2.8      0.04859
       2.807       0.0665
       2.822      0.04859
        2.83      0.01279
       2.845     -0.02302
       2.853     -0.04092
        2.86     -0.02302
       2.875    -0.005115
       2.883      0.03069
       2.898       0.0665
       2.905       0.0844
       2.921       0.1202
       2.936       0.1202
       2.943       0.1023
       2.951       0.1023
       2.966       0.0844
       2.973       0.0844
       2.981       0.1023
       2.996       0.1023
       3.004       0.1202
       3.019       0.1023
       3.026       0.0844
       3.041      0.03069
       3.049      0.01279
       3.064      0.01279
       3.072      0.03069
       3.079      0.04859
       3.094       0.0665
       3.102       0.0844
       3.117       0.0665
       3.124       0.0665
        3.14       0.0844
       3.147       0.0844
       3.155      0.03069
       3.162     -0.02302
        3.17     -0.04092
       3.177     -0.02302
       3.185      0.01279
       3.192      0.04859
       3.208      0.04859
       3.215      0.03069
        3.23    -0.005115
       3.245    -0.005115
        3.26    -0.005115
       3.268    -0.005115
       3.283      0.01279
       3.298      0.03069
       3.306      0.03069
       3.321    -0.005115
       3.328    -0.005115
       3.344     -0.02302
       3.351     -0.02302
       3.366    -0.005115
       3.374    -0.005115
       3.389    -0.005115
       3.404     -0.04092
       3.412     -0.05882
       3.419     -0.04092
       3.434     -0.02302
       3.442    -0.005115
       3.457      0.01279
       3.464      0.01279
        3.48      0.01279
       3.495     -0.02302
       3.502     -0.04092
       3.517     -0.05882
       3.525     -0.05882
        3.54     -0.05882
       3.555     -0.05882
       3.563     -0.04092
       3.578     -0.04092
       3.585     -0.04092
         3.6     -0.02302
       3.616     -0.02302
       3.623     -0.02302
       3.631    -0.005115
       3.646     -0.02302
       3.653     -0.02302
       3.668     -0.04092
       3.676     -0.02302
       3.691    -0.005115
       3.699    -0.005115
       3.714    -0.005115
       3.721      0.01279
       3.736      0.01279
       3.744      0.01279
       3.759      0.04859
       3.774       0.1023
       3.782       0.1381
       3.797       0.1381
       3.804       0.1381
       3.812       0.1381
        3.82       0.1023
       3.827       0.0844
       3.842      0.04859
        3.85      0.04859
       3.865      0.04859
       3.872      0.04859
       3.888      0.04859
       3.895      0.04859
        3.91      0.03069
       3.918      0.01279
       3.933    -0.005115
        3.94    -0.005115
       3.956     -0.02302
       3.963     -0.02302
       3.971     -0.02302
       3.986     -0.02302
       3.993    -0.005115
       4.008     -0.04092
       4.016      -0.1125
       4.024      -0.1483
       4.031      -0.1304
       4.039     -0.09463
       4.046     -0.04092
       4.061      0.01279
       4.069      0.04859
       4.084       0.0844
       4.092       0.1023
       4.107       0.0844
       4.114       0.0665
       4.129      0.04859
       4.137      0.04859
       4.152      0.04859
        4.16      0.04859
       4.167      0.04859
       4.182      0.03069
        4.19      0.03069
       4.205    -0.005115
       4.212     -0.02302
       4.228     -0.05882
       4.243     -0.04092
       4.258     -0.02302
       4.273     -0.04092
        4.28     -0.04092
       4.296     -0.04092
       4.303     -0.04092
       4.318     -0.05882
       4.326     -0.05882
       4.341     -0.05882
       4.348     -0.04092
       4.364     -0.02302
       4.371    -0.005115
       4.386      0.01279
       4.394      0.01279
       4.409      0.04859
       4.424       0.0665
       4.432       0.0665
       4.439       0.0844
       4.454       0.0844
       4.462       0.0844
       4.477       0.0844
       4.484       0.0844
       4.492       0.0844
       4.507      0.04859
       4.515      0.04859
        4.53      0.01279
       4.537    -0.005115
       4.545    -0.005115
        4.56     -0.04092
       4.568     -0.04092
       4.583     -0.04092
        4.59     -0.04092
       4.605     -0.04092
        4.62     -0.07673
       4.628     -0.07673
       4.643     -0.05882
       4.658     -0.04092
       4.666     -0.04092
       4.681     -0.04092
       4.688     -0.04092
       4.696     -0.02302
       4.711      0.01279
       4.719      0.04859
       4.726       0.0844
       4.734       0.1023
       4.749       0.1381
       4.756       0.1381
       4.772       0.1023
       4.779       0.1023
       4.794       0.0844
       4.802       0.0844
       4.817      0.04859
       4.824      0.03069
       4.839    -0.005115
       4.847      0.01279
       4.862    -0.005115
        4.87     -0.05882
       4.877     -0.09463
       4.885     -0.09463
       4.892     -0.05882
         4.9     -0.04092
       4.907     -0.02302
       4.923     -0.04092
        4.93     -0.04092
       4.945     -0.07673
       4.953     -0.09463
       4.968      -0.1125
       4.975      -0.1125
       4.983     -0.09463
       4.998     -0.09463
       5.006     -0.07673
       5.021     -0.05882
       5.028     -0.04092
       5.043    -0.005115
       5.051      0.01279
       5.066      0.03069
       5.074      0.03069
       5.089      0.03069
       5.096      0.03069
       5.111      0.01279
       5.119      0.01279
       5.134      0.01279
       5.142      0.01279
       5.157    -0.005115
       5.164     -0.02302
       5.172     -0.02302
       5.187    -0.005115
       5.195    -0.005115
        5.21    -0.005115
       5.217    -0.005115
       5.232      0.01279
        5.24      0.03069
       5.255      0.04859
       5.263       0.0665
        5.27       0.0844
       5.285       0.1023
       5.293       0.1202
       5.308       0.1202
       5.315       0.1023
       5.331       0.0665
       5.338      0.04859
       5.346      0.04859
       5.361      0.03069
       5.368      0.03069
       5.376      0.04859
       5.391       0.0665
       5.399       0.0665
       5.414      0.04859
       5.421      0.03069
       5.429      0.04859
       5.444       0.0665
       5.451       0.0844
       5.467       0.0665
       5.474       0.0665
       5.489      0.03069
       5.497    -0.005115
       5.512     -0.02302
       5.519    -0.005115
       5.535      0.03069
       5.542      0.03069
       5.557    -0.005115
       5.572     -0.04092
        5.58     -0.07673
       5.595     -0.07673
       5.603     -0.05882
       5.618     -0.04092
       5.625     -0.04092
        5.64     -0.04092
       5.648     -0.04092
       5.663     -0.04092
       5.671     -0.02302
       5.686     -0.02302
       5.693    -0.005115
       5.701      0.03069
       5.708       0.0665
       5.716       0.0844
       5.723      0.04859
       5.739      0.03069
       5.746      0.04859
       5.754       0.0665
       5.769      0.04859
       5.776      0.04859
       5.791      0.04859
       5.799      0.04859
       5.814      0.03069
       5.822      0.01279
       5.837     -0.02302
       5.844     -0.04092
       5.859     -0.04092
       5.867     -0.04092
       5.882     -0.05882
        5.89     -0.07673
       5.897      -0.1125
       5.905      -0.1483
       5.912      -0.1662
       5.927       -0.202
       5.935       -0.202
       5.943      -0.1662
       5.958      -0.1125
       5.965     -0.09463
        5.98     -0.05882
       5.988     -0.05882
       6.003     -0.04092
       6.011     -0.04092
       6.026     -0.02302
       6.041    -0.005115
       6.056      0.01279
       6.063    -0.005115
       6.079    -0.005115
       6.086      0.01279
       6.101      0.04859
       6.116       0.0665
       6.124       0.0844
       6.131       0.1202
       6.139       0.1381
       6.154       0.1381
       6.162       0.1381
       6.177       0.1023
       6.184       0.1023
       6.199       0.1023
       6.207       0.1202
       6.215       0.1381
       6.237       0.1202
       6.252       0.0844
       6.267      0.04859
       6.275      0.03069
       6.298    -0.005115
       6.305      0.01279
       6.313      0.04859
        6.32       0.0665
       6.335       0.0844
       6.343       0.0665
       6.351       0.0665
       6.366      0.04859
       6.373      0.03069
       6.388      0.03069
       6.396      0.04859
       6.411      0.04859
       6.419      0.04859
       6.434      0.04859
       6.449      0.01279
       6.456    -0.005115
       6.471      0.01279
       6.487      0.03069
       6.494      0.03069
       6.509      0.01279
       6.517    -0.005115
       6.524    -0.005115
       6.532     -0.04092
       6.539     -0.05882
       6.555     -0.02302
       6.562      0.03069
        6.57      0.04859
       6.577      0.01279
       6.585     -0.02302
       6.592     -0.02302
       6.607      0.01279
       6.615    -0.005115
        6.63    -0.005115
       6.638    -0.005115
       6.653     -0.04092
        6.66     -0.04092
       6.675     -0.07673
       6.683     -0.09463
       6.698      -0.1125
       6.706      -0.1125
       6.721      -0.1125
       6.728     -0.09463
       6.743     -0.09463
       6.751     -0.07673
       6.766     -0.09463
       6.774     -0.09463
       6.789     -0.05882
       6.804     -0.02302
       6.811    -0.005115
       6.826      0.01279
       6.834      0.03069
       6.849      0.03069
       6.857      0.03069
       6.864      0.03069
       6.879    -0.005115
       6.887     -0.02302
       6.902     -0.02302
        6.91    -0.005115
       6.925    -0.005115
       6.932      0.01279
        6.94      0.03069
       6.955       0.0665
       6.962       0.0844
       6.978       0.1202
       6.985       0.1202
           7       0.1202
       7.008       0.1202
       7.023       0.1023
        7.03       0.0844
       7.038       0.0665
       7.053      0.03069
       7.061    -0.005115
       7.076     -0.02302
       7.083     -0.02302
       7.098    -0.005115
       7.114    -0.005115
       7.121    -0.005115
       7.136    -0.005115
       7.144    -0.005115
       7.159    -0.005115
       7.166    -0.005115
       7.182    -0.005115
       7.189    -0.005115
       7.204      0.01279
       7.212      0.03069
       7.227      0.03069
       7.234      0.03069
        7.25      0.03069
       7.257      0.03069
       7.272      0.01279
       7.287     -0.02302
       7.295     -0.02302
        7.31     -0.02302
       7.318    -0.005115
       7.333      0.01279
        7.34      0.01279
       7.355    -0.005115
       7.363    -0.005115
       7.378    -0.005115
       7.386    -0.005115
       7.401      0.01279
       7.408      0.04859
       7.416       0.0844
       7.423       0.0844
       7.431      0.04859
       7.438    -0.005115
       7.446     -0.02302
       7.461     -0.02302
       7.469     -0.02302
       7.484     -0.05882
       7.491     -0.05882
       7.506     -0.05882
       7.514     -0.05882
       7.522     -0.04092
       7.537     -0.04092
       7.544     -0.04092
       7.552     -0.04092
       7.567     -0.05882
       7.574     -0.07673
        7.59     -0.07673
       7.597     -0.07673
       7.612     -0.05882
       7.627     -0.02302
       7.635      0.01279
       7.642      0.04859
        7.65       0.0665
       7.665       0.1023
       7.673       0.1202
        7.68       0.1381
       7.695       0.1202
       7.703       0.1023
       7.718       0.0665
       7.726       0.0665
       7.741       0.0665
       7.748       0.0665
       7.763      0.04859
       7.771      0.03069
       7.786      0.01279
       7.794    -0.005115
       7.801    -0.005115
       7.816     -0.05882
       7.824     -0.05882
       7.839     -0.05882
       7.846     -0.05882
       7.854     -0.05882
       7.869     -0.07673
       7.877     -0.07673
       7.884     -0.05882
       7.899     -0.04092
       7.907     -0.04092
       7.922     -0.02302
       7.937    -0.005115
       7.945      0.01279
        7.96    -0.005115
       7.967    -0.005115
       7.982      0.01279
        7.99      0.03069
       8.005      0.03069
       8.013      0.03069
       8.035      0.04859
       8.043      0.04859
       8.058      0.03069
       8.066      0.03069
       8.081      0.04859
       8.096      0.03069
       8.103      0.01279
       8.111      0.03069
       8.126      0.04859
       8.134      0.04859
       8.149      0.03069
       8.156      0.01279
       8.164      0.01279
       8.179    -0.005115
       8.186     -0.02302
       8.194    -0.005115
       8.209    -0.005115
       8.217     -0.02302
       8.232     -0.04092
       8.239     -0.04092
       8.254    -0.005115
       8.262      0.03069
        8.27       0.0844
       8.277       0.1202
       8.285       0.0665
       8.292      0.01279
         8.3      0.01279
       8.315      0.04859
       8.322      0.04859
       8.337       0.0665
       8.353       0.0665
        8.36       0.0844
       8.375       0.1023
       8.383       0.1202
       8.398       0.1202
       8.405       0.1023
       8.421       0.0665
       8.428      0.04859
       8.443      0.03069
       8.451      0.03069
       8.466      0.01279
       8.473      0.01279
       8.489    -0.005115
       8.496    -0.005115
       8.511    -0.005115
       8.526     -0.04092
       8.534     -0.04092
       8.549     -0.05882
       8.557     -0.05882
       8.572     -0.05882
       8.579     -0.04092
       8.594    -0.005115
       8.602    -0.005115
       8.609      0.01279
       8.625     -0.02302
       8.632     -0.02302
       8.647    -0.005115
       8.655      0.01279
        8.67      0.03069
       8.677      0.01279
       8.693     -0.02302
       8.708     -0.07673
       8.715     -0.09463
        8.73      -0.1125
       8.738      -0.1125
       8.753      -0.1304
       8.761      -0.1304
       8.776      -0.1125
       8.783     -0.09463
       8.798     -0.05882
       8.806     -0.05882
       8.813     -0.04092
       8.836     -0.02302
       8.844     -0.02302
       8.851     -0.02302
       8.866     -0.04092
       8.874     -0.04092
       8.881     -0.02302
       8.897      0.03069
       8.904      0.04859
       8.934      0.03069
       8.949      0.01279
       8.965    -0.005115
