     0.01186      -0.1789
     0.03455      -0.1414
     0.04212      -0.1227
     0.04968     -0.08524
     0.05725     -0.02907
     0.06481     0.008376
     0.07238      0.04582
     0.07994        0.102
     0.08751       0.1394
     0.09507       0.1582
      0.1102       0.2143
      0.1178       0.2331
      0.1329       0.2518
      0.1405       0.2518
       0.148       0.2518
      0.1632       0.1956
      0.1707       0.1582
      0.1783       0.1207
      0.1859      0.06455
      0.1934      0.04582
       0.201     0.008376
      0.2085     -0.01035
      0.2161     -0.01035
      0.2237      -0.0478
      0.2312       -0.104
      0.2388      -0.1789
      0.2464       -0.235
      0.2539      -0.2538
      0.2691       -0.235
      0.2766      -0.2163
      0.2918      -0.1601
      0.2993      -0.1414
      0.3069       -0.104
      0.3145     -0.08524
      0.3296      -0.0478
      0.3371     -0.02907
      0.3523     -0.01035
      0.3598       0.0271
       0.375      0.04582
      0.3825      0.06455
      0.3901      0.08327
      0.4128      0.08327
      0.4204      0.08327
      0.4355      0.06455
      0.4431      0.04582
      0.4582      0.06455
      0.4658        0.102
      0.4809       0.1394
      0.4884       0.1394
       0.496        0.102
      0.5036      0.06455
      0.5111      -0.0478
      0.5187      -0.1414
      0.5263       -0.235
      0.5338      -0.3099
      0.5414      -0.3661
       0.549      -0.4223
      0.5641      -0.4223
      0.5717      -0.3848
      0.5792      -0.3474
      0.5868      -0.2912
      0.5944       -0.235
      0.6019      -0.1976
      0.6095      -0.1414
      0.6171       -0.104
      0.6246      -0.0478
      0.6322     -0.01035
      0.6397      0.04582
      0.6473      0.06455
      0.6549       0.1207
      0.6624       0.1956
        0.67       0.2518
      0.6776        0.308
      0.6851       0.3641
      0.7003       0.3641
      0.7078       0.3641
       0.723       0.3454
      0.7305       0.3454
      0.7457        0.308
      0.7532       0.2892
      0.7608       0.2518
      0.7683       0.2143
      0.7835       0.1582
       0.791       0.1394
      0.8062      0.08327
      0.8137      0.08327
      0.8213      0.04582
      0.8364     -0.01035
       0.844     -0.02907
      0.8591     -0.08524
      0.8667       -0.104
      0.8818      -0.1414
      0.8894      -0.1601
      0.9045      -0.2163
      0.9196      -0.2725
      0.9272      -0.2912
      0.9348      -0.2725
      0.9423      -0.2538
      0.9575      -0.1789
       0.965      -0.1414
      0.9726     -0.08524
      0.9802      -0.0478
      0.9877     -0.01035
       1.003     0.008376
        1.01     0.008376
       1.026     0.008376
       1.033     0.008376
       1.048     -0.02907
       1.056      -0.0478
       1.071     -0.08524
       1.079     -0.08524
       1.094     -0.08524
       1.101     -0.08524
       1.116     -0.06652
       1.131     -0.02907
       1.139     -0.01035
       1.147      0.04582
       1.154        0.102
       1.162       0.1394
       1.169       0.1769
       1.184       0.2331
       1.192       0.2518
       1.207       0.2705
       1.215       0.2518
       1.222       0.2143
        1.23       0.1582
       1.237        0.102
       1.245      0.04582
       1.253     -0.01035
        1.26      -0.0478
       1.268     -0.08524
       1.275      -0.1227
       1.283      -0.1601
       1.298      -0.1976
       1.305      -0.1976
       1.321      -0.1789
       1.328      -0.1601
       1.343       -0.104
       1.351     -0.08524
       1.366     -0.02907
       1.374     -0.02907
       1.381     -0.01035
       1.396     -0.01035
       1.404     0.008376
       1.419     0.008376
       1.426     0.008376
       1.442     -0.01035
       1.449     -0.01035
       1.464     0.008376
       1.472     0.008376
       1.479       0.0271
       1.495      0.06455
       1.502      0.08327
       1.517       0.1394
       1.525       0.1956
       1.532       0.2518
        1.54       0.2892
       1.548       0.3454
       1.555       0.3829
        1.57       0.4203
       1.578       0.4203
       1.585       0.3641
       1.593       0.3267
         1.6       0.2705
       1.608       0.2143
       1.616       0.1394
       1.623      0.08327
       1.631     0.008376
       1.638     -0.06652
       1.646      -0.1414
       1.653      -0.1976
       1.661       -0.235
       1.669      -0.2538
       1.684      -0.2725
       1.691      -0.2538
       1.706      -0.2163
       1.714      -0.1976
       1.729      -0.1789
       1.737      -0.1789
       1.744      -0.1601
       1.759      -0.1414
       1.767      -0.1227
       1.782     -0.08524
        1.79     -0.06652
       1.797      -0.0478
       1.812     -0.02907
        1.82     -0.01035
       1.835       0.0271
       1.843      0.04582
       1.858      0.04582
       1.865      0.06455
        1.88      0.06455
       1.888      0.08327
       1.896        0.102
       1.903       0.1394
       1.911       0.1769
       1.926       0.2331
       1.933       0.2331
       1.948       0.1956
       1.956       0.1582
       1.964       0.1207
       1.979      0.06455
       1.986      0.04582
       1.994     0.008376
       2.001     -0.02907
       2.017     -0.06652
       2.032       -0.104
       2.039      -0.1414
       2.047      -0.1414
       2.062      -0.1601
        2.07      -0.1414
       2.085      -0.1414
       2.092      -0.1227
       2.107       -0.104
       2.115     -0.08524
        2.13      -0.0478
       2.145     0.008376
       2.153       0.0271
       2.168      0.08327
       2.175       0.1207
       2.183       0.1769
       2.191       0.2518
       2.198       0.2892
       2.206       0.3267
       2.213       0.3267
       2.221       0.3267
       2.228       0.2892
       2.236       0.2518
       2.244       0.1956
       2.251       0.1394
       2.259      0.08327
       2.266       0.0271
       2.274      -0.0478
       2.281       -0.104
       2.289      -0.1601
       2.296      -0.2163
       2.304      -0.2725
       2.312      -0.3099
       2.327      -0.3099
       2.342      -0.2725
       2.349      -0.2538
       2.357      -0.2163
       2.365      -0.1789
       2.372      -0.1414
        2.38       -0.104
       2.395      -0.0478
        2.41     -0.02907
       2.418     -0.01035
       2.433     -0.02907
        2.44     -0.02907
       2.455      -0.0478
       2.463     -0.06652
        2.47     -0.06652
       2.486     -0.08524
       2.493     -0.06652
       2.508     -0.02907
       2.523     -0.02907
       2.531     -0.02907
       2.546     -0.06652
       2.554       -0.104
       2.569      -0.1414
       2.576      -0.1789
       2.591      -0.1976
       2.607      -0.2163
       2.614      -0.1976
       2.622      -0.1789
       2.637       -0.104
       2.644     -0.08524
       2.652      -0.0478
        2.66     0.008376
       2.667      0.04582
       2.675        0.102
       2.682       0.1394
        2.69       0.1582
       2.705       0.2143
       2.713       0.2331
       2.728       0.2331
       2.735       0.2331
       2.743       0.2331
       2.758       0.1769
       2.773       0.1394
       2.781       0.1207
       2.796        0.102
       2.803        0.102
       2.818       0.1207
       2.834       0.1207
       2.841       0.1394
       2.856       0.1582
       2.864       0.1582
       2.879       0.1956
       2.887       0.2331
       2.902       0.2518
       2.909       0.2518
       2.924       0.2331
       2.932       0.2331
       2.939       0.2331
       2.955       0.2143
       2.962       0.1956
        2.97       0.1956
       2.985       0.1582
       2.992       0.1394
           3       0.1394
       3.015       0.1207
       3.023       0.1207
       3.038      0.06455
       3.045       0.0271
       3.053     -0.02907
       3.061     -0.06652
       3.068      -0.1414
       3.076      -0.2163
       3.083      -0.2912
       3.091      -0.3661
       3.098      -0.4223
       3.106      -0.4597
       3.113      -0.5159
       3.121      -0.5159
       3.136      -0.5159
       3.144      -0.4597
       3.151       -0.441
       3.166      -0.3848
       3.174      -0.3661
       3.182      -0.3474
       3.189      -0.2912
       3.197      -0.2538
       3.204      -0.1976
       3.212      -0.1601
       3.219      -0.1227
       3.227     -0.08524
       3.242     -0.02907
        3.25     -0.02907
       3.265     0.008376
       3.272      0.04582
        3.28      0.06455
       3.295       0.1207
       3.303       0.1207
       3.318       0.1207
       3.325        0.102
        3.34        0.102
       3.356      0.06455
       3.363      0.08327
       3.378       0.1207
       3.393       0.1582
       3.409       0.2143
       3.424       0.2331
       3.439       0.1956
       3.446       0.1394
       3.454        0.102
       3.461      0.06455
       3.477       0.0271
       3.484       0.0271
       3.499       0.0271
       3.507       0.0271
       3.522     -0.01035
        3.53     -0.01035
       3.545     0.008376
       3.552       0.0271
        3.56      0.04582
       3.575      0.04582
       3.582      0.04582
       3.598      0.06455
       3.605      0.06455
       3.613      0.08327
       3.628        0.102
       3.635        0.102
       3.651       0.1582
       3.666       0.1956
       3.673       0.2143
       3.688       0.1956
       3.696       0.1394
       3.704        0.102
       3.711       0.0271
       3.719     -0.02907
       3.726     -0.08524
       3.734      -0.1414
       3.741      -0.1789
       3.756       -0.235
       3.764      -0.2725
       3.772      -0.3287
       3.779      -0.3848
       3.787      -0.4223
       3.794       -0.441
       3.809       -0.441
       3.817      -0.4223
       3.825      -0.4035
       3.832      -0.3661
        3.84      -0.3099
       3.847      -0.2538
       3.855      -0.1976
       3.862      -0.1414
        3.87     -0.08524
       3.878     -0.01035
       3.885      0.06455
       3.893       0.1207
         3.9       0.1769
       3.908       0.2143
       3.915       0.2331
        3.93       0.2331
       3.938       0.2518
       3.953       0.2518
       3.961       0.2518
       3.976       0.2331
       3.983       0.2143
       3.999       0.1582
       4.006       0.1394
       4.014       0.1207
       4.021      0.08327
       4.036      0.04582
       4.044       0.0271
       4.059     0.008376
       4.067       0.0271
       4.082      0.06455
       4.089      0.06455
       4.104     -0.01035
       4.112      -0.0478
        4.12       -0.104
       4.127      -0.1227
       4.142      -0.1789
        4.15      -0.1789
       4.157      -0.1789
       4.173      -0.1601
        4.18      -0.1414
       4.195     -0.08524
       4.203     -0.06652
        4.21     -0.01035
       4.218       0.0271
       4.226      0.06455
       4.233      0.08327
       4.248       0.1394
       4.256       0.1769
       4.263       0.2143
       4.278       0.2892
       4.286       0.2892
       4.294       0.2892
       4.301       0.2518
       4.309       0.2143
       4.316       0.1769
       4.324       0.1207
       4.331      0.08327
       4.339      0.04582
       4.347       0.0271
       4.362     0.008376
       4.369       0.0271
       4.384      0.06455
       4.392      0.08327
       4.407        0.102
       4.415       0.1207
        4.43        0.102
       4.437        0.102
       4.452      0.04582
        4.46     -0.01035
       4.468     -0.06652
       4.475      -0.1414
       4.483      -0.1976
        4.49       -0.235
       4.505      -0.2912
       4.513      -0.2912
       4.521      -0.2725
       4.536       -0.235
       4.551      -0.1789
       4.558      -0.1414
       4.574     -0.06652
       4.581     -0.02907
       4.589     0.008376
       4.596      0.06455
       4.611        0.102
       4.619       0.1207
       4.634        0.102
       4.642      0.08327
       4.649      0.08327
       4.664      0.04582
       4.672       0.0271
       4.687       0.0271
       4.695       0.0271
        4.71     0.008376
       4.717     0.008376
       4.732     -0.01035
       4.747     -0.06652
       4.755       -0.104
       4.763      -0.1414
        4.77      -0.1976
       4.778      -0.2163
       4.785      -0.2538
       4.793      -0.2725
       4.808      -0.3287
       4.816      -0.3474
       4.831      -0.3099
       4.838      -0.2725
       4.846      -0.2163
       4.853      -0.1789
       4.861      -0.1227
       4.869     -0.08524
       4.876      -0.0478
       4.884     -0.01035
       4.891      0.04582
       4.899      0.06455
       4.906        0.102
       4.914       0.1394
       4.929       0.1582
       4.937       0.1769
       4.952       0.2143
       4.959       0.2331
       4.967       0.2518
       4.982       0.2518
        4.99       0.2331
       5.012       0.1769
        5.02       0.1582
       5.035       0.1582
       5.043       0.1582
       5.058       0.1207
       5.065      0.08327
        5.08      0.04582
       5.088     0.008376
       5.103     -0.02907
       5.111      -0.0478
       5.118     -0.08524
       5.126      -0.1227
       5.133      -0.1414
       5.141      -0.1789
       5.148      -0.1976
       5.164      -0.1789
       5.171      -0.1414
       5.186       -0.104
       5.194     -0.08524
       5.209      -0.0478
       5.224     -0.01035
       5.232      0.04582
       5.239      0.06455
       5.254        0.102
       5.262        0.102
       5.277      0.08327
       5.285      0.06455
         5.3      0.08327
       5.315      0.08327
       5.322      0.08327
       5.338      0.08327
       5.353      0.08327
        5.36      0.08327
       5.368        0.102
       5.383       0.1207
       5.391       0.1207
       5.406       0.1207
       5.413        0.102
       5.428      0.04582
       5.436       0.0271
       5.451     -0.01035
       5.459     -0.02907
       5.474      -0.0478
       5.481     -0.08524
       5.496      -0.1414
       5.504      -0.1601
       5.519      -0.1976
       5.527      -0.1976
       5.542      -0.1789
       5.549      -0.1601
       5.557      -0.1414
       5.565       -0.104
       5.572     -0.06652
        5.58     -0.02907
       5.587       0.0271
       5.595      0.08327
       5.602       0.1207
        5.61       0.1769
       5.625       0.2331
       5.633       0.2331
       5.648       0.2331
       5.655       0.1956
       5.663       0.1582
        5.67       0.1207
       5.678      0.06455
       5.686     0.008376
       5.693     -0.02907
       5.701     -0.06652
       5.716       -0.104
       5.723     -0.08524
       5.739     -0.02907
       5.746     0.008376
       5.754      0.04582
       5.769       0.1207
       5.776       0.1394
       5.791       0.1582
       5.799       0.1394
       5.814       0.1207
       5.822        0.102
       5.829        0.102
       5.844      0.06455
       5.852      0.04582
        5.86     0.008376
       5.867     -0.02907
       5.875     -0.08524
       5.882      -0.1227
        5.89      -0.1789
       5.897      -0.2163
       5.905      -0.2538
       5.912      -0.2725
       5.928      -0.2725
       5.935      -0.2538
       5.943      -0.1976
        5.95      -0.1414
       5.958     -0.08524
       5.965      -0.0478
       5.973     0.008376
       5.981      0.04582
       5.988      0.06455
       6.003        0.102
       6.011       0.1207
       6.026       0.1207
       6.034       0.1207
       6.049       0.1207
       6.056       0.1207
       6.064       0.1207
       6.079      0.08327
       6.086      0.06455
       6.094     0.008376
       6.102      -0.0478
       6.109      -0.1227
       6.117      -0.1976
       6.124      -0.2538
       6.132      -0.2912
       6.139      -0.3099
       6.147      -0.2912
       6.162      -0.2538
       6.177      -0.1789
       6.185      -0.1414
       6.192     -0.08524
         6.2     -0.02907
       6.208     0.008376
       6.223      0.04582
        6.23      0.06455
       6.245      0.06455
       6.253      0.08327
       6.268      0.08327
       6.276      0.08327
       6.291      0.08327
       6.298      0.08327
       6.313      0.08327
       6.329      0.08327
       6.336        0.102
       6.344       0.1394
       6.351       0.1956
       6.359       0.2518
       6.366       0.3267
       6.374       0.4016
       6.382        0.439
       6.389       0.4765
       6.404       0.4952
       6.412       0.5139
       6.419       0.5326
       6.427       0.5701
       6.434       0.5701
       6.442       0.5701
        6.45       0.5326
       6.457       0.4577
       6.465       0.3454
       6.472       0.1956
        6.48      0.04582
       6.487      -0.1414
       6.495      -0.3099
       6.503      -0.4784
        6.51      -0.6095
       6.518      -0.7593
       6.525      -0.8716
       6.533      -0.9465
        6.54       -1.003
       6.556       -1.003
       6.563      -0.9278
       6.571      -0.8529
       6.578      -0.7406
       6.586       -0.647
       6.593      -0.5533
       6.601      -0.4597
       6.608      -0.3848
       6.616      -0.3099
       6.624       -0.235
       6.631      -0.1601
       6.639       -0.104
       6.646      -0.0478
       6.654     -0.01035
       6.661      0.04582
       6.669      0.06455
       6.684      0.08327
       6.692      0.08327
       6.707      0.06455
       6.722      0.04582
        6.73       0.0271
       6.745       0.0271
       6.752      0.04582
       6.767      0.08327
       6.775       0.1207
       6.782       0.1582
        6.79       0.1956
       6.798       0.2143
       6.805       0.2705
       6.813       0.3267
        6.82       0.3829
       6.835       0.4203
       6.843       0.4203
       6.851       0.4203
       6.866       0.3829
       6.873       0.3641
       6.881       0.3267
       6.888       0.2892
       6.896       0.2705
       6.903       0.2331
       6.911       0.2143
       6.919       0.1769
       6.934       0.1394
       6.941        0.102
       6.956      0.06455
       6.964      0.04582
       6.979     -0.01035
       6.987     -0.02907
       7.009     -0.06652
       7.017     -0.06652
       7.032     -0.08524
        7.04     -0.08524
       7.055     -0.08524
       7.062      -0.0478
        7.07     -0.02907
       7.077      0.04582
       7.085      0.08327
       7.093       0.1207
       7.108       0.1582
       7.115       0.1769
        7.13       0.1956
       7.138       0.1956
       7.153       0.1394
       7.161        0.102
       7.168      0.06455
       7.176     0.008376
       7.183     -0.02907
       7.199     -0.08524
       7.206     -0.08524
       7.221       -0.104
       7.229       -0.104
       7.244       -0.104
       7.251     -0.08524
       7.267      -0.0478
       7.274     -0.02907
       7.289     0.008376
       7.297     0.008376
       7.304     -0.01035
        7.32     -0.06652
       7.327       -0.104
       7.335      -0.1601
       7.342      -0.1976
        7.35      -0.2163
       7.365       -0.235
       7.373       -0.235
        7.38       -0.235
       7.395      -0.2725
        7.41      -0.2912
       7.425      -0.2538
       7.433      -0.2163
       7.441      -0.1789
       7.448      -0.1227
       7.456     -0.06652
       7.463     -0.01035
       7.471      0.04582
       7.478      0.08327
       7.486       0.1207
       7.494       0.1582
       7.509       0.1956
       7.516       0.2143
       7.531       0.1956
       7.539       0.1394
       7.547        0.102
       7.554      0.04582
       7.562     0.008376
       7.569     -0.02907
       7.577      -0.0478
       7.592      -0.0478
       7.599     -0.02907
       7.615     0.008376
        7.63      0.04582
       7.637      0.06455
       7.645      0.08327
        7.66      0.06455
       7.668      0.06455
       7.683      0.06455
        7.69      0.06455
       7.698      0.06455
       7.713       0.0271
       7.721     0.008376
       7.736     0.008376
       7.743     0.008376
       7.758       0.0271
       7.766       0.0271
       7.773      0.04582
       7.789      0.04582
       7.796      0.06455
       7.811      0.04582
       7.819      0.04582
       7.826     0.008376
       7.834     -0.02907
       7.842     -0.06652
       7.849       -0.104
       7.864      -0.1414
       7.872      -0.1601
       7.887      -0.1789
       7.895      -0.1789
        7.91      -0.1789
       7.917      -0.1601
       7.932      -0.1227
        7.94       -0.104
       7.955      -0.0478
       7.963     -0.02907
       7.978       0.0271
       7.985      0.04582
           8      0.06455
       8.008      0.08327
       8.023        0.102
       8.031       0.1207
       8.038       0.1394
       8.053       0.1582
       8.061       0.1582
       8.076       0.1582
       8.091        0.102
       8.099      0.08327
       8.106      0.04582
       8.114       0.0271
       8.129     -0.01035
       8.137     0.008376
       8.144       0.0271
       8.159       0.0271
       8.167       0.0271
       8.182       0.0271
       8.197     0.008376
       8.205     -0.01035
        8.22     0.008376
       8.235       0.0271
       8.242       0.0271
       8.258       0.0271
       8.265      0.04582
       8.273      0.06455
        8.28       0.1207
       8.288       0.1582
       8.295       0.1956
       8.303       0.2331
       8.318       0.2892
       8.326       0.2892
       8.333       0.2892
       8.348       0.2518
       8.356       0.2143
       8.364       0.1394
       8.371      0.06455
       8.379     -0.01035
       8.386     -0.08524
       8.394      -0.1601
       8.401       -0.235
       8.409      -0.2725
       8.424      -0.3099
       8.432      -0.3099
       8.447      -0.2725
       8.454       -0.235
       8.462      -0.1789
       8.469      -0.1414
       8.477     -0.08524
       8.485      -0.0478
       8.492     -0.01035
         8.5       0.0271
       8.507      0.04582
       8.515      0.08327
       8.522        0.102
       8.538       0.1394
       8.545       0.1582
        8.56       0.1769
       8.568       0.1956
       8.575       0.2143
        8.59       0.1956
       8.598       0.1769
       8.613       0.1394
       8.628        0.102
       8.636      0.06455
       8.643      0.06455
       8.659     0.008376
       8.666      -0.0478
       8.674     -0.08524
       8.681      -0.1227
       8.696      -0.1789
       8.704      -0.1976
       8.719       -0.235
       8.727       -0.235
       8.742       -0.235
       8.749       -0.235
       8.764       -0.235
       8.772       -0.235
        8.78      -0.2163
       8.795      -0.1789
        8.81      -0.1227
       8.817       -0.104
       8.833     -0.08524
       8.848     -0.08524
       8.855     -0.06652
        8.87     -0.02907
       8.878     -0.02907
       8.893     -0.02907
       8.901     -0.01035
       8.916     -0.01035
       8.923     0.008376
       8.938     0.008376
       8.946     0.008376
       8.969       0.0271
       8.976       0.0271
