     0.01198     -0.06094
     0.01954       0.0277
     0.02711      0.09418
     0.04223       0.1385
     0.04979       0.1385
     0.06491      0.09418
     0.07247      0.09418
     0.08759      0.09418
     0.09515      0.09418
      0.1103      0.04986
      0.1178       0.0277
       0.133      0.00554
      0.1405      0.00554
      0.1556     -0.03878
      0.1632     -0.06094
      0.1783     -0.06094
      0.1859     -0.03878
      0.1934      0.00554
       0.201      0.07202
      0.2086       0.1607
      0.2161        0.205
      0.2237       0.2493
      0.2312       0.2936
      0.2464       0.3158
      0.2539       0.2715
      0.2615       0.2271
      0.2691       0.1385
      0.2766      0.04986
      0.2842     -0.03878
      0.2917      -0.1496
      0.2993      -0.2382
      0.3069      -0.3047
      0.3144      -0.3712
       0.322      -0.4155
      0.3295      -0.4598
      0.3447      -0.4377
      0.3522       -0.349
      0.3598      -0.2161
      0.3673     -0.06094
      0.3749      0.07202
      0.3825       0.1828
        0.39       0.2715
      0.3976        0.338
      0.4051       0.3601
      0.4203        0.338
      0.4278        0.338
       0.443       0.2715
      0.4505       0.2271
      0.4581       0.1607
      0.4656      0.07202
      0.4732      0.00554
      0.4808      -0.0831
      0.4883      -0.1717
      0.4959      -0.2382
      0.5034      -0.3269
       0.511      -0.3712
      0.5261       -0.349
      0.5337      -0.2604
      0.5412      -0.1496
      0.5488     -0.03878
      0.5564      0.04986
      0.5639       0.1385
      0.5715        0.205
       0.579       0.2715
      0.5942       0.3158
      0.6017       0.3158
      0.6093       0.2715
      0.6169       0.2271
      0.6244       0.1828
       0.632       0.1163
      0.6395      0.04986
      0.6471      0.00554
      0.6547     -0.06094
      0.6622      -0.1053
      0.6773      -0.1717
      0.6849      -0.1939
      0.6925      -0.1717
         0.7      -0.1496
      0.7076      -0.0831
      0.7227       0.0277
      0.7303      0.09418
      0.7529       0.1163
      0.7605       0.1163
      0.7756      0.09418
      0.7832      0.07202
      0.7908      0.09418
      0.8059       0.1385
      0.8134       0.1607
      0.8286       0.1828
      0.8361       0.1607
      0.8437       0.1163
      0.8512      0.07202
      0.8588       0.0277
      0.8739     -0.01662
      0.8815     -0.01662
      0.8966      0.00554
      0.9042       0.0277
      0.9193       0.0277
      0.9268      0.00554
      0.9344     -0.06094
       0.942      -0.1053
      0.9571      -0.1274
      0.9647      -0.1053
      0.9798     -0.06094
      0.9949      0.00554
       1.002      0.00554
       1.018      0.00554
       1.033     -0.01662
        1.04     -0.01662
       1.055     -0.03878
       1.063     -0.06094
       1.078     -0.01662
       1.086      0.00554
       1.101      0.04986
       1.108      0.09418
       1.123       0.1607
       1.131       0.1828
       1.139        0.205
       1.146       0.2493
       1.154       0.2936
       1.169        0.338
       1.176       0.3158
       1.184       0.3158
       1.191       0.2715
       1.199        0.205
       1.207      0.09418
       1.214     -0.06094
       1.222      -0.1939
       1.229      -0.3047
       1.237       -0.349
       1.244       -0.349
        1.26      -0.2825
       1.267      -0.2604
       1.275      -0.2161
       1.282      -0.1717
        1.29      -0.1274
       1.297     -0.06094
       1.305     -0.01662
        1.32      0.04986
       1.328      0.09418
       1.343       0.1607
        1.35        0.205
       1.365       0.2715
       1.373       0.2715
       1.388       0.2271
       1.396       0.1607
       1.403       0.1163
       1.411      0.04986
       1.418      0.00554
       1.426     -0.06094
       1.433     -0.06094
       1.441     -0.01662
       1.449       0.0277
       1.456      0.07202
       1.464       0.1385
       1.479      0.09418
       1.486      0.04986
       1.494      0.00554
       1.501     -0.03878
       1.517     -0.03878
       1.524     -0.06094
       1.539      -0.1053
       1.547      -0.1496
       1.554      -0.1496
        1.57      -0.1939
       1.577      -0.2382
       1.592      -0.2382
         1.6      -0.2161
       1.607      -0.1496
       1.615      -0.0831
       1.622     -0.01662
        1.63       0.0277
       1.638      0.04986
       1.645       0.1163
       1.653       0.1607
        1.66       0.2271
       1.668       0.2493
       1.683       0.2271
        1.69       0.1607
       1.698       0.1163
       1.706      0.07202
       1.721       0.0277
       1.728       0.0277
       1.736       0.0277
       1.743      0.00554
       1.751     -0.03878
       1.759     -0.06094
       1.774      -0.0831
       1.781      -0.0831
       1.796     -0.03878
       1.804     -0.01662
       1.811       0.0277
       1.827      0.07202
       1.834      0.07202
       1.849      0.09418
       1.864       0.1163
       1.872       0.1163
       1.887      0.04986
       1.902      0.00554
        1.91     -0.03878
       1.925      -0.0831
       1.932      -0.1274
        1.94      -0.1274
       1.955      -0.1274
       1.963      -0.1274
        1.97      -0.1053
       1.978     -0.06094
       1.985      0.00554
       1.993      0.07202
           2       0.1385
       2.008        0.205
       2.016       0.2493
       2.031       0.2715
       2.038        0.205
       2.046       0.1385
       2.053      0.07202
       2.061       0.0277
       2.076     -0.01662
       2.084     -0.03878
       2.099      -0.0831
       2.106      -0.1053
       2.121      -0.1496
       2.129      -0.1496
       2.137      -0.1274
       2.152      -0.0831
       2.159     -0.06094
       2.167      0.00554
       2.182      0.09418
        2.19       0.1163
       2.205       0.1385
       2.212       0.1163
       2.227      0.07202
       2.235      0.04986
        2.25      0.07202
       2.258      0.09418
       2.265       0.1163
        2.28      0.07202
       2.288      0.04986
       2.303       0.0277
        2.31     -0.01662
       2.326     -0.06094
       2.333     -0.06094
       2.341     -0.03878
       2.356      0.00554
       2.371      0.07202
       2.379      0.09418
       2.386       0.1163
       2.401      0.04986
       2.409      0.00554
       2.416     -0.06094
       2.431     -0.06094
       2.439     -0.03878
       2.447      0.00554
       2.454       0.0277
       2.462       0.0277
       2.469     -0.01662
       2.477     -0.06094
       2.484      -0.1053
         2.5      -0.1274
       2.507      -0.0831
       2.515     -0.01662
       2.522      0.04986
        2.53      0.09418
       2.545       0.1607
       2.552        0.205
       2.568        0.205
       2.575       0.1828
       2.583       0.1385
        2.59      0.07202
       2.598      0.00554
       2.613     -0.03878
        2.62     -0.01662
       2.636      0.00554
       2.643       0.0277
       2.658      0.04986
       2.666      0.07202
       2.681      0.07202
       2.689      0.04986
       2.696      0.04986
       2.711       0.0277
       2.719       0.0277
       2.726      0.04986
       2.741      0.07202
       2.749      0.04986
       2.764      0.00554
       2.772     -0.01662
       2.787     -0.01662
       2.794      0.00554
       2.802      0.04986
        2.81       0.1163
       2.825       0.1163
       2.832      0.07202
       2.847      0.00554
       2.855     -0.01662
        2.87     -0.06094
       2.878     -0.06094
       2.893     -0.01662
         2.9       0.0277
       2.908      0.04986
       2.915      0.09418
       2.923       0.1385
       2.938        0.205
       2.946        0.205
       2.961       0.1828
       2.968       0.1385
       2.976      0.04986
       2.983     -0.01662
       2.991      -0.0831
       2.999      -0.1274
       3.006      -0.1496
       3.021      -0.1717
       3.029      -0.1717
       3.044      -0.1496
       3.059      -0.0831
       3.067     -0.06094
       3.074      0.00554
       3.082      0.04986
       3.089      0.09418
       3.097       0.1385
       3.104        0.205
       3.119       0.2271
       3.127        0.205
       3.142       0.1163
        3.15      0.07202
       3.157      0.00554
       3.165     -0.06094
       3.172      -0.1496
        3.18      -0.2161
       3.188      -0.2382
       3.203      -0.2382
        3.21      -0.2161
       3.218      -0.1717
       3.225      -0.1274
       3.233      -0.0831
        3.24     -0.03878
       3.248      0.00554
       3.263      0.04986
       3.271      0.07202
       3.278       0.1163
       3.286       0.1828
       3.293       0.2493
       3.301       0.3158
       3.309       0.3601
       3.324       0.4044
       3.331       0.3601
       3.339       0.2715
       3.346       0.1828
       3.354      0.09418
       3.361       0.0277
       3.369     -0.03878
       3.377      -0.0831
       3.384      -0.1496
       3.392      -0.1939
       3.399      -0.2382
       3.407      -0.3047
       3.414      -0.3269
       3.429      -0.3047
       3.437      -0.2604
       3.445      -0.1717
       3.452      -0.0831
        3.46       0.0277
       3.467       0.1163
       3.475        0.205
       3.482       0.2493
       3.498       0.2715
       3.505       0.2715
       3.513       0.2493
        3.52        0.205
       3.528       0.1607
       3.535      0.09418
       3.543      0.04986
        3.55       0.0277
       3.566     -0.03878
       3.573      -0.0831
       3.588      -0.1274
       3.596      -0.1274
       3.603      -0.0831
       3.611     -0.01662
       3.619       0.0277
       3.626      0.09418
       3.634       0.1385
       3.641       0.1607
       3.649       0.1828
       3.664       0.1607
       3.671       0.1607
       3.687       0.1163
       3.694      0.04986
       3.702      0.00554
       3.709     -0.06094
       3.717      -0.0831
       3.732      -0.1053
       3.739      -0.0831
       3.755     -0.06094
       3.762     -0.06094
        3.77     -0.06094
       3.785      -0.1053
       3.792      -0.1274
       3.808      -0.1053
       3.823     -0.06094
        3.83     -0.03878
       3.845       0.0277
       3.853      0.09418
        3.86       0.1385
       3.868        0.205
       3.883        0.205
       3.891       0.1828
       3.906       0.1828
       3.913        0.205
       3.929        0.205
       3.936       0.1385
       3.944      0.07202
       3.951     -0.01662
       3.959      -0.1274
       3.966      -0.2161
       3.974      -0.3047
       3.989      -0.3047
       3.997      -0.2604
       4.004      -0.1939
       4.012      -0.1496
       4.019      -0.0831
       4.027     -0.03878
       4.034       0.0277
       4.042      0.04986
       4.057      0.09418
       4.065       0.1163
       4.072       0.1385
       4.087        0.205
       4.095       0.2271
        4.11        0.205
       4.118       0.1607
       4.125      0.07202
       4.133      0.00554
        4.14      -0.1053
       4.148      -0.1717
       4.163      -0.1939
        4.17      -0.1496
       4.178      -0.1053
       4.186      -0.0831
       4.193     -0.03878
       4.201     -0.01662
       4.208       0.0277
       4.216      0.04986
       4.223      0.09418
       4.231       0.1163
       4.239       0.1607
       4.246        0.205
       4.254       0.2271
       4.261       0.2271
       4.269       0.1828
       4.276       0.1163
       4.284       0.0277
       4.291     -0.03878
       4.299      -0.1274
       4.307      -0.1939
       4.314      -0.2382
       4.322      -0.2825
       4.329      -0.3047
       4.344      -0.2825
       4.352      -0.2161
       4.359      -0.1496
       4.367      -0.0831
       4.375      0.00554
       4.382      0.04986
        4.39       0.1163
       4.397       0.1828
       4.405       0.2493
       4.412       0.3158
        4.42       0.3601
       4.435       0.3601
       4.443       0.3158
        4.45       0.2715
       4.458        0.205
       4.465       0.1385
        4.48      0.07202
       4.488      0.04986
       4.503     -0.01662
       4.511      -0.1053
       4.518      -0.1939
       4.526      -0.2825
       4.533       -0.349
       4.541      -0.3934
       4.549      -0.3934
       4.556      -0.3712
       4.564      -0.3047
       4.571      -0.2382
       4.579      -0.1717
       4.586      -0.1053
       4.594     -0.03878
       4.601       0.0277
       4.609      0.09418
       4.617       0.1385
       4.632       0.1828
       4.639       0.1828
       4.654       0.1828
       4.662       0.1828
       4.669       0.1828
       4.685       0.1163
       4.692      0.07202
         4.7      0.04986
       4.707      0.00554
       4.722     -0.01662
        4.73      0.00554
       4.745      0.07202
       4.753       0.1163
        4.76       0.1607
       4.775       0.1828
       4.783       0.1828
       4.798       0.1828
       4.806       0.1828
       4.813       0.1828
       4.828       0.1385
       4.843      0.07202
       4.851      0.00554
       4.858     -0.06094
       4.866      -0.1274
       4.874      -0.1939
       4.881      -0.2382
       4.889      -0.2604
       4.904      -0.2604
       4.911      -0.2161
       4.919      -0.1717
       4.927      -0.1053
       4.934     -0.01662
       4.942      0.04986
       4.949       0.1385
       4.957       0.2271
       4.964       0.3158
       4.972       0.3601
       4.979       0.3823
       4.987       0.3601
       4.995       0.3158
       5.002       0.2493
        5.01        0.205
       5.025       0.1828
       5.032       0.1828
        5.04       0.1607
       5.048      0.09418
       5.055      0.00554
       5.063      -0.0831
        5.07      -0.1939
       5.078      -0.2604
       5.085      -0.3269
       5.093       -0.349
         5.1      -0.3269
       5.108      -0.2825
       5.116      -0.2382
       5.123      -0.1939
       5.131      -0.1274
       5.138     -0.06094
       5.146       0.0277
       5.153      0.07202
       5.161       0.1385
       5.168       0.1607
       5.184       0.1828
       5.191        0.205
       5.206       0.2271
       5.214       0.2493
       5.229       0.1828
       5.237       0.1163
       5.244       0.0277
       5.252     -0.06094
       5.259      -0.1717
       5.267      -0.2382
       5.282      -0.2825
       5.289      -0.2825
       5.305      -0.2161
       5.312      -0.1496
        5.32      -0.0831
       5.327     -0.01662
       5.335       0.0277
       5.342      0.07202
        5.35       0.1385
       5.358       0.1828
       5.373       0.2493
        5.38       0.2715
       5.395       0.2715
       5.403       0.2493
       5.418       0.1607
       5.426       0.1163
       5.433      0.04986
       5.441     -0.01662
       5.448      -0.0831
       5.456      -0.1496
       5.463      -0.2161
       5.471      -0.2825
       5.478      -0.3269
       5.486       -0.349
       5.494      -0.3269
       5.501      -0.2825
       5.509      -0.2161
       5.516      -0.1717
       5.524      -0.1053
       5.531     -0.06094
       5.539      0.00554
       5.547      0.07202
       5.554       0.1163
       5.562       0.1828
       5.569       0.2271
       5.577       0.2936
       5.584        0.338
       5.592       0.3601
       5.607       0.2715
       5.615       0.2271
       5.622       0.1607
        5.63      0.09418
       5.637       0.0277
       5.645     -0.01662
        5.66     -0.01662
       5.668     -0.01662
       5.683     -0.03878
        5.69      -0.0831
       5.705      -0.1496
       5.713      -0.1717
       5.728      -0.1717
       5.736      -0.1496
       5.743      -0.1053
       5.751     -0.03878
       5.758      0.00554
       5.766      0.04986
       5.781      0.07202
       5.788       0.1163
       5.804       0.1607
       5.811       0.1828
       5.819       0.2271
       5.826       0.2715
       5.834       0.3158
       5.841       0.3601
       5.857       0.3158
       5.864       0.2493
       5.872       0.1607
       5.879      0.07202
       5.887     -0.01662
       5.894      -0.0831
       5.902      -0.1939
       5.909      -0.2604
       5.917      -0.3047
       5.932      -0.2825
        5.94      -0.2161
       5.947      -0.1274
       5.955     -0.03878
       5.962       0.0277
        5.97      0.07202
       5.978       0.1385
       5.985       0.1607
           6        0.205
       6.008       0.2271
       6.023       0.1163
        6.03       0.0277
       6.038      -0.0831
       6.046      -0.1496
       6.053      -0.2161
       6.061      -0.2604
       6.076      -0.2825
       6.083      -0.2382
       6.091      -0.1717
       6.098      -0.1053
       6.106     -0.03878
       6.114      0.00554
       6.121      0.04986
       6.129      0.09418
       6.144      0.09418
       6.151      0.04986
       6.167       0.0277
       6.174       0.0277
       6.189      0.04986
       6.197      0.07202
       6.212       0.1163
       6.219       0.1163
       6.235       0.1163
       6.242       0.1163
       6.257       0.1163
       6.265       0.1607
        6.28        0.205
       6.288       0.2271
       6.303       0.2493
        6.31       0.2493
       6.318        0.205
       6.325       0.1385
       6.333      0.04986
        6.34      -0.1053
       6.348      -0.2382
       6.356      -0.3712
       6.363      -0.4377
       6.371       -0.482
       6.378      -0.4598
       6.386      -0.4155
       6.393      -0.3712
       6.401      -0.3047
       6.408      -0.2161
       6.416      -0.0831
       6.424      0.04986
       6.431       0.1828
       6.439       0.3158
       6.446       0.3823
       6.454       0.4488
       6.461       0.4931
       6.477       0.4488
       6.484       0.4044
       6.492        0.338
       6.499       0.2715
       6.507       0.1828
       6.514      0.09418
       6.522     -0.01662
       6.529      -0.1274
       6.537      -0.1939
       6.545      -0.2382
       6.552      -0.2604
       6.567      -0.2161
       6.575      -0.1939
        6.59      -0.1274
       6.597     -0.06094
       6.605      0.00554
       6.613      0.07202
        6.62       0.1385
       6.628        0.205
       6.635       0.2271
        6.65       0.2271
       6.658       0.1607
       6.666       0.1163
       6.673      0.04986
       6.681      0.00554
       6.688     -0.01662
       6.703     -0.06094
       6.711      -0.0831
       6.726      -0.0831
       6.741      -0.1274
       6.749      -0.1274
       6.756      -0.1274
       6.771      -0.1274
       6.779      -0.1274
       6.794      -0.1274
       6.809      -0.1717
       6.817      -0.1717
       6.824      -0.1496
       6.832      -0.0831
       6.839     -0.01662
       6.847      0.04986
       6.855       0.1163
       6.862        0.205
        6.87       0.2936
       6.877       0.3823
       6.885       0.4044
       6.892       0.4044
         6.9       0.3601
       6.907       0.2936
       6.915       0.2493
       6.923       0.1828
        6.93      0.09418
       6.938      0.00554
       6.945      -0.0831
       6.953      -0.1496
        6.96      -0.1939
       6.976      -0.2382
       6.983      -0.2382
       6.991      -0.1939
       6.998      -0.1717
       7.006      -0.1274
       7.013     -0.06094
       7.021      0.00554
       7.028      0.04986
       7.036      0.09418
       7.044       0.1607
       7.051        0.205
       7.059       0.2493
       7.074       0.2271
       7.081        0.205
       7.097        0.205
       7.104       0.2271
       7.119       0.2271
       7.127       0.1607
       7.134      0.04986
       7.142      -0.1053
       7.149      -0.2382
       7.157      -0.3047
       7.172      -0.2382
        7.18      -0.1496
       7.187      -0.0831
       7.195     -0.03878
       7.202     -0.03878
       7.217     -0.03878
       7.225     -0.03878
        7.24     -0.03878
       7.248     -0.01662
       7.263      0.04986
        7.27      0.09418
       7.286       0.1385
       7.293       0.1828
       7.301       0.2271
       7.316        0.205
       7.323       0.1385
       7.331      0.07202
       7.338      0.00554
       7.346     -0.01662
       7.361     -0.06094
       7.369      -0.0831
       7.376      -0.0831
       7.391     -0.06094
       7.399      -0.0831
       7.407      -0.0831
       7.422      -0.1274
       7.429      -0.1274
       7.444      -0.1717
       7.452      -0.1717
       7.459      -0.1274
       7.467     -0.06094
       7.475       0.0277
       7.482       0.1163
        7.49       0.1607
       7.505       0.1828
       7.512       0.1828
       7.527       0.1385
       7.535       0.1163
       7.543       0.1163
       7.558       0.1385
       7.565       0.1607
        7.58       0.1607
       7.588       0.1607
       7.596       0.1163
       7.603      0.07202
       7.611     -0.01662
       7.618      -0.0831
       7.626      -0.1274
       7.641      -0.1717
       7.648      -0.1496
       7.664      -0.1274
       7.671      -0.1274
       7.686      -0.1053
       7.694     -0.06094
       7.701      0.00554
       7.709      0.07202
       7.717       0.1385
       7.724        0.205
       7.732       0.2715
       7.739       0.3601
       7.747       0.4044
       7.762       0.4044
       7.769       0.3601
       7.777       0.2715
       7.785       0.1828
       7.792      0.07202
         7.8     -0.01662
       7.807      -0.1053
       7.815      -0.1717
       7.822      -0.2161
        7.83      -0.2604
       7.837      -0.3047
       7.845      -0.3269
        7.86      -0.3047
       7.868      -0.2604
       7.875      -0.1939
       7.883      -0.1496
        7.89      -0.0831
       7.898     -0.03878
       7.906      0.00554
       7.913      0.04986
       7.921      0.09418
       7.928       0.1607
       7.936        0.205
       7.943       0.2493
       7.951       0.2936
       7.966       0.3158
       7.974       0.2493
       7.981       0.1828
       7.989      0.04986
       7.996     -0.06094
       8.004      -0.1496
       8.011      -0.1939
       8.019      -0.2161
       8.034      -0.1717
       8.042      -0.1496
       8.049      -0.1053
       8.057      -0.0831
       8.072      -0.1053
       8.079      -0.1053
       8.095      -0.1053
       8.102      -0.0831
        8.11     -0.01662
       8.117      0.07202
       8.125       0.1607
       8.132       0.2271
        8.14       0.2715
       8.155       0.2271
       8.163       0.1385
        8.17      0.04986
       8.178     -0.06094
       8.185      -0.1274
       8.193      -0.1717
         8.2      -0.1717
       8.208      -0.1053
       8.216     -0.01662
       8.223       0.0277
       8.231      0.07202
       8.238       0.1163
       8.253       0.1828
       8.261        0.205
       8.276       0.2271
       8.284       0.2271
       8.299        0.205
       8.306        0.205
       8.321       0.1385
       8.329      0.09418
       8.336       0.0277
       8.344     -0.06094
       8.352      -0.1496
       8.359      -0.2161
       8.367      -0.2825
       8.374      -0.3047
       8.382      -0.2825
       8.389      -0.2382
       8.397      -0.1717
       8.405      -0.0831
       8.412     -0.01662
        8.42      0.07202
       8.427       0.1385
       8.435       0.1828
       8.442        0.205
        8.45        0.205
       8.457       0.1607
       8.465       0.1163
       8.473       0.1163
        8.48       0.1385
       8.488       0.1828
       8.495       0.2271
        8.51       0.1828
       8.518      0.09418
       8.526       0.0277
       8.533      -0.0831
       8.541      -0.1939
       8.548      -0.2604
       8.563      -0.2825
       8.571      -0.2382
       8.578      -0.1496
       8.586       0.0277
       8.586     -0.06094
       8.594      0.04986
       8.601       0.1607
       8.609       0.2493
       8.616        0.338
       8.624       0.4044
       8.631       0.4488
       8.646       0.4266
       8.654       0.3158
       8.662       0.1828
       8.669      0.04986
       8.677      -0.1053
       8.684      -0.2161
       8.692      -0.2825
       8.699       -0.349
       8.707      -0.3934
       8.715      -0.4598
       8.722      -0.5042
       8.737      -0.5042
       8.745      -0.4598
       8.752      -0.3712
        8.76      -0.2604
       8.767      -0.1496
       8.775     -0.03878
       8.783      0.07202
        8.79       0.1607
       8.798       0.2493
       8.805       0.3158
       8.813       0.3823
        8.82       0.4266
       8.836       0.4266
       8.843       0.3823
       8.851       0.3158
       8.858       0.2715
       8.866       0.2271
       8.873       0.1828
       8.881       0.1163
       8.888      0.00554
       8.896      -0.1053
       8.904      -0.2382
       8.911      -0.3712
       8.919      -0.4377
       8.926      -0.4155
       8.934      -0.3712
       8.941      -0.2825
       8.949      -0.1939
       8.956      -0.1274
       8.964     -0.03878
