     0.01181     -0.05627
     0.03448     -0.01535
     0.04203      0.01535
     0.04959      0.05627
      0.0647      0.09719
     0.07225       0.1176
     0.07981       0.1381
     0.09492       0.1381
      0.1025       0.1176
      0.1176      0.05627
      0.1251      0.05627
      0.1402      0.03581
      0.1478      0.03581
      0.1629      0.03581
       0.178     -0.01535
      0.1856     -0.03581
      0.1931     -0.07673
      0.2007     -0.09719
      0.2082     -0.07673
      0.2158     -0.05627
      0.2234     -0.01535
      0.2309      0.05627
      0.2385      0.09719
       0.246       0.1381
      0.2611       0.1381
      0.2762       0.1176
      0.2838      0.07673
      0.2913      0.05627
      0.3065      0.01535
       0.314      0.01535
      0.3291      0.03581
      0.3367      0.03581
      0.3518      0.01535
      0.3593      0.01535
      0.3745      0.05627
      0.3896      0.09719
      0.3971      0.09719
      0.4047       0.1176
      0.4198      0.05627
      0.4273      0.01535
      0.4349     -0.01535
      0.4424     -0.05627
        0.45     -0.09719
      0.4651      -0.1483
      0.4727      -0.1688
      0.4878      -0.1688
      0.4953      -0.1483
      0.5104      -0.1483
       0.518      -0.1381
      0.5331      -0.1483
      0.5407      -0.1483
      0.5558      -0.1483
      0.5633      -0.1381
      0.5709     -0.09719
      0.5784     -0.07673
      0.5936     -0.01535
      0.6011     -0.01535
      0.6162     -0.05627
      0.6238     -0.07673
      0.6389     -0.07673
      0.6464     -0.07673
      0.6615     -0.03581
      0.6767      0.01535
      0.6842      0.03581
      0.6993      0.09719
      0.7069      0.09719
      0.7144       0.1176
      0.7295       0.1176
      0.7371       0.1176
      0.7522       0.1688
      0.7673       0.1893
      0.7749       0.2097
      0.7824       0.2097
      0.7975       0.1688
      0.8051       0.1483
      0.8202       0.1381
      0.8278       0.1381
      0.8429       0.1176
      0.8504       0.1176
      0.8655       0.1381
      0.8731       0.1688
      0.8806       0.1688
      0.8882       0.1688
      0.9033       0.1688
      0.9109       0.1688
      0.9184       0.1483
       0.926       0.1176
      0.9335      0.07673
      0.9411      0.05627
      0.9562      0.01535
      0.9637      0.03581
      0.9713      0.05627
      0.9864      0.07673
       0.994      0.07673
       1.009      0.05627
       1.024      0.05627
       1.032      0.05627
       1.047    -0.005115
       1.054     -0.01535
        1.07     -0.03581
       1.077     -0.01535
       1.085    -0.005115
         1.1     -0.01535
       1.107     -0.01535
       1.122    -0.005115
        1.13      0.01535
       1.145      0.05627
       1.153      0.05627
       1.168      0.05627
       1.183      0.01535
        1.19     -0.01535
       1.206     -0.01535
       1.213     -0.01535
       1.221     -0.01535
       1.236     -0.05627
       1.243     -0.07673
       1.251     -0.07673
       1.266      -0.1176
       1.274      -0.1381
       1.289      -0.1893
       1.296      -0.2097
       1.311      -0.2097
       1.319      -0.1893
       1.334      -0.1381
       1.342      -0.1176
       1.357     -0.05627
       1.364     -0.03581
       1.379      0.01535
       1.387      0.03581
       1.394      0.01535
       1.409     -0.01535
       1.417     -0.01535
       1.425    -0.005115
       1.432      0.01535
       1.447      0.07673
       1.455      0.07673
        1.47      0.03581
       1.477    -0.005115
       1.485     -0.01535
         1.5     -0.05627
       1.508     -0.05627
       1.523     -0.05627
        1.53     -0.05627
       1.538     -0.03581
       1.553    -0.005115
       1.561      0.01535
       1.568      0.05627
       1.576      0.07673
       1.591      0.09719
       1.598      0.07673
       1.606      0.07673
       1.621      0.01535
       1.629    -0.005115
       1.636    -0.005115
       1.651     -0.01535
       1.659     -0.01535
       1.674     -0.05627
       1.681     -0.09719
       1.697      -0.1381
       1.704      -0.1381
       1.719      -0.1176
       1.727     -0.09719
       1.742     -0.05627
       1.749     -0.01535
       1.765      0.01535
       1.772      0.05627
        1.78      0.07673
       1.787       0.1176
       1.795       0.1483
        1.81       0.1483
       1.817       0.1381
       1.833       0.1176
       1.848      0.05627
       1.855      0.03581
       1.863      0.05627
        1.87      0.07673
       1.885      0.05627
       1.893      0.05627
       1.908      0.07673
       1.916      0.09719
       1.931       0.1176
       1.938       0.1176
       1.946      0.07673
       1.953      0.01535
       1.961     -0.03581
       1.969     -0.09719
       1.976      -0.1176
       1.991      -0.1176
       1.999      -0.1176
       2.014      -0.1176
       2.021      -0.1176
       2.037      -0.1176
       2.044     -0.07673
       2.052     -0.05627
       2.059      0.01535
       2.067      0.03581
       2.082      0.03581
       2.089    -0.005115
       2.105     -0.03581
       2.112     -0.03581
        2.12    -0.005115
       2.127      0.01535
       2.142      0.07673
        2.15      0.07673
       2.157      0.05627
       2.173    -0.005115
        2.18     -0.01535
       2.195    -0.005115
       2.203      0.03581
        2.21      0.07673
       2.218      0.09719
       2.225       0.1176
       2.241      0.09719
       2.248      0.09719
       2.263      0.09719
       2.271       0.1176
       2.286      0.09719
       2.293      0.09719
       2.309      0.05627
       2.316      0.03581
       2.324      0.03581
       2.339    -0.005115
       2.346    -0.005115
       2.361      0.01535
       2.377      0.01535
       2.384    -0.005115
       2.392    -0.005115
       2.407    -0.005115
       2.414    -0.005115
       2.429      0.01535
       2.437    -0.005115
       2.452    -0.005115
        2.46      0.01535
       2.475      0.03581
       2.482      0.05627
       2.497      0.07673
       2.505      0.07673
       2.513      0.09719
       2.528      0.07673
       2.535      0.05627
        2.55      0.03581
       2.558      0.05627
       2.565      0.07673
       2.581      0.09719
       2.588      0.09719
       2.603      0.09719
       2.618      0.09719
       2.626      0.09719
       2.633       0.1381
       2.649       0.1483
       2.656       0.1483
       2.671       0.1381
       2.679       0.1381
       2.694       0.1176
       2.709      0.07673
       2.717      0.05627
       2.732      0.03581
       2.739      0.03581
       2.747      0.03581
       2.762      0.03581
       2.769      0.03581
       2.785      0.01535
       2.792      0.03581
         2.8      0.05627
       2.815      0.05627
       2.822      0.03581
        2.83      0.01535
       2.845     -0.01535
       2.853     -0.03581
        2.86     -0.01535
       2.868      0.01535
       2.883      0.01535
        2.89    -0.005115
       2.905     -0.03581
       2.913     -0.05627
       2.928     -0.05627
       2.936     -0.05627
       2.951     -0.05627
       2.958     -0.03581
       2.973     -0.01535
       2.981    -0.005115
       2.989      0.01535
       3.004      0.03581
       3.011      0.03581
       3.019      0.01535
       3.034     -0.01535
       3.041     -0.03581
       3.057     -0.09719
       3.064      -0.1381
       3.072      -0.1893
       3.087      -0.2302
       3.094      -0.2506
       3.109      -0.2506
       3.117      -0.2302
       3.124      -0.1893
       3.132      -0.1688
        3.14      -0.1381
       3.147     -0.09719
       3.162     -0.07673
        3.17     -0.05627
       3.185     -0.05627
       3.192     -0.05627
       3.208     -0.07673
       3.215     -0.07673
       3.223     -0.05627
       3.238     -0.03581
       3.245     -0.03581
        3.26     -0.03581
       3.268     -0.05627
       3.276     -0.05627
       3.291     -0.09719
       3.298     -0.09719
       3.313     -0.05627
       3.328     -0.01535
       3.336    -0.005115
       3.344      0.03581
       3.359      0.05627
       3.366      0.07673
       3.381       0.1176
       3.389       0.1381
       3.404       0.1176
       3.412       0.1176
       3.427      0.09719
       3.434      0.09719
       3.442      0.09719
       3.457      0.03581
       3.464      0.03581
        3.48    -0.005115
       3.487      0.01535
       3.502      0.05627
       3.517      0.03581
       3.525    -0.005115
       3.532     -0.03581
        3.54     -0.05627
       3.555      -0.1176
       3.563      -0.1176
       3.578     -0.09719
       3.585     -0.07673
         3.6     -0.03581
       3.608     -0.01535
       3.623     -0.01535
       3.631    -0.005115
       3.638      0.03581
       3.646      0.07673
       3.653       0.1176
       3.668       0.1483
       3.676       0.1483
       3.684       0.1483
       3.699       0.1176
       3.706      0.09719
       3.721      0.09719
       3.729      0.09719
       3.736       0.1176
       3.752      0.09719
       3.759      0.07673
       3.774      0.05627
       3.782      0.09719
       3.797       0.1381
       3.804       0.1483
        3.82       0.1381
       3.827       0.1381
       3.842       0.1176
        3.85      0.07673
       3.857      0.05627
       3.865      0.05627
       3.872    -0.005115
        3.88     -0.05627
       3.888     -0.09719
       3.903      -0.1381
        3.91      -0.1381
       3.925     -0.07673
       3.933     -0.05627
        3.94     -0.01535
       3.948      0.03581
       3.956      0.07673
       3.963       0.1176
       3.978       0.1688
       3.986       0.1893
       3.993       0.2097
       4.008       0.1893
       4.016       0.1688
       4.024       0.1688
       4.039       0.1176
       4.046      0.09719
       4.061      0.05627
       4.069      0.05627
       4.084      0.01535
       4.092      0.01535
       4.107     -0.01535
       4.114     -0.01535
       4.122    -0.005115
       4.137    -0.005115
       4.144     -0.01535
       4.152     -0.01535
       4.167     -0.05627
       4.175     -0.05627
        4.19     -0.09719
       4.197      -0.1176
       4.205      -0.1176
        4.22      -0.1381
       4.228      -0.1381
       4.235      -0.1176
        4.25     -0.09719
       4.258     -0.07673
       4.273     -0.05627
        4.28     -0.05627
       4.288     -0.05627
       4.303     -0.05627
       4.311     -0.03581
       4.318    -0.005115
       4.326      0.01535
       4.333      0.05627
       4.341      0.07673
       4.348       0.1176
       4.356       0.1381
       4.371       0.1688
       4.379       0.1688
       4.386       0.1893
       4.401       0.1688
       4.409       0.1483
       4.424      0.09719
       4.432      0.07673
       4.447      0.01535
       4.454      0.03581
       4.469      0.07673
       4.477      0.07673
       4.492      0.07673
         4.5      0.07673
       4.515      0.09719
       4.522      0.09719
        4.53      0.09719
       4.537      0.05627
       4.545      0.01535
       4.552     -0.03581
        4.56     -0.05627
       4.575     -0.09719
       4.583      -0.1176
       4.598     -0.07673
       4.613     -0.03581
        4.62     -0.01535
       4.636      0.03581
       4.643      0.05627
       4.658      0.07673
       4.666      0.05627
       4.681    -0.005115
       4.688     -0.03581
       4.704     -0.07673
       4.711     -0.05627
       4.726     -0.03581
       4.734     -0.03581
       4.749     -0.05627
       4.764     -0.09719
       4.772      -0.1176
       4.787      -0.1176
       4.794      -0.1176
       4.802     -0.09719
       4.817     -0.07673
       4.824     -0.07673
       4.839     -0.09719
       4.847      -0.1176
       4.862     -0.09719
       4.877      -0.1176
       4.885      -0.1176
         4.9     -0.05627
       4.915     -0.03581
       4.923     -0.03581
        4.93    -0.005115
       4.945      0.01535
       4.953      0.03581
       4.968      0.01535
       4.983    -0.005115
       4.991     -0.01535
       5.006    -0.005115
       5.013    -0.005115
       5.021      0.01535
       5.036      0.05627
       5.043      0.07673
       5.066      0.03581
       5.074      0.01535
       5.081      0.01535
       5.096    -0.005115
       5.104    -0.005115
       5.119    -0.005115
       5.127    -0.005115
       5.134    -0.005115
       5.149     -0.01535
       5.157    -0.005115
       5.164      0.01535
       5.179      0.09719
       5.187       0.1176
       5.202       0.1176
        5.21       0.1176
       5.225       0.1176
       5.232       0.1176
        5.24       0.1176
       5.263      0.05627
        5.27      0.03581
       5.285      0.01535
       5.293      0.01535
       5.308      0.01535
       5.315      0.03581
       5.323      0.05627
       5.338      0.07673
       5.346      0.09719
       5.361      0.07673
       5.368      0.05627
       5.383      0.01535
       5.391      0.01535
       5.406      0.01535
       5.414      0.03581
       5.429      0.01535
       5.444     -0.05627
       5.451     -0.09719
       5.459      -0.1483
       5.467      -0.1688
       5.482      -0.1688
       5.489      -0.1483
       5.497      -0.1176
       5.504     -0.07673
       5.519     -0.01535
       5.527     -0.01535
       5.542     -0.01535
       5.557     -0.03581
       5.565     -0.05627
       5.572     -0.03581
       5.587    -0.005115
       5.595      0.05627
       5.603      0.09719
       5.618       0.1176
       5.625       0.1176
        5.64       0.1176
       5.648       0.1176
       5.663      0.09719
       5.671      0.09719
       5.686       0.1381
       5.693       0.1483
       5.701       0.1688
       5.716       0.1483
       5.723       0.1381
       5.739      0.09719
       5.746      0.05627
       5.754      0.05627
       5.769      0.03581
       5.776      0.03581
       5.791    -0.005115
       5.799    -0.005115
       5.807      0.01535
       5.822      0.03581
       5.829      0.03581
       5.837      0.05627
       5.852      0.07673
       5.859       0.1176
       5.875      0.07673
       5.882      0.05627
        5.89      0.01535
       5.897     -0.01535
       5.912     -0.03581
        5.92     -0.01535
       5.935      0.01535
       5.943      0.03581
       5.958      0.05627
       5.965      0.07673
        5.98      0.09719
       5.988      0.09719
       6.003      0.03581
       6.011    -0.005115
       6.026     -0.05627
       6.033     -0.07673
       6.048     -0.09719
       6.056     -0.09719
       6.063     -0.07673
       6.079     -0.07673
       6.086     -0.07673
       6.101     -0.07673
       6.116      -0.1176
       6.124      -0.1381
       6.139      -0.1381
       6.147      -0.1176
       6.154     -0.07673
       6.169     -0.03581
       6.177     -0.01535
       6.192    -0.005115
       6.199      0.01535
       6.207      0.03581
       6.222      0.05627
        6.23      0.05627
       6.245      0.05627
        6.26      0.05627
       6.275      0.05627
       6.283      0.05627
        6.29      0.07673
       6.305      0.09719
       6.313      0.09719
       6.328       0.1176
       6.335       0.1176
       6.351      0.05627
       6.358      0.05627
       6.373      0.03581
       6.381      0.05627
       6.396      0.07673
       6.403      0.07673
       6.419      0.05627
       6.426      0.03581
       6.434      0.03581
       6.449      0.01535
       6.456      0.01535
       6.471      0.01535
       6.479      0.01535
       6.487      0.03581
       6.502      0.05627
       6.509      0.05627
       6.524      0.05627
       6.539    -0.005115
       6.547    -0.005115
       6.555    -0.005115
        6.57      0.01535
       6.577      0.05627
       6.592      0.07673
         6.6      0.09719
       6.615      0.07673
       6.622      0.07673
       6.638      0.05627
       6.645      0.05627
        6.66    -0.005115
       6.668     -0.03581
       6.675     -0.07673
       6.683      -0.1176
        6.69      -0.1688
       6.698      -0.2097
       6.706      -0.2506
       6.713      -0.2711
       6.728      -0.2813
       6.736      -0.2711
       6.751      -0.2302
       6.766      -0.1688
       6.774      -0.1381
       6.789     -0.09719
       6.804     -0.03581
       6.811     -0.01535
       6.826    -0.005115
       6.834    -0.005115
       6.849    -0.005115
       6.857      0.01535
       6.872      0.01535
       6.879      0.03581
       6.894      0.03581
       6.902      0.03581
       6.917      0.05627
       6.925      0.07673
        6.94      0.07673
       6.947      0.07673
       6.955      0.07673
        6.97      0.07673
       6.978      0.07673
       6.985      0.07673
           7      0.05627
       7.008      0.03581
       7.023      0.05627
       7.038      0.07673
       7.046      0.05627
       7.053      0.03581
       7.061    -0.005115
       7.068     -0.01535
       7.083     -0.05627
       7.091     -0.07673
       7.106     -0.07673
       7.114     -0.05627
       7.129     -0.01535
       7.136    -0.005115
       7.151      0.01535
       7.159      0.01535
       7.174      0.03581
       7.189      0.05627
       7.197      0.05627
       7.212      0.05627
       7.219      0.05627
       7.234      0.07673
        7.25      0.07673
       7.257      0.09719
       7.272       0.1176
        7.28      0.09719
       7.287      0.09719
       7.295      0.05627
       7.302      0.03581
        7.31    -0.005115
       7.318     -0.01535
       7.333     -0.03581
        7.34     -0.03581
       7.355     -0.01535
       7.363    -0.005115
        7.37      0.01535
       7.386      0.01535
       7.393      0.01535
       7.408      0.01535
       7.423      0.05627
       7.431      0.05627
       7.446      0.03581
       7.454      0.01535
       7.461     -0.01535
       7.476     -0.07673
       7.484     -0.09719
       7.499      -0.1381
       7.506      -0.1176
       7.522      -0.1381
       7.529      -0.1381
       7.537      -0.1176
       7.552     -0.05627
       7.559     -0.03581
       7.574     -0.03581
       7.582     -0.03581
        7.59     -0.03581
       7.605     -0.03581
       7.612     -0.01535
       7.627    -0.005115
       7.635    -0.005115
        7.65      0.01535
       7.658      0.01535
       7.673      0.01535
        7.68      0.01535
       7.695      0.03581
       7.703      0.05627
       7.718       0.1176
       7.733       0.1483
       7.741       0.1893
       7.748       0.2097
       7.763       0.2506
       7.771       0.2711
       7.786       0.2506
       7.794       0.2302
       7.801       0.1893
       7.816       0.1381
       7.824      0.09719
       7.831      0.05627
       7.839      0.01535
       7.854      0.03581
       7.869      0.05627
       7.877      0.07673
       7.892      0.09719
       7.899       0.1176
       7.914      0.09719
       7.922      0.05627
        7.93      0.01535
       7.937    -0.005115
       7.945     -0.03581
       7.952     -0.05627
        7.96     -0.05627
       7.975     -0.03581
       7.982     -0.03581
       7.998    -0.005115
       8.005      0.01535
       8.013      0.05627
       8.028      0.07673
       8.035      0.09719
        8.05       0.1176
       8.058       0.1381
       8.066       0.1483
       8.081      0.09719
       8.088      0.05627
       8.103      0.01535
       8.111     -0.01535
       8.126     -0.05627
       8.134     -0.05627
       8.149     -0.07673
       8.156     -0.07673
       8.171     -0.09719
       8.179     -0.09719
       8.194     -0.07673
       8.202     -0.07673
       8.217     -0.09719
       8.232      -0.1381
       8.239      -0.1483
       8.254      -0.2097
       8.262      -0.2506
       8.277      -0.2711
       8.285      -0.2506
       8.292      -0.2302
         8.3      -0.1893
       8.307      -0.1381
       8.322      -0.1176
        8.33      -0.1176
       8.337     -0.09719
       8.353     -0.05627
        8.36     -0.03581
       8.375    -0.005115
       8.383      0.01535
        8.39      0.03581
       8.405      0.07673
       8.413      0.09719
       8.421       0.1176
       8.436       0.1688
       8.443       0.1893
       8.458       0.1381
       8.466      0.09719
       8.473      0.05627
       8.481      0.01535
       8.489     -0.01535
       8.504     -0.05627
       8.511     -0.05627
       8.526     -0.09719
       8.534     -0.07673
       8.541     -0.03581
       8.549      0.01535
       8.557      0.07673
       8.564       0.1176
       8.572       0.1483
       8.587       0.2097
       8.594       0.2097
       8.602       0.2097
       8.617       0.1893
       8.625       0.1893
       8.632       0.1893
       8.647       0.1381
       8.655       0.1176
        8.67      0.09719
       8.677      0.09719
       8.693       0.1381
         8.7       0.1483
       8.715       0.1893
       8.723       0.1893
        8.73       0.1893
       8.745       0.1381
       8.761      0.07673
       8.768      0.05627
       8.783      0.01535
       8.791    -0.005115
       8.806     -0.01535
       8.813     -0.01535
       8.829    -0.005115
       8.836    -0.005115
       8.851      0.03581
       8.866    -0.005115
       8.874     -0.01535
       8.889     -0.05627
       8.897     -0.07673
       8.904     -0.09719
       8.919      -0.1381
       8.927      -0.1483
       8.934      -0.1381
       8.957     -0.07673
       8.965     -0.05627
