     0.01186       0.3136
       0.027       0.3525
     0.04214        0.333
     0.04971       0.2942
     0.05729       0.2554
     0.06486       0.1777
     0.07243      0.09997
        0.08      0.02228
     0.08757     -0.07484
     0.09514       -0.172
      0.1027      -0.2496
      0.1103      -0.3079
      0.1254      -0.3079
       0.133      -0.2885
      0.1481      -0.2885
      0.1557      -0.3079
      0.1709      -0.2885
       0.186      -0.2108
      0.1936       -0.172
      0.2011      -0.1525
      0.2087     -0.09426
      0.2163     -0.03599
      0.2239      0.02228
      0.2314      0.06113
       0.239       0.1194
      0.2466       0.1777
      0.2541       0.2165
      0.2617       0.2748
      0.2693       0.3136
      0.2769       0.3525
       0.292       0.4107
      0.2996       0.4302
      0.3147       0.3913
      0.3223       0.3525
      0.3299       0.3136
      0.3374       0.2554
       0.345       0.2165
      0.3601       0.1777
      0.3677       0.1388
      0.3753       0.1388
      0.3904       0.1194
       0.398       0.1194
      0.4056       0.1194
      0.4131      0.08055
      0.4207       0.0417
      0.4283     0.002856
      0.4359     -0.03599
      0.4434     -0.09426
       0.451      -0.1525
      0.4586      -0.2108
      0.4661      -0.3079
      0.4737      -0.3662
      0.4889      -0.3856
      0.4964      -0.3662
       0.504      -0.3079
      0.5116      -0.2691
      0.5267      -0.2302
      0.5343      -0.2496
      0.5418      -0.2302
       0.557      -0.1914
      0.5646       -0.172
      0.5797      -0.1525
      0.5873      -0.1331
      0.6024     -0.07484
      0.6176     -0.01657
      0.6251     -0.03599
      0.6403     -0.09426
      0.6478     -0.09426
       0.663     -0.05541
      0.6781       0.0417
      0.6857      0.08055
      0.6933       0.1194
      0.7008       0.1582
      0.7084       0.2165
       0.716       0.2554
      0.7236       0.3136
      0.7387        0.333
      0.7463        0.333
      0.7538        0.333
       0.769       0.2942
      0.7766       0.2359
      0.7841       0.1971
      0.7917       0.1388
      0.7993      0.09997
      0.8068       0.0417
      0.8144     0.002856
      0.8296     -0.05541
      0.8371     -0.05541
      0.8523     -0.07484
      0.8598     -0.07484
      0.8674      -0.1137
       0.875      -0.1525
      0.8826      -0.2302
      0.8901      -0.2885
      0.8977      -0.3079
      0.9128      -0.3273
      0.9204      -0.3079
      0.9356      -0.2496
      0.9431      -0.2108
      0.9507      -0.1525
      0.9583      -0.1137
      0.9658     -0.07484
      0.9734     -0.03599
       0.981     0.002856
      0.9961      0.08055
       1.004      0.09997
       1.019       0.1582
       1.026       0.1777
       1.042       0.2359
       1.049       0.2554
       1.064        0.333
       1.072       0.3525
       1.087       0.3913
       1.095       0.3913
       1.102       0.3913
       1.117       0.3525
       1.125        0.333
       1.132       0.2942
        1.14       0.2359
       1.148       0.1582
       1.155      0.06113
       1.163     -0.03599
        1.17      -0.1137
       1.178       -0.172
       1.185      -0.2302
       1.193      -0.2885
       1.201      -0.3468
       1.216      -0.3856
       1.223      -0.3662
       1.238      -0.3273
       1.246      -0.2885
       1.261      -0.2496
       1.269      -0.2108
       1.284       -0.172
       1.291       -0.172
       1.299      -0.1525
       1.314      -0.1331
       1.322      -0.1137
       1.329     -0.09426
       1.344     -0.07484
       1.352     -0.05541
       1.367     -0.01657
       1.375       0.0417
       1.382      0.06113
       1.397       0.1194
       1.405       0.1582
        1.42       0.1971
       1.428       0.2165
       1.443       0.2165
        1.45       0.1971
       1.458       0.1777
       1.466       0.1388
       1.473      0.09997
       1.481       0.0417
       1.481     -0.01657
       1.488     -0.03599
       1.496     -0.09426
       1.503      -0.1331
       1.519      -0.1525
       1.526      -0.1331
       1.541      -0.1137
       1.549     -0.09426
       1.564     -0.05541
       1.572     -0.03599
       1.587      0.02228
       1.594       0.0417
       1.609      0.06113
       1.617      0.08055
       1.625       0.1388
       1.632       0.1582
        1.64       0.1582
       1.647       0.1194
       1.655      0.06113
       1.662     0.002856
        1.67     -0.05541
       1.678     -0.09426
       1.685      -0.1137
         1.7     -0.07484
       1.708     -0.03599
       1.715       0.0417
       1.723      0.09997
       1.731       0.1388
       1.738       0.1777
       1.746       0.1777
       1.753       0.1971
       1.768       0.1777
       1.776       0.1777
       1.791       0.1777
       1.799       0.1971
       1.814       0.2359
       1.821       0.2554
       1.837       0.1971
       1.844       0.1194
       1.852      0.06113
       1.859     -0.03599
       1.867     -0.07484
       1.874      -0.1331
       1.882      -0.1525
       1.897      -0.2108
       1.905      -0.2496
       1.912      -0.2885
        1.92      -0.3273
       1.927      -0.3856
       1.935       -0.405
       1.943      -0.3856
        1.95      -0.3468
       1.958      -0.2885
       1.965      -0.2302
       1.973       -0.172
        1.98      -0.1331
       1.988     -0.09426
       2.003     -0.07484
       2.011     -0.03599
       2.026       0.0417
       2.041      0.06113
       2.056       0.0417
       2.064      0.06113
       2.071      0.08055
       2.079       0.1194
       2.086       0.1582
       2.094       0.1971
       2.102       0.2359
       2.117       0.2748
       2.124       0.2554
       2.132       0.2165
       2.139       0.1582
       2.147       0.1388
       2.155      0.09997
       2.162      0.06113
       2.177     -0.03599
       2.185     -0.07484
       2.192      -0.1331
         2.2       -0.172
       2.208      -0.2496
       2.215      -0.2691
       2.238      -0.2691
       2.245      -0.2496
       2.253      -0.2302
       2.261      -0.1914
       2.268      -0.1331
       2.276     -0.09426
       2.283     -0.05541
       2.298     -0.01657
       2.306     -0.01657
       2.321     -0.03599
       2.329     -0.03599
       2.336     -0.01657
       2.351     0.002856
       2.359      0.02228
       2.374      0.02228
       2.382      0.02228
       2.397     0.002856
       2.404     0.002856
        2.42      0.02228
       2.427      0.02228
       2.442     -0.01657
        2.45     -0.05541
       2.457     -0.09426
       2.465      -0.1525
       2.473      -0.2108
       2.488      -0.2302
       2.495      -0.2108
       2.503       -0.172
        2.51      -0.1331
       2.518     -0.09426
       2.526     -0.05541
       2.541      0.02228
       2.548       0.0417
       2.563      0.08055
       2.579       0.1388
       2.586       0.1388
       2.601       0.1194
       2.609       0.1388
       2.624       0.1388
       2.632       0.1388
       2.647       0.1194
       2.654       0.1194
       2.662       0.1194
       2.677      0.08055
       2.685      0.06113
       2.692       0.0417
         2.7     0.002856
       2.707     -0.03599
       2.715     -0.05541
       2.722     -0.09426
        2.73      -0.1331
       2.738       -0.172
       2.753      -0.2108
        2.76      -0.2302
       2.775      -0.2108
       2.783       -0.172
       2.791      -0.1137
       2.798     -0.05541
       2.806     0.002856
       2.813       0.0417
       2.828      0.08055
       2.836      0.08055
       2.851      0.08055
       2.866      0.08055
       2.874      0.09997
       2.881       0.1194
       2.889       0.1582
       2.897       0.1971
       2.904       0.2554
       2.912       0.2942
       2.927       0.3525
       2.934       0.3525
       2.942       0.3719
       2.957       0.3913
       2.965       0.3913
       2.972       0.3913
        2.98        0.333
       2.987       0.2942
       2.995       0.2554
       3.003       0.2165
        3.01       0.1582
       3.018       0.1194
       3.025       0.0417
       3.033     -0.03599
        3.04      -0.1137
       3.048      -0.1914
       3.056      -0.2691
       3.063      -0.3662
       3.071      -0.4439
       3.078      -0.5216
       3.086       -0.541
       3.093      -0.5216
       3.101      -0.4633
       3.109      -0.4245
       3.116      -0.3662
       3.124      -0.3273
       3.131      -0.2885
       3.146      -0.2302
       3.154      -0.2108
       3.162       -0.172
       3.169      -0.1331
       3.177     -0.09426
       3.184     -0.05541
       3.192     -0.03599
       3.207      0.02228
       3.215      0.02228
       3.222       0.0417
       3.237      0.08055
       3.245      0.09997
        3.26       0.1388
       3.275       0.1971
       3.283       0.2359
        3.29       0.2554
       3.298       0.2942
       3.305        0.333
       3.321       0.3525
       3.328        0.333
       3.343       0.3136
       3.351       0.3136
       3.366       0.2942
       3.374       0.2554
       3.389       0.1777
       3.396       0.1388
       3.404      0.06113
       3.411      0.02228
       3.411     -0.01657
       3.419     -0.07484
       3.427      -0.1331
       3.434      -0.1914
       3.442      -0.2496
       3.457      -0.2885
       3.464      -0.3079
        3.48      -0.2496
       3.495      -0.2108
       3.502      -0.1914
       3.517      -0.1914
       3.525      -0.1525
       3.533      -0.1331
        3.54     -0.07484
       3.548      0.02228
       3.548     -0.03599
       3.555      0.06113
       3.563       0.1388
        3.57       0.1777
       3.586       0.2359
       3.593       0.2359
       3.608       0.2359
       3.623       0.1971
       3.639       0.1582
       3.654      0.09997
       3.661      0.06113
       3.669     0.002856
       3.676     -0.03599
       3.684     -0.09426
       3.692      -0.1525
       3.699      -0.2108
       3.707      -0.2691
       3.722      -0.3273
       3.729      -0.3468
       3.745      -0.3856
       3.752      -0.3856
       3.767      -0.3856
       3.775      -0.3662
       3.782      -0.3468
        3.79      -0.2885
       3.798      -0.2302
       3.805       -0.172
       3.813     -0.09426
        3.82     -0.03599
       3.828       0.0417
       3.828     -0.01657
       3.835      0.08055
       3.843       0.1194
       3.858       0.1582
       3.866       0.1582
       3.873       0.1777
       3.881       0.2359
       3.888       0.2942
       3.896        0.333
       3.904        0.333
       3.911       0.2942
       3.919       0.2359
       3.926       0.1971
       3.934       0.1388
       3.941      0.09997
       3.949       0.0417
       3.957     -0.03599
       3.964      -0.1137
       3.972       -0.172
       3.979      -0.2302
       3.994      -0.2302
       4.002      -0.2108
       4.017      -0.1914
       4.025       -0.172
        4.04       -0.172
       4.047      -0.1525
       4.055      -0.1137
       4.063     -0.07484
       4.078     -0.01657
       4.085     -0.01657
       4.093      0.02228
         4.1       0.0417
       4.108      0.08055
       4.116       0.1388
       4.123       0.1971
       4.131       0.2359
       4.146       0.2942
       4.153       0.2748
       4.169       0.2359
       4.176       0.2554
       4.191       0.2942
       4.199        0.333
       4.206       0.3719
       4.214       0.4107
       4.222       0.4302
       4.229       0.3913
       4.237       0.3136
       4.244       0.1971
       4.252       0.1194
       4.259      0.02228
       4.267     -0.07484
       4.275       -0.172
       4.282      -0.2691
        4.29      -0.3273
       4.297      -0.3662
       4.305      -0.3856
       4.312      -0.3856
       4.328      -0.3468
       4.335      -0.3273
       4.343      -0.2885
        4.35      -0.2496
       4.358      -0.1914
       4.365       -0.172
       4.381      -0.1331
       4.388      -0.1137
       4.396     -0.09426
       4.411     -0.03599
       4.418     -0.01657
       4.426       0.0417
       4.441      0.09997
       4.449       0.1582
       4.456       0.1971
       4.464       0.2554
       4.479       0.2942
       4.486       0.2942
       4.502       0.2554
       4.509       0.2165
       4.517       0.1777
       4.524      0.09997
       4.532       0.0417
       4.532     -0.01657
       4.539     -0.03599
       4.547      -0.1137
       4.555      -0.1525
       4.562      -0.2108
        4.57      -0.2496
       4.577      -0.3079
       4.585      -0.3468
       4.592      -0.3856
         4.6       -0.405
       4.615       -0.405
       4.623      -0.3662
        4.63      -0.3079
       4.638      -0.2496
       4.645      -0.1914
       4.653      -0.1137
       4.661     -0.05541
       4.676     0.002856
       4.683       0.0417
       4.691      0.06113
       4.706       0.1194
       4.721       0.1777
       4.736       0.1777
       4.751       0.1971
       4.767       0.2359
       4.782       0.2942
       4.789       0.2942
       4.797       0.2942
       4.804       0.2554
       4.812       0.2359
       4.827       0.1777
       4.842       0.1582
       4.857       0.1194
       4.865      0.09997
        4.88       0.0417
       4.888     -0.01657
       4.895     -0.05541
       4.903      -0.1137
        4.91       -0.172
       4.918      -0.2302
       4.926      -0.2691
       4.941      -0.3273
       4.948      -0.3079
       4.963      -0.3079
       4.971      -0.2691
       4.986      -0.2108
       4.994      -0.1914
       5.009      -0.1331
       5.016     -0.09426
       5.024     -0.05541
       5.032     -0.01657
       5.039       0.0417
       5.047      0.08055
       5.054      0.09997
       5.069       0.1388
       5.077       0.1582
       5.092       0.1971
         5.1       0.2165
       5.107       0.2165
       5.122       0.1777
        5.13       0.1582
       5.138       0.1194
       5.153      0.06113
        5.16       0.0417
       5.168     -0.01657
       5.175     -0.03599
       5.183     -0.07484
       5.198      -0.1137
       5.206      -0.1331
       5.221      -0.1137
       5.228     -0.07484
       5.236     -0.03599
       5.251     -0.03599
       5.259     -0.03599
       5.274     -0.09426
       5.281      -0.1331
       5.289       -0.172
       5.297      -0.2108
       5.304      -0.2302
       5.319      -0.2496
       5.327      -0.2302
       5.334      -0.1914
        5.35      -0.1331
       5.357      -0.1137
       5.365     -0.07484
       5.372     -0.05541
       5.387     -0.01657
       5.395     0.002856
        5.41      0.06113
       5.418      0.06113
       5.425      0.08055
        5.44      0.08055
       5.448      0.08055
       5.463      0.08055
       5.471      0.08055
       5.486      0.09997
       5.501       0.1194
       5.509       0.1388
       5.524       0.1388
       5.531       0.1194
       5.546      0.06113
       5.554       0.0417
       5.562     0.002856
       5.577     -0.03599
       5.584     -0.05541
       5.599     -0.05541
       5.615     -0.07484
       5.622     -0.07484
       5.637     -0.01657
       5.645     0.002856
       5.652       0.0417
        5.66      0.06113
       5.675      0.06113
        5.69     -0.01657
       5.698     -0.01657
       5.705     -0.01657
       5.721     -0.03599
       5.728     -0.01657
       5.736     0.002856
       5.743       0.0417
       5.751      0.08055
       5.758       0.1388
       5.766       0.1582
       5.781       0.2165
       5.789       0.2165
       5.804       0.2165
       5.819       0.1582
       5.827       0.1194
       5.842      0.08055
       5.857       0.0417
       5.864      0.02228
       5.872     -0.03599
        5.88     -0.07484
       5.887      -0.1331
       5.895      -0.2108
       5.902      -0.2691
        5.91      -0.3079
       5.925      -0.3662
       5.933      -0.3468
       5.948      -0.3079
       5.963      -0.2496
        5.97      -0.2108
       5.978      -0.1914
       5.993      -0.1137
       6.001     -0.07484
       6.008     -0.03599
       6.016       0.0417
       6.023      0.08055
       6.031       0.1388
       6.039       0.1777
       6.054       0.2359
       6.061       0.2554
       6.069       0.2748
       6.084       0.3136
       6.092        0.333
       6.107       0.3525
       6.114       0.3525
       6.122       0.3719
       6.137        0.333
       6.145       0.3136
        6.16       0.3136
       6.167        0.333
       6.182        0.333
        6.19       0.3136
       6.205       0.2748
       6.213       0.2359
        6.22       0.1971
       6.228       0.1194
       6.235      0.06113
       6.243     -0.05541
       6.251      -0.1331
       6.258      -0.2108
       6.266      -0.3079
       6.273      -0.3856
       6.281      -0.4633
       6.288      -0.5021
       6.288      -0.5604
       6.296      -0.6381
       6.304      -0.6964
       6.311      -0.7158
       6.326      -0.6575
       6.334      -0.5993
       6.341      -0.5021
       6.341      -0.5604
       6.349      -0.4633
       6.357       -0.405
       6.364      -0.3468
       6.372      -0.2691
       6.379      -0.2108
       6.387      -0.1331
       6.394     -0.05541
       6.402     0.002856
        6.41      0.06113
       6.425       0.1194
       6.432       0.1388
        6.44       0.1777
       6.455       0.2165
       6.463       0.2359
       6.478       0.2942
       6.485       0.3136
         6.5        0.333
       6.508        0.333
       6.523        0.333
       6.538       0.2942
       6.546       0.2942
       6.561       0.2748
       6.569       0.2554
       6.576       0.2165
       6.584       0.1388
       6.591      0.06113
       6.599      0.02228
       6.599     -0.03599
       6.606     -0.07484
       6.614      -0.1331
       6.622      -0.1914
       6.629      -0.2302
       6.637      -0.2691
       6.644      -0.2885
       6.659      -0.2885
       6.667      -0.2691
       6.675      -0.2496
        6.69      -0.2691
       6.697      -0.2496
       6.705      -0.2302
       6.712       -0.172
        6.72      -0.1137
       6.728     -0.07484
       6.743     -0.05541
        6.75     -0.05541
       6.765     -0.03599
       6.773     -0.01657
       6.781      0.02228
       6.788       0.0417
       6.803       0.0417
       6.818      0.02228
       6.826      0.02228
       6.841     0.002856
       6.849     -0.01657
       6.856     -0.01657
       6.871     -0.03599
       6.879     -0.05541
       6.894     -0.05541
       6.909     -0.09426
       6.917      -0.1525
       6.924      -0.1914
       6.932      -0.2302
       6.947      -0.2496
       6.955      -0.2302
       6.962      -0.1914
        6.97      -0.1525
       6.977     -0.09426
       6.985     -0.05541
       6.993     0.002856
           7       0.0417
       7.008      0.09997
       7.023       0.1388
       7.038       0.1777
       7.053       0.1582
       7.061       0.1194
       7.068      0.08055
       7.076      0.06113
       7.091       0.0417
       7.099      0.08055
       7.106       0.1194
       7.114       0.1582
       7.121       0.2165
       7.136       0.2359
       7.144       0.2165
       7.152       0.1777
       7.167       0.1194
       7.174      0.08055
       7.182       0.0417
       7.189     0.002856
       7.205     -0.05541
       7.212     -0.07484
        7.22     -0.05541
       7.242     -0.01657
        7.25     -0.01657
       7.265     -0.01657
       7.273     -0.01657
       7.288     -0.01657
       7.295     -0.01657
       7.303     -0.01657
       7.318     -0.03599
       7.326     -0.05541
       7.341     -0.09426
       7.356      -0.1331
       7.364      -0.1525
       7.379       -0.172
       7.386      -0.1331
       7.401     -0.09426
       7.409     -0.09426
       7.424      -0.1525
       7.432      -0.1914
       7.439      -0.2108
       7.454      -0.2108
       7.462      -0.1914
       7.477      -0.1331
       7.485     -0.09426
         7.5     -0.01657
       7.507       0.0417
       7.515      0.06113
       7.523       0.1194
        7.53       0.1582
       7.538       0.1777
       7.545       0.2165
       7.553       0.2554
       7.568       0.3136
       7.576        0.333
       7.583       0.3719
       7.598       0.3913
       7.606       0.3913
       7.621       0.3525
       7.629        0.333
       7.644       0.2554
       7.651       0.1582
       7.659      0.08055
       7.659     -0.03599
       7.666      -0.1331
       7.674      -0.2885
       7.682      -0.3856
       7.689      -0.4439
       7.697      -0.4633
       7.712      -0.4439
       7.719      -0.4245
       7.735      -0.3856
       7.742      -0.3273
        7.75      -0.2691
       7.757      -0.1914
       7.765      -0.1137
       7.772     -0.07484
        7.78     -0.01657
       7.795     0.002856
       7.803      0.02228
        7.81       0.0417
       7.825      0.08055
       7.833      0.08055
       7.848      0.09997
       7.863      0.08055
       7.871      0.08055
       7.886       0.1194
       7.894       0.1388
       7.901       0.1777
       7.909       0.2165
       7.924       0.2748
       7.931       0.2554
       7.939       0.2554
       7.954       0.2554
       7.962       0.2748
       7.969       0.2748
       7.977       0.2359
       7.984       0.1971
       7.992       0.1777
       8.007       0.1582
       8.015       0.1582
       8.037       0.1777
       8.045       0.1777
        8.06      0.09997
       8.068      0.06113
       8.075     0.002856
       8.083     -0.03599
        8.09     -0.09426
       8.098      -0.1525
       8.106      -0.2108
       8.113      -0.2885
       8.121      -0.3468
       8.128      -0.3856
       8.143      -0.4245
       8.151       -0.405
       8.166      -0.3662
       8.174      -0.3273
       8.181      -0.2691
       8.189      -0.1914
       8.196      -0.1137
       8.204     -0.05541
       8.212     -0.01657
       8.219       0.0417
       8.227      0.06113
       8.242      0.08055
       8.249      0.06113
       8.265      0.06113
       8.272      0.08055
        8.28      0.09997
       8.287       0.1388
       8.295       0.1971
       8.302       0.2359
        8.31       0.2554
       8.325       0.2942
       8.333       0.2942
        8.34       0.3136
       8.355       0.2554
       8.363       0.1971
       8.371       0.1194
       8.378      0.06113
       8.386     -0.05541
       8.393      -0.1137
       8.401      -0.1914
       8.408      -0.2496
       8.416      -0.3079
       8.424      -0.3273
       8.439      -0.3468
       8.446      -0.3468
       8.461      -0.3856
       8.469       -0.405
       8.484      -0.3662
       8.492      -0.3468
       8.499      -0.3079
       8.507      -0.2496
       8.514      -0.1914
       8.522      -0.1137
        8.53     -0.05541
       8.537      0.02228
       8.545      0.08055
       8.552       0.1194
        8.56       0.1582
       8.575       0.2165
       8.583       0.2359
        8.59       0.2554
       8.605       0.2554
       8.613       0.2554
       8.628       0.2748
       8.643       0.2942
       8.651       0.3136
       8.666       0.3136
       8.673       0.3136
       8.681       0.3136
       8.689       0.2748
       8.696       0.1971
       8.704       0.1194
       8.711      0.06113
       8.719     -0.05541
       8.726      -0.1525
       8.734      -0.2496
       8.742      -0.3079
       8.749      -0.3468
       8.757      -0.3662
       8.764      -0.3468
       8.779      -0.3079
       8.787      -0.3079
       8.795      -0.3079
        8.81      -0.3468
       8.817      -0.3662
       8.832      -0.3468
        8.84      -0.3079
       8.848      -0.2691
       8.855      -0.2302
       8.863      -0.2108
       8.878      -0.1525
       8.885      -0.1137
       8.893     -0.07484
       8.901     -0.03599
       8.908       0.0417
       8.908     -0.01657
       8.916      0.06113
       8.931       0.1194
       8.938       0.1194
       8.946       0.1388
       8.969       0.1388
       8.976       0.1388
