     0.01181      -0.1381
     0.01937     -0.05627
     0.02693     -0.01535
     0.03449      0.08696
     0.04205       0.1483
      0.0496       0.1893
     0.06472       0.2097
     0.07228       0.1483
     0.07984       0.1074
      0.0874       0.0665
     0.09496     0.005115
      0.1025     -0.03581
      0.1101     -0.07673
      0.1176      -0.1176
      0.1252      -0.1586
      0.1327      -0.2404
      0.1403      -0.3427
      0.1479      -0.3836
       0.163      -0.3632
      0.1705      -0.3018
      0.1781       -0.179
      0.1857       0.0665
      0.1857     -0.05627
      0.1932       0.1688
      0.2008       0.3325
      0.2083       0.4757
      0.2159       0.5371
      0.2235       0.5371
       0.231       0.4757
      0.2386       0.3529
      0.2461       0.1893
      0.2537      0.04604
      0.2612     -0.05627
      0.2688      -0.1176
      0.2764      -0.1381
      0.2915      -0.1381
       0.299      -0.1381
      0.3066      -0.1381
      0.3217      -0.1995
      0.3293      -0.2199
      0.3444       -0.179
       0.352     -0.09719
      0.3595      0.02558
      0.3671       0.1688
      0.3746       0.2302
      0.3897       0.2302
      0.3973       0.1483
      0.4049      0.08696
      0.4124     -0.01535
        0.42     -0.07673
      0.4275      -0.1586
      0.4351      -0.2404
      0.4427      -0.3018
      0.4502      -0.3632
      0.4578      -0.4041
      0.4653      -0.4041
      0.4729      -0.3632
      0.4804      -0.3018
       0.488      -0.2199
      0.4956      -0.1176
      0.5031      0.04604
      0.5031     -0.03581
      0.5107       0.1074
      0.5182       0.2097
      0.5258       0.2916
      0.5334       0.3529
      0.5409       0.3734
       0.556       0.4143
      0.5636       0.3734
      0.5712       0.3325
      0.5787       0.2506
      0.5863       0.1893
      0.5938       0.1074
      0.6014      0.02558
      0.6089     -0.07673
      0.6165      -0.1381
      0.6241       -0.179
      0.6316       -0.179
      0.6392      -0.1586
      0.6467     -0.09719
      0.6543     -0.03581
      0.6619      0.02558
      0.6694       0.0665
       0.677       0.0665
      0.6845      0.02558
      0.6921     -0.05627
      0.6996     -0.09719
      0.7072     -0.09719
      0.7148     -0.05627
      0.7223     -0.01535
      0.7299       0.0665
      0.7374       0.1279
       0.745       0.1688
      0.7526       0.2302
      0.7677       0.2506
      0.7752       0.2097
      0.7828       0.1074
      0.7904       0.0665
      0.7904     -0.03581
      0.7979      -0.1381
      0.8055      -0.2199
      0.8206      -0.2199
      0.8281      -0.1995
      0.8433      -0.1381
      0.8508     -0.09719
      0.8584     -0.03581
      0.8659     0.005115
      0.8735       0.0665
      0.8811       0.1279
      0.8886       0.2097
      0.8962       0.2916
      0.9037       0.3529
      0.9188       0.3529
      0.9264       0.2916
       0.934       0.1893
      0.9415      0.08696
      0.9491     -0.01535
      0.9566     -0.07673
      0.9642      -0.1176
      0.9793      -0.1586
      0.9869      -0.1381
      0.9944      -0.1176
       1.002     -0.05627
        1.01     -0.01535
       1.017       0.0665
       1.025      0.08696
       1.032       0.1279
        1.04       0.1483
       1.047       0.1483
       1.055      0.08696
       1.062      0.04604
        1.07     -0.01535
       1.078     -0.03581
       1.085     -0.01535
         1.1     -0.03581
       1.108     -0.09719
       1.115      -0.1586
       1.123      -0.1995
        1.13      -0.1995
       1.146       -0.179
       1.153      -0.1176
       1.161      0.04604
       1.161     -0.03581
       1.168      0.08696
       1.176       0.1688
       1.183       0.2302
       1.191       0.2302
       1.199       0.2097
       1.206       0.1279
       1.214      0.04604
       1.221     -0.03581
       1.229     -0.07673
       1.244     -0.05627
       1.251     -0.03581
       1.259     0.005115
       1.267     0.005115
       1.282     -0.01535
       1.297     -0.03581
       1.304     0.005115
       1.312      0.08696
       1.319       0.1483
       1.327       0.2097
       1.335       0.2711
       1.342       0.2916
       1.357       0.2506
       1.365       0.1893
       1.372       0.1279
        1.38       0.0665
       1.387     -0.01535
       1.395     -0.05627
       1.403      -0.1176
        1.41      -0.1381
       1.425      -0.1381
       1.433      -0.1381
        1.44       -0.179
       1.448      -0.2404
       1.456      -0.2813
       1.463      -0.2609
       1.471      -0.1995
       1.478     -0.09719
       1.486      0.02558
       1.493      0.08696
       1.508       0.0665
       1.508     0.005115
       1.516     -0.01535
       1.531     -0.01535
       1.539       0.0665
       1.539     0.005115
       1.546      0.08696
       1.561       0.1483
       1.569       0.1688
       1.584       0.1688
       1.592       0.1279
       1.599      0.08696
       1.607       0.0665
       1.622      0.02558
       1.629      0.04604
       1.637       0.0665
       1.644      0.02558
       1.652     -0.01535
        1.66     -0.07673
       1.667      -0.1381
       1.682      -0.1381
        1.69      -0.1176
       1.697     -0.05627
       1.705      0.04604
       1.705     -0.01535
       1.713      0.08696
        1.72       0.1279
       1.728       0.1279
       1.735      0.08696
       1.743      0.02558
        1.75     0.005115
       1.765     -0.01535
       1.773     -0.01535
       1.781     -0.01535
       1.788     -0.07673
       1.796      -0.1176
       1.803      -0.1586
       1.818       -0.179
       1.826      -0.1995
       1.841      -0.2404
       1.849      -0.2199
       1.856      -0.1381
       1.864      0.04604
       1.864     -0.05627
       1.871       0.1279
       1.879       0.2506
       1.886       0.3529
       1.901        0.312
       1.909       0.1893
       1.917      0.08696
       1.917     0.005115
       1.924     -0.05627
       1.932      -0.1586
       1.939      -0.2609
       1.947      -0.3223
       1.954      -0.3632
       1.962      -0.3427
        1.97      -0.3223
       1.977      -0.2813
       1.985      -0.2404
       1.992      -0.1995
           2      -0.1381
       2.007     -0.07673
       2.015      0.04604
       2.015     -0.01535
       2.022       0.1074
        2.03       0.1688
       2.038       0.2506
       2.053       0.2506
        2.06       0.2097
       2.068       0.1483
       2.075      0.08696
       2.083     0.005115
        2.09     -0.01535
       2.106     -0.01535
       2.113      0.02558
       2.121      0.04604
       2.136     0.005115
       2.143     -0.03581
       2.158     -0.01535
       2.166      0.08696
       2.166     0.005115
       2.174       0.1893
       2.181       0.2916
       2.189       0.3529
       2.204        0.312
       2.211       0.2097
       2.219       0.1074
       2.226      0.04604
       2.226     -0.05627
       2.234       -0.179
       2.242      -0.2813
       2.249      -0.3427
       2.257      -0.3427
       2.264      -0.2813
       2.272       -0.179
       2.279     -0.09719
       2.287       0.0665
       2.287     -0.01535
       2.295       0.1074
       2.302       0.1893
        2.31       0.2302
       2.317       0.2916
       2.325        0.312
        2.34       0.2916
       2.347       0.2302
       2.355       0.1688
       2.363       0.1074
       2.378       0.1074
       2.385       0.1074
       2.393       0.0665
         2.4     -0.01535
       2.408     -0.03581
       2.423     -0.05627
       2.431     -0.05627
       2.438     -0.03581
       2.453      0.04604
       2.461       0.1279
       2.468       0.2097
       2.476       0.2506
       2.491       0.2711
       2.499       0.2506
       2.514       0.1893
       2.521       0.1074
       2.529       0.0665
       2.529     -0.03581
       2.536      -0.1586
       2.544      -0.3018
       2.552      -0.4041
       2.567      -0.4041
       2.574      -0.3427
       2.582      -0.2404
       2.589      -0.1381
       2.597      0.04604
       2.597     -0.03581
       2.604       0.1074
       2.612       0.2302
        2.62       0.3325
       2.627       0.4143
       2.635       0.4757
       2.642       0.4348
        2.65       0.3734
       2.657        0.312
       2.665       0.2302
       2.672       0.1893
        2.68       0.1279
       2.688       0.0665
       2.688     0.005115
       2.695     -0.01535
        2.71     -0.07673
       2.718      -0.1176
       2.725       -0.179
       2.733      -0.1995
       2.748      -0.1995
       2.756      -0.1176
       2.763       0.0665
       2.763     -0.03581
       2.771       0.1483
       2.778       0.2711
       2.786       0.3529
       2.793        0.312
       2.801       0.1688
       2.809      0.08696
       2.809     -0.05627
       2.816      -0.1586
       2.824      -0.2813
       2.831      -0.3427
       2.846      -0.3836
       2.854      -0.3632
       2.861      -0.3223
       2.869      -0.2199
       2.877      -0.1176
       2.884      0.02558
       2.892       0.1279
       2.899       0.2302
       2.907       0.2711
       2.922       0.2916
       2.929       0.2506
       2.937       0.1893
       2.945       0.1483
       2.952       0.1074
        2.96       0.0665
       2.967      0.08696
       2.982       0.1074
        2.99       0.1074
       3.005       0.0665
       3.013      0.04604
       3.028       0.0665
       3.035      0.08696
       3.043       0.1279
        3.05       0.1688
       3.058       0.2097
       3.066       0.2506
       3.081       0.2711
       3.088       0.2097
       3.096       0.1074
       3.096     0.005115
       3.103     -0.07673
       3.111      -0.2199
       3.118      -0.3836
       3.126       -0.445
       3.141      -0.4041
       3.149      -0.3018
       3.156       -0.179
       3.164     -0.05627
       3.171      0.08696
       3.171     0.005115
       3.179       0.1688
       3.186       0.2506
       3.194       0.3325
       3.202       0.3734
       3.209       0.4143
       3.217       0.4143
       3.224       0.3734
       3.232       0.3325
       3.239       0.2506
       3.247       0.1688
       3.254      0.08696
       3.262      0.04604
       3.262     -0.01535
        3.27     -0.09719
       3.277      -0.1586
       3.285      -0.1586
       3.292      -0.1381
         3.3     -0.07673
       3.307      0.04604
       3.307     -0.01535
       3.315      0.08696
       3.323       0.1483
        3.33       0.1688
       3.338       0.1074
       3.345      0.04604
       3.353     -0.01535
       3.368     0.005115
       3.375      0.04604
       3.383       0.0665
       3.398       0.1074
       3.406       0.1074
       3.413       0.0665
       3.421     -0.03581
       3.428      -0.1176
       3.436       -0.179
       3.451       -0.179
       3.459      -0.1586
       3.466     -0.09719
       3.474     -0.05627
       3.481     0.005115
       3.489      0.04604
       3.504      0.02558
       3.519     -0.01535
       3.527     -0.03581
       3.534     -0.01535
       3.542      0.02558
       3.549      0.08696
       3.557       0.1279
       3.564       0.1074
       3.579      0.04604
       3.587       0.0665
       3.595       0.1279
       3.602       0.2097
        3.61       0.2506
       3.625       0.1893
       3.632       0.1074
        3.64       0.0665
       3.648     0.005115
       3.655      0.02558
        3.67      0.04604
       3.678      0.02558
       3.693      0.04604
         3.7      0.04604
       3.708     0.005115
       3.716     -0.03581
       3.723     -0.09719
       3.731       -0.179
       3.738      -0.1995
       3.746      -0.1381
       3.753       0.0665
       3.753     -0.03581
       3.761       0.1279
       3.768       0.2302
       3.776       0.2711
       3.784       0.2506
       3.791       0.2097
       3.799       0.1688
       3.806       0.1279
       3.814      0.08696
       3.829     -0.01535
       3.836     -0.05627
       3.844     -0.07673
       3.859     -0.09719
       3.867     -0.05627
       3.874     -0.03581
       3.889      0.04604
       3.897       0.0665
       3.905       0.1279
       3.912       0.2097
        3.92       0.2916
       3.927       0.3325
       3.935       0.2916
       3.942       0.2097
        3.95       0.1074
       3.957      0.04604
       3.957     -0.05627
       3.965      -0.1995
       3.973      -0.3223
        3.98      -0.4041
       3.995      -0.4041
       4.003      -0.3427
        4.01      -0.2609
       4.018       -0.179
       4.025      -0.1381
       4.033     -0.09719
       4.041     -0.03581
       4.048     0.005115
       4.056      0.08696
       4.063       0.1483
       4.071       0.1893
       4.078       0.2302
       4.086       0.2711
       4.093       0.3325
       4.101       0.4143
       4.109       0.4757
       4.124       0.4348
       4.131        0.312
       4.139       0.1483
       4.146       0.0665
       4.146     -0.07673
       4.154      -0.2199
       4.162      -0.3632
       4.169      -0.4246
       4.184      -0.3836
       4.192      -0.3223
       4.207      -0.1586
       4.214     -0.05627
       4.222     -0.01535
       4.237      0.04604
       4.245      0.04604
       4.252       0.0665
        4.26       0.1279
       4.267       0.1893
       4.275       0.2302
        4.29       0.1893
       4.298       0.1074
       4.298     0.005115
       4.305     -0.03581
       4.313      -0.1381
        4.32      -0.2404
       4.328      -0.3018
       4.335      -0.3223
        4.35      -0.3018
       4.358      -0.2609
       4.366      -0.1995
       4.373      -0.1586
       4.381     -0.09719
       4.388     -0.03581
       4.396       0.0665
       4.396     0.005115
       4.403       0.1074
       4.419       0.1483
       4.426       0.1483
       4.441       0.1279
       4.449       0.1279
       4.456       0.1074
       4.464       0.0665
       4.471     -0.03581
       4.479      -0.1381
       4.487      -0.2199
       4.494      -0.3018
       4.502      -0.3427
       4.509      -0.3427
       4.517      -0.3018
       4.524      -0.1995
       4.532     -0.07673
       4.539      0.08696
       4.539     0.005115
       4.547       0.1893
       4.555       0.2916
       4.562       0.3734
        4.57       0.4143
       4.577       0.3939
       4.585       0.3734
       4.592       0.3325
         4.6       0.2916
       4.607       0.2506
       4.615       0.2097
       4.623       0.1279
        4.63      0.02558
       4.638     -0.07673
       4.645       -0.179
       4.653      -0.2813
        4.66      -0.3427
       4.668      -0.3836
       4.676      -0.4041
       4.683      -0.3836
       4.691      -0.3018
       4.698      -0.2199
       4.706      -0.1176
       4.713     -0.03581
       4.721      0.04604
       4.721     0.005115
       4.728      0.04604
       4.736      0.04604
       4.744     0.005115
       4.751     -0.03581
       4.759     -0.05627
       4.766     -0.03581
       4.781     -0.01535
       4.789     -0.01535
       4.804     -0.05627
       4.812     -0.03581
       4.827     -0.03581
       4.834     -0.01535
       4.842      0.02558
       4.849      0.08696
       4.857       0.1688
       4.864       0.2097
        4.88       0.1688
       4.887       0.1074
       4.895      0.08696
        4.91      0.04604
       4.917     -0.01535
       4.925     -0.07673
       4.932      -0.1381
        4.94      -0.2199
       4.948      -0.2813
       4.955      -0.3223
       4.963      -0.3427
       4.978      -0.3018
       4.985      -0.2404
       4.993      -0.1176
       5.001       0.0665
       5.001     -0.03581
       5.008       0.1483
       5.016       0.2506
       5.023       0.3734
       5.031       0.4552
       5.038       0.4962
       5.053       0.5575
       5.061       0.5166
       5.069       0.4348
       5.076       0.3325
       5.084       0.2302
       5.091       0.1279
       5.099      0.02558
       5.106     -0.07673
       5.114       -0.179
       5.121      -0.2199
       5.129      -0.2609
       5.137      -0.3223
       5.144      -0.3632
       5.152      -0.4246
       5.159       -0.445
       5.174      -0.4246
       5.182      -0.3836
       5.189      -0.3427
       5.197      -0.2813
       5.205      -0.2199
       5.212      -0.1381
        5.22      0.04604
        5.22     -0.05627
       5.227       0.1074
       5.235       0.2302
       5.242        0.312
        5.25       0.3325
       5.265       0.2916
       5.273       0.2711
       5.288       0.2711
       5.295       0.2711
       5.303       0.2302
        5.31       0.1688
       5.318      0.08696
       5.326      0.04604
       5.326     0.005115
       5.333     -0.03581
       5.341     -0.07673
       5.348     -0.07673
       5.356     -0.05627
       5.363     -0.01535
       5.371      0.02558
       5.386      0.08696
       5.394       0.1483
       5.401       0.2097
       5.409       0.2506
       5.424       0.2097
       5.431       0.1688
       5.439       0.1074
       5.446       0.0665
       5.454     0.005115
       5.462     0.005115
       5.469     -0.01535
       5.477     -0.07673
       5.484      -0.1586
       5.492      -0.2609
       5.499      -0.3018
       5.507      -0.2609
       5.515       -0.179
       5.522     -0.07673
        5.53     -0.01535
       5.537      0.08696
       5.545       0.1483
       5.552       0.2302
        5.56       0.2916
       5.567       0.3529
       5.575       0.3939
        5.59       0.3734
       5.598       0.2711
       5.605       0.1483
       5.613      0.02558
        5.62     -0.09719
       5.628      -0.2404
       5.635      -0.3223
       5.643      -0.4041
       5.651      -0.4246
       5.666      -0.3836
       5.673      -0.2813
       5.681      -0.1381
       5.688      0.02558
       5.696       0.1893
       5.703       0.3325
       5.711       0.4757
       5.719       0.6189
       5.726       0.7417
       5.734       0.8031
       5.749       0.7212
       5.756       0.5985
       5.764       0.4143
       5.772       0.2097
       5.779     0.005115
       5.787      -0.1995
       5.794      -0.3632
       5.802      -0.4859
       5.809      -0.5678
       5.817      -0.6087
       5.824      -0.6087
       5.832      -0.5473
        5.84      -0.4655
       5.847      -0.3836
       5.855      -0.3018
       5.862      -0.2199
        5.87      -0.1586
       5.877     -0.09719
       5.885     -0.01535
       5.892      0.08696
         5.9       0.1483
       5.908       0.2097
       5.915        0.312
       5.923       0.4143
        5.93       0.4757
       5.938       0.5371
       5.945       0.5371
       5.953       0.4757
        5.96       0.3325
       5.968       0.1483
       5.968     0.005115
       5.976      -0.1176
       5.983      -0.3018
       5.991      -0.4859
       5.998      -0.5882
       6.006      -0.6087
       6.013      -0.5473
       6.021       -0.445
       6.029      -0.3427
       6.036      -0.2404
       6.044       -0.179
       6.051     -0.09719
       6.059     -0.01535
       6.066      0.04604
       6.066     0.005115
       6.074       0.0665
       6.089       0.1074
       6.097       0.1483
       6.104       0.2302
       6.112        0.312
       6.119       0.3734
       6.127       0.4552
       6.134       0.5371
       6.142       0.5575
       6.149       0.4552
       6.157       0.2711
       6.165      0.04604
       6.172      -0.1381
        6.18      -0.2404
       6.195      -0.2404
       6.202       -0.179
        6.21      -0.1381
       6.217     -0.07673
       6.233     -0.01535
        6.24     0.005115
       6.248      0.04604
       6.255      0.08696
       6.263       0.1279
        6.27       0.1483
       6.278       0.1483
       6.293       0.1074
       6.301      0.08696
       6.316       0.1074
       6.323      0.08696
       6.338     -0.01535
       6.346     -0.09719
       6.354      -0.1586
       6.361      -0.2404
       6.376      -0.2609
       6.384      -0.1995
       6.391      -0.1381
       6.399     -0.05627
       6.406      0.02558
       6.414       0.1074
       6.422       0.1893
       6.429       0.2302
       6.437       0.2916
       6.444       0.3325
       6.452       0.3734
       6.467        0.312
       6.474       0.2506
       6.482       0.1483
        6.49       0.0665
       6.497     0.005115
       6.505     0.005115
        6.52     0.005115
       6.527     -0.03581
       6.535      -0.1176
       6.542       -0.179
        6.55      -0.2199
       6.565       -0.179
       6.573      -0.1176
        6.58     -0.03581
       6.588     0.005115
       6.595      0.04604
       6.603       0.0665
       6.618       0.1074
       6.626       0.1279
       6.633       0.1688
       6.648       0.2097
       6.656       0.2302
       6.671        0.312
       6.679       0.3529
       6.694       0.3939
       6.701       0.3325
       6.709       0.2097
       6.716       0.1074
       6.716     -0.01535
       6.724      -0.1176
       6.731      -0.2199
       6.739      -0.2609
       6.747      -0.2609
       6.754      -0.1995
       6.762      -0.1586
       6.777      -0.1586
       6.784      -0.1586
       6.792      -0.1381
       6.799     -0.09719
       6.807     -0.03581
       6.815      0.02558
       6.822       0.1074
        6.83       0.1688
       6.837       0.2506
       6.845       0.3325
       6.852       0.3939
        6.86       0.4757
       6.868       0.5371
       6.875        0.578
       6.883       0.5575
        6.89       0.4757
       6.898       0.3529
       6.905       0.1893
       6.913     0.005115
        6.92      -0.1995
       6.928      -0.3836
       6.936      -0.5269
       6.943      -0.5882
       6.951      -0.5882
       6.958      -0.5678
       6.966      -0.5269
       6.973      -0.4859
       6.981      -0.4246
       6.988      -0.3632
       6.996      -0.2813
       7.004       -0.179
       7.011     -0.07673
       7.019      0.04604
       7.026       0.1483
       7.034       0.2506
       7.041        0.312
       7.049       0.3734
       7.056       0.4143
       7.064       0.4552
       7.072       0.4348
       7.079       0.3325
       7.087       0.1483
       7.094       0.0665
       7.094     -0.05627
       7.102       -0.179
       7.109      -0.2813
       7.117      -0.3632
       7.125       -0.445
       7.132      -0.5064
        7.14      -0.5473
       7.155      -0.5473
       7.162      -0.4859
        7.17      -0.4041
       7.177      -0.2609
       7.185      -0.1176
       7.193      0.02558
         7.2       0.1279
       7.208       0.2097
       7.215       0.2916
       7.223       0.3529
        7.23       0.3939
       7.238       0.3939
       7.245       0.3529
       7.253       0.2916
       7.261       0.2302
       7.268       0.1688
       7.276      0.08696
       7.283     -0.03581
       7.291      -0.1176
       7.298      -0.1995
       7.306      -0.2813
       7.313      -0.3223
       7.321      -0.3427
       7.336      -0.2609
       7.344       -0.179
       7.351     -0.09719
       7.359     -0.01535
       7.366       0.0665
       7.382       0.0665
       7.389      0.04604
       7.397     0.005115
       7.404     -0.01535
       7.412     -0.05627
       7.419     -0.09719
       7.427      -0.1586
       7.434       -0.179
        7.45      -0.1995
       7.457       -0.179
       7.465     -0.09719
       7.472       0.0665
       7.472     -0.03581
        7.48       0.1074
       7.487       0.1893
       7.495       0.2302
        7.51       0.2097
       7.518       0.1893
       7.533       0.2302
        7.54       0.2711
       7.548        0.312
       7.563       0.2711
        7.57       0.2097
       7.578       0.1279
       7.586      0.02558
       7.593     -0.03581
       7.601     -0.09719
       7.608     -0.09719
       7.616     -0.05627
       7.623     -0.03581
       7.638      0.04604
       7.646       0.0665
       7.661      0.08696
       7.669       0.0665
       7.676     -0.03581
       7.684      -0.1176
       7.691       -0.179
       7.707      -0.1995
       7.714      -0.1586
       7.722     -0.09719
       7.729     -0.01535
       7.737       0.0665
       7.744       0.1074
       7.752       0.1688
       7.759       0.2097
       7.767       0.2506
       7.782        0.312
        7.79       0.2711
       7.797       0.1893
       7.805      0.02558
       7.812      -0.1381
        7.82      -0.2813
       7.827      -0.4041
       7.835       -0.445
        7.85       -0.445
       7.858      -0.3836
       7.865      -0.2813
       7.873      -0.1586
        7.88      0.04604
        7.88     -0.03581
       7.888       0.1074
       7.895       0.2302
       7.903       0.3325
       7.911       0.3939
       7.918       0.4552
       7.933       0.4962
       7.941       0.4962
       7.948       0.4552
       7.964       0.4143
       7.971       0.3529
       7.979       0.2916
       7.986       0.1893
       7.994       0.1074
       8.001     -0.03581
       8.009      -0.1381
       8.016      -0.2404
       8.024      -0.3018
       8.032      -0.3427
       8.047      -0.3632
       8.054      -0.3427
       8.062      -0.3018
       8.069      -0.2609
       8.077       -0.179
       8.084     -0.09719
       8.092     -0.03581
         8.1       0.0665
       8.107       0.1074
       8.122       0.1688
       8.137       0.1688
       8.145       0.1688
       8.152       0.1279
        8.16       0.0665
        8.16     0.005115
       8.168     -0.05627
       8.175       -0.179
       8.183      -0.3018
        8.19      -0.3427
       8.198      -0.3018
       8.205      -0.2199
       8.213      -0.1381
       8.221     -0.07673
       8.236     -0.01535
       8.243     -0.01535
       8.251     0.005115
       8.266      0.02558
       8.273      0.04604
       8.281       0.0665
       8.289      0.08696
       8.304       0.1279
       8.311       0.1279
       8.319       0.1279
       8.334      0.08696
       8.341       0.0665
       8.364     -0.01535
       8.372     -0.07673
       8.379      -0.1586
       8.387      -0.2404
       8.394      -0.3018
       8.409      -0.2609
       8.417      -0.1995
       8.425      -0.1176
       8.432     -0.03581
        8.44     0.005115
       8.447       0.0665
       8.462       0.1279
        8.47       0.1279
       8.478       0.1483
       8.493       0.1279
         8.5       0.1688
       8.508       0.2097
       8.515        0.312
       8.523       0.3939
        8.53       0.4552
       8.538       0.4143
       8.546       0.2916
       8.553       0.1483
       8.561       0.0665
       8.561     -0.05627
       8.568      -0.1586
       8.576      -0.2404
       8.591      -0.2199
       8.598       -0.179
       8.606      -0.1176
       8.614     -0.05627
       8.621     -0.01535
       8.629       0.0665
       8.636       0.1074
       8.644       0.1483
       8.659       0.2097
       8.666       0.2302
       8.682       0.2916
       8.689       0.2916
       8.697       0.2097
       8.704       0.1279
       8.712      0.04604
       8.712     -0.03581
       8.719      -0.1381
       8.727      -0.2404
       8.735      -0.3018
        8.75      -0.3223
       8.757      -0.3223
       8.772      -0.3018
        8.78      -0.2199
        8.78      -0.2609
       8.787      -0.1586
       8.795     -0.05627
       8.803       0.1074
       8.803     0.005115
        8.81       0.2302
       8.818       0.3529
       8.825       0.4552
       8.833       0.4962
        8.84       0.4962
       8.848       0.4552
       8.855       0.3734
       8.863       0.2711
       8.871       0.1483
       8.878      0.02558
       8.886     -0.05627
       8.893      -0.1176
       8.908      -0.1381
       8.916      -0.1586
       8.923       -0.179
       8.939      -0.2199
       8.946      -0.2404
       8.961      -0.2404
       8.969      -0.1995
       8.976     -0.09719
