     0.01186       0.0874
     0.02699      0.06684
     0.03455      0.06684
     0.04212      0.06684
     0.05725      0.04627
     0.06481      0.04627
     0.07994      0.02571
     0.08751      0.02571
      0.1026     -0.01542
      0.1102     -0.01542
      0.1253     -0.01542
      0.1329     -0.01542
       0.148     -0.05656
      0.1556     -0.07712
      0.1707     -0.07712
      0.1783     -0.07712
      0.1934     -0.05656
       0.201     -0.03599
      0.2161     -0.03599
      0.2237     -0.03599
      0.2312     -0.01542
      0.2464     -0.03599
      0.2539     -0.03599
      0.2691     -0.05656
      0.2766     -0.05656
      0.2918     -0.03599
      0.3069     -0.01542
      0.3296      0.02571
      0.3447      0.04627
      0.3598      0.04627
      0.3674      0.04627
      0.3825      0.04627
      0.3901      0.06684
      0.4052       0.0874
      0.4128       0.0874
      0.4279       0.0874
      0.4355       0.0874
      0.4431       0.0874
      0.4582      0.06684
      0.4658      0.04627
      0.4809      0.02571
      0.4884     0.005141
      0.5036     -0.01542
      0.5187     -0.05656
      0.5263     -0.07712
      0.5414     -0.07712
      0.5565     -0.09769
      0.5641     -0.09769
      0.5792     -0.09769
      0.5868     -0.09769
      0.6019     -0.07712
      0.6171     -0.03599
      0.6322      0.02571
      0.6397      0.02571
      0.6473      0.04627
      0.6624      0.04627
        0.67      0.04627
      0.6851      0.02571
      0.6927     0.005141
      0.7078     -0.01542
      0.7154     -0.01542
      0.7305     -0.01542
      0.7381     -0.01542
      0.7532     -0.01542
      0.7608     -0.01542
      0.7759     -0.03599
      0.7835     -0.03599
      0.7986     -0.03599
      0.8062     -0.03599
      0.8213     -0.03599
      0.8289     -0.03599
       0.844     -0.01542
      0.8591     -0.01542
      0.8667      0.02571
      0.8818      0.02571
      0.8894      0.02571
      0.9045     -0.01542
      0.9121     -0.01542
      0.9272     -0.01542
      0.9348     -0.01542
      0.9423      0.02571
      0.9499      0.04627
       0.965      0.04627
      0.9726      0.06684
      0.9877       0.0874
      0.9953        0.108
        1.01        0.108
       1.018        0.108
       1.026        0.108
       1.041       0.0874
       1.048      0.06684
       1.063      0.02571
       1.071     0.005141
       1.086     -0.01542
       1.101     -0.03599
       1.109     -0.03599
       1.124     -0.05656
       1.131     -0.07712
       1.147     -0.07712
       1.162     -0.09769
       1.169     -0.07712
       1.184     -0.05656
       1.192     -0.01542
       1.207      0.02571
       1.215      0.04627
       1.222      0.06684
       1.237      0.06684
       1.245      0.06684
        1.26      0.04627
       1.268      0.04627
       1.283     -0.01542
        1.29     -0.01542
       1.305     -0.05656
       1.313     -0.07712
       1.328     -0.07712
       1.343     -0.09769
       1.351     -0.09769
       1.358     -0.07712
       1.374     -0.07712
       1.389     -0.07712
       1.404     -0.09769
       1.411     -0.09769
       1.426     -0.09769
       1.434     -0.07712
       1.449     -0.05656
       1.464     -0.05656
       1.472     -0.03599
       1.487     -0.01542
       1.495     -0.01542
        1.51      0.02571
       1.517      0.04627
       1.532      0.04627
        1.54      0.04627
       1.555      0.04627
        1.57      0.04627
       1.585      0.04627
         1.6      0.04627
       1.608      0.04627
       1.623      0.04627
       1.638      0.02571
       1.646      0.02571
       1.661     -0.01542
       1.669     -0.01542
       1.684     -0.01542
       1.691     -0.01542
       1.714     0.005141
       1.722     0.005141
       1.737     -0.01542
       1.744     -0.01542
       1.759     -0.01542
       1.774     0.005141
        1.79     0.005141
       1.805      0.02571
       1.812      0.04627
       1.827      0.06684
       1.835       0.0874
        1.85        0.108
       1.865        0.108
       1.873        0.108
       1.888        0.108
       1.896        0.108
       1.911        0.108
       1.926       0.0874
       1.933      0.06684
       1.948      0.02571
       1.956     -0.01542
       1.964     -0.01542
       1.986     -0.03599
       1.994     -0.03599
       2.001     -0.01542
       2.017     -0.01542
       2.024     -0.01542
       2.039     -0.01542
       2.062     -0.01542
       2.077     -0.01542
       2.085     -0.01542
         2.1     -0.03599
       2.107     -0.05656
       2.122     -0.09769
        2.13      -0.1183
       2.145      -0.1594
       2.153      -0.1594
        2.16      -0.1594
       2.175      -0.1799
       2.183      -0.2005
       2.191      -0.2005
       2.206      -0.2005
       2.213      -0.1799
       2.221      -0.1594
       2.236     -0.09769
       2.244     -0.05656
       2.251     -0.01542
       2.259     -0.01542
       2.266      0.02571
       2.274      0.04627
       2.289       0.0874
       2.304       0.0874
       2.312       0.0874
       2.327      0.06684
       2.334      0.06684
       2.342      0.06684
       2.357      0.04627
       2.365      0.06684
        2.38      0.04627
       2.387      0.04627
       2.402      0.04627
        2.41      0.04627
       2.425      0.02571
       2.433      0.02571
       2.455      0.02571
       2.463      0.02571
       2.478      0.04627
       2.493      0.04627
       2.501      0.04627
       2.516      0.06684
       2.523       0.0874
       2.539       0.0874
       2.546       0.0874
       2.561      0.04627
       2.576     -0.01542
       2.584     -0.05656
       2.591     -0.05656
       2.607     -0.07712
       2.614     -0.07712
       2.629     -0.07712
       2.644     -0.07712
       2.652     -0.07712
       2.667     -0.05656
       2.682     -0.05656
        2.69     -0.07712
       2.705     -0.07712
       2.713     -0.05656
       2.728     -0.05656
       2.735     -0.03599
        2.75      0.02571
       2.758      0.04627
       2.773      0.04627
       2.788      0.06684
       2.803      0.06684
       2.811      0.06684
       2.826      0.06684
       2.841      0.04627
       2.849      0.04627
       2.864      0.02571
       2.871      0.02571
       2.887      0.02571
       2.894      0.02571
       2.909      0.02571
       2.917      0.02571
       2.932      0.02571
       2.939      0.02571
       2.955     0.005141
       2.962     0.005141
       2.985      0.02571
       2.992      0.02571
           3      0.04627
       3.015      0.04627
       3.023      0.02571
        3.03     -0.01542
       3.038     -0.03599
       3.053     -0.03599
       3.061     -0.01542
       3.083     0.005141
       3.091     0.005141
       3.106     -0.01542
       3.113     -0.03599
       3.121     -0.03599
       3.136     -0.05656
       3.144     -0.05656
       3.159     -0.05656
       3.166     -0.05656
       3.189     -0.05656
       3.197     -0.03599
       3.212     -0.03599
       3.219     -0.03599
       3.227     -0.03599
       3.242     -0.05656
        3.25     -0.05656
       3.265     -0.05656
       3.272     -0.05656
       3.287     -0.03599
       3.303     -0.01542
        3.31     -0.01542
       3.356     -0.01542
       3.363     -0.01542
       3.386     -0.01542
       3.393     -0.01542
       3.431     -0.01542
       3.439     -0.01542
       3.461     -0.01542
       3.484     -0.01542
       3.492      0.02571
       3.507      0.02571
       3.514      0.02571
        3.53      0.04627
       3.545      0.04627
       3.552      0.04627
       3.567      0.06684
       3.582       0.0874
        3.59        0.108
       3.605        0.108
       3.613        0.108
       3.628       0.0874
       3.635       0.0874
       3.651      0.06684
       3.658      0.04627
       3.681     -0.01542
       3.688     -0.01542
       3.704     -0.01542
       3.719     -0.01542
       3.726     -0.01542
       3.741     -0.01542
       3.749     0.005141
       3.764     0.005141
       3.772     0.005141
       3.787     0.005141
       3.794     -0.01542
       3.802     -0.01542
       3.817     -0.03599
       3.825     -0.03599
        3.84     -0.05656
       3.847     -0.07712
       3.855     -0.07712
        3.87     -0.07712
       3.878     -0.05656
       3.893     -0.03599
         3.9     -0.03599
       3.915     -0.03599
       3.923     -0.01542
       3.938     -0.01542
       3.946     -0.01542
       3.961     -0.01542
       3.968     -0.01542
       3.991     -0.01542
       3.999     -0.01542
       4.006     -0.01542
       4.021     -0.03599
       4.029     -0.05656
       4.044     -0.05656
       4.052     -0.05656
       4.067     -0.05656
       4.074     -0.05656
       4.089     -0.05656
       4.104     -0.03599
       4.112     -0.03599
       4.127      0.02571
       4.135      0.04627
        4.15       0.0874
       4.157       0.0874
       4.165        0.108
        4.18        0.108
       4.188        0.108
       4.203       0.0874
       4.218      0.04627
       4.226      0.02571
       4.241      0.02571
       4.248      0.02571
       4.263     -0.01542
       4.271     -0.01542
       4.286     -0.03599
       4.294     -0.05656
       4.309     -0.05656
       4.316     -0.05656
       4.331     -0.03599
       4.347     -0.01542
       4.354     -0.01542
       4.369     -0.05656
       4.377     -0.07712
       4.392     -0.07712
         4.4     -0.05656
       4.415     -0.03599
       4.422     -0.03599
       4.437     -0.01542
       4.445     -0.01542
        4.46     -0.03599
       4.468     -0.03599
       4.483     -0.03599
       4.498     -0.03599
       4.505     -0.03599
       4.521     0.005141
       4.528      0.02571
       4.536      0.04627
       4.551      0.06684
       4.558       0.0874
       4.574       0.0874
       4.589      0.06684
       4.604      0.02571
       4.611     -0.01542
       4.619     -0.01542
       4.634     -0.03599
       4.642     -0.05656
       4.649     -0.03599
       4.664     -0.01542
       4.672     -0.01542
       4.687     -0.01542
       4.695     -0.01542
        4.71     -0.01542
       4.717     -0.01542
       4.732     -0.01542
        4.74     -0.01542
       4.755     -0.01542
       4.763     -0.01542
       4.778     -0.01542
       4.785     -0.01542
         4.8      0.02571
       4.808      0.02571
       4.823      0.02571
       4.831      0.04627
       4.846      0.06684
       4.853      0.06684
       4.869       0.0874
       4.876       0.0874
       4.891       0.0874
       4.899       0.0874
       4.914      0.04627
       4.921      0.02571
       4.929     -0.01542
       4.944     -0.05656
       4.952     -0.07712
       4.967     -0.07712
       4.974     -0.05656
        4.99     -0.03599
       4.997     -0.03599
       5.005     -0.01542
        5.02      0.02571
       5.027      0.04627
       5.043      0.04627
        5.05      0.06684
       5.065      0.06684
       5.073      0.06684
       5.088      0.06684
       5.095      0.04627
       5.103      0.04627
       5.118     0.005141
       5.126     -0.01542
       5.141     -0.03599
       5.156     -0.07712
       5.164     -0.09769
       5.171     -0.09769
       5.186      -0.1183
       5.194     -0.09769
       5.201     -0.07712
       5.217     -0.03599
       5.224     -0.01542
       5.239     0.005141
       5.247      0.02571
       5.262      0.04627
       5.269      0.06684
       5.285      0.06684
       5.292      0.06684
         5.3      0.06684
       5.315      0.02571
       5.322     0.005141
       5.338     -0.01542
       5.345     -0.01542
        5.36     -0.01542
       5.368     -0.01542
       5.383     -0.03599
       5.398     -0.07712
       5.406     -0.07712
       5.421     -0.07712
       5.428     -0.07712
       5.443     -0.07712
       5.451     -0.07712
       5.466     -0.09769
       5.474      -0.1183
       5.489     -0.09769
       5.504     -0.07712
       5.512     -0.07712
       5.527     -0.07712
       5.534     -0.07712
       5.549     -0.03599
       5.565     -0.01542
       5.572     -0.01542
       5.587      0.04627
       5.602       0.0874
        5.61       0.0874
       5.625       0.0874
        5.64       0.0874
       5.648      0.06684
       5.663      0.06684
        5.67      0.06684
       5.686      0.04627
       5.693      0.04627
       5.708      0.02571
       5.716     -0.01542
       5.723     -0.01542
       5.739     -0.03599
       5.746     -0.03599
       5.761     -0.01542
       5.769     -0.01542
       5.784      0.02571
       5.791      0.04627
       5.807      0.04627
       5.814      0.06684
       5.829      0.06684
       5.837      0.06684
       5.852      0.06684
        5.86      0.06684
       5.875      0.06684
       5.882      0.06684
        5.89      0.06684
       5.905      0.02571
       5.912     0.005141
       5.928     -0.03599
       5.935     -0.03599
        5.95     -0.05656
       5.958     -0.05656
       5.973     -0.03599
       5.981     -0.01542
       5.996      0.02571
       6.003      0.04627
       6.018      0.04627
       6.026      0.04627
       6.041      0.04627
       6.056      0.02571
       6.071     0.005141
       6.086     -0.01542
       6.094     -0.01542
       6.109     -0.05656
       6.117     -0.05656
       6.124     -0.05656
       6.139     -0.07712
       6.147     -0.07712
       6.162      -0.1183
        6.17      -0.1183
       6.185      -0.1388
       6.192      -0.1388
         6.2      -0.1183
       6.215     -0.09769
       6.223     -0.07712
       6.238     -0.03599
       6.253     -0.01542
        6.26     -0.01542
       6.276     -0.01542
       6.298      0.02571
       6.306      0.04627
       6.321      0.04627
       6.329      0.04627
       6.344      0.04627
       6.351      0.06684
       6.366       0.1285
       6.374       0.1491
       6.389       0.1902
       6.397       0.1902
       6.412       0.1697
       6.419        0.108
       6.427      0.06684
       6.434     -0.01542
       6.442     -0.05656
        6.45      -0.1183
       6.457      -0.1388
       6.472      -0.1799
        6.48      -0.1799
       6.487      -0.1594
       6.495      -0.1183
       6.503     -0.09769
        6.51     -0.05656
       6.518     -0.03599
       6.533     0.005141
        6.54      0.02571
       6.548      0.04627
       6.563      0.06684
       6.571      0.06684
       6.586      0.06684
       6.601      0.02571
       6.608     0.005141
       6.624     -0.01542
       6.631     -0.01542
       6.646     -0.03599
       6.654     -0.03599
       6.669     -0.03599
       6.677     -0.01542
       6.692     -0.01542
       6.699     -0.01542
       6.714     -0.01542
       6.722     -0.01542
       6.737     -0.03599
       6.745     -0.03599
        6.76     -0.03599
       6.767     -0.03599
       6.782     -0.03599
        6.79     -0.03599
       6.805     -0.03599
        6.82     -0.05656
       6.828     -0.05656
       6.835     -0.03599
       6.851     -0.01542
       6.858      0.02571
       6.873      0.04627
       6.888      0.04627
       6.896      0.04627
       6.911      0.02571
       6.919      0.02571
       6.941     0.005141
       6.949     0.005141
       6.964     -0.01542
       6.972     -0.01542
       6.987     -0.01542
       6.994     -0.01542
       7.002      0.02571
       7.009      0.04627
       7.025      0.04627
       7.032      0.04627
        7.04      0.06684
       7.055      0.06684
       7.062      0.06684
       7.077      0.06684
       7.093      0.04627
         7.1      0.04627
       7.115      0.04627
        7.13      0.02571
       7.138     0.005141
       7.153     -0.01542
       7.168     -0.05656
       7.183     -0.07712
       7.199     -0.07712
       7.206     -0.07712
       7.221     -0.07712
       7.229     -0.05656
       7.244     -0.03599
       7.259     -0.05656
       7.267     -0.05656
       7.274     -0.05656
       7.289     -0.07712
       7.297     -0.09769
       7.312     -0.09769
       7.327     -0.09769
       7.335     -0.09769
        7.35     -0.07712
       7.365     -0.05656
       7.373     -0.03599
       7.388     -0.03599
       7.395     -0.03599
        7.41     -0.03599
       7.418     -0.03599
       7.425     -0.01542
       7.441      0.02571
       7.448      0.04627
       7.463      0.04627
       7.471      0.06684
       7.486      0.06684
       7.494       0.0874
       7.509       0.0874
       7.516       0.0874
       7.524       0.0874
       7.539      0.06684
       7.547      0.06684
       7.562      0.04627
       7.584     0.005141
       7.599     -0.01542
       7.615     -0.01542
        7.63     -0.03599
       7.637     -0.03599
       7.652     -0.03599
        7.66     -0.01542
       7.675     -0.01542
       7.683     0.005141
       7.698      0.02571
       7.705      0.04627
       7.721      0.02571
       7.728      0.02571
       7.743     -0.01542
       7.751     -0.01542
       7.766     -0.01542
       7.781     -0.01542
       7.796     -0.01542
       7.804     -0.01542
       7.819     -0.01542
       7.834     -0.01542
       7.842     -0.01542
       7.857      0.02571
       7.864      0.04627
       7.879      0.02571
       7.887      0.02571
       7.902      0.02571
        7.91      0.02571
       7.925      0.02571
       7.932     -0.01542
       7.947     -0.01542
       7.955     -0.01542
        7.97     -0.01542
       7.978     -0.01542
       7.985     -0.01542
           8     -0.03599
       8.008     -0.05656
       8.023     -0.03599
       8.038     -0.01542
       8.046     -0.01542
       8.061      0.02571
       8.068      0.04627
       8.084       0.1285
       8.091       0.1491
       8.106       0.1697
       8.114       0.1697
       8.129       0.1491
       8.137       0.1285
       8.152       0.0874
       8.167      0.04627
       8.182     -0.01542
       8.197     -0.01542
       8.205     -0.01542
        8.22     -0.01542
       8.227     -0.01542
       8.242     -0.01542
        8.25     -0.01542
       8.258     -0.01542
       8.273     -0.05656
        8.28     -0.05656
       8.295     -0.05656
       8.303     -0.05656
       8.318     -0.05656
       8.333      -0.1183
       8.348      -0.1388
       8.356      -0.1183
       8.371      -0.1799
       8.379      -0.2416
       8.386      -0.2622
       8.401      -0.2416
       8.409      -0.1799
       8.416      -0.1388
       8.424      -0.1183
       8.439      -0.1388
       8.447      -0.1799
       8.462      -0.2416
       8.469      -0.2622
       8.477      -0.2416
       8.485      -0.2005
       8.492      -0.1594
         8.5     -0.09769
       8.507     -0.03599
       8.515     -0.01542
       8.522      0.02571
        8.53      0.02571
       8.545     -0.01542
       8.553     -0.01542
       8.568     -0.03599
       8.575     -0.03599
       8.583     -0.01542
       8.598     -0.01542
       8.613      0.04627
       8.621       0.0874
       8.628       0.1902
       8.636       0.3342
       8.643       0.4576
       8.651        0.581
       8.651       0.5193
       8.659       0.6221
       8.674       0.6427
       8.681       0.6015
       8.689       0.5604
       8.696       0.4987
       8.696        0.437
       8.704       0.3959
       8.712       0.3548
       8.712       0.2725
       8.719       0.2314
       8.727       0.1697
       8.734       0.1285
       8.749       0.0874
       8.757      0.06684
       8.764      0.06684
        8.78      0.02571
       8.787     -0.01542
       8.795     -0.01542
        8.81     -0.01542
       8.817     0.005141
       8.825      0.04627
       8.833      0.04627
        8.84      0.04627
       8.848     0.005141
       8.855     -0.03599
       8.863     -0.07712
        8.87      -0.1183
       8.878      -0.1594
       8.886      -0.2005
       8.893      -0.2211
       8.908      -0.2622
       8.916      -0.2622
       8.931      -0.3033
       8.938      -0.3033
       8.954      -0.2005
       8.961      -0.1183
       8.969     -0.03599
       8.976      0.04627
