     0.01186      0.02571
     0.01942       0.0437
     0.02699      0.09769
     0.03455       0.1337
     0.04212       0.1517
     0.05725       0.2057
     0.06481       0.2057
     0.07994       0.1697
     0.09507       0.1157
      0.1026      0.07969
      0.1102       0.0437
      0.1178     -0.01028
      0.1253     -0.02828
      0.1405     -0.06427
       0.148     -0.08226
      0.1632     -0.08226
      0.1707     -0.08226
      0.1859      -0.1003
      0.1934      -0.1183
      0.2085      -0.1362
      0.2161      -0.1362
      0.2312      -0.1362
      0.2388      -0.1362
      0.2539      -0.1003
      0.2615     -0.06427
      0.2691     -0.02828
      0.2766     0.007712
      0.2918       0.0617
      0.2993      0.07969
      0.3145       0.1337
       0.322       0.1517
      0.3371       0.1877
      0.3447       0.1877
      0.3523       0.1877
      0.3598       0.1517
      0.3674       0.1337
      0.3825      0.09769
      0.3901      0.07969
      0.4052       0.0437
      0.4128      0.02571
      0.4279     0.007712
      0.4355     -0.01028
      0.4506     -0.01028
      0.4582     -0.01028
      0.4733     -0.01028
      0.4809     -0.01028
       0.496      0.02571
      0.5036       0.0437
      0.5187       0.0617
      0.5263       0.0437
      0.5414       0.0437
       0.549       0.0617
      0.5641      0.07969
      0.5792      0.09769
      0.5944       0.1157
      0.6019       0.1337
      0.6171       0.1697
      0.6246       0.1697
      0.6397       0.1517
      0.6473       0.1157
      0.6549      0.09769
      0.6624       0.0617
      0.6776     -0.01028
      0.6851     -0.04627
      0.6927     -0.08226
      0.7003      -0.1003
      0.7154      -0.1542
       0.723      -0.1722
      0.7305      -0.2082
      0.7381      -0.2442
      0.7457      -0.2622
      0.7608      -0.2982
      0.7683      -0.3162
      0.7835      -0.3342
       0.791      -0.3342
      0.8062      -0.3522
      0.8137      -0.3522
      0.8289      -0.2982
      0.8364      -0.2802
       0.844      -0.2262
      0.8516      -0.1722
      0.8591      -0.1362
      0.8667     -0.08226
      0.8743     -0.02828
      0.8818       0.0437
      0.8818     -0.01028
      0.8894      0.07969
      0.9045       0.1697
      0.9121       0.1697
      0.9272       0.1697
      0.9348       0.1697
      0.9499       0.1337
       0.965       0.1157
      0.9802       0.1157
      0.9877      0.07969
      0.9953       0.0617
        1.01      0.02571
       1.018      0.02571
       1.033       0.0437
       1.041       0.0617
       1.056      0.07969
       1.063      0.09769
       1.071       0.1157
       1.086      0.09769
       1.094      0.07969
       1.101      0.07969
       1.116      0.09769
       1.124       0.1337
       1.131       0.1697
       1.139       0.1877
       1.154       0.1877
       1.162       0.2057
       1.177       0.2237
       1.184       0.2237
         1.2       0.1877
       1.207       0.1517
       1.215       0.1157
       1.222      0.07969
        1.23       0.0437
       1.237     0.007712
       1.245     -0.04627
       1.253     -0.08226
        1.26      -0.1183
       1.268      -0.1542
       1.283      -0.1902
        1.29      -0.1902
       1.305      -0.1722
       1.313      -0.1722
       1.328      -0.1722
       1.336      -0.1722
       1.351      -0.1722
       1.358      -0.1722
       1.374      -0.1722
       1.381      -0.1902
       1.389      -0.1902
       1.404      -0.1542
       1.411      -0.1362
       1.426     -0.08226
       1.434     -0.04627
       1.442     0.007712
       1.449       0.0617
       1.457      0.09769
       1.472       0.1337
       1.479       0.1337
       1.495       0.1157
       1.502       0.1337
       1.517       0.1337
       1.525       0.1337
        1.54       0.1157
       1.548       0.1157
       1.555       0.1157
        1.57      0.07969
       1.578       0.0617
       1.593      0.02571
         1.6     0.007712
       1.616     -0.01028
       1.623     -0.01028
       1.638     -0.02828
       1.646     -0.01028
       1.661     -0.01028
       1.669     -0.01028
       1.684       0.0437
       1.691      0.07969
       1.699       0.1157
       1.706       0.1697
       1.722       0.2057
       1.729       0.2237
       1.744       0.2596
       1.752       0.2596
       1.767       0.2057
       1.774       0.1697
       1.782       0.1517
        1.79       0.1157
       1.797      0.07969
       1.805       0.0617
        1.82     -0.01028
       1.827     -0.04627
       1.843     -0.08226
        1.85      -0.1183
       1.858      -0.1183
       1.873      -0.1542
        1.88      -0.1902
       1.896      -0.2262
       1.903      -0.2442
       1.918      -0.2442
       1.926      -0.2262
       1.941      -0.2082
       1.948      -0.2082
       1.956      -0.1542
       1.964      -0.1003
       1.971     0.007712
       1.979       0.0617
       1.986       0.1157
       1.994       0.1337
       2.001       0.1517
       2.009       0.1877
       2.017       0.2237
       2.032       0.2237
       2.039       0.2057
       2.047       0.2057
       2.062       0.1517
       2.077      0.07969
       2.085       0.0437
       2.092     -0.01028
         2.1     -0.04627
       2.107      -0.1003
       2.115      -0.1362
        2.13      -0.1722
       2.138      -0.2082
       2.145      -0.2082
        2.16      -0.2262
       2.168      -0.2262
       2.183      -0.2262
       2.191      -0.2262
       2.206      -0.2262
       2.213      -0.2082
       2.221      -0.1902
       2.228      -0.1542
       2.236      -0.1362
       2.244      -0.1003
       2.251     -0.08226
       2.259     -0.02828
       2.266       0.0437
       2.266     -0.01028
       2.274       0.0617
       2.289      0.09769
       2.296      0.07969
       2.304       0.0617
       2.319      0.02571
       2.327     -0.01028
       2.334     -0.01028
       2.349     -0.04627
       2.357     -0.06427
        2.38      -0.1003
       2.387      -0.1183
       2.402      -0.1362
       2.418      -0.1362
       2.425      -0.1362
        2.44      -0.1362
       2.448      -0.1183
       2.463      -0.1003
        2.47     -0.06427
       2.478     -0.04627
       2.493      0.02571
       2.501       0.0617
       2.516      0.09769
       2.523       0.1337
       2.531       0.1517
       2.539       0.1877
       2.546       0.2596
       2.554       0.2956
       2.561       0.3496
       2.576       0.3676
       2.584       0.3676
       2.599       0.3316
       2.607       0.3136
       2.614       0.2776
       2.629       0.2237
       2.637       0.1877
       2.644       0.1517
       2.652       0.1337
       2.667      0.07969
       2.675       0.0617
        2.69     0.007712
       2.697     -0.01028
       2.713     -0.01028
       2.728     -0.02828
       2.735     -0.01028
        2.75     -0.01028
       2.758     -0.01028
       2.773     -0.01028
       2.781     -0.01028
       2.796     -0.02828
       2.803     -0.02828
       2.811     -0.01028
       2.826       0.0437
       2.834       0.0617
       2.841       0.1157
       2.849       0.1337
       2.864       0.1877
       2.871       0.2057
       2.887       0.2416
       2.894       0.2596
       2.902       0.2596
       2.917       0.2057
       2.932       0.1697
       2.939       0.1517
       2.955      0.09769
       2.962       0.0437
        2.97     0.007712
       2.977     -0.01028
       2.985     -0.04627
       2.992     -0.06427
           3      -0.1003
       3.008      -0.1362
       3.015      -0.1722
        3.03      -0.2262
       3.038      -0.2442
       3.053      -0.2982
       3.061      -0.3162
       3.068      -0.3162
       3.083      -0.3342
       3.091      -0.3522
       3.106      -0.3522
       3.113      -0.3342
       3.129      -0.3162
       3.136      -0.2982
       3.151      -0.2622
       3.159      -0.2082
       3.166      -0.1542
       3.174      -0.1183
       3.182     -0.08226
       3.197     -0.06427
       3.204     -0.04627
       3.219     -0.04627
       3.227     -0.02828
       3.242     -0.04627
        3.25     -0.04627
       3.265     -0.04627
       3.272     -0.02828
       3.287     -0.02828
       3.295     -0.02828
        3.31     -0.01028
       3.318     -0.01028
       3.378     -0.01028
       3.386     -0.01028
       3.393      0.02571
       3.401       0.0437
       3.409      0.09769
       3.416       0.1517
       3.424       0.2057
       3.431       0.2596
       3.439       0.2956
       3.454       0.3136
       3.461       0.3136
       3.477       0.2596
       3.484       0.2237
       3.492       0.1877
       3.499       0.1517
       3.507       0.1157
       3.514      0.07969
       3.522       0.0617
       3.537     -0.01028
       3.545     -0.02828
        3.56     -0.08226
       3.567     -0.08226
       3.582      -0.1183
        3.59      -0.1362
       3.605      -0.1722
       3.613      -0.1902
        3.62      -0.1722
       3.635      -0.1722
       3.643      -0.1722
       3.658      -0.1722
       3.666      -0.1722
       3.673      -0.1542
       3.681      -0.1362
       3.688      -0.1003
       3.696     -0.06427
       3.704     -0.02828
       3.711     0.007712
       3.719       0.0617
       3.726      0.09769
       3.734       0.1337
       3.741       0.1697
       3.756       0.1877
       3.764       0.1877
       3.779       0.1877
       3.787       0.1877
       3.802       0.1517
       3.809       0.1517
       3.825       0.1157
       3.832       0.1157
       3.847      0.09769
       3.855      0.07969
        3.87      0.07969
       3.885       0.0617
       3.893       0.0617
       3.908       0.0437
       3.915       0.0437
        3.93      0.02571
       3.946     -0.01028
       3.961     -0.01028
       3.976     0.007712
       3.991     -0.01028
       3.999     -0.01028
       4.014     -0.02828
       4.021     -0.01028
       4.036     -0.01028
       4.044     -0.01028
       4.059     -0.01028
       4.074     -0.04627
       4.082     -0.06427
       4.097     -0.08226
       4.104      -0.1003
        4.12      -0.1362
       4.127      -0.1362
       4.142      -0.1362
        4.15      -0.1362
       4.157      -0.1362
        4.18      -0.1542
       4.188      -0.1362
       4.203      -0.1183
        4.21      -0.1003
       4.226      -0.1003
       4.241      -0.1362
       4.248      -0.1183
       4.256      -0.1003
       4.263     -0.06427
       4.271     -0.01028
       4.278      0.02571
       4.286       0.0437
       4.301      0.09769
       4.309       0.1337
       4.324       0.1877
       4.331       0.1877
       4.347       0.1877
       4.362       0.1517
       4.369       0.1337
       4.377       0.1157
       4.384      0.07969
         4.4       0.0437
       4.407      0.02571
       4.422     0.007712
        4.43     0.007712
       4.445      0.02571
       4.452      0.02571
       4.475      0.02571
       4.483       0.0437
       4.498       0.0617
       4.505       0.0617
       4.521       0.0617
       4.528       0.0617
       4.543      0.09769
       4.551       0.1337
       4.558       0.1517
       4.581       0.2237
       4.589       0.2237
       4.604       0.2237
       4.619       0.1877
       4.626       0.1697
       4.634       0.1517
       4.649      0.09769
       4.657       0.0617
       4.664       0.0437
       4.672     -0.01028
       4.679     -0.02828
       4.687     -0.06427
       4.702      -0.1003
        4.71      -0.1183
       4.725      -0.1542
       4.732      -0.1722
       4.747      -0.2082
       4.755      -0.2262
       4.763      -0.2262
       4.778      -0.2622
       4.785      -0.2802
       4.793      -0.2982
         4.8      -0.3342
       4.816      -0.3702
       4.823      -0.3522
       4.831      -0.3162
       4.838      -0.2802
       4.846      -0.2262
       4.853      -0.1722
       4.861      -0.1183
       4.869     -0.04627
       4.876       0.0617
       4.876     -0.01028
       4.884       0.1157
       4.891       0.1517
       4.899       0.1517
       4.914       0.1517
       4.929       0.1157
       4.937       0.1157
       4.952      0.07969
       4.959       0.0617
       4.982     -0.01028
        4.99     -0.02828
       5.005     -0.06427
       5.012     -0.08226
       5.027     -0.08226
       5.035     -0.08226
        5.05     -0.06427
       5.058     -0.06427
       5.065     -0.04627
        5.08     -0.04627
       5.088     -0.04627
       5.095     -0.02828
       5.111       0.0437
       5.118      0.07969
       5.126       0.1337
       5.133       0.1697
       5.148       0.2237
       5.156       0.2596
       5.164       0.2956
       5.171       0.3136
       5.179       0.3316
       5.194       0.2956
       5.201       0.2776
       5.217       0.2237
       5.224       0.1877
       5.232       0.1517
       5.239       0.1337
       5.247      0.09769
       5.254      0.07969
       5.262       0.0437
       5.269      0.02571
       5.277     -0.01028
       5.285     -0.01028
         5.3     -0.06427
       5.307      -0.1003
       5.322      -0.1362
        5.33      -0.1362
       5.345      -0.1722
       5.353      -0.2082
       5.368      -0.2442
       5.375      -0.2622
       5.391      -0.2802
       5.398      -0.2622
       5.406      -0.2442
       5.413      -0.2082
       5.421      -0.1722
       5.428      -0.1542
       5.436      -0.1183
       5.443     -0.06427
       5.451     -0.02828
       5.459       0.0437
       5.474       0.0617
       5.481       0.0617
       5.489      0.07969
       5.504      0.09769
       5.512      0.09769
       5.527      0.07969
       5.534       0.0617
       5.549      0.02571
       5.557     -0.01028
       5.565     -0.01028
        5.58     -0.02828
       5.587     -0.04627
       5.595     -0.04627
        5.61     -0.08226
       5.617      -0.1003
       5.633      -0.1183
        5.64      -0.1183
       5.655      -0.1003
       5.663     -0.08226
        5.67     -0.06427
       5.678     -0.04627
       5.686      0.02571
       5.686     -0.01028
       5.693       0.0617
       5.701       0.1157
       5.708       0.1517
       5.723       0.2057
       5.731       0.2237
       5.746       0.2237
       5.754       0.2237
       5.761       0.2237
       5.776       0.1697
       5.784       0.1337
       5.791      0.09769
       5.807       0.0437
       5.814      0.02571
       5.822     -0.01028
       5.829     -0.01028
       5.844     -0.02828
       5.852     -0.02828
       5.867     -0.04627
       5.875     -0.06427
       5.882     -0.06427
       5.897      -0.1003
       5.905      -0.1003
       5.912      -0.1003
       5.928      -0.1183
       5.935      -0.1003
        5.95      -0.1003
       5.958      -0.1183
       5.965      -0.1003
       5.981     -0.04627
       5.988     0.007712
       5.996       0.0437
       6.003      0.09769
       6.011       0.1337
       6.018       0.1877
       6.026       0.2237
       6.034       0.2596
       6.049       0.2776
       6.056       0.2596
       6.071       0.2057
       6.079       0.1697
       6.086       0.1157
       6.094      0.07969
       6.102       0.0437
       6.109     0.007712
       6.117     -0.01028
       6.132     -0.06427
       6.139     -0.08226
       6.147     -0.08226
       6.162      -0.1003
        6.17      -0.1003
       6.185      -0.1003
       6.192     -0.08226
       6.208     -0.06427
       6.215     -0.06427
        6.23     -0.06427
       6.238     -0.06427
       6.253      -0.1003
        6.26      -0.1183
       6.276      -0.1183
       6.283      -0.1183
       6.298      -0.1003
       6.306     -0.06427
       6.313     -0.04627
       6.329     0.007712
       6.336      0.02571
       6.351     -0.01028
       6.359     -0.01028
       6.374     -0.04627
       6.382     -0.04627
       6.397     -0.02828
       6.404     -0.02828
       6.412     -0.01028
       6.427     -0.01028
       6.434     -0.01028
        6.45     -0.02828
       6.457     -0.02828
       6.472     -0.02828
       6.487     -0.04627
       6.495     -0.04627
        6.51     -0.04627
       6.518     -0.04627
       6.533     -0.02828
       6.548       0.0437
       6.556       0.0617
       6.578       0.1337
       6.586       0.1697
       6.593       0.2057
       6.601       0.2416
       6.608       0.2776
       6.624       0.2776
       6.631       0.2237
       6.639       0.1877
       6.646       0.1697
       6.661       0.1157
       6.669      0.09769
       6.677       0.0617
       6.692     0.007712
       6.699     -0.02828
       6.714     -0.06427
       6.722     -0.08226
        6.73     -0.08226
       6.745     -0.08226
       6.752     -0.08226
       6.767      -0.1003
       6.775      -0.1003
        6.79      -0.1003
       6.805      -0.1183
        6.82     -0.08226
       6.828     -0.04627
       6.835       0.0437
       6.843      0.07969
       6.851       0.1157
       6.858       0.1517
       6.873       0.1337
       6.881       0.1157
       6.896      0.07969
       6.903       0.0617
       6.919       0.0617
       6.934     -0.02828
       6.941     -0.06427
       6.949     -0.08226
       6.964      -0.1362
       6.972      -0.1542
       6.979      -0.1542
       6.994      -0.1902
       7.002      -0.2262
       7.017      -0.2622
       7.025      -0.2622
        7.04      -0.2442
       7.047      -0.2442
       7.062      -0.1902
       7.077      -0.1542
       7.085      -0.1183
         7.1     -0.08226
       7.108     -0.02828
       7.115       0.0437
       7.115     -0.01028
       7.123      0.07969
        7.13       0.1157
       7.138       0.1517
       7.153       0.2057
       7.161       0.2057
       7.176       0.2057
       7.183       0.2057
       7.191       0.2057
       7.206       0.1697
       7.214       0.1517
       7.221       0.1517
       7.236       0.1157
       7.244      0.09769
       7.259       0.0617
       7.267      0.02571
       7.282     -0.01028
       7.289     -0.01028
       7.297     -0.01028
       7.312     -0.04627
        7.32     -0.04627
       7.335     -0.04627
       7.342     -0.02828
       7.357     -0.01028
       7.365     -0.01028
        7.38     -0.01028
       7.388     -0.01028
       7.395      0.02571
        7.41       0.0617
       7.418      0.09769
       7.425       0.1337
       7.441       0.1877
       7.448       0.2057
       7.463       0.2416
       7.478       0.2416
       7.486       0.2237
       7.494       0.2237
       7.509       0.1697
       7.516       0.1337
       7.524       0.0617
       7.531      0.02571
       7.531     -0.02828
       7.539     -0.06427
       7.547      -0.1183
       7.554      -0.1722
       7.577      -0.2262
       7.584      -0.2442
       7.599      -0.2802
       7.607      -0.2802
       7.622      -0.2622
        7.63      -0.2442
       7.637      -0.2262
       7.652      -0.2082
        7.66      -0.1902
       7.675      -0.1902
       7.683      -0.1902
        7.69      -0.1722
       7.698      -0.1362
       7.705      -0.1003
       7.713     -0.06427
       7.728     -0.01028
       7.736       0.0437
       7.743      0.07969
       7.751       0.1157
       7.758       0.1697
       7.766       0.1877
       7.781       0.1877
       7.796       0.1517
       7.804       0.1337
       7.819      0.09769
       7.826      0.09769
       7.842       0.0617
       7.849      0.02571
       7.864     -0.01028
       7.872     -0.01028
       7.887     -0.02828
       7.895     -0.02828
        7.91     -0.04627
       7.917     -0.04627
       7.932     -0.06427
        7.94     -0.04627
       7.955     -0.01028
       7.963      0.02571
       7.978       0.0437
       7.985       0.0617
           8      0.09769
       8.016       0.1517
       8.023       0.1697
       8.038       0.2057
       8.046       0.2057
       8.053       0.2057
       8.068       0.1697
       8.076       0.1337
       8.091      0.07969
       8.099       0.0437
       8.106     -0.01028
       8.114     -0.04627
       8.121     -0.08226
       8.129      -0.1003
       8.144      -0.1362
       8.152      -0.1542
       8.167      -0.1722
       8.174      -0.1722
        8.19      -0.1902
       8.197      -0.1902
       8.212      -0.1722
       8.227      -0.1722
       8.235      -0.1722
        8.25      -0.1542
       8.258      -0.1362
       8.265     -0.08226
       8.273     -0.02828
        8.28       0.0617
       8.288       0.1157
       8.295       0.1697
       8.303       0.2237
       8.318       0.2416
       8.326       0.2416
       8.333       0.2416
       8.348       0.2057
       8.356       0.1697
       8.364       0.1337
       8.379      0.09769
       8.386      0.07969
       8.401       0.0437
       8.409      0.02571
       8.424      0.02571
       8.432     0.007712
       8.447     -0.01028
       8.462     -0.02828
       8.469     -0.02828
       8.485     -0.02828
       8.492     -0.02828
       8.507     -0.02828
       8.522     -0.04627
        8.53     -0.06427
       8.545     -0.08226
       8.553     -0.04627
        8.56     -0.02828
       8.568     0.007712
       8.575       0.0437
       8.583      0.07969
        8.59       0.1157
       8.598       0.1337
       8.606       0.1697
       8.613       0.2237
       8.628       0.2776
       8.636       0.2596
       8.643       0.2416
       8.651       0.2057
       8.659       0.1697
       8.666       0.1337
       8.674      0.09769
       8.681       0.0617
       8.689     -0.01028
       8.696     -0.01028
       8.704     -0.04627
       8.712     -0.06427
       8.727      -0.1003
       8.734      -0.1003
       8.749      -0.1362
       8.757      -0.1542
        8.78      -0.2082
       8.787      -0.1902
       8.802      -0.1722
        8.81      -0.1722
       8.825      -0.1902
       8.833      -0.1902
        8.84      -0.1542
       8.855      -0.1003
       8.863     -0.08226
       8.878     -0.08226
       8.886     -0.08226
       8.893     -0.06427
       8.908     -0.02828
       8.916     -0.02828
       8.931     -0.02828
       8.938     -0.02828
       8.954     -0.02828
       8.976     -0.04627
