     0.01186      0.02571
     0.03455      0.04473
     0.04968      0.02571
     0.05725      0.02571
     0.06481     -0.01234
     0.07238     -0.01234
     0.08751     -0.05039
     0.09507     -0.06941
      0.1026     -0.06941
      0.1178     -0.08843
      0.1253     -0.08843
      0.1329     -0.06941
       0.148     -0.03136
      0.1556     -0.01234
      0.1707     0.006684
      0.1783      0.02571
      0.1934      0.02571
       0.201      0.02571
      0.2161      0.02571
      0.2237     0.006684
      0.2388     -0.01234
      0.2464     -0.03136
      0.2615     -0.01234
      0.2766     -0.01234
      0.2842     -0.01234
      0.2993     -0.03136
      0.3069     -0.05039
       0.322     -0.08843
      0.3296     -0.08843
      0.3447      -0.1075
      0.3523      -0.1265
      0.3674      -0.1265
       0.375      -0.1075
      0.3901      -0.1075
      0.3977      -0.1265
      0.4128      -0.1455
      0.4204      -0.1455
      0.4355      -0.1835
      0.4431      -0.1835
      0.4582      -0.2026
      0.4658      -0.2026
      0.4809      -0.1645
       0.496      -0.1075
      0.5036     -0.08843
      0.5111     -0.03136
      0.5187     -0.01234
      0.5263      0.04473
      0.5338      0.08278
      0.5414       0.1018
      0.5565       0.1398
      0.5641       0.1779
      0.5717        0.235
      0.5792        0.273
      0.5868       0.3111
      0.6019       0.3301
      0.6095       0.3301
      0.6246       0.3301
      0.6397       0.3111
      0.6473       0.3111
      0.6624        0.273
        0.67        0.235
      0.6851       0.1779
      0.6927       0.1589
      0.7003       0.1208
      0.7078       0.1018
       0.723      0.06375
      0.7305      0.04473
      0.7381      0.04473
      0.7532     -0.01234
      0.7608     -0.01234
      0.7608     -0.05039
      0.7683     -0.06941
      0.7835      -0.1075
       0.791      -0.1075
      0.8137      -0.1265
      0.8213      -0.1455
      0.8364      -0.1455
      0.8516      -0.1265
      0.8591      -0.1075
      0.8743      -0.1075
      0.8818      -0.1075
      0.8894     -0.08843
      0.9045     -0.06941
      0.9121     -0.06941
      0.9272     -0.05039
      0.9423     -0.01234
      0.9499      0.02571
       0.965      0.04473
      0.9726      0.04473
      0.9877      0.02571
      0.9953      0.02571
        1.01      0.02571
       1.018      0.02571
       1.026      0.06375
       1.041       0.1018
       1.048       0.1018
       1.063       0.1018
       1.079      0.08278
       1.086      0.08278
       1.094      0.08278
       1.109      0.04473
       1.116      0.02571
       1.124     -0.01234
       1.131     -0.05039
       1.147      -0.1075
       1.154      -0.1265
       1.169      -0.1265
       1.177      -0.1265
       1.192      -0.1265
       1.207      -0.1455
       1.215      -0.1455
       1.222      -0.1265
       1.237      -0.1075
       1.245      -0.1075
       1.253     -0.06941
       1.268     -0.03136
       1.275     -0.01234
        1.29      0.02571
       1.298      0.04473
       1.305      0.06375
       1.321      0.04473
       1.328      0.02571
       1.343      0.02571
       1.351      0.04473
       1.366      0.06375
       1.374      0.06375
       1.381      0.06375
       1.396      0.02571
       1.404     0.006684
       1.419     -0.01234
       1.426     -0.01234
       1.442     -0.01234
       1.449     -0.01234
       1.464     -0.03136
       1.472     -0.05039
       1.487     -0.05039
       1.495     -0.05039
        1.51     -0.03136
       1.525     -0.06941
       1.532     -0.08843
       1.548     -0.06941
       1.563     -0.05039
        1.57     -0.03136
       1.585     -0.03136
       1.593     -0.03136
       1.608     -0.03136
       1.616     -0.03136
       1.631     -0.05039
       1.646     -0.08843
       1.653      -0.1265
       1.669      -0.1645
       1.676      -0.1835
       1.691      -0.2026
       1.699      -0.1835
       1.706      -0.1645
       1.722      -0.1075
       1.729     -0.08843
       1.744     -0.06941
       1.752     -0.03136
       1.759      0.02571
       1.767      0.08278
       1.774       0.1589
       1.782       0.2159
       1.797        0.273
       1.805        0.273
        1.82        0.292
       1.835       0.3111
       1.843       0.3111
        1.85       0.3111
       1.865        0.273
       1.873        0.254
        1.88        0.235
       1.896       0.1779
       1.903       0.1398
       1.911       0.1018
       1.918      0.04473
       1.926     0.006684
       1.933     -0.03136
       1.941     -0.06941
       1.956      -0.1265
       1.964      -0.1645
       1.979      -0.2026
       1.986      -0.2026
       2.001      -0.2026
       2.009      -0.2026
       2.024      -0.1835
       2.039      -0.1835
       2.047      -0.1835
       2.054      -0.1835
        2.07      -0.1645
       2.077      -0.1455
       2.092      -0.1075
       2.107     -0.08843
       2.115     -0.05039
       2.122     -0.03136
        2.13      0.06375
       2.138       0.1208
       2.145       0.1779
       2.153       0.2159
        2.16        0.235
       2.175        0.273
       2.191        0.273
       2.198        0.273
       2.206        0.273
       2.221        0.235
       2.228       0.2159
       2.236       0.2159
       2.251       0.1969
       2.259       0.1589
       2.274       0.1208
       2.281       0.1208
       2.296       0.1018
       2.304      0.06375
       2.319     -0.01234
       2.327     -0.05039
       2.334     -0.08843
       2.342      -0.1075
       2.357      -0.1455
       2.365      -0.1455
        2.38      -0.1455
       2.387      -0.1455
       2.402      -0.1455
        2.41      -0.1265
       2.425      -0.1455
       2.433      -0.1265
       2.448      -0.1265
       2.455      -0.1075
        2.47     -0.06941
       2.478     -0.03136
       2.486     0.006684
       2.501      0.04473
       2.508      0.06375
       2.523      0.06375
       2.531      0.04473
       2.539      0.04473
       2.554     0.006684
       2.561     -0.01234
       2.576     -0.03136
       2.584     -0.03136
       2.591     -0.03136
       2.607     -0.05039
       2.614     -0.06941
       2.629     -0.08843
       2.637     -0.08843
       2.652     -0.06941
       2.667     -0.06941
       2.675     -0.06941
        2.69     -0.05039
       2.697     -0.01234
       2.713     0.006684
        2.72      0.02571
       2.735      0.02571
       2.743      0.04473
       2.758      0.04473
       2.765      0.04473
       2.773      0.06375
       2.788       0.1018
       2.796       0.1018
       2.803       0.1018
       2.818      0.04473
       2.826     -0.01234
       2.834     -0.01234
       2.849     -0.03136
       2.856     -0.05039
       2.871     -0.06941
       2.887      -0.1075
       2.894      -0.1075
       2.909      -0.1265
       2.917      -0.1075
       2.924      -0.1075
       2.939      -0.1265
       2.947      -0.1265
       2.955      -0.1075
        2.97     -0.08843
       2.977     -0.08843
       2.992     -0.08843
           3     -0.08843
       3.015     -0.05039
       3.023     -0.03136
       3.038      0.04473
       3.045      0.06375
       3.061       0.1208
       3.068       0.1208
       3.076       0.1398
       3.091       0.1779
       3.098       0.1779
       3.113       0.1589
       3.121       0.1398
       3.136       0.1398
       3.151       0.1208
       3.159       0.1208
       3.174       0.1018
       3.189       0.1018
       3.204      0.08278
       3.212      0.08278
       3.219      0.08278
       3.235      0.08278
       3.242      0.08278
       3.257      0.08278
       3.265      0.08278
        3.28      0.04473
       3.287     -0.01234
       3.295     -0.01234
        3.31     -0.05039
       3.318     -0.06941
       3.333     -0.08843
        3.34     -0.08843
       3.356      -0.1075
       3.371      -0.1075
       3.378     -0.08843
       3.393     -0.08843
       3.401     -0.08843
       3.409     -0.05039
       3.424     -0.03136
       3.431     -0.01234
       3.446     -0.03136
       3.454     -0.03136
       3.461     -0.03136
       3.477     -0.01234
       3.484     0.006684
       3.499      0.02571
       3.507      0.02571
       3.522     -0.01234
        3.53     -0.01234
       3.545     -0.01234
        3.56     -0.03136
       3.567     -0.05039
       3.582     -0.06941
        3.59     -0.06941
       3.605     -0.05039
       3.613     -0.01234
        3.62     0.006684
       3.635      0.06375
       3.643      0.06375
       3.658      0.04473
       3.666      0.02571
       3.681      0.02571
       3.688      0.02571
       3.704      0.02571
       3.711      0.04473
       3.726      0.04473
       3.734      0.04473
       3.749     -0.01234
       3.756     -0.01234
       3.764     -0.05039
       3.772     -0.06941
       3.779      -0.1075
       3.794      -0.1455
       3.802      -0.1645
       3.817      -0.2026
       3.825      -0.2216
        3.84      -0.2026
       3.855      -0.2026
       3.862      -0.1835
       3.878      -0.1645
       3.885      -0.1645
         3.9      -0.1645
       3.915      -0.1835
       3.923      -0.1835
       3.938      -0.2026
       3.946      -0.1835
       3.961      -0.1455
       3.968     -0.08843
       3.976     -0.03136
       3.983      0.04473
       3.983     -0.01234
       3.991       0.1018
       3.999       0.1589
       4.006        0.235
       4.014        0.292
       4.021       0.3301
       4.029       0.3681
       4.044       0.3871
       4.052       0.3871
       4.067       0.3681
       4.074       0.3491
       4.089       0.3111
       4.097        0.273
       4.104        0.235
       4.112       0.1969
        4.12       0.1779
       4.135       0.1208
       4.142       0.1018
        4.15       0.1018
       4.165      0.06375
       4.173      0.04473
       4.188     0.006684
       4.203     -0.03136
        4.21     -0.05039
       4.226     -0.05039
       4.233     -0.05039
       4.248     -0.06941
       4.256     -0.08843
       4.271      -0.1455
       4.278      -0.1645
       4.286      -0.1645
       4.301      -0.1455
       4.309      -0.1075
       4.316     -0.05039
       4.324     -0.01234
       4.331     -0.01234
       4.347      0.02571
       4.354      0.04473
       4.369      0.08278
       4.384      0.08278
       4.392      0.06375
       4.407      0.04473
       4.415      0.04473
       4.422     0.006684
        4.43     -0.03136
       4.445     -0.08843
       4.452      -0.1075
        4.46      -0.1075
       4.475      -0.1265
       4.483      -0.1455
        4.49      -0.1455
       4.505      -0.1455
       4.513      -0.1455
       4.521      -0.1075
       4.536     -0.06941
       4.551     -0.01234
       4.558     -0.01234
       4.574     0.006684
       4.581      0.04473
       4.589      0.06375
       4.604       0.1018
       4.611       0.1018
       4.626       0.1018
       4.634       0.1018
       4.649       0.1018
       4.664      0.08278
       4.672      0.06375
       4.687      0.06375
       4.695      0.06375
       4.702      0.08278
       4.717      0.08278
       4.725      0.08278
        4.74      0.06375
       4.747      0.04473
       4.763     0.006684
        4.77     -0.01234
       4.785     -0.01234
       4.793     -0.01234
       4.808     -0.01234
       4.816     -0.01234
       4.831     -0.01234
       4.838     -0.01234
       4.853     -0.01234
       4.861     -0.01234
       4.869     -0.01234
       4.884     -0.01234
       4.891     0.006684
       4.906     -0.01234
       4.914     -0.03136
       4.929     -0.03136
       4.937     -0.03136
       4.952     -0.05039
       4.959     -0.05039
       4.967     -0.03136
       4.982     -0.01234
        4.99      0.02571
       5.005      0.02571
       5.012      0.04473
       5.027      0.06375
       5.035      0.06375
       5.043      0.08278
       5.058      0.08278
       5.065      0.08278
        5.08      0.08278
       5.095      0.06375
       5.103      0.06375
       5.118     -0.01234
       5.126     -0.01234
       5.141     -0.03136
       5.148     -0.03136
       5.164     -0.03136
       5.171     -0.01234
       5.186     -0.03136
       5.194     -0.05039
       5.209     -0.08843
       5.217      -0.1075
       5.232      -0.1265
       5.239      -0.1075
       5.254     -0.06941
       5.262     -0.05039
       5.277     -0.01234
       5.292      0.02571
         5.3      0.02571
       5.315     -0.01234
       5.322     -0.03136
        5.33     -0.05039
       5.345     -0.08843
       5.353     -0.08843
       5.368      -0.1075
       5.375      -0.1075
       5.391      -0.1455
       5.398      -0.1455
       5.413      -0.1265
       5.421      -0.1075
       5.436     -0.08843
       5.443     -0.08843
       5.459     -0.06941
       5.474     -0.06941
       5.481     -0.06941
       5.496     -0.06941
       5.504     -0.06941
       5.519     -0.06941
       5.527     -0.05039
       5.542     -0.03136
       5.549     -0.03136
       5.565     0.006684
        5.58      0.04473
       5.587      0.08278
       5.602       0.1208
        5.61       0.1398
       5.625       0.1779
       5.633       0.1969
       5.648        0.254
       5.655        0.273
        5.67        0.254
       5.678       0.2159
       5.686       0.1779
       5.693       0.1589
       5.701       0.1208
       5.708       0.1018
       5.723      0.04473
       5.731     0.006684
       5.739     -0.03136
       5.746     -0.05039
       5.761     -0.08843
       5.769     -0.08843
       5.784     -0.06941
       5.799     -0.05039
       5.807     -0.05039
       5.822     -0.05039
       5.829     -0.05039
       5.837     -0.03136
       5.852     -0.03136
        5.86     -0.03136
       5.875     -0.01234
       5.882     -0.01234
       5.912     0.006684
       5.935     -0.01234
       5.943     -0.01234
       5.958     -0.05039
       5.965     -0.05039
       5.981     -0.05039
       5.988     -0.03136
       6.003     -0.05039
       6.011     -0.06941
       6.018     -0.06941
       6.034      -0.1075
       6.041      -0.1075
       6.056      -0.1075
       6.064      -0.1075
       6.079     -0.08843
       6.086     -0.06941
       6.094      0.02571
       6.094     -0.03136
       6.102      0.06375
       6.109       0.1208
       6.117       0.1589
       6.132       0.1779
       6.139       0.1589
       6.147       0.1589
       6.162       0.1208
        6.17       0.1208
       6.192      0.08278
         6.2      0.06375
       6.208      0.04473
       6.223     -0.01234
        6.23     -0.01234
       6.245     -0.05039
        6.26      -0.1075
       6.268      -0.1265
       6.283      -0.1075
       6.291     -0.06941
       6.298     -0.05039
       6.306     -0.01234
       6.313      0.02571
       6.329      0.04473
       6.336      0.04473
       6.351      0.04473
       6.359      0.04473
       6.374      0.04473
       6.382      0.04473
       6.397      0.04473
       6.404      0.06375
       6.419       0.1018
       6.427       0.1018
       6.442       0.1398
        6.45       0.1779
       6.465       0.1969
       6.472       0.1969
       6.487       0.1589
       6.495       0.1398
        6.51      0.08278
       6.518      0.04473
       6.525     0.006684
        6.54     -0.03136
       6.548     -0.03136
       6.563     -0.03136
       6.571     -0.03136
       6.586     -0.05039
       6.593     -0.06941
       6.608     -0.06941
       6.624      -0.1075
       6.631      -0.1075
       6.646      -0.1265
       6.654      -0.1455
       6.669      -0.1645
       6.677      -0.1645
       6.684      -0.1455
       6.692      -0.1265
       6.699     -0.08843
       6.707     -0.05039
       6.722     -0.01234
        6.73     -0.01234
       6.745     -0.01234
        6.76     0.006684
       6.798     0.006684
       6.813      0.02571
        6.82      0.04473
       6.835      0.02571
       6.843     0.006684
       6.858     -0.03136
       6.866     -0.06941
       6.881     -0.08843
       6.888     -0.08843
       6.903     -0.08843
       6.911     -0.06941
       6.926     -0.03136
       6.934     -0.01234
       6.949      0.02571
       6.956      0.04473
       6.972      0.08278
       6.979       0.1018
       6.994       0.1208
       7.002       0.1398
       7.017       0.1208
       7.025       0.1018
       7.032      0.06375
       7.047     0.006684
       7.055     -0.01234
        7.07     -0.05039
       7.077     -0.06941
       7.085     -0.06941
         7.1      -0.1265
       7.108      -0.1455
       7.123      -0.1835
        7.13      -0.1835
       7.138      -0.1835
       7.153      -0.2216
       7.161      -0.2216
       7.176      -0.2026
       7.183      -0.1835
       7.191      -0.1645
       7.206      -0.1455
       7.214      -0.1455
       7.221      -0.1455
       7.236      -0.1265
       7.244      -0.1265
       7.259     -0.08843
       7.274     -0.06941
       7.282     -0.05039
       7.297     -0.01234
       7.304     -0.01234
        7.32      0.02571
       7.327      0.02571
       7.342      0.06375
        7.35      0.08278
       7.357       0.1208
       7.365       0.1589
       7.373       0.2159
        7.38        0.254
       7.388        0.292
       7.395       0.3301
       7.403       0.3681
        7.41       0.3871
       7.418       0.4252
       7.425       0.4632
       7.433       0.5203
       7.441       0.5774
       7.448       0.6535
       7.456       0.7486
       7.463       0.8817
       7.471       0.9769
       7.478        1.034
       7.486        1.034
       7.501        1.072
       7.509        1.167
       7.516          1.3
       7.524        1.433
       7.531         1.51
       7.539         1.49
       7.547        1.414
       7.554        1.319
       7.562        1.186
       7.569        1.053
       7.577       0.9388
       7.584       0.8057
       7.592       0.6915
       7.599       0.5964
       7.607       0.4632
       7.615       0.3301
       7.622       0.1779
        7.63      0.06375
        7.63     -0.01234
       7.637     -0.06941
       7.645      -0.1645
       7.652      -0.2596
        7.66      -0.3548
       7.668      -0.4308
       7.675      -0.4879
       7.683       -0.564
       7.698      -0.6211
       7.705      -0.6021
       7.713       -0.583
       7.721       -0.526
       7.728      -0.4689
       7.736      -0.3738
       7.743      -0.2977
       7.751      -0.2406
       7.758      -0.2026
       7.766      -0.1455
       7.773     -0.08843
       7.781     -0.03136
       7.796     -0.08843
       7.804      -0.2406
       7.811      -0.4308
       7.819      -0.6211
       7.826      -0.7733
       7.834      -0.8874
       7.842      -0.9635
       7.849       -1.059
       7.857       -1.135
       7.864        -1.23
       7.872       -1.363
       7.879       -1.534
       7.887       -1.705
       7.895       -1.858
        7.94       -1.858
        7.94       -1.915
       7.947       -1.705
       7.947       -1.801
       7.955       -1.553
       7.955       -1.705
       7.963       -1.458
        7.97       -1.382
       7.978       -1.268
       7.985       -1.192
       7.993       -1.097
           8       -1.002
       8.008      -0.9254
       8.016      -0.8303
       8.023      -0.7542
       8.031      -0.6591
       8.038      -0.6021
       8.046       -0.526
       8.053      -0.4689
       8.061      -0.4118
       8.068      -0.3738
       8.076      -0.3357
       8.084      -0.2787
       8.091      -0.2406
       8.099      -0.2026
       8.106      -0.1455
       8.114      -0.1265
       8.121     -0.08843
       8.129     -0.06941
       8.137     -0.03136
       8.144      0.04473
       8.144     -0.01234
       8.152      0.08278
       8.159       0.1589
       8.167       0.2159
       8.174        0.292
       8.182       0.3301
        8.19       0.3871
       8.197       0.4632
       8.205       0.5393
       8.212       0.5964
        8.22       0.6535
       8.227       0.7105
       8.235       0.7676
       8.242       0.8627
        8.25       0.9578
       8.258        1.091
       8.265        1.243
       8.273        1.357
        8.28        1.414
       8.288        1.395
       8.295        1.319
       8.303        1.224
       8.311        1.129
       8.318        1.034
       8.326       0.9578
       8.333       0.8817
       8.341       0.8247
       8.348       0.8057
       8.364       0.8057
       8.371       0.8437
       8.379       0.8817
       8.386       0.9198
       8.401       0.9008
       8.409       0.8437
       8.416       0.7676
       8.424       0.6725
       8.432       0.6154
       8.439       0.5584
       8.447       0.5203
       8.462       0.5013
       8.469       0.5393
       8.477       0.5584
       8.485       0.5964
       8.492       0.6344
       8.507       0.6344
       8.515       0.6154
        8.53       0.5584
       8.538       0.5013
       8.545       0.4062
       8.553        0.292
        8.56       0.1779
       8.568       0.1018
       8.575      0.04473
       8.583     0.006684
        8.59     -0.03136
       8.598     -0.06941
       8.606      -0.1265
       8.613      -0.1645
       8.628      -0.1645
       8.636      -0.1455
       8.651      -0.1835
       8.659      -0.2406
       8.666      -0.2787
       8.674      -0.3357
       8.681      -0.3738
       8.689      -0.4118
       8.696      -0.4499
       8.712      -0.5069
       8.719       -0.545
       8.734       -0.583
       8.742       -0.564
       8.757       -0.526
       8.764       -0.545
        8.78      -0.6021
       8.795      -0.6401
       8.802      -0.6211
        8.81       -0.545
       8.817      -0.4308
       8.825      -0.3167
       8.833      -0.2026
       8.848      -0.2596
       8.855      -0.3548
       8.863      -0.4499
        8.87       -0.526
       8.878       -0.583
       8.893       -0.583
       8.901      -0.5069
       8.908      -0.3928
       8.916      -0.2406
       8.923     -0.08843
       8.931      0.04473
       8.931     -0.01234
       8.938      0.06375
       8.946     0.006684
       8.954     -0.08843
       8.961      -0.1455
       8.969      -0.2787
       8.976      -0.3548
