     0.01181       0.1688
     0.02692       0.2066
     0.04203       0.2255
     0.04959       0.2255
      0.0647       0.1877
     0.07225       0.1688
     0.08736       0.1121
     0.09492      0.05548
      0.1025     -0.02007
        0.11     -0.07673
      0.1176      -0.1145
      0.1327      -0.1334
      0.1402      -0.1145
      0.1478     -0.07673
      0.1554     -0.05784
      0.1705     -0.05784
       0.178     -0.07673
      0.1931     -0.07673
      0.2007     -0.05784
      0.2158     -0.02007
      0.2234     -0.00118
      0.2309      0.05548
      0.2385      0.09325
       0.246       0.1499
      0.2536       0.2066
      0.2687       0.2255
      0.2762       0.1688
      0.2838        0.131
      0.2913      0.07437
      0.2989      0.03659
      0.3065     -0.03895
       0.314     -0.09561
      0.3216      -0.1334
      0.3367      -0.1712
      0.3442      -0.1523
      0.3593      -0.1523
      0.3669      -0.1334
      0.3745     -0.07673
       0.382     -0.02007
      0.3896      0.05548
      0.3896     -0.00118
      0.3971      0.09325
      0.4047       0.1499
      0.4122       0.2066
      0.4198       0.2443
      0.4349       0.2066
      0.4424       0.1688
        0.45      0.09325
      0.4576      0.03659
      0.4651     -0.02007
      0.4802     -0.03895
      0.4878     -0.00118
      0.4953      0.05548
      0.5029      0.09325
       0.518      0.07437
      0.5256      0.03659
      0.5331     -0.02007
      0.5407     -0.05784
      0.5482     -0.09561
      0.5558      -0.1145
      0.5709      -0.1334
       0.586      -0.1712
      0.5936      -0.1712
      0.6087      -0.1523
      0.6162      -0.1145
      0.6238     -0.07673
      0.6313     -0.02007
      0.6389      0.01771
      0.6464      0.07437
       0.654      0.09325
      0.6691        0.131
      0.6767       0.1499
      0.6918       0.1877
      0.7069       0.1121
      0.7144      0.05548
       0.722     -0.02007
      0.7371     -0.05784
      0.7447     -0.05784
      0.7522     -0.09561
      0.7673      -0.1334
      0.7749      -0.1145
      0.7824     -0.07673
        0.79     -0.03895
      0.8051     -0.03895
      0.8126     -0.03895
      0.8202     -0.00118
      0.8353      0.03659
      0.8429      0.05548
       0.858      0.07437
      0.8655      0.09325
      0.8806        0.131
      0.8958        0.131
      0.9033       0.1121
      0.9109      0.07437
      0.9184      0.05548
      0.9184     -0.02007
       0.926     -0.07673
      0.9335        -0.19
      0.9411      -0.2656
      0.9562      -0.2845
      0.9637      -0.2656
      0.9713      -0.2467
      0.9789        -0.19
      0.9864      -0.1145
       0.994     -0.03895
       1.002      0.07437
       1.002     -0.00118
       1.009       0.1499
       1.017       0.2632
       1.024       0.3765
       1.032       0.4521
       1.039       0.4899
       1.047       0.4899
       1.054       0.4521
       1.062       0.3954
        1.07       0.3199
       1.077       0.2821
       1.085       0.2632
         1.1       0.2255
       1.107       0.2066
       1.115       0.1688
       1.122        0.131
        1.13      0.07437
       1.138      0.05548
       1.153     -0.00118
        1.16     -0.00118
       1.175     -0.00118
       1.183      0.01771
       1.198      0.03659
       1.206     -0.02007
       1.213     -0.07673
       1.221      -0.1712
       1.228      -0.2656
       1.236      -0.3411
       1.243      -0.3978
       1.251      -0.4545
       1.258      -0.4545
       1.266      -0.4356
       1.274      -0.3789
       1.281      -0.3034
       1.289      -0.2467
       1.296      -0.2089
       1.304      -0.1712
       1.311      -0.1145
       1.319     -0.03895
       1.326      0.01771
       1.334      0.09325
       1.342       0.1688
       1.349       0.2255
       1.357        0.301
       1.364       0.3388
       1.379       0.3199
       1.387       0.2632
       1.394       0.2255
       1.402       0.1688
       1.409       0.1121
       1.417      0.07437
       1.425      0.05548
        1.44      0.03659
       1.447     -0.02007
       1.455     -0.05784
       1.462      -0.1145
        1.47      -0.1334
       1.485      -0.1145
       1.493     -0.09561
       1.515     -0.05784
       1.523     -0.03895
        1.53     -0.00118
       1.538      0.01771
       1.553      0.09325
       1.561       0.1121
       1.576       0.1121
       1.583      0.09325
       1.598      0.03659
       1.606      0.05548
       1.613      0.07437
       1.629        0.131
       1.636        0.131
       1.644      0.07437
       1.651      0.03659
       1.659     -0.03895
       1.666     -0.05784
       1.681     -0.05784
       1.689     -0.05784
       1.697     -0.02007
       1.712      0.03659
       1.719      0.07437
       1.734       0.1121
       1.742      0.09325
       1.749      0.05548
       1.757     -0.02007
       1.765     -0.05784
        1.78     -0.07673
       1.787     -0.05784
       1.802     -0.05784
        1.81     -0.07673
       1.825     -0.07673
       1.833     -0.07673
        1.84     -0.05784
       1.855     -0.07673
       1.863     -0.09561
        1.87      -0.1334
       1.878      -0.1712
       1.885        -0.19
       1.901      -0.1712
       1.908      -0.1334
       1.916     -0.07673
       1.931     -0.07673
       1.938     -0.07673
       1.953     -0.07673
       1.961     -0.05784
       1.969     -0.00118
       1.976      0.05548
       1.991      0.05548
       1.999      0.07437
       2.014       0.1121
       2.029       0.1688
       2.037       0.2066
       2.044       0.2443
       2.052        0.301
       2.059       0.3577
       2.067       0.3954
       2.082       0.3765
       2.089        0.301
       2.097       0.2255
       2.105       0.1499
       2.112        0.131
       2.127       0.1499
       2.142       0.1877
        2.15       0.1499
       2.157      0.07437
       2.165      0.03659
       2.165     -0.00118
       2.173     -0.05784
        2.18     -0.09561
       2.188      -0.1523
       2.195      -0.2089
       2.203      -0.2656
        2.21      -0.2845
       2.225      -0.3411
       2.233      -0.3789
       2.248      -0.3978
       2.256      -0.3223
       2.263      -0.2278
       2.271      -0.1334
       2.278     -0.03895
       2.286      0.01771
       2.293      0.05548
       2.309      0.05548
       2.316      0.05548
       2.331      0.05548
       2.346      0.07437
       2.354      0.09325
       2.369        0.131
       2.384       0.1877
       2.392       0.1688
       2.399       0.1121
       2.407      0.05548
       2.407     -0.00118
       2.414     -0.02007
       2.422     -0.07673
       2.429     -0.09561
       2.445     -0.09561
       2.452     -0.09561
        2.46      -0.1145
       2.467      -0.1523
       2.475        -0.19
       2.482      -0.2278
        2.49        -0.19
       2.497      -0.1712
       2.505      -0.1334
       2.513     -0.09561
       2.528     -0.05784
       2.535     -0.03895
        2.55     -0.00118
       2.558      0.05548
       2.565       0.1121
       2.573       0.1877
       2.581       0.2821
       2.588       0.3577
       2.596       0.4143
       2.603        0.471
       2.618       0.5088
       2.626       0.5276
       2.633       0.5088
       2.641       0.4521
       2.649       0.3765
       2.656       0.3199
       2.664       0.2821
       2.671       0.2443
       2.679       0.1877
       2.686      0.09325
       2.694      0.05548
       2.694     -0.03895
       2.701      -0.1145
       2.709        -0.19
       2.717      -0.2656
       2.724      -0.3034
       2.732      -0.3223
       2.747      -0.3411
       2.754      -0.3411
       2.769      -0.3789
       2.777      -0.3978
       2.792      -0.3789
         2.8      -0.3034
       2.807      -0.2278
       2.815      -0.1334
       2.822     -0.03895
        2.83      0.05548
        2.83     -0.00118
       2.837       0.1121
       2.845       0.1688
       2.853       0.2255
        2.86       0.2632
       2.868       0.2255
       2.875       0.1688
       2.883      0.09325
        2.89      0.05548
       2.905      0.07437
       2.913       0.1121
       2.921      0.07437
       2.928      0.05548
       2.936     -0.00118
       2.943     -0.02007
       2.958     -0.03895
       2.966     -0.02007
       2.981      0.01771
       2.989      0.03659
       2.996     -0.00118
       3.004     -0.02007
       3.011     -0.05784
       3.019     -0.09561
       3.034      -0.1145
       3.041      -0.1145
       3.057     -0.09561
       3.064     -0.07673
       3.079     -0.05784
       3.087     -0.05784
       3.094     -0.05784
       3.109     -0.00118
       3.117      0.09325
       3.124       0.1688
       3.132       0.2255
       3.147       0.2632
       3.155       0.2255
        3.17       0.1877
       3.177       0.1688
       3.192       0.1688
         3.2       0.1688
       3.215        0.131
       3.223      0.09325
        3.23      0.05548
       3.238     -0.00118
       3.245     -0.03895
       3.253     -0.05784
       3.268     -0.07673
       3.276      -0.1145
       3.283      -0.1523
       3.291        -0.19
       3.306      -0.2089
       3.313      -0.1712
       3.321      -0.1334
       3.328     -0.09561
       3.336     -0.07673
       3.344     -0.07673
       3.351      -0.1145
       3.366      -0.1523
       3.374      -0.1523
       3.381      -0.1145
       3.389     -0.07673
       3.396     -0.02007
       3.404      0.09325
       3.412       0.1688
       3.419       0.2821
       3.427       0.3765
       3.434       0.4143
       3.442       0.4521
       3.449       0.4143
       3.457       0.3199
       3.464       0.2255
       3.472      0.09325
        3.48      0.03659
        3.48     -0.03895
       3.487     -0.09561
       3.495      -0.1523
       3.502      -0.2089
        3.51      -0.2278
       3.525      -0.2467
       3.532      -0.2467
       3.548      -0.2467
       3.555      -0.2278
       3.563        -0.19
        3.57      -0.1334
       3.578      0.05548
       3.578     -0.03895
       3.585       0.1121
       3.593       0.2066
         3.6        0.301
       3.608       0.3577
       3.616       0.3577
       3.623       0.3199
       3.631       0.2821
       3.638       0.2066
       3.646        0.131
       3.653      0.07437
       3.661      0.01771
       3.668     -0.00118
       3.684     -0.05784
       3.691     -0.07673
       3.699     -0.07673
       3.714     -0.05784
       3.721     -0.03895
       3.729     -0.02007
       3.736      0.01771
       3.744      0.05548
       3.759      0.01771
       3.767     -0.02007
       3.774     -0.07673
       3.789     -0.09561
       3.797     -0.05784
       3.804      0.03659
       3.804     -0.02007
       3.812      0.07437
        3.82        0.131
       3.827       0.1688
       3.842       0.2255
        3.85       0.2255
       3.857       0.2443
       3.872       0.2443
        3.88       0.2066
       3.888        0.131
       3.895      0.05548
       3.895     -0.00118
        3.91     -0.00118
       3.925     -0.02007
       3.933      0.03659
       3.933     -0.00118
        3.94      0.05548
       3.948      0.07437
       3.956      0.07437
       3.971     -0.00118
       3.978     -0.03895
       3.993     -0.09561
       4.001      -0.1145
       4.016      -0.1145
       4.024      -0.1145
       4.031     -0.09561
       4.046      -0.1523
       4.054      -0.2089
       4.061      -0.2656
       4.076      -0.2656
       4.084      -0.2467
       4.092      -0.2089
       4.099        -0.19
       4.114      -0.1334
       4.122      -0.1145
       4.137     -0.05784
       4.144     -0.02007
       4.152      0.05548
        4.16      0.09325
       4.167        0.131
       4.175       0.1688
       4.182       0.2066
       4.197       0.2066
       4.205       0.1688
       4.212        0.131
        4.22      0.09325
       4.228      0.05548
       4.235     -0.02007
        4.25     -0.05784
       4.258     -0.07673
       4.273     -0.09561
        4.28      -0.1145
       4.296        -0.19
       4.303      -0.2467
       4.311      -0.3034
       4.318        -0.36
       4.326      -0.4167
       4.341      -0.3789
       4.348      -0.2467
       4.356      0.07437
       4.356     -0.07673
       4.364       0.1688
       4.371       0.3199
       4.379       0.3954
       4.394       0.4332
       4.401       0.4332
       4.409       0.4332
       4.424       0.3765
       4.439       0.3388
       4.447       0.3388
       4.454       0.3388
       4.469       0.2821
       4.484       0.2255
       4.492       0.1877
         4.5       0.1121
       4.507     -0.00118
       4.515      -0.1145
       4.522      -0.2089
        4.53      -0.2656
       4.545      -0.2845
       4.552      -0.3223
        4.56        -0.36
       4.568      -0.4167
       4.575      -0.4356
        4.59      -0.4167
       4.598      -0.3789
       4.605      -0.3034
       4.613      -0.2278
        4.62      -0.1334
       4.628      0.07437
       4.628     -0.03895
       4.636       0.1688
       4.643       0.3199
       4.651       0.4332
       4.658       0.4899
       4.666        0.471
       4.673       0.4143
       4.681       0.3388
       4.688       0.2821
       4.696       0.2255
       4.704       0.1877
       4.719       0.2066
       4.726       0.2255
       4.741       0.2066
       4.749       0.1877
       4.764        0.131
       4.772       0.1121
       4.779      0.07437
       4.787      0.05548
       4.794     -0.00118
       4.802     -0.03895
       4.817     -0.09561
       4.824      -0.1334
       4.832      -0.1712
       4.839      -0.2089
       4.855      -0.2656
       4.862      -0.3034
        4.87      -0.3411
       4.877        -0.36
       4.885      -0.3223
         4.9      -0.2656
       4.907      -0.2089
       4.915      -0.1523
       4.923      -0.1145
        4.93     -0.05784
       4.938      0.03659
       4.938     -0.00118
       4.945      0.05548
        4.96       0.1121
       4.968        0.131
       4.983       0.1121
       4.991      0.09325
       5.006      0.09325
       5.013       0.1121
       5.028       0.1688
       5.036       0.1499
       5.043       0.1121
       5.051      0.07437
       5.066      0.01771
       5.074     -0.00118
       5.081     -0.00118
       5.096      0.03659
       5.104      0.05548
       5.111      0.07437
       5.127      0.05548
       5.134      0.01771
       5.142     -0.02007
       5.149     -0.05784
       5.164     -0.07673
       5.172     -0.05784
       5.179     -0.02007
       5.187      0.01771
       5.202      0.05548
        5.21      0.07437
       5.225      0.09325
       5.232      0.09325
       5.247      0.09325
       5.255      0.05548
       5.263      0.01771
        5.27     -0.02007
       5.285     -0.02007
       5.293      0.03659
         5.3       0.1121
       5.308       0.1499
       5.315       0.2066
       5.323       0.1877
       5.331       0.1499
       5.338      0.09325
       5.346      0.03659
       5.353     -0.02007
       5.361     -0.05784
       5.368     -0.07673
       5.376      -0.1145
       5.383      -0.1523
       5.399        -0.19
       5.406        -0.19
       5.421        -0.19
       5.429        -0.19
       5.436      -0.2278
       5.451      -0.2467
       5.459      -0.2278
       5.467      -0.1712
       5.474      -0.1334
       5.482     -0.09561
       5.489     -0.03895
       5.497      0.03659
       5.504        0.131
       5.512       0.2255
       5.519       0.3199
       5.527       0.3577
       5.542       0.3388
        5.55       0.2821
       5.557       0.1877
       5.565      0.09325
       5.572      0.03659
       5.572     -0.02007
        5.58     -0.05784
       5.587     -0.05784
       5.603     -0.02007
        5.61     -0.02007
       5.618     -0.02007
       5.633     -0.07673
        5.64      -0.1145
       5.648      -0.1712
       5.655        -0.19
       5.671      -0.2278
       5.678      -0.2089
       5.686      -0.1712
       5.693      -0.1145
       5.701     -0.05784
       5.708      0.01771
       5.716      0.07437
       5.723       0.1121
       5.739       0.1121
       5.746      0.09325
       5.754      0.09325
       5.761      0.05548
       5.776      0.03659
       5.784      0.05548
       5.791      0.07437
       5.799       0.1121
       5.807       0.1499
       5.822       0.2066
       5.829       0.2255
       5.844       0.2443
       5.852       0.2255
       5.867       0.1688
       5.875       0.1499
        5.89       0.1121
       5.897      0.07437
       5.905      0.07437
       5.912      0.03659
        5.92     -0.03895
       5.927     -0.07673
       5.943      -0.1145
        5.95     -0.09561
       5.965     -0.05784
       5.973     -0.05784
       5.988     -0.05784
       6.003     -0.07673
       6.011     -0.05784
       6.026     -0.05784
       6.033     -0.05784
       6.048     -0.05784
       6.056     -0.02007
       6.063      0.05548
       6.063     -0.00118
       6.071      0.07437
       6.086      0.09325
       6.094      0.07437
       6.109     -0.00118
       6.116     -0.02007
       6.131     -0.00118
       6.139      0.01771
       6.154      0.07437
       6.162      0.07437
       6.169      0.07437
       6.184      0.07437
       6.192       0.1121
       6.207        0.131
       6.215       0.1121
       6.222      0.07437
        6.23     -0.02007
       6.237     -0.07673
       6.245      -0.1334
       6.252      -0.1523
       6.267        -0.19
       6.275      -0.2089
       6.283      -0.2467
        6.29      -0.3223
       6.298        -0.36
       6.305      -0.3411
       6.313      -0.2845
        6.32      -0.2278
       6.328      -0.1523
       6.335     -0.09561
       6.343     -0.02007
       6.351      0.01771
       6.366      0.07437
       6.373      0.07437
       6.388      0.05548
       6.396      0.07437
       6.403       0.1121
       6.411       0.1499
       6.419       0.1877
       6.426       0.2255
       6.441       0.2632
       6.449       0.2255
       6.456       0.1688
       6.464       0.1121
       6.471      0.07437
       6.479      0.03659
       6.494      0.05548
       6.509        0.131
       6.517       0.1877
       6.524       0.2255
       6.532       0.2066
       6.539       0.1499
       6.547      0.07437
       6.555      0.03659
       6.555     -0.00118
       6.562     -0.03895
       6.577     -0.07673
       6.585     -0.09561
         6.6     -0.07673
       6.615     -0.05784
       6.622     -0.03895
       6.638     -0.02007
       6.645     -0.00118
       6.668      0.07437
       6.675      0.09325
       6.683       0.1121
       6.706      0.07437
       6.713      0.03659
       6.721     -0.02007
       6.728     -0.03895
       6.736     -0.03895
       6.743     -0.07673
       6.751      -0.1334
       6.758      -0.2089
       6.766      -0.2656
       6.774      -0.2656
       6.781      -0.2089
       6.789      -0.1145
       6.796      0.03659
       6.796     -0.02007
       6.804      0.07437
       6.811       0.1121
       6.826       0.1499
       6.834       0.1688
       6.849       0.1877
       6.857       0.2066
       6.872       0.2066
       6.879       0.1688
       6.887        0.131
       6.894      0.09325
        6.91      0.07437
        6.91     -0.00118
       6.917     -0.02007
       6.925     -0.05784
       6.932     -0.09561
        6.94      -0.1334
       6.947        -0.19
       6.955      -0.2278
        6.97      -0.2467
       6.978      -0.2278
       6.993      -0.2278
           7      -0.2089
       7.015      -0.1712
        7.03      -0.1145
       7.038     -0.09561
       7.046     -0.03895
       7.053      0.03659
       7.053     -0.00118
       7.061      0.05548
       7.076      0.07437
       7.083      0.05548
       7.091      0.07437
       7.106       0.1499
       7.114       0.2066
       7.121       0.2255
       7.136       0.1877
       7.144       0.1688
       7.159       0.1499
       7.166       0.1499
       7.182       0.1121
       7.189       0.1121
       7.204       0.1121
       7.212        0.131
       7.227       0.1688
       7.242       0.1499
        7.25        0.131
       7.265       0.1499
       7.272       0.1877
        7.28       0.2066
       7.287       0.1688
       7.295       0.1121
       7.302      0.05548
       7.302     -0.03895
        7.31      -0.1523
       7.318      -0.3034
       7.325      -0.3978
       7.333      -0.4733
        7.34      -0.4733
       7.348      -0.4356
       7.355      -0.3789
       7.363      -0.3034
        7.37      -0.2467
       7.378      -0.1712
       7.386      -0.1145
       7.393     -0.03895
       7.401      0.01771
       7.408      0.09325
       7.416       0.1499
       7.423       0.1877
       7.431       0.2066
       7.446       0.2255
       7.454       0.2255
       7.461       0.1877
       7.469       0.1499
       7.476      0.07437
       7.484     -0.03895
       7.491      -0.1334
       7.499      -0.2278
       7.506      -0.2467
       7.514        -0.19
       7.522     -0.07673
       7.529      0.07437
       7.529     -0.02007
       7.537       0.1499
       7.544       0.2255
       7.552       0.2632
       7.567       0.2066
       7.574       0.1688
       7.582      0.09325
        7.59      0.05548
        7.59     -0.02007
       7.597     -0.09561
       7.605      -0.1712
       7.612      -0.2089
       7.627      -0.1712
       7.635      -0.1334
       7.642     -0.09561
       7.658     -0.03895
       7.665     -0.02007
       7.673      0.01771
        7.68      0.05548
       7.703      0.07437
        7.71      0.05548
       7.726     -0.00118
       7.733     -0.02007
       7.748     -0.05784
       7.756     -0.05784
       7.763     -0.02007
       7.771      0.07437
       7.771     -0.00118
       7.778        0.131
       7.786       0.2255
       7.794        0.301
       7.801       0.3577
       7.809       0.3577
       7.816       0.3199
       7.824       0.2632
       7.831       0.1499
       7.839      0.07437
       7.846     -0.00118
       7.862     -0.02007
       7.869     -0.02007
       7.877     -0.07673
       7.884      -0.1145
       7.892      -0.1712
       7.907      -0.2278
       7.914      -0.2656
       7.922      -0.2845
        7.93      -0.2656
       7.937      -0.2089
       7.945      -0.1523
       7.952     -0.07673
        7.96     -0.02007
       7.967      0.05548
       7.967     -0.00118
       7.975      0.09325
       7.982       0.1688
        7.99       0.2632
       7.998       0.3577
       8.005       0.4521
       8.013       0.5465
       8.013       0.4899
        8.02       0.5465
       8.028       0.5465
       8.028       0.4899
       8.035       0.4521
       8.043       0.3577
        8.05       0.2443
       8.058        0.131
       8.066      0.05548
       8.066     -0.03895
       8.073      -0.1145
       8.081      -0.2278
       8.088      -0.3223
       8.096      -0.4356
       8.103      -0.5489
       8.111      -0.6055
       8.118      -0.6433
       8.126      -0.6244
       8.134      -0.5678
       8.141        -0.53
       8.149      -0.5111
       8.164      -0.5111
       8.171      -0.4356
       8.179      -0.3411
       8.186        -0.19
       8.194      0.05548
       8.194     -0.05784
       8.202       0.1688
       8.209       0.3388
       8.217       0.4899
       8.224       0.5843
       8.232        0.641
       8.247       0.6598
       8.254       0.6032
       8.262       0.5088
        8.27       0.3954
       8.277       0.2632
       8.285        0.131
       8.292      0.01771
         8.3     -0.05784
       8.307      -0.1145
       8.315      -0.1334
        8.33      -0.1523
       8.337      -0.1334
       8.353      -0.1334
        8.36      -0.1334
       8.368      -0.1334
       8.375      -0.1712
       8.383      -0.2089
        8.39      -0.2467
       8.405      -0.2467
       8.413        -0.19
       8.421      -0.1334
       8.428     -0.07673
       8.436     -0.02007
       8.443      0.05548
       8.451       0.1121
       8.458       0.1499
       8.466       0.1877
       8.481        0.131
       8.489      0.09325
       8.496      0.05548
       8.504      0.03659
       8.504     -0.00118
       8.511     -0.03895
       8.526     -0.03895
       8.534     -0.00118
       8.549     -0.00118
       8.557     -0.02007
       8.572     -0.03895
       8.579     -0.03895
       8.594     -0.05784
       8.602     -0.07673
       8.617     -0.09561
       8.625     -0.09561
        8.64     -0.09561
       8.647     -0.09561
       8.655      -0.1145
       8.662      -0.1523
        8.67        -0.19
       8.677        -0.19
       8.685      -0.1145
       8.693     -0.00118
         8.7       0.1121
       8.708       0.2066
       8.715       0.2443
        8.73        0.301
       8.738        0.301
       8.745       0.3199
       8.761       0.3199
       8.768       0.2821
       8.776       0.2255
       8.783       0.1499
       8.791      0.09325
       8.798      0.01771
       8.806     -0.03895
       8.813     -0.07673
       8.821      -0.1145
       8.829      -0.1334
       8.844      -0.1334
       8.851      -0.1334
       8.859      -0.1145
       8.874     -0.07673
       8.881     -0.03895
       8.889      0.01771
       8.897      0.07437
       8.904       0.1121
       8.919        0.131
       8.927       0.2066
       8.934       0.2632
       8.942        0.301
       8.949       0.3577
       8.965       0.4143
