     0.01186       0.1285
     0.03455       0.2108
     0.04212       0.2725
     0.04968       0.3136
     0.05725       0.3548
     0.06481       0.3959
     0.07994       0.3959
     0.08751       0.3753
     0.09507       0.3136
      0.1026       0.2725
      0.1102       0.2108
      0.1178       0.1491
      0.1253       0.0874
      0.1329      0.04627
      0.1405     -0.01542
      0.1556     -0.05656
      0.1632     -0.07712
      0.1783      -0.1183
      0.1859     -0.09769
       0.201     -0.05656
      0.2085     -0.05656
      0.2237     -0.05656
      0.2388      -0.1183
      0.2464      -0.1799
      0.2539      -0.2416
      0.2691      -0.2622
      0.2766      -0.2416
      0.2918      -0.1799
      0.2993      -0.1183
      0.3069     -0.05656
      0.3145     -0.01542
       0.322      0.04627
      0.3371        0.108
      0.3447       0.1285
      0.3523       0.1697
      0.3674       0.2314
       0.375       0.2519
      0.3901       0.2725
      0.3977       0.2725
      0.4128       0.2314
      0.4204       0.2108
      0.4279       0.1697
      0.4355       0.1285
      0.4431      0.06684
      0.4506     -0.03599
      0.4582     -0.09769
      0.4658      -0.1594
      0.4733      -0.2005
      0.4884      -0.2211
       0.496      -0.1799
      0.5036      -0.1183
      0.5111     -0.05656
      0.5187     -0.01542
      0.5263      0.04627
      0.5338      0.04627
      0.5414      0.04627
       0.549     0.005141
      0.5565     -0.03599
      0.5641     -0.07712
      0.5792      -0.1183
      0.5868     -0.09769
      0.6019     -0.03599
      0.6095     -0.01542
      0.6171      0.02571
      0.6246      0.04627
      0.6322       0.0874
      0.6397       0.1285
      0.6549       0.1902
      0.6624       0.2314
      0.6776       0.2519
      0.6851       0.2519
      0.7003       0.2108
      0.7078       0.1902
      0.7154       0.1697
      0.7305       0.0874
      0.7381      0.04627
      0.7457     -0.03599
      0.7532     -0.07712
      0.7608      -0.1594
      0.7683      -0.2211
      0.7759      -0.2828
      0.7835      -0.3239
       0.791      -0.3239
      0.7986      -0.3033
      0.8137      -0.2622
      0.8213      -0.2416
      0.8289      -0.2211
       0.844      -0.1594
      0.8516      -0.1388
      0.8667     -0.07712
      0.8743     -0.05656
      0.8818     0.005141
      0.8894      0.06684
       0.897       0.1491
      0.9045       0.1902
      0.9121       0.2519
      0.9196       0.2931
      0.9348       0.3548
      0.9423       0.3753
      0.9575       0.3959
       0.965       0.3959
      0.9726       0.3548
      0.9802       0.3136
      0.9877       0.2519
      0.9953       0.1902
       1.003        0.108
        1.01      0.06684
       1.018      0.04627
       1.033      0.04627
       1.041      0.04627
       1.048     -0.03599
       1.056      -0.1183
       1.063      -0.2211
       1.071      -0.3445
       1.079       -0.509
       1.086      -0.6324
       1.094      -0.7352
       1.101      -0.8175
       1.116      -0.8586
       1.124       -0.838
       1.131      -0.7969
       1.139      -0.7352
       1.147       -0.653
       1.154      -0.5501
       1.162      -0.4473
       1.169      -0.3033
       1.177      -0.1799
       1.184     -0.07712
       1.192      0.06684
       1.192     -0.01542
         1.2       0.1697
       1.207       0.2725
       1.215       0.3548
       1.222       0.4576
        1.23       0.5398
       1.237        0.581
       1.245       0.6427
       1.253       0.6427
       1.268       0.6221
       1.275        0.581
       1.283       0.5398
        1.29       0.4576
       1.298       0.3959
       1.305       0.3342
       1.313       0.2519
       1.321       0.1697
       1.328      0.06684
       1.328     -0.01542
       1.336     -0.07712
       1.343      -0.1594
       1.351      -0.2622
       1.358      -0.3033
       1.366      -0.3239
       1.381      -0.3033
       1.389      -0.2622
       1.396      -0.2211
       1.404      -0.1594
       1.411      -0.1183
       1.426     -0.09769
       1.434      -0.1183
       1.449     -0.09769
       1.464     -0.05656
       1.479      0.04627
       1.487       0.0874
       1.502       0.1491
        1.51       0.1902
       1.525       0.2314
       1.532       0.2314
       1.548       0.2314
       1.555       0.2314
        1.57       0.1902
       1.578       0.1697
       1.585       0.1285
       1.593      0.06684
         1.6      0.02571
         1.6     -0.05656
       1.608      -0.1594
       1.616      -0.2828
       1.623       -0.365
       1.638      -0.3856
       1.646      -0.3239
       1.653      -0.2622
       1.661      -0.1799
       1.669      -0.1183
       1.676     -0.03599
       1.684      0.06684
       1.691       0.1285
       1.699       0.2108
       1.706       0.2519
       1.714       0.3136
       1.722       0.3342
       1.737       0.3753
       1.744       0.3959
       1.759        0.437
       1.767        0.437
       1.782       0.3753
        1.79       0.3342
       1.797       0.2725
       1.805       0.2108
       1.812       0.1491
        1.82      0.06684
       1.827      0.02571
       1.827     -0.05656
       1.835      -0.1388
       1.843      -0.2622
        1.85      -0.3445
       1.858      -0.4267
       1.865      -0.4679
        1.88      -0.4473
       1.888      -0.4062
       1.896      -0.3856
       1.903      -0.3239
       1.911      -0.2622
       1.918      -0.2005
       1.926      -0.1594
       1.933      -0.1183
       1.948     -0.05656
       1.956     -0.05656
       1.964     -0.03599
       1.979     -0.03599
       1.986     -0.03599
       2.001     -0.01542
       2.009      0.04627
       2.017      0.06684
       2.024        0.108
       2.032       0.1491
       2.039       0.1902
       2.047       0.2314
       2.062       0.2314
        2.07       0.2314
       2.077       0.2314
       2.092       0.1902
         2.1       0.1491
       2.107        0.108
       2.115      0.06684
       2.122      0.02571
        2.13     -0.01542
       2.145     -0.01542
        2.16     -0.01542
       2.168     0.005141
       2.175      0.06684
       2.183       0.1285
       2.191       0.1697
       2.206       0.2108
       2.213       0.1697
       2.221        0.108
       2.228      0.04627
       2.228     -0.01542
       2.236     -0.05656
       2.244      -0.1388
       2.251      -0.2211
       2.259      -0.2828
       2.266       -0.365
       2.274      -0.4267
       2.281      -0.4884
       2.289      -0.5296
       2.296      -0.5501
       2.312      -0.5913
       2.319      -0.5501
       2.327       -0.509
       2.334      -0.4473
       2.342      -0.3445
       2.349      -0.2416
       2.357      -0.1388
       2.365      0.02571
       2.365     -0.05656
       2.372       0.0874
        2.38       0.2108
       2.387       0.3342
       2.395       0.4165
       2.402       0.4781
        2.41       0.5398
       2.418        0.581
       2.425       0.6015
        2.44       0.6015
       2.448       0.5604
       2.455       0.4987
       2.463       0.4165
        2.47       0.3342
       2.478       0.2314
       2.486       0.1285
       2.493     0.005141
       2.501     -0.09769
       2.508      -0.2416
       2.516      -0.4062
       2.523      -0.5296
       2.531      -0.6118
       2.539      -0.6735
       2.554      -0.6941
       2.561      -0.6324
       2.569      -0.5501
       2.576      -0.4473
       2.584      -0.3239
       2.591      -0.2211
       2.599     -0.09769
       2.607     0.005141
       2.614      0.06684
       2.622       0.1285
       2.629       0.1491
       2.644       0.1697
       2.652       0.1697
        2.66       0.1902
       2.675       0.2314
       2.682       0.2725
        2.69       0.3342
       2.697       0.3959
       2.713       0.4165
        2.72       0.4165
       2.735       0.3959
       2.743       0.3753
       2.758       0.2931
       2.765       0.2519
       2.773       0.1697
       2.781       0.0874
       2.781     -0.01542
       2.788     -0.07712
       2.796      -0.2005
       2.803      -0.3033
       2.811      -0.4062
       2.818      -0.4679
       2.826      -0.5296
       2.834      -0.5501
       2.841      -0.5296
       2.849      -0.4884
       2.856      -0.4267
       2.864       -0.365
       2.871      -0.3033
       2.879      -0.2416
       2.887      -0.1388
       2.894     -0.05656
       2.902      0.06684
       2.909       0.1697
       2.917       0.2725
       2.924       0.3548
       2.932        0.437
       2.939       0.4987
       2.955       0.5193
       2.962       0.5193
       2.977       0.4781
       2.985        0.437
       2.992       0.3959
           3       0.3342
       3.008       0.2931
       3.015       0.2519
       3.023       0.1902
        3.03        0.108
       3.038      0.04627
       3.038     -0.03599
       3.045      -0.1388
       3.053      -0.2622
       3.061      -0.3445
       3.068      -0.4473
       3.076      -0.5296
       3.083      -0.5913
       3.091      -0.6118
       3.106      -0.5913
       3.113      -0.5501
       3.121      -0.4884
       3.129      -0.4267
       3.136      -0.3445
       3.144      -0.2622
       3.151      -0.1594
       3.159     -0.07712
       3.166     0.005141
       3.174       0.0874
       3.182       0.1491
       3.189       0.1902
       3.197       0.2519
       3.204       0.2931
       3.212       0.3548
       3.219       0.3959
       3.227       0.4165
       3.242        0.437
        3.25        0.437
       3.265       0.3753
       3.272       0.3342
        3.28       0.2931
       3.287       0.2108
       3.295       0.1285
       3.303      0.06684
        3.31     0.005141
       3.318     -0.05656
       3.325      -0.1388
       3.333      -0.2005
        3.34      -0.2622
       3.348      -0.3033
       3.356      -0.3239
       3.371      -0.3445
       3.378      -0.3445
       3.393      -0.3445
       3.409       -0.365
       3.416      -0.3445
       3.424      -0.3239
       3.439      -0.2828
       3.446      -0.2622
       3.454      -0.2211
       3.461      -0.1799
       3.469      -0.1388
       3.477     -0.09769
       3.492     -0.03599
       3.499      0.02571
       3.499     -0.01542
       3.507      0.06684
       3.514       0.1697
       3.522       0.2519
        3.53       0.3342
       3.537       0.3959
       3.545       0.4576
       3.552       0.5193
        3.56        0.581
       3.567       0.6221
       3.575       0.6427
       3.582       0.6221
        3.59       0.5193
       3.598       0.3753
       3.605       0.2108
       3.613       0.0874
       3.613     -0.01542
        3.62     -0.07712
       3.628      -0.1594
       3.635      -0.2416
       3.643      -0.3033
       3.651      -0.3445
       3.658      -0.4062
       3.666      -0.4473
       3.673       -0.509
       3.681      -0.5501
       3.696      -0.5707
       3.704      -0.5501
       3.711      -0.5296
       3.726      -0.4679
       3.734      -0.4267
       3.741       -0.365
       3.749      -0.3033
       3.756      -0.2005
       3.764     -0.09769
       3.772      0.02571
       3.772     -0.03599
       3.779      0.06684
       3.787       0.1285
       3.794       0.1902
       3.802       0.2519
       3.809       0.3136
       3.817       0.3753
       3.825       0.4576
       3.832       0.4987
        3.84       0.5398
       3.847       0.5398
       3.862       0.5604
        3.87       0.5193
       3.878       0.4576
       3.885       0.4165
       3.885       0.3342
       3.893       0.2725
       3.893       0.1902
         3.9       0.1285
       3.908      0.02571
       3.915     -0.05656
       3.923     -0.09769
        3.93      -0.1183
       3.946      -0.1799
       3.953      -0.2211
       3.968      -0.2622
       3.976      -0.2416
       3.991      -0.2005
       3.999      -0.1799
       4.006      -0.1594
       4.021      -0.1183
       4.029     -0.09769
       4.044     -0.05656
       4.059     -0.01542
       4.074      0.04627
       4.082      0.06684
       4.089        0.108
       4.097       0.1491
       4.112       0.1697
        4.12       0.1697
       4.127       0.1285
       4.135      0.06684
       4.142      0.02571
        4.15     -0.01542
       4.157     -0.03599
       4.173     -0.05656
        4.18     -0.05656
       4.188     -0.09769
       4.195      -0.1388
       4.203      -0.1594
        4.21      -0.1388
       4.218     -0.07712
       4.226     0.005141
       4.233        0.108
       4.241       0.1697
       4.248       0.2519
       4.256       0.2931
       4.271       0.3136
       4.278       0.3136
       4.294       0.2725
       4.301       0.2519
       4.309       0.2108
       4.316       0.1697
       4.324       0.1285
       4.331        0.108
       4.347      0.06684
       4.354      0.04627
       4.369      0.02571
       4.377      0.02571
       4.384      0.04627
         4.4      0.06684
       4.407      0.06684
       4.422      0.04627
        4.43     0.005141
       4.437     -0.07712
       4.445      -0.1594
       4.452      -0.2416
        4.46      -0.3239
       4.468      -0.3856
       4.475      -0.4679
       4.483      -0.4884
       4.498      -0.4679
       4.505      -0.4473
       4.521      -0.3856
       4.528      -0.3445
       4.536      -0.3033
       4.543      -0.2622
       4.558      -0.2005
       4.566      -0.1799
       4.581      -0.1388
       4.589     -0.09769
       4.596     -0.03599
       4.604     0.005141
       4.611      0.04627
       4.626       0.1285
       4.634       0.1491
       4.642       0.2108
       4.649       0.2519
       4.657       0.2725
       4.664       0.2314
       4.672       0.1902
       4.679       0.1285
       4.687       0.0874
       4.702      0.02571
        4.71      0.02571
       4.725     -0.01542
       4.732      0.04627
        4.74       0.0874
       4.747       0.1285
       4.755       0.1697
        4.77       0.2108
       4.778       0.2314
       4.793       0.2725
         4.8       0.2931
       4.808       0.3342
       4.816       0.3753
       4.823       0.4165
       4.831       0.4576
       4.846       0.5193
       4.853       0.4987
       4.861        0.437
       4.869       0.3753
       4.876       0.3136
       4.884       0.2314
       4.891       0.1697
       4.899        0.108
       4.906      0.04627
       4.906     -0.01542
       4.914     -0.05656
       4.921      -0.1388
       4.929      -0.2211
       4.937      -0.3033
       4.944      -0.4062
       4.952       -0.509
       4.959      -0.6324
       4.967      -0.7352
       4.974       -0.838
       4.982      -0.8792
       4.997       -0.838
       5.005      -0.7558
       5.012       -0.653
        5.02      -0.5296
       5.027      -0.3856
       5.035      -0.2622
       5.043      -0.1183
        5.05     -0.01542
       5.058      0.06684
       5.065       0.1285
       5.073       0.1902
       5.088       0.2314
       5.095       0.2519
       5.111       0.3342
       5.118       0.3548
       5.133       0.4165
       5.141        0.437
       5.156       0.4781
       5.164       0.4987
       5.171       0.5193
       5.179       0.5604
       5.186       0.6015
       5.201       0.6015
       5.209       0.5398
       5.217       0.4165
       5.224       0.2108
       5.232     0.005141
       5.239      -0.2211
       5.247       -0.365
       5.254      -0.4884
       5.262      -0.5296
       5.277      -0.5913
       5.285      -0.6118
         5.3      -0.6118
       5.315      -0.5707
       5.322      -0.5501
        5.33      -0.4884
       5.338      -0.4267
       5.345      -0.3445
       5.353      -0.2828
        5.36      -0.2211
       5.368      -0.1183
       5.375     -0.05656
       5.383      0.06684
       5.391       0.1285
       5.398       0.1697
       5.406       0.2108
       5.413       0.2519
       5.421       0.2931
       5.428       0.3548
       5.436       0.3959
       5.443        0.437
       5.459        0.437
       5.466       0.3959
       5.474       0.3342
       5.481       0.2519
       5.489       0.1697
       5.496        0.108
       5.504      0.06684
       5.512     0.005141
       5.519     -0.07712
       5.527      -0.1594
       5.534      -0.2416
       5.542      -0.3033
       5.549      -0.3445
       5.565      -0.3239
       5.572      -0.2622
        5.58      -0.2211
       5.587      -0.1799
       5.602      -0.1388
        5.61      -0.1388
       5.625      -0.1388
       5.633      -0.1183
        5.64     -0.07712
       5.655     -0.01542
       5.663      0.04627
        5.67      0.06684
       5.678       0.1285
       5.686       0.1697
       5.701       0.2314
       5.708       0.2725
       5.716       0.3136
       5.723       0.3548
       5.731       0.3959
       5.746        0.437
       5.754        0.437
       5.769       0.3548
       5.776       0.2931
       5.784       0.1902
       5.791       0.0874
       5.799     -0.07712
       5.807      -0.1594
       5.814      -0.2622
       5.822      -0.3239
       5.829      -0.3445
       5.844      -0.3445
       5.852      -0.3239
        5.86      -0.3033
       5.867      -0.2416
       5.875      -0.1799
       5.882      -0.1183
        5.89     -0.03599
       5.897      0.06684
       5.905        0.108
       5.912       0.1285
        5.92       0.1697
       5.928       0.1902
       5.935       0.2314
       5.943       0.2931
        5.95       0.3342
       5.958       0.3548
       5.973       0.3136
       5.981       0.2725
       5.988       0.2519
       6.003       0.2108
       6.011       0.2108
       6.026       0.1697
       6.034        0.108
       6.041      0.06684
       6.049     0.005141
       6.056     -0.03599
       6.064     -0.09769
       6.071      -0.1594
       6.079      -0.2211
       6.086      -0.2828
       6.094      -0.3239
       6.102      -0.3856
       6.109      -0.4267
       6.117      -0.4473
       6.132      -0.4679
       6.139      -0.4679
       6.147      -0.4267
       6.155      -0.3856
       6.162      -0.3239
        6.17      -0.2828
       6.177      -0.2416
       6.185      -0.2005
       6.192      -0.1799
       6.208     -0.09769
       6.215     -0.07712
        6.23     -0.03599
       6.238     -0.01542
       6.245      0.04627
       6.253       0.0874
       6.268       0.1285
       6.276       0.1285
       6.291      0.06684
       6.298      0.06684
       6.313       0.0874
       6.329       0.1285
       6.336       0.1285
       6.344       0.1491
       6.359       0.1285
       6.366        0.108
       6.382       0.0874
       6.389        0.108
       6.404       0.1697
       6.412       0.1697
       6.419       0.1697
       6.427       0.1285
       6.434       0.0874
       6.442      0.04627
        6.45     -0.01542
       6.457     -0.05656
       6.472      -0.1183
        6.48      -0.1594
       6.487      -0.2211
       6.495      -0.2416
        6.51      -0.2005
       6.518      -0.1183
       6.525     -0.03599
       6.533      0.04627
        6.54      0.06684
       6.548        0.108
       6.556       0.1491
       6.563       0.1697
       6.571       0.2108
       6.578       0.2519
       6.586       0.3136
       6.593       0.3548
       6.601       0.3959
       6.616       0.4165
       6.624       0.4165
       6.631       0.4165
       6.639       0.3753
       6.646       0.3342
       6.654       0.2725
       6.661       0.2108
       6.669       0.1491
       6.677      0.06684
       6.684     0.005141
       6.692     -0.05656
       6.699     -0.09769
       6.707      -0.1594
       6.714      -0.2416
       6.722      -0.3033
        6.73      -0.4062
       6.737      -0.4679
       6.745       -0.509
       6.752      -0.5501
       6.767      -0.5296
       6.775       -0.509
       6.782      -0.4679
        6.79      -0.4267
       6.798       -0.365
       6.805      -0.3033
       6.813      -0.2211
        6.82      -0.1388
       6.828     -0.07712
       6.835     -0.03599
       6.843      0.04627
       6.843     -0.01542
       6.851      0.06684
       6.858        0.108
       6.866       0.1491
       6.881       0.1697
       6.888       0.1697
       6.896       0.1697
       6.911       0.1697
       6.919       0.1697
       6.926       0.1902
       6.941       0.1902
       6.949       0.2108
       6.956       0.2519
       6.964       0.2931
       6.979       0.3136
       6.987       0.3136
       6.994       0.2725
       7.002       0.2314
       7.009       0.1491
       7.017      0.06684
       7.025      0.02571
       7.025     -0.05656
       7.032      -0.1594
        7.04      -0.2828
       7.047      -0.4062
       7.055      -0.4884
       7.055      -0.5501
       7.062      -0.5707
        7.07       -0.653
       7.077      -0.6735
       7.085      -0.6324
       7.093      -0.5707
         7.1      -0.4679
       7.108      -0.3856
       7.115      -0.3239
       7.123      -0.2416
        7.13      -0.1594
       7.138     -0.05656
       7.146      0.04627
       7.146     -0.01542
       7.153       0.1285
       7.161       0.2108
       7.168       0.3548
       7.176       0.4781
       7.183        0.581
       7.191       0.6838
       7.199       0.7249
       7.214       0.7249
       7.221       0.6632
       7.229       0.6221
       7.236       0.5604
       7.244       0.4781
       7.251       0.3959
       7.259       0.3136
       7.267       0.2314
       7.274       0.1491
       7.282      0.06684
       7.289     -0.05656
       7.297      -0.1183
       7.304      -0.2005
       7.312      -0.2416
        7.32      -0.2622
       7.335      -0.2622
       7.342      -0.2828
        7.35      -0.2828
       7.365      -0.3239
       7.373      -0.3033
        7.38      -0.2828
       7.388      -0.2416
       7.395      -0.1799
       7.403      -0.1388
        7.41     -0.09769
       7.425     -0.03599
       7.433     -0.01542
       7.448     -0.01542
       7.456     -0.01542
       7.463     -0.05656
       7.478     -0.09769
       7.486     -0.09769
       7.501     -0.07712
       7.509     -0.07712
       7.524     -0.05656
       7.531     -0.05656
       7.547     -0.03599
       7.554     -0.03599
       7.569     -0.03599
       7.577     -0.03599
       7.584     -0.03599
       7.599     -0.07712
       7.607     -0.09769
       7.615     -0.09769
        7.63     -0.07712
       7.637     -0.05656
       7.652     -0.01542
        7.66      0.02571
       7.675      0.04627
       7.683      0.06684
       7.698       0.0874
       7.705       0.0874
       7.713        0.108
       7.728       0.0874
       7.736       0.0874
       7.743        0.108
       7.758       0.1697
       7.766       0.2108
       7.773       0.2519
       7.789       0.3136
       7.796       0.3136
       7.804       0.2725
       7.811       0.2314
       7.819       0.1491
       7.826      0.06684
       7.834     -0.03599
       7.842     -0.09769
       7.849      -0.1594
       7.864      -0.2005
       7.872      -0.2416
       7.879      -0.2828
       7.887      -0.3033
       7.902      -0.3033
        7.91      -0.2828
       7.917      -0.2416
       7.925      -0.2005
        7.94      -0.1594
       7.947      -0.1183
       7.963     -0.07712
       7.978     -0.01542
       7.985      0.02571
       7.993      0.06684
           8       0.0874
       8.016       0.1491
       8.023       0.1902
       8.031       0.2519
       8.038       0.3136
       8.046       0.3753
       8.053       0.4165
       8.061       0.4576
       8.076       0.5193
       8.084       0.5193
       8.091       0.4781
       8.099       0.3959
       8.106       0.3136
       8.114       0.2314
       8.121       0.1491
       8.129      0.06684
       8.137     -0.03599
       8.144     -0.09769
       8.152      -0.1799
       8.159      -0.2622
       8.167      -0.3239
       8.174      -0.4062
       8.182      -0.4679
        8.19      -0.5501
       8.197      -0.6118
       8.205      -0.6735
       8.212      -0.7147
        8.22      -0.7352
       8.227      -0.6941
       8.235      -0.6735
       8.242      -0.6118
        8.25      -0.5501
       8.258      -0.4884
       8.265      -0.4062
       8.273      -0.3239
        8.28      -0.2828
       8.288      -0.2416
       8.295      -0.1799
       8.303      -0.1183
       8.311     -0.03599
       8.318      0.04627
       8.318     -0.01542
       8.326        0.108
       8.333       0.1697
       8.341       0.2314
       8.348       0.2725
       8.356       0.3342
       8.364       0.3959
       8.371        0.437
       8.386       0.4987
       8.394       0.5193
       8.409        0.581
       8.416        0.581
       8.424       0.5193
       8.432       0.4576
       8.439       0.3548
       8.447       0.2519
       8.454       0.1491
       8.462      0.06684
       8.469      0.02571
       8.477     -0.01542
       8.485     0.005141
         8.5      0.04627
       8.507      0.06684
       8.522      0.06684
        8.53      0.06684
       8.538      0.06684
       8.553      0.04627
        8.56      0.02571
       8.568     0.005141
       8.575     -0.03599
       8.583     -0.07712
        8.59      -0.1388
       8.598      -0.2005
       8.606      -0.2416
       8.613      -0.2828
       8.621      -0.3239
       8.628      -0.3445
       8.643      -0.3445
       8.651      -0.3239
       8.659      -0.2622
       8.666      -0.2005
       8.674      -0.1183
       8.681     -0.03599
       8.689      0.04627
       8.696       0.0874
       8.704       0.1491
       8.719       0.1491
       8.727       0.0874
       8.734      0.04627
       8.742     -0.01542
       8.749     -0.03599
       8.764     -0.07712
       8.772     -0.07712
       8.787     -0.07712
       8.795     -0.05656
        8.81     -0.01542
       8.817      0.04627
       8.825       0.0874
       8.833       0.1285
        8.84       0.1697
       8.855       0.1491
       8.863       0.1285
       8.878       0.0874
       8.886      0.06684
       8.901      0.02571
       8.908     0.005141
       8.923     -0.03599
       8.931     -0.03599
       8.946     -0.01542
       8.954     0.005141
       8.969      0.02571
       8.976      0.02571
