     0.01198       0.2715
     0.03468       0.2936
     0.04224       0.2715
     0.04981       0.2271
     0.05737       0.1828
     0.06494       0.1163
      0.0725       0.0277
     0.08007     -0.06094
     0.08763      -0.1717
     0.09519      -0.2825
      0.1028      -0.3712
      0.1103      -0.4377
      0.1179       -0.482
      0.1255      -0.5263
       0.133      -0.5706
      0.1406      -0.5928
      0.1557       -0.615
      0.1633      -0.5706
      0.1708      -0.5042
      0.1784      -0.3934
       0.186      -0.3047
      0.1935      -0.1939
      0.2011      -0.1274
      0.2087     -0.03878
      0.2162       0.0277
      0.2238      0.07202
      0.2389       0.1163
      0.2465       0.1163
      0.2616       0.1163
      0.2692       0.1385
      0.2843       0.1385
      0.2919       0.1385
      0.2994       0.1607
      0.3146       0.1607
      0.3221       0.1607
      0.3373       0.1385
      0.3448       0.1163
      0.3524      0.09418
      0.3675      0.04986
      0.3751      0.04986
      0.3902      0.07202
      0.3978      0.07202
      0.4129      0.09418
      0.4205      0.07202
       0.428       0.0277
      0.4432      -0.0831
      0.4507      -0.1274
      0.4659      -0.1717
      0.4734      -0.1939
      0.4886      -0.2161
      0.4961      -0.2161
      0.5037      -0.2382
      0.5188      -0.3047
      0.5264       -0.349
      0.5339      -0.3934
      0.5491      -0.4155
      0.5566      -0.3934
      0.5642      -0.3712
      0.5793      -0.3047
      0.5869      -0.2825
       0.602      -0.2382
      0.6096      -0.1939
      0.6172      -0.1496
      0.6247      -0.0831
      0.6323     -0.03878
      0.6398      0.00554
      0.6474      0.07202
       0.655       0.1163
      0.6625       0.1607
      0.6777        0.205
      0.6852        0.205
      0.7004        0.205
      0.7079       0.2271
      0.7231       0.2715
      0.7306       0.2715
      0.7382       0.2715
      0.7533       0.1828
      0.7609       0.1385
      0.7684      0.09418
       0.776       0.0277
      0.7836     -0.03878
      0.7911      -0.0831
      0.7987      -0.1053
      0.8138      -0.1496
      0.8214      -0.1496
      0.8365      -0.1496
      0.8441      -0.1496
      0.8592      -0.1496
      0.8668      -0.1717
      0.8819      -0.1939
       0.897      -0.2161
      0.9046      -0.1939
      0.9122      -0.1717
      0.9197      -0.0831
      0.9273     -0.01662
      0.9349       0.0277
      0.9424       0.1163
        0.95        0.205
      0.9576       0.2493
      0.9651       0.2936
      0.9803       0.3601
      0.9878       0.3601
       1.003       0.3158
       1.011       0.2936
       1.026        0.205
       1.033       0.1163
       1.041     -0.01662
       1.048      -0.1496
       1.056      -0.2382
       1.063      -0.3269
       1.071       -0.349
       1.079       -0.349
       1.094      -0.3269
       1.101      -0.2825
       1.116      -0.2161
       1.124      -0.1717
       1.132      -0.1274
       1.139      -0.0831
       1.147     -0.03878
       1.154      0.00554
       1.162      0.04986
       1.169      0.09418
       1.184       0.1385
       1.192       0.1607
       1.207       0.1607
       1.215       0.1385
       1.222       0.1163
       1.237      0.07202
       1.245      0.04986
       1.253      0.00554
        1.26     -0.01662
       1.268     -0.06094
       1.283      -0.1496
        1.29      -0.1717
       1.306      -0.2161
       1.313      -0.2161
       1.321      -0.1939
       1.328      -0.1717
       1.343      -0.1053
       1.351     -0.06094
       1.358     -0.01662
       1.366      0.00554
       1.374      0.04986
       1.381      0.09418
       1.389       0.1385
       1.396       0.1828
       1.411       0.2493
       1.419       0.2493
       1.427       0.2715
       1.442       0.2493
       1.449       0.2493
       1.464        0.205
       1.472       0.1828
        1.48       0.1607
       1.487       0.1163
       1.495      0.07202
       1.502     -0.01662
        1.51      -0.1053
       1.517      -0.1717
       1.525      -0.2382
       1.532      -0.2604
       1.548      -0.3047
       1.555      -0.3047
       1.563      -0.2825
       1.578      -0.3047
       1.585      -0.3269
       1.593      -0.3269
       1.608      -0.2604
       1.616      -0.1939
       1.623      -0.1274
       1.631     -0.06094
       1.638     -0.01662
       1.646     -0.01662
       1.661     -0.01662
       1.669     -0.01662
       1.676      0.00554
       1.691      0.04986
       1.699      0.07202
       1.714       0.1385
       1.722       0.1607
       1.737       0.1828
       1.744       0.1607
       1.752       0.1385
       1.767      0.07202
       1.775      0.04986
        1.79      0.00554
       1.797      0.00554
       1.805       0.0277
        1.82       0.0277
       1.827      0.00554
       1.843     -0.01662
        1.85     -0.06094
       1.865     -0.06094
        1.88      -0.0831
       1.888      -0.0831
       1.896      -0.0831
       1.911      -0.0831
       1.918      -0.0831
       1.933     -0.03878
       1.941     -0.01662
       1.956      0.00554
       1.964      0.00554
       1.971     -0.03878
       1.986      -0.0831
       1.994     -0.06094
       2.009     -0.06094
       2.017     -0.06094
       2.032     -0.06094
       2.039     -0.06094
       2.054     -0.06094
       2.062     -0.06094
       2.077     -0.06094
       2.092      -0.0831
         2.1     -0.06094
       2.115     -0.03878
       2.123     -0.01662
       2.138       0.0277
       2.145      0.04986
        2.16       0.0277
       2.168       0.0277
       2.183     -0.01662
       2.191     -0.01662
       2.198      0.00554
       2.213       0.0277
       2.221       0.0277
       2.236      0.00554
       2.244     -0.01662
       2.251     -0.01662
       2.266      -0.0831
       2.274      -0.1274
       2.281      -0.1939
       2.289      -0.2382
       2.296      -0.2825
       2.304      -0.2825
       2.319      -0.2382
       2.327      -0.2161
       2.342      -0.1717
       2.349      -0.1053
       2.357     -0.03878
       2.365       0.0277
       2.372      0.07202
        2.38      0.09418
       2.395       0.1607
       2.402        0.205
       2.418       0.2715
       2.425       0.3158
        2.44        0.338
       2.448        0.338
       2.463       0.2936
        2.47       0.2493
       2.478        0.205
       2.486       0.1607
       2.493      0.07202
       2.501     -0.01662
       2.508      -0.1053
       2.516      -0.2161
       2.523      -0.2825
       2.531       -0.349
       2.539      -0.3712
       2.554      -0.3934
       2.561      -0.3934
       2.576       -0.349
       2.584      -0.3269
       2.592      -0.2825
       2.599      -0.2382
       2.607      -0.1939
       2.614      -0.1274
       2.622     -0.06094
       2.629      0.00554
       2.637      0.04986
       2.652      0.09418
        2.66      0.09418
       2.667       0.1163
       2.682       0.1607
        2.69       0.1828
       2.705       0.1828
       2.713       0.1828
       2.728       0.1163
       2.735      0.07202
       2.743      0.00554
       2.758     -0.03878
       2.765     -0.06094
       2.773      -0.1053
       2.781      -0.1496
       2.788      -0.1939
       2.796      -0.2382
       2.803      -0.2604
       2.818      -0.2604
       2.826      -0.2382
       2.834      -0.2161
       2.841      -0.1717
       2.849      -0.1053
       2.856     -0.03878
       2.864       0.0277
       2.871      0.09418
       2.879       0.1385
       2.887       0.1828
       2.894       0.2271
       2.909       0.2493
       2.917       0.2493
       2.932        0.205
       2.939       0.1828
       2.955       0.1607
       2.962       0.1828
       2.977        0.205
       2.985        0.205
       2.992       0.1607
           3       0.1163
       3.008       0.0277
       3.015     -0.06094
       3.023      -0.1496
        3.03      -0.2382
       3.038      -0.3269
       3.045      -0.3934
       3.053      -0.4377
       3.061      -0.4598
       3.068      -0.4377
       3.076      -0.3712
       3.083      -0.3047
       3.091      -0.2604
       3.098      -0.1939
       3.106      -0.1496
       3.113      -0.1053
       3.121     -0.03878
       3.129       0.0277
       3.136      0.09418
       3.144       0.1607
       3.151        0.205
       3.159       0.2493
       3.166       0.2936
       3.182       0.3601
       3.189       0.3601
       3.197       0.3158
       3.204       0.2715
       3.212        0.205
       3.219       0.1385
       3.227      0.04986
       3.235     -0.01662
       3.242      -0.0831
        3.25      -0.1274
       3.257      -0.1496
       3.265      -0.1274
        3.28      -0.0831
       3.295     -0.03878
       3.303     -0.06094
        3.31      -0.1274
       3.318      -0.1717
       3.325      -0.2161
        3.34      -0.2604
       3.348      -0.2604
       3.363      -0.2604
       3.371      -0.2382
       3.386      -0.1939
       3.393      -0.1496
       3.401      -0.1274
       3.408      -0.0831
       3.416     -0.01662
       3.431      0.07202
       3.439      0.09418
       3.446       0.1385
       3.454       0.1828
       3.469       0.2493
       3.477       0.2493
       3.484       0.2271
       3.492       0.1828
       3.499       0.1163
       3.507      0.04986
       3.514     -0.01662
       3.522     -0.06094
        3.53      -0.1053
       3.545      -0.1717
       3.552      -0.1717
       3.567      -0.2161
       3.575      -0.2161
        3.59      -0.2382
       3.598      -0.1939
       3.613      -0.1496
        3.62      -0.1274
       3.635      -0.0831
       3.643     -0.03878
       3.651      0.00554
       3.658      0.04986
       3.666      0.09418
       3.681       0.1385
       3.688       0.1607
       3.704       0.1607
       3.711       0.1607
       3.726      0.07202
       3.734       0.0277
       3.741     -0.06094
       3.749      -0.1274
       3.756      -0.1717
       3.764      -0.2161
       3.772      -0.2382
       3.779      -0.2382
       3.794      -0.2382
       3.802      -0.2382
       3.809      -0.2161
       3.825      -0.1717
       3.832      -0.1274
       3.847     -0.03878
       3.862       0.0277
        3.87      0.04986
       3.885      0.09418
         3.9       0.1163
       3.908       0.1163
       3.923      0.07202
        3.93       0.0277
       3.938     -0.03878
       3.946      -0.1053
       3.961      -0.1496
       3.968      -0.1496
       3.976      -0.1053
       3.991     -0.03878
       4.006      0.04986
       4.014      0.07202
       4.029      0.09418
       4.044      0.04986
       4.051       0.0277
       4.059      0.04986
       4.074      0.04986
       4.082      0.04986
       4.097       0.0277
       4.112     -0.01662
        4.12     -0.01662
       4.135     -0.01662
       4.142      0.00554
        4.15      0.04986
       4.157      0.07202
       4.173       0.1385
        4.18       0.1607
       4.195        0.205
       4.203        0.205
       4.218       0.1385
       4.225       0.1163
       4.233       0.1163
       4.248      0.09418
       4.256      0.04986
       4.263       0.0277
       4.278     -0.03878
       4.286      -0.0831
       4.301      -0.1274
       4.309      -0.1496
       4.324      -0.1496
       4.331      -0.1274
       4.339      -0.1053
       4.354     -0.03878
       4.362      0.00554
       4.377      0.04986
       4.384      0.00554
       4.392     -0.03878
       4.399      -0.1053
       4.407      -0.1939
       4.415      -0.2604
        4.43      -0.2604
       4.437      -0.2161
       4.445      -0.1717
       4.452      -0.1274
        4.46     -0.03878
       4.468      0.00554
       4.475      0.04986
       4.483      0.09418
        4.49       0.1385
       4.505       0.1607
       4.513       0.1385
       4.528       0.1163
       4.536       0.1163
       4.551      0.09418
       4.558      0.07202
       4.573      0.00554
       4.589     -0.06094
       4.596      -0.1053
       4.611      -0.1717
       4.619      -0.1717
       4.634      -0.2161
       4.642      -0.2382
       4.657      -0.2825
       4.664      -0.2825
       4.672      -0.2604
       4.679      -0.1939
       4.687      -0.1274
       4.694     -0.06094
       4.702     -0.01662
        4.71      0.04986
       4.717      0.09418
       4.725       0.1163
        4.74       0.1607
       4.755       0.1607
       4.763       0.1607
        4.77       0.1163
       4.778      0.07202
       4.785      0.00554
         4.8     -0.01662
       4.808     -0.03878
       4.823     -0.06094
       4.831     -0.03878
       4.838     -0.01662
       4.853       0.0277
       4.861      0.04986
       4.868      0.09418
       4.876       0.1385
       4.884       0.1828
       4.891       0.2271
       4.906       0.2271
       4.914        0.205
       4.921       0.1607
       4.929       0.1163
       4.937      0.07202
       4.944       0.0277
       4.952     -0.01662
       4.959     -0.06094
       4.967      -0.1053
       4.974      -0.1717
       4.982      -0.2161
       4.989      -0.2825
       4.997       -0.349
       5.005      -0.4377
       5.012      -0.4598
       5.027       -0.482
       5.035      -0.4598
       5.042      -0.3712
        5.05      -0.2825
       5.058      -0.1939
       5.065      -0.0831
       5.073       0.0277
        5.08      0.09418
       5.088       0.1828
       5.095       0.2493
       5.103       0.2936
       5.111        0.338
       5.118       0.3601
       5.133       0.4044
       5.141       0.4488
       5.148       0.4931
       5.163       0.4709
       5.171       0.4266
       5.179       0.3601
       5.186       0.2715
       5.194       0.1828
       5.201      0.04986
       5.209     -0.03878
       5.216      -0.1274
       5.224      -0.2382
       5.232       -0.349
       5.239      -0.4598
       5.247      -0.5485
       5.254      -0.6371
       5.269      -0.7036
       5.277      -0.7036
       5.285      -0.6593
       5.292      -0.6371
         5.3      -0.5706
       5.307      -0.5042
       5.315      -0.4155
       5.322       -0.349
        5.33      -0.2604
       5.337      -0.1939
       5.345      -0.1274
       5.353     -0.03878
        5.36       0.0277
       5.368      0.09418
       5.375       0.1385
       5.383        0.205
        5.39       0.2493
       5.398       0.3158
       5.406       0.3823
       5.413       0.4266
       5.421       0.4709
       5.436       0.5152
       5.443       0.5152
       5.451       0.4709
       5.466       0.3823
       5.474        0.338
       5.481       0.2715
       5.489       0.1828
       5.496      0.07202
       5.504     -0.03878
       5.511      -0.1717
       5.519      -0.3269
       5.527      -0.4377
       5.534      -0.5263
       5.542      -0.5928
       5.557       -0.615
       5.564      -0.5928
       5.572      -0.5485
        5.58       -0.482
       5.587      -0.3934
       5.595      -0.3047
       5.602      -0.2382
        5.61      -0.1717
       5.625      -0.0831
       5.632     -0.01662
        5.64       0.0277
       5.648       0.1163
       5.655       0.1828
       5.663       0.2271
        5.67       0.2715
       5.678       0.3158
       5.685       0.3601
       5.693       0.4044
       5.701       0.4266
       5.716       0.4266
       5.723       0.4488
       5.738       0.4044
       5.746       0.3823
       5.754       0.3601
       5.761       0.3158
       5.769       0.2271
       5.776       0.1385
       5.784      0.00554
       5.791      -0.0831
       5.799      -0.1939
       5.806      -0.2825
       5.822      -0.3269
       5.829       -0.349
       5.844      -0.3269
       5.852      -0.3047
       5.867      -0.2382
       5.875      -0.1939
        5.89      -0.1274
       5.897      -0.1053
       5.905     -0.03878
       5.912       0.0277
        5.92      0.09418
       5.927       0.1385
       5.943        0.205
        5.95       0.2271
       5.965       0.2271
       5.973        0.205
        5.98       0.1828
       5.996       0.1163
       6.003      0.07202
       6.011      0.00554
       6.026      -0.0831
       6.033      -0.1274
       6.041      -0.1717
       6.049      -0.2161
       6.064      -0.2161
       6.071      -0.1939
       6.086      -0.1274
       6.094      -0.1053
       6.101     -0.06094
       6.109     -0.01662
       6.117       0.0277
       6.124      0.07202
       6.139      0.09418
       6.147      0.07202
       6.154      0.00554
       6.162      -0.0831
        6.17      -0.1717
       6.177      -0.2604
       6.185      -0.3269
       6.192       -0.349
       6.207      -0.3934
       6.215      -0.3712
        6.23      -0.3269
       6.238      -0.3047
       6.245      -0.2604
       6.253      -0.2382
        6.26      -0.1939
       6.268      -0.1274
       6.275      -0.0831
       6.283     -0.03878
       6.291      0.00554
       6.298      0.07202
       6.313      0.09418
       6.321      0.09418
       6.328      0.09418
       6.336      0.04986
       6.344      0.00554
       6.351     -0.03878
       6.366      -0.0831
       6.374      -0.1053
       6.389      -0.1496
       6.397      -0.1939
       6.412      -0.2382
       6.419      -0.2604
       6.427      -0.2382
       6.442      -0.1717
       6.449      -0.1274
       6.457      -0.0831
       6.465     -0.03878
       6.472      0.00554
       6.487      0.09418
       6.495       0.1163
       6.502       0.1607
        6.51       0.1828
       6.518       0.2493
       6.525       0.2715
        6.54       0.2493
       6.548       0.2493
       6.563       0.2715
        6.57       0.2715
       6.578       0.2271
       6.586       0.1607
       6.593      0.09418
       6.601      0.04986
       6.616      0.04986
       6.623      0.07202
       6.631      0.09418
       6.646       0.1163
       6.654      0.09418
       6.661      0.09418
       6.669      0.04986
       6.676      0.00554
       6.684     -0.01662
       6.699     -0.06094
       6.707      -0.0831
       6.714      -0.0831
       6.729      -0.1274
       6.737      -0.1274
       6.752      -0.0831
       6.767     -0.06094
       6.775     -0.03878
        6.79      0.00554
       6.805      0.09418
       6.813       0.1385
        6.82       0.1828
       6.828       0.2493
       6.843       0.2936
        6.85       0.2936
       6.858       0.2936
       6.866       0.2493
       6.873        0.205
       6.881       0.1163
       6.888      0.00554
       6.896      -0.1274
       6.903      -0.2382
       6.911      -0.3047
       6.918       -0.349
       6.934      -0.3934
       6.941      -0.4155
       6.956      -0.4598
       6.964      -0.4598
       6.971      -0.4377
       6.987      -0.4377
       6.994      -0.3934
       7.002      -0.3712
       7.009      -0.2825
       7.017      -0.2161
       7.024      -0.1496
       7.032      -0.1053
       7.039     -0.03878
       7.055      0.04986
       7.062      0.09418
        7.07       0.1163
       7.077       0.1607
       7.085        0.205
       7.092       0.2493
         7.1       0.2936
       7.115       0.2936
       7.123       0.2493
       7.138       0.1828
       7.145       0.1607
       7.161      0.07202
       7.168       0.0277
       7.176     -0.01662
       7.183      -0.0831
       7.191      -0.1274
       7.198      -0.1496
       7.213      -0.1939
       7.221      -0.2161
       7.236      -0.2161
       7.244      -0.1939
       7.259      -0.1274
       7.266      -0.0831
       7.274     -0.03878
       7.282       0.0277
       7.289      0.07202
       7.297       0.1163
       7.312       0.1828
       7.319        0.205
       7.335       0.1607
       7.342       0.1163
       7.357      0.04986
       7.365      0.00554
       7.372     -0.03878
        7.38      -0.0831
       7.387      -0.1496
       7.395      -0.1939
        7.41      -0.2382
       7.418      -0.2382
       7.433      -0.1717
        7.44      -0.1274
       7.448     -0.06094
       7.456     -0.01662
       7.463      0.04986
       7.471      0.09418
       7.478       0.1163
       7.493       0.1828
       7.501        0.205
       7.516        0.205
       7.524       0.1828
       7.539       0.1385
       7.546      0.09418
       7.554      0.09418
       7.569      0.09418
       7.577      0.07202
       7.584      0.04986
       7.592      0.00554
       7.599     -0.01662
       7.614      -0.0831
       7.622      -0.1274
        7.63      -0.1717
       7.637      -0.2382
       7.645      -0.2825
        7.66      -0.3047
       7.667      -0.2604
       7.682      -0.1939
        7.69      -0.1496
       7.698      -0.1274
       7.705     -0.06094
       7.713     -0.01662
        7.72       0.0277
       7.728      0.07202
       7.743       0.1607
       7.751        0.205
       7.758       0.2715
       7.766       0.3158
       7.781       0.3601
       7.788       0.3823
       7.804       0.4044
       7.811       0.4266
       7.826       0.4709
       7.834       0.4266
       7.841       0.3601
       7.849       0.2493
       7.856       0.1163
       7.856     -0.01662
       7.864     -0.06094
       7.872      -0.2604
       7.879       -0.482
       7.887      -0.6814
       7.894      -0.8366
       7.902      -0.9474
       7.909      -0.9917
       7.917      -0.9917
       7.925      -0.9474
       7.932      -0.8809
        7.94      -0.7922
       7.947      -0.7036
       7.955      -0.5928
       7.962       -0.482
        7.97      -0.3712
       7.978      -0.2382
       7.985      -0.1274
       7.993     -0.03878
           8       0.0277
       8.008       0.1163
       8.015        0.205
       8.023       0.2493
        8.03       0.2936
       8.038        0.338
       8.053       0.3823
       8.061       0.4044
       8.068       0.4266
       8.083       0.4488
       8.091       0.4488
       8.099       0.4488
       8.114       0.3601
       8.121       0.3158
       8.129       0.2493
       8.136        0.205
       8.144       0.1607
       8.151       0.1163
       8.159       0.0277
       8.167      -0.0831
       8.174      -0.1717
       8.182      -0.2382
       8.189      -0.2382
       8.197      -0.1717
       8.204      -0.1274
       8.212      -0.0831
       8.227      -0.1496
       8.242      -0.1939
        8.25      -0.2161
       8.257      -0.1939
       8.273      -0.1717
        8.28      -0.1496
       8.288      -0.1053
       8.295     -0.06094
        8.31      0.00554
       8.318      0.04986
       8.333      0.07202
       8.341      0.04986
       8.356      0.00554
       8.363     -0.01662
       8.378      -0.0831
       8.386      -0.1053
       8.401      -0.0831
       8.409     -0.03878
       8.416     -0.01662
       8.424       0.0277
       8.431      0.07202
       8.447       0.1163
       8.454       0.1385
       8.469       0.1385
       8.477      0.09418
       8.484      0.04986
       8.492      0.00554
       8.507     -0.01662
       8.515     -0.01662
        8.53     -0.03878
       8.537      -0.0831
       8.552      -0.1496
        8.56      -0.1717
       8.575      -0.1939
       8.583      -0.1717
       8.598      -0.0831
       8.605     -0.03878
       8.613      0.00554
        8.62      0.04986
       8.636      0.07202
       8.643      0.07202
       8.658      0.00554
       8.666     -0.03878
       8.673      -0.1053
       8.681      -0.1717
       8.689      -0.2161
       8.696      -0.2382
       8.711      -0.2382
       8.719      -0.2161
       8.726      -0.1717
       8.734      -0.1274
       8.742      -0.0831
       8.749     -0.06094
       8.757     -0.01662
       8.764      0.00554
       8.772       0.0277
       8.779      0.07202
       8.787       0.1163
       8.802       0.1607
        8.81       0.1607
       8.817       0.1828
       8.832       0.1163
        8.84       0.0277
       8.847     -0.06094
       8.855      -0.1717
       8.863      -0.2382
        8.87      -0.2604
       8.885      -0.3047
       8.893      -0.3269
       8.908      -0.3047
       8.923      -0.2604
       8.931      -0.2161
       8.938      -0.1274
       8.946     -0.06094
       8.953      0.00554
       8.961      0.09418
       8.968       0.1607
       8.976       0.2271
