     0.01181     -0.03581
     0.02693     -0.07445
     0.04205     -0.03581
      0.0496     0.002842
     0.05716      0.06081
     0.06472      0.09946
     0.07984       0.1574
      0.0874       0.1768
     0.09496       0.2154
      0.1025       0.2734
      0.1101       0.3507
      0.1176       0.4086
      0.1252       0.4086
      0.1327       0.3507
      0.1403        0.254
      0.1479       0.1381
      0.1554      0.02217
       0.163     -0.07445
      0.1705      -0.1517
      0.1781      -0.2097
      0.1857      -0.2484
      0.1932       -0.287
      0.2008      -0.3257
      0.2083      -0.3643
      0.2159      -0.3836
       0.231       -0.403
      0.2386      -0.3643
      0.2537      -0.3063
      0.2612       -0.287
      0.2688      -0.2097
      0.2764      -0.1324
      0.2839     0.002842
      0.2915       0.1188
       0.299       0.1961
      0.3066       0.2347
      0.3142        0.254
      0.3293       0.2734
      0.3368        0.254
      0.3444       0.2154
       0.352       0.1768
      0.3595       0.1188
      0.3671      0.08014
      0.3822      0.04149
      0.3897      0.02217
      0.3973     0.002842
      0.4124     0.002842
        0.42      0.02217
      0.4351      0.04149
      0.4427      0.06081
      0.4502      0.08014
      0.4578       0.1381
      0.4653       0.1961
      0.4729       0.2347
       0.488       0.1961
      0.4956       0.1381
      0.5031      0.09946
      0.5107      0.06081
      0.5182      0.02217
      0.5334     -0.03581
      0.5409     -0.05513
       0.556      -0.1131
      0.5636      -0.1517
      0.5712      -0.2097
      0.5787      -0.2484
      0.5938       -0.287
      0.6014      -0.2484
      0.6089       -0.229
      0.6165      -0.1711
      0.6241      -0.1131
      0.6316     -0.03581
      0.6392      0.02217
      0.6467      0.08014
      0.6543       0.1381
      0.6619       0.1768
      0.6694       0.2154
       0.677       0.2734
      0.6845       0.2734
      0.6996        0.312
      0.7148       0.3313
      0.7223       0.3313
      0.7374        0.312
       0.745        0.312
      0.7526       0.2734
      0.7601       0.1961
      0.7677       0.1188
      0.7752     0.002842
      0.7828      -0.1324
      0.7904      -0.2677
      0.7979       -0.403
      0.8055      -0.4609
      0.8055      -0.5575
       0.813      -0.6155
      0.8206      -0.6735
      0.8281      -0.6542
      0.8357      -0.5769
      0.8433      -0.4609
      0.8508       -0.345
      0.8584       -0.229
      0.8659      -0.1131
      0.8735      0.02217
      0.8811       0.1381
      0.8886       0.2347
      0.8962        0.312
      0.9037       0.3507
      0.9113       0.3893
      0.9264        0.428
       0.934       0.4473
      0.9415       0.4473
      0.9566         0.37
      0.9642       0.2927
      0.9718       0.1961
      0.9793      0.09946
      0.9869     0.002842
      0.9944     -0.07445
       1.002      -0.1131
       1.017      -0.1324
       1.025      -0.1131
       1.032     -0.07445
        1.04     -0.03581
       1.047     0.002842
       1.055      0.02217
        1.07     0.002842
       1.078     0.002842
       1.085     0.002842
         1.1     -0.05513
       1.108     -0.09378
       1.115      -0.1517
       1.123       -0.229
        1.13       -0.287
       1.138      -0.3257
       1.153      -0.3643
       1.161       -0.345
       1.168      -0.3063
       1.176       -0.229
       1.183      -0.1324
       1.191     -0.01648
       1.199      0.09946
       1.206       0.2154
       1.214       0.3313
       1.221       0.4086
       1.236         0.37
       1.244        0.312
       1.251       0.2734
       1.259       0.2347
       1.267       0.1961
       1.274       0.1381
       1.282      0.08014
       1.289      0.02217
       1.297     -0.03581
       1.304     -0.09378
       1.312      -0.1517
       1.319      -0.2097
       1.327       -0.229
       1.342      -0.2097
        1.35      -0.1904
       1.357      -0.1517
       1.365      -0.1324
       1.372     -0.09378
        1.38     -0.07445
       1.395     -0.01648
        1.41      0.06081
       1.418      0.08014
       1.425       0.1188
       1.433       0.1574
       1.448       0.2154
       1.456       0.2154
       1.463       0.2154
       1.471       0.1768
       1.478       0.1381
       1.493      0.08014
       1.501      0.04149
       1.508     -0.03581
       1.516     -0.09378
       1.524      -0.1517
       1.531      -0.2097
       1.539      -0.2484
       1.554       -0.287
       1.561      -0.2677
       1.569      -0.2097
       1.576      -0.1324
       1.584     -0.05513
       1.592      0.04149
       1.599       0.1188
       1.607       0.1961
       1.614        0.254
       1.622       0.2927
       1.629       0.3313
       1.644        0.312
       1.652       0.2927
        1.66        0.254
       1.675       0.2154
       1.682       0.1768
       1.697      0.09946
       1.705      0.06081
       1.713     0.002842
        1.72     -0.03581
       1.728     -0.07445
       1.743     -0.09378
        1.75     -0.09378
       1.765     -0.07445
       1.773     -0.09378
       1.781     -0.09378
       1.796     -0.05513
       1.803     0.002842
       1.811      0.06081
       1.818      0.09946
       1.833      0.06081
       1.841      0.02217
       1.849     -0.03581
       1.856     -0.07445
       1.864      -0.1131
       1.871      -0.1517
       1.879      -0.1711
       1.886      -0.2097
       1.894       -0.229
       1.901      -0.2097
       1.909      -0.1904
       1.917      -0.1324
       1.924     -0.09378
       1.932     -0.05513
       1.947     -0.03581
       1.954     -0.07445
       1.962      -0.1324
        1.97      -0.1904
       1.985      -0.1904
       1.992      -0.1517
           2     -0.09378
       2.007     0.002842
       2.015      0.09946
       2.022       0.2154
        2.03       0.3313
       2.038        0.428
       2.045       0.5439
       2.045       0.4859
       2.053       0.5632
        2.06       0.6019
       2.068       0.5826
       2.075       0.5246
       2.083       0.4666
        2.09         0.37
       2.098       0.2927
       2.106       0.1961
       2.113      0.09946
       2.121     0.002842
       2.128      -0.1131
       2.136       -0.229
       2.143      -0.3257
       2.151       -0.403
       2.158      -0.4416
       2.166      -0.4609
       2.181      -0.4609
       2.189      -0.4416
       2.196      -0.3836
       2.204      -0.3257
       2.211       -0.229
       2.219      -0.1324
       2.226     -0.05513
       2.234     0.002842
       2.242      0.08014
       2.249       0.1574
       2.257       0.2347
       2.264        0.312
       2.272       0.3507
       2.287       0.3893
       2.295       0.3893
       2.302       0.3507
        2.31        0.312
       2.317       0.2734
       2.325       0.2154
       2.332       0.1574
        2.34       0.1188
       2.347      0.08014
       2.355      0.02217
       2.363     -0.01648
        2.37     -0.07445
       2.378      -0.1131
       2.385      -0.1904
       2.393      -0.2484
         2.4      -0.2677
       2.415      -0.2677
       2.423      -0.2484
       2.438       -0.229
       2.453      -0.1711
       2.461      -0.1131
       2.468     -0.03581
       2.476     0.002842
       2.483      0.06081
       2.491      0.09946
       2.499       0.1381
       2.506       0.1768
       2.521       0.1574
       2.529      0.09946
       2.536      0.06081
       2.544      0.02217
       2.552     -0.01648
       2.559     -0.07445
       2.574      -0.1131
       2.582     -0.09378
       2.589     -0.05513
       2.597      0.04149
       2.604       0.1381
       2.612       0.2347
        2.62        0.312
       2.627         0.37
       2.642       0.3893
        2.65       0.3507
       2.657       0.2734
       2.665       0.1961
       2.672      0.09946
        2.68      0.02217
       2.688     -0.07445
       2.695      -0.1517
       2.703      -0.2097
        2.71      -0.2484
       2.718       -0.229
       2.725      -0.1904
       2.733      -0.1324
        2.74     -0.07445
       2.748     -0.01648
       2.763     -0.03581
       2.771     -0.05513
       2.778     -0.07445
       2.793      -0.1131
       2.801      -0.1131
       2.816     -0.09378
       2.824     -0.07445
       2.831     -0.05513
       2.846     0.002842
       2.854      0.02217
       2.861      0.06081
       2.869      0.09946
       2.877       0.1574
       2.884       0.2154
       2.892        0.254
       2.899       0.2927
       2.907       0.3313
       2.914         0.37
       2.929         0.37
       2.937        0.312
       2.945       0.2154
       2.952      0.09946
        2.96     -0.03581
       2.967      -0.1324
       2.975      -0.1904
       2.982       -0.229
       2.997       -0.229
       3.005      -0.2097
        3.02       -0.229
       3.028      -0.2677
       3.043      -0.3063
        3.05      -0.2677
       3.058       -0.229
       3.066      -0.1711
       3.073      -0.1324
       3.081     -0.07445
       3.088     -0.03581
       3.103      0.02217
       3.111      0.04149
       3.118      0.08014
       3.134       0.1381
       3.141       0.1961
       3.149       0.2347
       3.156        0.254
       3.164       0.2154
       3.171       0.1768
       3.179       0.1188
       3.186      0.08014
       3.202      0.09946
       3.209       0.1188
       3.217       0.1768
       3.224       0.2154
       3.232       0.2347
       3.239        0.254
       3.254       0.2347
       3.262       0.2347
        3.27       0.1961
       3.277       0.1574
       3.285       0.1188
       3.292      0.08014
         3.3      0.02217
       3.307     -0.03581
       3.315     -0.09378
        3.33     -0.09378
       3.338     -0.03581
       3.345      0.02217
       3.353      0.08014
       3.368       0.1188
       3.375      0.08014
       3.383      0.04149
       3.391     -0.01648
       3.398     -0.07445
       3.406      -0.1131
       3.413      -0.1324
       3.421      -0.1131
       3.436     -0.07445
       3.443     -0.07445
       3.459     -0.09378
       3.466     -0.07445
       3.474     -0.05513
       3.481     -0.01648
       3.489      0.02217
       3.504      0.02217
       3.511     0.002842
       3.527     0.002842
       3.534      0.02217
       3.549      0.04149
       3.564      0.04149
       3.572      0.04149
       3.579      0.06081
       3.595      0.08014
       3.602      0.08014
        3.61      0.09946
       3.625      0.08014
       3.632      0.06081
       3.648      0.08014
       3.663      0.06081
        3.67      0.02217
       3.678     -0.03581
       3.685     -0.09378
       3.693      -0.1711
         3.7       -0.229
       3.708      -0.2484
       3.723      -0.2484
       3.731       -0.229
       3.746      -0.1711
       3.753      -0.1517
       3.761      -0.1131
       3.768     -0.07445
       3.776     -0.03581
       3.799     0.002842
       3.806     0.002842
       3.814      0.04149
       3.821      0.08014
       3.829       0.1188
       3.836       0.1768
       3.852       0.1961
       3.859       0.1961
       3.874       0.2154
       3.882       0.1961
       3.889       0.1961
       3.905       0.1381
       3.912      0.09946
        3.92      0.06081
       3.927     0.002842
       3.935     -0.05513
       3.942      -0.1131
        3.95      -0.1517
       3.957      -0.1711
       3.973      -0.1324
        3.98     -0.09378
       3.988     -0.05513
       3.995     0.002842
        4.01      0.02217
       4.018     0.002842
       4.033     -0.03581
       4.041     -0.01648
       4.048      0.02217
       4.056      0.06081
       4.063      0.09946
       4.071       0.1381
       4.086       0.1768
       4.093       0.1768
       4.101       0.1381
       4.109      0.08014
       4.116     0.002842
       4.124     -0.05513
       4.131      -0.1131
       4.146      -0.1131
       4.154     -0.09378
       4.162     -0.03581
       4.169     0.002842
       4.177     0.002842
       4.192     0.002842
       4.207      0.02217
       4.214      0.06081
       4.222       0.1188
        4.23       0.1574
       4.237       0.1768
       4.245       0.1574
       4.252      0.09946
        4.26      0.04149
       4.267     -0.01648
       4.275     -0.05513
       4.282     -0.07445
        4.29      -0.1324
       4.298      -0.2097
       4.305      -0.2677
       4.313      -0.3257
       4.328      -0.3257
       4.335      -0.3063
       4.343       -0.287
        4.35      -0.2484
       4.358      -0.2097
       4.366      -0.1517
       4.373     -0.09378
       4.381     -0.05513
       4.388     -0.01648
       4.396      0.02217
       4.403      0.06081
       4.411       0.1188
       4.419       0.1574
       4.426       0.2154
       4.441        0.254
       4.449       0.2927
       4.464        0.312
       4.471        0.312
       4.487        0.312
       4.502        0.312
       4.509        0.312
       4.524       0.2734
       4.532       0.2347
       4.539       0.1961
       4.547       0.1574
       4.555       0.1188
       4.562      0.08014
        4.57     0.002842
       4.577     -0.07445
       4.585      -0.1904
       4.592      -0.3257
         4.6       -0.403
       4.607      -0.4609
       4.623      -0.4609
        4.63      -0.4416
       4.638      -0.3836
       4.645      -0.3063
       4.653      -0.2484
        4.66      -0.1711
       4.668     -0.09378
       4.676     -0.03581
       4.683      0.04149
       4.691      0.09946
       4.698       0.1768
       4.706       0.2154
       4.713        0.254
       4.728       0.2927
       4.736       0.2927
       4.751       0.2927
       4.759       0.2927
       4.766       0.2927
       4.781       0.2347
       4.789       0.1961
       4.796       0.1768
       4.812       0.1768
       4.819       0.1381
       4.827      0.09946
       4.834      0.02217
       4.842     -0.05513
       4.849      -0.1131
       4.857      -0.1711
       4.864      -0.1904
        4.88       -0.229
       4.887      -0.2484
       4.902       -0.287
        4.91      -0.2677
       4.917      -0.2097
       4.925      -0.1131
       4.932     0.002842
        4.94       0.1188
       4.948       0.2154
       4.955       0.2734
       4.963        0.312
       4.978       0.2734
       4.985        0.254
       4.993       0.2154
       5.001       0.1768
       5.008      0.09946
       5.016      0.04149
       5.023     -0.01648
       5.031     -0.05513
       5.038     -0.09378
       5.046      -0.1324
       5.053      -0.1904
       5.061       -0.229
       5.069      -0.2677
       5.076      -0.3063
       5.091      -0.3257
       5.099       -0.287
       5.106       -0.229
       5.114      -0.1711
       5.121      -0.1131
       5.129     -0.05513
       5.137      0.04149
       5.144       0.1188
       5.152       0.1961
       5.159       0.2734
       5.167       0.3507
       5.174       0.3893
       5.182       0.4086
       5.189       0.3893
       5.197        0.312
       5.205       0.1961
       5.212      0.09946
        5.22     -0.03581
       5.227     -0.09378
       5.235      -0.1517
        5.25      -0.1517
       5.258      -0.1324
       5.273     -0.07445
        5.28     -0.05513
       5.295     -0.01648
       5.303      0.02217
        5.31      0.08014
       5.326       0.1188
       5.333       0.1188
       5.348       0.1574
       5.363       0.1381
       5.371       0.1188
       5.394      0.08014
       5.401      0.06081
       5.409      0.02217
       5.416     -0.03581
       5.424     -0.09378
       5.431      -0.1324
       5.439      -0.1517
       5.454      -0.1711
       5.462      -0.1711
       5.469      -0.1517
       5.484      -0.1517
       5.492      -0.1131
       5.499     -0.07445
       5.507     0.002842
       5.515      0.08014
       5.522       0.1574
        5.53       0.1961
       5.537       0.2347
       5.545        0.254
       5.552       0.2927
        5.56       0.3313
       5.567         0.37
       5.583         0.37
        5.59       0.3507
       5.598        0.312
       5.605       0.2347
       5.613       0.1381
        5.62      0.04149
       5.628     -0.05513
       5.635      -0.1324
       5.643      -0.1904
       5.651       -0.229
       5.658      -0.2484
       5.673      -0.2484
       5.681       -0.229
       5.696      -0.2484
       5.703      -0.2484
       5.711       -0.229
       5.726      -0.1711
       5.734      -0.1324
       5.741     -0.07445
       5.749     0.002842
       5.756      0.08014
       5.764       0.1381
       5.772       0.1961
       5.779       0.2347
       5.794       0.2734
       5.802        0.254
       5.817       0.2154
       5.824       0.1961
        5.84       0.1961
       5.847       0.1768
       5.855       0.1188
       5.862      0.04149
        5.87     -0.07445
       5.877      -0.1711
       5.885      -0.2484
       5.892      -0.3063
         5.9      -0.3257
       5.908      -0.3257
       5.923       -0.345
        5.93       -0.345
       5.938      -0.3257
       5.945       -0.287
       5.953      -0.2097
        5.96      -0.1131
       5.968     -0.01648
       5.976      0.09946
       5.983       0.2154
       5.991       0.2927
       5.998       0.3313
       6.006       0.3313
       6.013       0.2927
       6.021        0.254
       6.036       0.2154
       6.044       0.2347
       6.051        0.254
       6.066       0.2927
       6.074       0.2734
       6.089       0.2154
       6.097       0.2154
       6.112       0.2154
       6.119       0.1768
       6.127      0.06081
       6.134     -0.09378
       6.142       -0.229
       6.149      -0.3643
       6.157      -0.4416
       6.165      -0.4609
        6.18      -0.4609
       6.187      -0.4609
       6.195       -0.403
       6.202       -0.345
        6.21      -0.2484
       6.217      -0.1517
       6.225     -0.07445
       6.233     -0.01648
        6.24      0.06081
       6.248       0.1188
       6.255       0.1768
       6.263       0.2154
        6.27        0.254
       6.278       0.2927
       6.293       0.2734
       6.301       0.2347
       6.316       0.1961
       6.323       0.1574
       6.338       0.1188
       6.346      0.09946
       6.361      0.02217
       6.369     -0.01648
       6.376     -0.03581
       6.391     -0.05513
       6.399     -0.07445
       6.414      -0.1131
       6.422      -0.1324
       6.429      -0.1131
       6.444     -0.09378
       6.452     -0.09378
       6.467     -0.03581
       6.482     0.002842
        6.49      0.02217
       6.497      0.06081
       6.505      0.09946
        6.52       0.1188
       6.527      0.09946
       6.542      0.04149
        6.55     -0.01648
       6.558     -0.07445
       6.565      -0.1324
       6.573      -0.1904
        6.58       -0.229
       6.588      -0.2484
       6.603       -0.229
       6.611      -0.1711
       6.618     -0.07445
       6.626     0.002842
       6.633      0.08014
       6.648       0.1381
       6.656       0.1574
       6.671       0.1961
       6.679       0.1768
       6.686       0.1574
       6.701       0.1188
       6.709       0.1381
       6.724       0.1574
       6.731       0.1768
       6.747       0.1961
       6.754       0.1768
       6.762       0.1381
       6.769      0.09946
       6.777      0.06081
       6.784      0.02217
       6.792     -0.03581
       6.807     -0.09378
       6.815      -0.1131
        6.83      -0.1517
       6.837      -0.1517
       6.845      -0.1324
       6.852     -0.09378
        6.86     -0.03581
       6.868      0.06081
       6.868     0.002842
       6.875      0.08014
       6.883       0.1381
       6.898       0.1381
       6.905       0.1188
        6.92      0.06081
       6.928      0.04149
       6.943      0.02217
       6.958     -0.03581
       6.966     -0.03581
       6.981     0.002842
       6.988      0.02217
       7.004      0.02217
       7.011      0.02217
       7.026      0.02217
       7.034      0.02217
       7.049      0.02217
       7.056     0.002842
       7.072     0.002842
       7.079     0.002842
       7.094      0.02217
       7.102      0.02217
       7.117     -0.01648
       7.125     -0.01648
        7.14      0.04149
       7.147      0.09946
       7.155       0.1768
       7.162       0.2347
       7.177       0.2347
       7.185       0.1574
       7.193      0.09946
         7.2      0.06081
       7.208      0.02217
       7.223      0.04149
        7.23      0.02217
       7.238     -0.03581
       7.245     -0.09378
       7.253      -0.1517
       7.268      -0.1517
       7.276     -0.09378
       7.283     -0.03581
       7.291     0.002842
       7.306      0.02217
       7.313     -0.01648
       7.329     -0.05513
       7.336     -0.07445
       7.344     -0.05513
       7.359     -0.01648
       7.366      0.04149
       7.374      0.08014
       7.382       0.1188
       7.389       0.1574
       7.404       0.1768
       7.412       0.1574
       7.419       0.1381
       7.434      0.08014
       7.442      0.08014
        7.45      0.09946
       7.465      0.08014
       7.472      0.02217
        7.48     -0.05513
       7.487      -0.1131
       7.495      -0.1711
       7.502      -0.2097
       7.518      -0.1904
       7.533      -0.1324
        7.54      -0.1131
       7.555      -0.1131
       7.563     -0.09378
       7.578     -0.05513
       7.586     -0.01648
       7.601      0.02217
       7.608     0.002842
       7.623     0.002842
       7.631      0.02217
       7.638      0.08014
       7.646       0.1381
       7.654       0.1768
       7.669       0.1768
       7.676       0.1381
       7.691      0.09946
       7.699       0.1188
       7.714       0.1188
       7.729       0.1381
       7.737       0.1381
       7.744       0.1188
       7.752      0.08014
       7.759      0.02217
       7.767     -0.03581
       7.775     -0.07445
        7.79      -0.1131
       7.805      -0.1517
       7.812      -0.1711
       7.827      -0.1517
       7.843      -0.1131
        7.85      -0.1131
       7.865      -0.1324
       7.873      -0.1131
       7.888     -0.03581
       7.895     -0.01648
       7.911     0.002842
       7.918      0.02217
       7.933      0.04149
       7.941      0.06081
       7.956      0.09946
       7.964       0.1188
       7.979      0.09946
       7.986      0.08014
       8.001      0.02217
       8.009     -0.01648
       8.024     -0.05513
       8.032     -0.07445
       8.039     -0.05513
       8.047     -0.03581
       8.054      0.02217
       8.062      0.06081
       8.069      0.09946
       8.077       0.1574
       8.084       0.1961
         8.1       0.1768
       8.107       0.1574
       8.122       0.1188
        8.13      0.09946
       8.137      0.09946
       8.152      0.06081
        8.16      0.04149
       8.168     0.002842
       8.175     -0.05513
       8.183     -0.09378
        8.19      -0.1324
       8.205      -0.1711
       8.213      -0.1904
       8.221      -0.1904
       8.236      -0.1711
       8.243      -0.1517
       8.251      -0.1324
       8.258     -0.07445
       8.266     -0.01648
       8.273      0.06081
       8.281       0.1381
       8.289       0.2154
       8.296        0.254
       8.304       0.2927
       8.319       0.2927
       8.326       0.2927
       8.341       0.2347
       8.349       0.1961
       8.357       0.1381
       8.364      0.06081
       8.372     0.002842
       8.379     -0.05513
       8.387     -0.07445
       8.402      -0.1324
       8.409      -0.1324
       8.425      -0.1517
       8.432      -0.1517
        8.44      -0.1517
       8.455      -0.1904
       8.462      -0.1711
        8.47      -0.1324
       8.478     -0.07445
       8.485      0.02217
       8.493       0.1188
         8.5       0.2347
       8.508        0.312
       8.515       0.3893
        8.53       0.3507
       8.538       0.2734
       8.546       0.1961
       8.553       0.1188
       8.561      0.08014
       8.568      0.08014
       8.583      0.04149
       8.591     0.002842
       8.598     -0.05513
       8.606      -0.1131
       8.614      -0.1517
       8.629      -0.1711
       8.636      -0.1324
       8.651     -0.07445
       8.659     -0.03581
       8.674     -0.03581
       8.682     -0.03581
       8.689     -0.01648
       8.704      0.02217
       8.712      0.04149
       8.719      0.06081
       8.735      0.09946
       8.742      0.09946
        8.75      0.08014
       8.757      0.04149
       8.765     -0.01648
       8.772     -0.07445
        8.78      -0.1131
       8.787      -0.1324
       8.803      -0.1131
        8.81     -0.09378
       8.825     -0.09378
       8.833     -0.05513
        8.84      0.02217
       8.848       0.1188
       8.855       0.1961
       8.863        0.254
       8.871       0.2927
       8.886        0.254
       8.893       0.2154
       8.901       0.1768
       8.908       0.1188
       8.916      0.06081
       8.931      0.08014
       8.939      0.09946
       8.954      0.04149
       8.961     -0.03581
       8.969      -0.1324
       8.976      -0.2097
