     0.01181       0.2302
     0.02693       0.1934
     0.04205       0.1565
     0.05716       0.1197
     0.06472       0.1013
     0.07984       0.1013
      0.0874       0.1013
      0.1025      0.06445
      0.1101      0.04604
      0.1176      0.02762
      0.1327     -0.02762
      0.1403     -0.04604
      0.1479     -0.08286
      0.1554      -0.1197
      0.1705      -0.1565
      0.1781      -0.1749
      0.1932      -0.1749
      0.2008      -0.1749
      0.2159      -0.1749
      0.2235      -0.1749
       0.231      -0.1565
      0.2461      -0.1381
      0.2537      -0.1381
      0.2612      -0.1381
      0.2764      -0.1197
      0.2839     -0.08286
      0.2915     -0.02762
       0.299      0.08286
       0.299      0.02762
      0.3066       0.1934
      0.3142       0.2854
      0.3217       0.3591
      0.3293       0.4143
      0.3368       0.4327
       0.352       0.4143
      0.3595       0.3775
      0.3671       0.3407
      0.3746       0.2854
      0.3822       0.2302
      0.3897       0.1749
      0.3973       0.1381
      0.4049      0.08286
      0.4124      0.04604
        0.42    -0.009207
      0.4275     -0.06445
      0.4351      -0.1013
      0.4427      -0.1381
      0.4502      -0.1749
      0.4653      -0.2118
      0.4729      -0.2118
      0.4804      -0.1934
      0.4956      -0.1565
      0.5107      -0.1197
      0.5258      -0.1013
      0.5334      -0.1013
      0.5409      -0.1013
       0.556      -0.1197
      0.5636      -0.1013
      0.5787     -0.06445
      0.5863     -0.02762
      0.5938      0.02762
      0.6014       0.1013
      0.6089       0.1565
      0.6165       0.2118
      0.6241        0.267
      0.6316       0.3223
      0.6392       0.3591
      0.6543       0.3775
      0.6619       0.3407
      0.6694       0.2854
       0.677       0.2486
      0.6845       0.2118
      0.6921       0.1565
      0.6996       0.1013
      0.7072      0.06445
      0.7148    -0.009207
      0.7223     -0.06445
      0.7374      -0.1013
       0.745      -0.1197
      0.7601      -0.1197
      0.7677      -0.1197
      0.7828      -0.1197
      0.7904      -0.1197
      0.8055      -0.1197
       0.813      -0.1197
      0.8206      -0.1197
      0.8357      -0.1565
      0.8433      -0.1749
      0.8584      -0.1749
      0.8659      -0.1565
      0.8811      -0.1381
      0.8886      -0.1197
      0.9037     -0.08286
      0.9188     -0.08286
      0.9264     -0.08286
      0.9415     -0.04604
      0.9491      0.02762
      0.9566      0.08286
      0.9642       0.1565
      0.9718       0.1934
      0.9869       0.2486
      0.9944       0.2302
       1.002       0.1934
        1.01       0.1565
       1.017       0.1197
       1.032       0.1197
        1.04       0.1381
       1.047       0.1749
       1.055       0.1934
        1.07       0.1934
       1.078       0.1749
       1.085       0.1749
         1.1       0.1197
       1.108       0.1013
       1.115      0.06445
       1.123      0.02762
        1.13     -0.02762
       1.138     -0.06445
       1.153      -0.1013
       1.161      -0.1013
       1.176     -0.08286
       1.183     -0.08286
       1.199     -0.06445
       1.214     -0.04604
       1.221    -0.009207
       1.236     0.009207
       1.244     0.009207
       1.259     0.009207
       1.274     -0.04604
       1.282     -0.08286
       1.297      -0.1197
       1.304      -0.1013
       1.312     -0.06445
       1.319    -0.009207
       1.327      0.04604
       1.335       0.1197
       1.342       0.1565
       1.357       0.2118
       1.365       0.2118
       1.372       0.2118
       1.387       0.1565
       1.403       0.1197
        1.41       0.1197
       1.425       0.1197
       1.433       0.1013
        1.44      0.08286
       1.456      0.02762
       1.471     -0.02762
       1.478     -0.04604
       1.493      -0.1013
       1.501      -0.1197
       1.516      -0.1197
       1.524      -0.1013
       1.539     -0.08286
       1.546     -0.06445
       1.561     -0.04604
       1.569     -0.02762
       1.584     -0.04604
       1.592     -0.06445
       1.607     -0.06445
       1.614    -0.009207
       1.622      0.06445
       1.629       0.1749
       1.637       0.2486
       1.644       0.2854
       1.652       0.2854
        1.66       0.2854
       1.675       0.2486
       1.682       0.1934
        1.69       0.1565
       1.697       0.1013
       1.705      0.04604
       1.713     0.009207
        1.72     -0.02762
       1.728     -0.06445
       1.735      -0.1013
        1.75      -0.1381
       1.758      -0.1565
       1.773      -0.1381
       1.781      -0.1197
       1.796     -0.08286
       1.811     -0.06445
       1.818     -0.06445
       1.833    -0.009207
       1.849      0.02762
       1.856      0.02762
       1.871      0.02762
       1.879     0.009207
       1.894     -0.02762
       1.901    -0.009207
       1.909      0.04604
       1.917       0.1381
       1.924       0.2118
       1.932       0.2854
       1.939       0.3407
       1.947       0.3959
       1.962       0.3959
        1.97       0.3775
       1.977       0.3407
       1.985       0.3038
       1.992        0.267
           2       0.2302
       2.007       0.1749
       2.015       0.1013
       2.022      0.02762
        2.03     -0.02762
       2.038     -0.08286
       2.045      -0.1381
       2.053      -0.1934
        2.06      -0.2302
       2.075      -0.2854
       2.083      -0.3038
       2.106      -0.3038
       2.113      -0.2854
       2.128      -0.2118
       2.136      -0.1934
       2.151      -0.1381
       2.158      -0.1197
       2.166     -0.06445
       2.174    -0.009207
       2.181      0.04604
       2.189       0.1197
       2.196       0.1749
       2.204       0.2118
       2.211       0.2302
       2.226       0.2302
       2.242       0.1934
       2.249       0.1934
       2.257       0.1934
       2.272       0.1749
       2.279       0.1565
       2.287       0.1197
       2.295      0.06445
       2.302     0.009207
        2.31     -0.04604
       2.317      -0.1013
       2.332      -0.1381
        2.34      -0.1565
       2.355      -0.1749
       2.363      -0.1565
       2.378      -0.1197
       2.385      -0.1013
         2.4     -0.06445
       2.415    -0.009207
       2.423     0.009207
       2.438      0.02762
       2.446      0.02762
       2.453      0.04604
       2.468      0.06445
       2.476      0.06445
       2.491      0.06445
       2.499      0.08286
       2.506       0.1197
       2.514       0.1381
       2.521       0.1749
       2.529       0.2118
       2.536        0.267
       2.544       0.2854
       2.559        0.267
       2.567       0.2486
       2.574       0.1934
       2.582       0.1565
       2.589       0.1013
       2.597      0.06445
       2.604      0.02762
       2.612    -0.009207
       2.627     -0.04604
       2.635     -0.04604
       2.642     -0.02762
       2.657     -0.04604
       2.665     -0.06445
        2.68      -0.1013
       2.688      -0.1013
       2.703      -0.1197
        2.71      -0.1381
       2.725      -0.1197
        2.74      -0.1013
       2.748      -0.1013
       2.756     -0.08286
       2.771      -0.1013
       2.778     -0.06445
       2.786     -0.02762
       2.793      0.02762
       2.801       0.1013
       2.809       0.1749
       2.816       0.2302
       2.824        0.267
       2.839       0.2486
       2.846       0.1934
       2.854       0.1381
       2.861      0.08286
       2.869     0.009207
       2.877     -0.04604
       2.884     -0.08286
       2.907      -0.1013
       2.914      -0.1013
       2.929      -0.1013
       2.937      -0.1013
       2.952      -0.1013
        2.96     -0.08286
       2.975     -0.08286
       2.982     -0.08286
       2.997     -0.08286
       3.005     -0.08286
        3.02     -0.08286
       3.035      -0.1013
       3.043      -0.1013
        3.05     -0.08286
       3.066    -0.009207
       3.073     0.009207
       3.081      0.04604
       3.088       0.1013
       3.096       0.1381
       3.103       0.1934
       3.111       0.2486
       3.118       0.2854
       3.126       0.3223
       3.134       0.3407
       3.141       0.3775
       3.149       0.4143
       3.164       0.4143
       3.171       0.3959
       3.179       0.3591
       3.186       0.3038
       3.194       0.2302
       3.202       0.1749
       3.209      0.08286
       3.217    -0.009207
       3.224     -0.06445
       3.232      -0.1197
       3.239      -0.1749
       3.247      -0.1934
       3.254      -0.2302
       3.262      -0.2486
       3.277       -0.267
       3.285       -0.267
         3.3      -0.2302
       3.307      -0.1749
       3.315      -0.1197
       3.323     -0.06445
        3.33     0.009207
       3.338      0.06445
       3.345       0.1013
       3.353       0.1565
       3.368       0.1749
       3.375       0.1749
       3.391       0.1565
       3.406       0.1197
       3.413       0.1013
       3.428      0.06445
       3.436      0.06445
       3.451      0.04604
       3.459      0.06445
       3.474      0.06445
       3.481      0.04604
       3.504      0.04604
       3.511      0.04604
       3.527     0.009207
       3.534     0.009207
       3.549     -0.02762
       3.557     -0.04604
       3.564     -0.04604
       3.579     -0.04604
       3.587     -0.04604
       3.602    -0.009207
        3.61     0.009207
       3.617      0.06445
       3.625       0.1197
       3.632       0.1565
        3.64       0.1565
       3.648       0.1565
       3.655       0.1197
       3.663       0.1013
       3.678      0.06445
       3.685      0.04604
         3.7    -0.009207
       3.708     -0.02762
       3.723     -0.06445
       3.731     -0.06445
       3.746     -0.02762
       3.753    -0.009207
       3.768     0.009207
       3.776     0.009207
       3.791      0.02762
       3.799      0.02762
       3.814      0.02762
       3.821     0.009207
       3.829    -0.009207
       3.844     -0.06445
       3.852     -0.08286
       3.867      -0.1197
       3.874      -0.1197
       3.882      -0.1197
       3.897      -0.1565
       3.905      -0.1934
        3.92      -0.2486
       3.927       -0.267
       3.942      -0.2486
        3.95      -0.2118
       3.957      -0.1381
       3.965     -0.04604
       3.973      0.08286
       3.973     0.009207
        3.98       0.1749
       3.988       0.2486
       3.995       0.2854
        4.01       0.3407
       4.018       0.3407
       4.033       0.3038
       4.041       0.2854
       4.056       0.2486
       4.063       0.2302
       4.071       0.1934
       4.078       0.1381
       4.093      0.08286
       4.101      0.06445
       4.116     0.009207
       4.124     -0.02762
       4.139     -0.06445
       4.146      -0.1013
       4.154      -0.1197
       4.169      -0.1749
       4.184      -0.2302
       4.192      -0.2486
       4.207      -0.2486
       4.222      -0.1934
        4.23      -0.1197
       4.237      0.04604
       4.237     -0.04604
       4.245       0.1197
       4.252       0.2118
        4.26       0.3038
       4.267       0.3407
       4.275       0.3407
        4.29       0.3407
       4.305       0.2854
       4.313        0.267
        4.32       0.2302
       4.328       0.1934
       4.335       0.1565
       4.343       0.1197
        4.35      0.06445
       4.358      0.02762
       4.366    -0.009207
       4.373     -0.02762
       4.388     -0.08286
       4.396      -0.1197
       4.403      -0.1565
       4.411      -0.1749
       4.419      -0.2118
       4.426      -0.2302
       4.434      -0.2302
       4.449      -0.2486
       4.456      -0.2486
       4.471      -0.2302
       4.479      -0.1934
       4.487      -0.1381
       4.494     -0.04604
       4.502      0.04604
       4.509       0.1381
       4.517       0.1934
       4.524       0.2302
       4.532        0.267
       4.547       0.2854
       4.555       0.2854
        4.57       0.2854
       4.577       0.2486
       4.585       0.1934
       4.592       0.1565
         4.6       0.1013
       4.607      0.06445
       4.615     0.009207
        4.63     -0.02762
       4.638     -0.04604
       4.653     -0.06445
        4.66     -0.08286
       4.676      -0.1197
       4.683      -0.1381
       4.698      -0.1565
       4.706      -0.1565
       4.713      -0.1381
       4.728      -0.1013
       4.736     -0.06445
       4.744     -0.02762
       4.751     0.009207
       4.766      0.06445
       4.774      0.08286
       4.781       0.1381
       4.789       0.1934
       4.796       0.2302
       4.804       0.2854
       4.812       0.3038
       4.827       0.2854
       4.834        0.267
       4.842       0.2302
       4.849       0.1934
       4.857       0.1565
       4.864       0.1197
       4.872      0.08286
        4.88      0.04604
       4.887      0.02762
       4.902     -0.02762
        4.91     -0.06445
       4.917      -0.1013
       4.925      -0.1197
        4.94      -0.1565
       4.948      -0.1749
       4.963      -0.1749
        4.97      -0.1565
       4.985      -0.1381
       4.993      -0.1381
       5.008      -0.1749
       5.016      -0.2118
       5.023      -0.2486
       5.031       -0.267
       5.046      -0.3223
       5.053      -0.3223
       5.061      -0.2854
       5.069      -0.2486
       5.076      -0.1565
       5.084     -0.06445
       5.091      0.04604
       5.099       0.1565
       5.106       0.2486
       5.114       0.3038
       5.129       0.3223
       5.137       0.3223
       5.144       0.3407
       5.159       0.3407
       5.167       0.3038
       5.174        0.267
       5.182       0.2302
       5.197       0.1934
       5.205       0.1749
        5.22       0.1197
       5.227       0.1013
       5.242      0.06445
        5.25      0.04604
       5.258      0.04604
       5.273      0.02762
        5.28     0.009207
       5.295     -0.04604
       5.303     -0.06445
       5.318     -0.08286
       5.333      -0.1013
       5.341      -0.1013
       5.348      -0.1013
       5.363      -0.1013
       5.371     -0.06445
       5.378     -0.02762
       5.386      0.02762
       5.394       0.1013
       5.401       0.1565
       5.409       0.1934
       5.416       0.2486
       5.431       0.2854
       5.439       0.2854
       5.446       0.2486
       5.454       0.2118
       5.462       0.1749
       5.469       0.1013
       5.477      0.04604
       5.484     -0.02762
       5.492     -0.08286
       5.499      -0.1197
       5.515      -0.1749
       5.522      -0.1934
        5.53      -0.1934
       5.545      -0.2302
       5.552      -0.2486
       5.567      -0.2486
       5.575      -0.2118
       5.583      -0.1749
        5.59      -0.1381
       5.598      -0.1013
       5.613     -0.08286
        5.62     -0.06445
       5.628     -0.04604
       5.635     0.009207
       5.643      0.06445
       5.651       0.1197
       5.658       0.1749
       5.666       0.2118
       5.681       0.2486
       5.688       0.2486
       5.703       0.2486
       5.711       0.2486
       5.719       0.2302
       5.734       0.1749
       5.749       0.1197
       5.756      0.08286
       5.764      0.04604
       5.772    -0.009207
       5.779     -0.04604
       5.787     -0.06445
       5.802      -0.1197
       5.809      -0.1197
       5.824      -0.1381
       5.832      -0.1565
       5.847      -0.1749
       5.855      -0.1565
       5.862      -0.1381
        5.87     -0.08286
       5.877    -0.009207
       5.885      0.08286
       5.892       0.1381
         5.9       0.2118
       5.908       0.2486
       5.915       0.2854
        5.93       0.2854
       5.938        0.267
       5.953       0.2118
        5.96       0.1749
       5.968       0.1381
       5.976       0.1013
       5.991      0.04604
       5.998      0.02762
       6.013     0.009207
       6.021    -0.009207
       6.036     -0.06445
       6.044      -0.1197
       6.051      -0.1749
       6.059      -0.2118
       6.066      -0.2302
       6.074       -0.267
       6.081      -0.2854
       6.097      -0.2854
       6.104       -0.267
       6.112      -0.1934
       6.119      -0.1381
       6.127     -0.08286
       6.134    -0.009207
       6.142      0.06445
       6.149       0.1197
       6.157       0.1565
       6.172       0.1934
        6.18       0.1934
       6.187       0.2302
       6.195       0.2486
        6.21       0.2854
       6.217       0.2854
       6.225        0.267
        6.24       0.2118
       6.255       0.1749
       6.263       0.1381
        6.27       0.1013
       6.278      0.06445
       6.285     0.009207
       6.293     -0.02762
       6.301     -0.08286
       6.308      -0.1197
       6.316      -0.1381
       6.331      -0.1749
       6.338      -0.1565
       6.354      -0.1565
       6.361      -0.1565
       6.376      -0.1565
       6.384      -0.1565
       6.391      -0.1565
       6.406      -0.1565
       6.414      -0.1381
       6.429      -0.1013
       6.437     -0.06445
       6.444     -0.04604
       6.452     0.009207
       6.459      0.06445
       6.467       0.1197
       6.474       0.1749
       6.482       0.2302
        6.49       0.3038
       6.497       0.3407
       6.512       0.3775
        6.52       0.3591
       6.527       0.3407
       6.535       0.3038
       6.542        0.267
        6.55       0.2302
       6.558       0.1934
       6.565       0.1381
       6.573       0.1013
        6.58      0.06445
       6.588      0.02762
       6.595     0.009207
       6.603     -0.02762
       6.611     -0.06445
       6.618      -0.1013
       6.633      -0.1565
       6.648      -0.1749
       6.663      -0.2118
       6.679      -0.2118
       6.686      -0.1934
       6.709      -0.2118
       6.716      -0.2118
       6.724      -0.1934
       6.731      -0.1749
       6.739      -0.1013
       6.747     -0.02762
       6.754      0.08286
       6.762       0.1934
       6.769       0.3038
       6.777       0.3959
       6.784       0.4512
       6.799       0.4696
       6.807       0.4512
       6.815       0.4143
       6.822       0.3775
        6.83       0.3407
       6.837       0.2854
       6.845       0.2118
       6.852       0.1565
        6.86       0.1013
       6.868      0.04604
       6.875     0.009207
       6.883     -0.02762
        6.89     -0.06445
       6.898     -0.08286
       6.905     -0.08286
        6.92      -0.1197
       6.928      -0.1381
       6.936      -0.1749
       6.951      -0.2118
       6.958      -0.2302
       6.966      -0.2302
       6.981      -0.2118
       6.988      -0.2118
       7.004      -0.1749
       7.019      -0.1565
       7.026      -0.1565
       7.034      -0.1381
       7.049      -0.1013
       7.056     -0.08286
       7.072     -0.06445
       7.079     -0.04604
       7.094     -0.06445
       7.102     -0.08286
       7.109      -0.1197
       7.117      -0.1565
       7.132      -0.1934
        7.14      -0.1749
       7.147      -0.1197
       7.155     -0.06445
       7.162    -0.009207
        7.17      0.02762
       7.177      0.06445
       7.185       0.1381
       7.193       0.1934
         7.2       0.2486
       7.208       0.3038
       7.215       0.3223
        7.23        0.267
       7.245       0.2302
       7.253       0.2302
       7.268       0.2118
       7.276       0.1934
       7.283       0.1934
       7.298       0.2118
       7.306       0.2118
       7.321       0.2118
       7.336       0.1749
       7.344       0.1749
       7.359       0.1565
       7.374       0.1197
       7.382       0.1013
       7.389       0.1013
       7.404      0.06445
       7.412      0.04604
       7.427     0.009207
       7.434    -0.009207
        7.45     -0.02762
       7.457    -0.009207
       7.472     -0.02762
        7.48     -0.06445
       7.487      -0.1197
       7.495      -0.1749
       7.502      -0.2302
        7.51      -0.2854
       7.525      -0.3038
       7.533       -0.267
        7.54      -0.2118
       7.548      -0.1565
       7.555      -0.1197
       7.563     -0.08286
        7.57     -0.02762
       7.578     0.009207
       7.586      0.06445
       7.593       0.1013
       7.601       0.1381
       7.616       0.1381
       7.623       0.1381
       7.638      0.08286
       7.646      0.06445
       7.654      0.06445
       7.669      0.06445
       7.676      0.04604
       7.684      0.04604
       7.699     0.009207
       7.707    -0.009207
       7.714     0.009207
       7.729      0.04604
       7.737      0.04604
       7.752      0.04604
       7.759      0.02762
       7.775    -0.009207
       7.782     -0.02762
       7.797     -0.04604
       7.805     -0.04604
        7.82     -0.06445
       7.827     -0.06445
       7.843     -0.06445
        7.85     -0.06445
       7.865     -0.04604
        7.88    -0.009207
       7.888      0.02762
       7.895      0.06445
       7.903       0.1197
       7.911       0.1749
       7.918       0.2118
       7.926       0.2486
       7.933       0.2486
       7.941       0.2302
       7.948       0.1749
       7.956       0.1381
       7.964       0.1197
       7.979      0.08286
       7.986      0.04604
       8.001      0.02762
       8.016    -0.009207
       8.024     -0.02762
       8.032     -0.02762
       8.047     -0.02762
       8.054    -0.009207
       8.062     0.009207
       8.077      0.04604
       8.084      0.04604
         8.1      0.04604
       8.107      0.02762
       8.115    -0.009207
       8.122     -0.04604
        8.13     -0.06445
       8.145     -0.06445
       8.152     -0.06445
        8.16     -0.04604
       8.175     -0.04604
       8.183     -0.04604
       8.198     -0.06445
       8.213      -0.1013
       8.221      -0.1197
       8.236      -0.1013
       8.251     -0.06445
       8.258     -0.04604
       8.273    -0.009207
       8.281     0.009207
       8.289      0.04604
       8.296       0.1013
       8.304       0.1381
       8.311       0.1749
       8.326       0.1749
       8.334       0.1565
       8.349       0.1381
       8.357       0.1197
       8.372       0.1197
       8.379       0.1197
       8.394       0.1197
       8.402       0.1197
       8.417      0.08286
       8.425      0.06445
        8.44      0.04604
       8.447      0.04604
       8.462      0.02762
       8.478     0.009207
       8.493    -0.009207
       8.508    -0.009207
       8.515     -0.02762
       8.523     -0.04604
        8.53     -0.08286
       8.538      -0.1197
       8.546      -0.1749
       8.553      -0.2302
       8.561       -0.267
       8.568      -0.3223
       8.576      -0.3591
       8.591      -0.3591
       8.598      -0.2854
       8.606      -0.1934
       8.614      -0.1013
       8.621    -0.009207
       8.629      0.08286
       8.636       0.1381
       8.644       0.1934
       8.659       0.2118
       8.666       0.1934
       8.674       0.2118
       8.689       0.2118
       8.697       0.2118
       8.712       0.2118
       8.727       0.1749
       8.735       0.1565
       8.742       0.1565
       8.757       0.1381
       8.765       0.1381
        8.78       0.1381
       8.787       0.1381
       8.803       0.1381
        8.81       0.1013
       8.825      0.04604
       8.833     0.009207
        8.84     -0.02762
       8.848     -0.06445
       8.855      -0.1013
       8.863      -0.1197
       8.871      -0.1565
       8.878      -0.1749
       8.893      -0.2302
       8.901      -0.2302
       8.916      -0.1934
       8.923      -0.1381
       8.931     -0.08286
       8.939    -0.009207
       8.946      0.06445
       8.954      0.08286
       8.969       0.1381
       8.976       0.1749
       8.976       0.1381
