     0.01181      0.05627
     0.01181    -0.001705
     0.01937       0.1142
     0.01937      0.05627
     0.02693       0.1336
     0.04205       0.1529
      0.0496       0.1529
     0.07228       0.1142
     0.07984      0.07559
      0.0874      0.05627
     0.09496     -0.02103
      0.1025     -0.05968
      0.1101     -0.09832
      0.1252      -0.1176
      0.1327     -0.09832
      0.1403     -0.04035
      0.1479    -0.001705
      0.1554      0.05627
      0.1705      0.07559
      0.1781      0.05627
      0.1857     -0.02103
      0.1932       -0.079
      0.2008      -0.1563
      0.2083      -0.2336
      0.2159      -0.3109
       0.231      -0.3109
      0.2386      -0.2529
      0.2461      -0.2143
      0.2537       -0.137
      0.2612     -0.05968
      0.2688      0.01762
      0.2764       0.1336
      0.2839       0.2109
      0.2915       0.2688
       0.299       0.2882
      0.3066       0.2688
      0.3142       0.2302
      0.3217       0.1722
      0.3293       0.1336
      0.3444      0.07559
       0.352      0.01762
      0.3595       -0.079
      0.3671      -0.1756
      0.3746      -0.2529
      0.3822      -0.3109
      0.3897      -0.3109
      0.3973      -0.2722
      0.4049      -0.2143
      0.4124       -0.137
        0.42     -0.05968
      0.4275      0.01762
      0.4351      0.09491
      0.4502       0.1722
      0.4653       0.1336
      0.4804       0.1142
      0.4956       0.1529
      0.5107      0.09491
      0.5182      0.05627
      0.5258     -0.02103
      0.5334     -0.05968
      0.5409     -0.09832
       0.556       -0.079
      0.5636     -0.05968
      0.5787    -0.001705
      0.5863    -0.001705
      0.6089      0.03694
      0.6165      0.03694
      0.6316      0.03694
      0.6392      0.05627
      0.6543      0.07559
      0.6619      0.05627
      0.6694    -0.001705
      0.6845     -0.02103
      0.6921    -0.001705
      0.7072    -0.001705
      0.7148    -0.001705
      0.7299     -0.04035
      0.7374     -0.04035
      0.7526     -0.05968
      0.7601       -0.079
      0.7752       -0.079
      0.7828     -0.05968
      0.7979     -0.04035
      0.8055     -0.02103
      0.8206      0.03694
      0.8281      0.03694
      0.8433      0.01762
      0.8659      0.01762
      0.8811      0.03694
      0.8886      0.07559
      0.9037       0.1142
      0.9113       0.1336
      0.9264       0.1142
       0.934       0.1142
      0.9415      0.07559
      0.9491    -0.001705
      0.9566     -0.05968
      0.9642     -0.09832
      0.9718      -0.1176
      0.9793       -0.079
      0.9869     -0.02103
      0.9944      0.05627
       1.002      0.09491
        1.01       0.1529
       1.025       0.2109
       1.032       0.2109
        1.04       0.1529
       1.047       0.1142
       1.055      0.07559
        1.07      0.03694
       1.078      0.03694
       1.085    -0.001705
       1.093     -0.04035
       1.108       -0.079
       1.115       -0.079
       1.123     -0.04035
        1.13     -0.02103
       1.138      0.01762
       1.146      0.05627
       1.161      0.09491
       1.168       0.1142
       1.176       0.1529
       1.183       0.1915
       1.199       0.1722
       1.206      0.09491
       1.214      0.05627
       1.214     -0.02103
       1.221     -0.05968
       1.229     -0.09832
       1.236       -0.137
       1.251       -0.137
       1.259       -0.137
       1.267     -0.09832
       1.274     -0.04035
       1.282      0.07559
       1.282    -0.001705
       1.289       0.1336
       1.297       0.2495
       1.304       0.3654
       1.312       0.4621
       1.319       0.5394
       1.327        0.578
       1.335         0.52
       1.342       0.4234
        1.35       0.2495
       1.357       0.1142
       1.357    -0.001705
       1.365       -0.079
       1.372      -0.2143
        1.38      -0.3495
       1.387      -0.4461
       1.395      -0.5041
       1.403      -0.4848
        1.41      -0.4461
       1.418      -0.3882
       1.425      -0.3302
       1.433      -0.2529
        1.44      -0.1563
       1.448       -0.079
       1.456     -0.02103
       1.463      0.07559
       1.471       0.1336
       1.478       0.1915
       1.486       0.2302
       1.493       0.2688
       1.508       0.2109
       1.516       0.1142
       1.524      0.05627
       1.524     -0.04035
       1.531       -0.137
       1.539      -0.2143
       1.554      -0.2529
       1.561      -0.2336
       1.569      -0.2143
       1.576      -0.1756
       1.584      -0.1176
       1.592     -0.04035
       1.599      0.07559
       1.607       0.1336
       1.614       0.2109
       1.629       0.2495
       1.637       0.2495
       1.652       0.2688
        1.66       0.2302
       1.667       0.1142
       1.667    -0.001705
       1.675     -0.09832
       1.682      -0.2529
        1.69      -0.3689
       1.705      -0.3495
       1.713      -0.2916
        1.72      -0.1949
       1.728      -0.1176
       1.735      0.03694
       1.735     -0.04035
       1.743      0.09491
        1.75       0.2109
       1.758       0.3075
       1.765       0.3848
       1.773       0.4041
       1.781       0.3848
       1.788       0.3268
       1.796       0.2688
       1.803       0.1915
       1.811      0.09491
       1.811    -0.001705
       1.818       -0.079
       1.826      -0.1949
       1.833      -0.3109
       1.841      -0.3495
       1.849      -0.3109
       1.856      -0.2529
       1.864      -0.1563
       1.871     -0.05968
       1.879      0.07559
       1.879    -0.001705
       1.886       0.1336
       1.894       0.2109
       1.901       0.2688
       1.909       0.3268
       1.917       0.3268
       1.924       0.3268
       1.932       0.2688
       1.939       0.2109
       1.947       0.1336
       1.954    -0.001705
       1.962       -0.137
        1.97      -0.3109
       1.977      -0.4268
       1.985      -0.4848
       1.992      -0.4268
           2      -0.3109
       2.007      -0.1563
       2.015      0.03694
       2.015     -0.04035
       2.022      0.07559
        2.03       0.1529
       2.038       0.1915
       2.045       0.2302
       2.068       0.2302
       2.075       0.2109
       2.083       0.1529
        2.09      0.09491
       2.098      0.05627
       2.098     -0.04035
       2.106      -0.1176
       2.113      -0.2722
       2.121      -0.3882
       2.128      -0.5041
       2.136      -0.5621
       2.143      -0.5428
       2.151      -0.4461
       2.151      -0.5234
       2.158      -0.3689
       2.166      -0.2722
       2.174      -0.1563
       2.181     -0.05968
       2.189      0.01762
       2.196      0.07559
       2.204       0.1336
       2.219       0.1336
       2.226      0.09491
       2.234      0.05627
       2.234     -0.02103
       2.242       -0.079
       2.249       -0.137
       2.257      -0.2143
       2.264      -0.2722
       2.272      -0.3689
       2.279      -0.4268
       2.287      -0.4655
       2.295      -0.4268
       2.302      -0.3495
        2.31      -0.2336
       2.317      -0.1176
       2.325      0.01762
       2.332       0.1529
        2.34       0.2688
       2.347       0.3654
       2.355       0.4041
       2.363       0.4041
        2.37       0.3654
       2.378       0.3268
       2.385       0.2688
       2.393       0.2109
         2.4       0.1529
       2.408      0.07559
       2.423     -0.02103
       2.431     -0.05968
       2.438     -0.09832
       2.446     -0.09832
       2.453     -0.04035
       2.461      0.01762
       2.468      0.09491
       2.476       0.1529
       2.483       0.2109
       2.491       0.2882
       2.499       0.3461
       2.514       0.3461
       2.521       0.2882
       2.529       0.2109
       2.536       0.1142
       2.544      0.05627
       2.552      0.01762
       2.567    -0.001705
       2.574    -0.001705
       2.589      0.05627
       2.597      0.09491
       2.604       0.1336
       2.612       0.1722
       2.627       0.2109
       2.635       0.1915
       2.642       0.1722
       2.657       0.1142
       2.665      0.07559
       2.672    -0.001705
        2.68     -0.02103
       2.688       -0.079
       2.695       -0.137
       2.703      -0.1756
        2.71      -0.1756
       2.718      -0.1563
       2.733     -0.09832
        2.74       -0.079
       2.756       -0.079
       2.763       -0.079
       2.771     -0.05968
       2.786     -0.04035
       2.793     -0.02103
       2.809     -0.04035
       2.816     -0.04035
       2.824     -0.02103
       2.831      0.01762
       2.839      0.07559
       2.861       0.1336
       2.869       0.1336
       2.884      0.07559
       2.892      0.01762
       2.899     -0.05968
       2.907       -0.137
       2.914      -0.1949
       2.922      -0.2143
       2.937      -0.2336
       2.945      -0.2143
       2.952      -0.1756
        2.96       -0.137
       2.967       -0.079
       2.975     -0.02103
       2.982      0.07559
        2.99       0.1336
       2.997       0.1722
       3.005       0.1915
        3.02       0.1529
       3.028       0.1336
       3.035      0.09491
       3.043      0.05627
        3.05     -0.02103
       3.058     -0.05968
       3.066       -0.079
       3.073     -0.05968
       3.081      0.03694
       3.081     -0.02103
       3.088      0.07559
       3.096       0.1722
       3.103       0.2688
       3.111       0.3461
       3.118       0.4234
       3.126       0.4621
       3.141       0.4041
       3.149       0.3075
       3.156       0.1722
       3.164      0.01762
       3.171     -0.09832
       3.179      -0.2143
       3.186      -0.2916
       3.194      -0.3495
       3.202      -0.3689
       3.209      -0.3302
       3.217      -0.2529
       3.224      -0.1563
       3.232      0.03694
       3.232     -0.05968
       3.239       0.1142
       3.247       0.2495
       3.254       0.3461
       3.262       0.3848
       3.277       0.3461
       3.285       0.2688
       3.292       0.1529
         3.3      0.03694
       3.307       -0.079
       3.315      -0.1756
       3.323      -0.2722
        3.33      -0.3302
       3.345      -0.3495
       3.353      -0.3109
        3.36      -0.2529
       3.368      -0.1756
       3.375     -0.09832
       3.383     -0.04035
       3.391      0.03694
       3.398      0.07559
       3.413       0.1336
       3.421      0.09491
       3.428      0.05627
       3.436    -0.001705
       3.451     -0.02103
       3.459     -0.02103
       3.474    -0.001705
       3.481    -0.001705
       3.489     -0.04035
       3.496       -0.079
       3.504     -0.09832
       3.519     -0.09832
       3.527     -0.05968
       3.542    -0.001705
       3.549      0.03694
       3.557      0.05627
       3.572      0.03694
       3.579    -0.001705
       3.587    -0.001705
       3.602      0.01762
       3.617      0.07559
       3.625      0.05627
       3.632      0.01762
        3.64     -0.02103
       3.648     -0.05968
       3.663      -0.1176
        3.67      -0.1563
       3.678      -0.1949
       3.685      -0.2336
       3.693      -0.2529
       3.708      -0.2529
       3.716      -0.2336
       3.723      -0.2143
       3.731       -0.137
       3.738       -0.079
       3.746     -0.02103
       3.753      0.05627
       3.761      0.09491
       3.768       0.1336
       3.776       0.1722
       3.791       0.1915
       3.799       0.1722
       3.814       0.1336
       3.821      0.09491
       3.829      0.05627
       3.836      0.01762
       3.852     -0.04035
       3.859     -0.02103
       3.867      0.03694
       3.867    -0.001705
       3.874      0.07559
       3.882       0.1336
       3.889       0.1915
       3.897       0.2688
       3.905       0.3461
       3.912       0.3848
        3.92       0.4041
       3.935       0.3654
       3.942       0.3268
        3.95       0.2882
       3.957       0.2302
       3.965       0.1529
       3.973      0.07559
       3.973    -0.001705
        3.98     -0.05968
       3.988       -0.137
       3.995      -0.1756
        4.01       -0.137
       4.018     -0.09832
       4.025     -0.04035
       4.033      0.01762
       4.041       0.1142
       4.048       0.2109
       4.056       0.2882
       4.063       0.3654
       4.071       0.4041
       4.078       0.3848
       4.086       0.3268
       4.093       0.2302
       4.101       0.1142
       4.109      0.05627
       4.109     -0.04035
       4.116       -0.137
       4.124      -0.2336
       4.131      -0.2916
       4.139      -0.3302
       4.146      -0.3109
       4.154      -0.2916
       4.162      -0.2336
       4.169      -0.1949
       4.177      -0.1563
       4.184      -0.1176
       4.192     -0.05968
       4.199      0.03694
       4.207       0.1336
       4.214       0.2109
       4.222       0.2688
        4.23       0.2882
       4.237       0.2495
       4.245       0.1722
       4.252      0.05627
        4.26     -0.05968
       4.267      -0.1563
       4.275      -0.2336
       4.282      -0.2916
        4.29      -0.3109
       4.298      -0.2916
       4.305      -0.2529
       4.313      -0.1949
        4.32       -0.137
       4.328     -0.09832
       4.335     -0.05968
        4.35     -0.02103
       4.358    -0.001705
       4.366      0.03694
       4.373      0.05627
       4.388      0.05627
       4.396      0.05627
       4.411     -0.02103
       4.419     -0.05968
       4.426      -0.1176
       4.434       -0.137
       4.441      -0.1176
       4.449       -0.079
       4.456     -0.02103
       4.464      0.05627
       4.479      0.09491
       4.487       0.1142
       4.502       0.1142
       4.509      0.09491
       4.524      0.07559
       4.539      0.03694
       4.547    -0.001705
       4.555     -0.02103
        4.57     -0.05968
       4.577     -0.05968
       4.592       -0.079
       4.607     -0.05968
       4.615     -0.02103
       4.623      0.07559
        4.63       0.1336
       4.638       0.1915
       4.645       0.2302
        4.66       0.2302
       4.668       0.2109
       4.676       0.1722
       4.683       0.1142
       4.691      0.05627
       4.698      0.03694
       4.713      0.01762
       4.721      0.03694
       4.736      0.03694
       4.744    -0.001705
       4.751    -0.001705
       4.766     -0.02103
       4.774     -0.02103
       4.789     -0.02103
       4.804     -0.04035
       4.812     -0.05968
       4.827     -0.09832
       4.834      -0.1176
       4.849     -0.09832
       4.864      -0.1176
        4.88      -0.1176
       4.887     -0.09832
       4.902     -0.05968
        4.91     -0.05968
       4.917     -0.04035
       4.932      0.05627
        4.94      0.09491
       4.948       0.1336
       4.955       0.1722
        4.97       0.2302
       4.978       0.2495
       4.993       0.1722
       5.001       0.1142
       5.008      0.05627
       5.008    -0.001705
       5.016     -0.04035
       5.023      -0.1176
       5.031      -0.1563
       5.046      -0.1563
       5.053      -0.1563
       5.069       -0.137
       5.076       -0.137
       5.084     -0.09832
       5.091       -0.079
       5.099     -0.02103
       5.106      0.03694
       5.114      0.07559
       5.129      0.07559
       5.137      0.05627
       5.137    -0.001705
       5.144     -0.02103
       5.152       -0.079
       5.159       -0.137
       5.167      -0.1756
       5.174      -0.1949
       5.189      -0.1563
       5.197       -0.079
       5.205      0.01762
       5.212       0.1142
        5.22       0.1915
       5.227       0.2688
       5.235       0.3075
       5.242       0.3461
       5.258       0.3461
       5.265       0.3461
        5.28       0.2882
       5.288       0.2495
       5.295       0.1722
       5.303      0.09491
        5.31      0.01762
       5.318     -0.04035
       5.326     -0.09832
       5.341     -0.09832
       5.348       -0.079
       5.356     -0.02103
       5.363      0.05627
       5.371       0.1142
       5.378       0.1529
       5.386       0.1915
       5.401       0.1529
       5.409      0.09491
       5.416      0.01762
       5.424     -0.04035
       5.431     -0.09832
       5.439       -0.137
       5.454      -0.1756
       5.462      -0.1756
       5.469      -0.1563
       5.477      -0.1176
       5.484       -0.079
       5.492     -0.02103
       5.499    -0.001705
       5.507      0.03694
       5.515      0.05627
        5.53      0.09491
       5.537       0.1336
       5.552       0.1529
        5.56       0.1722
       5.575       0.1529
       5.583       0.1529
       5.598       0.1722
       5.605       0.1722
       5.613       0.1722
        5.62       0.1336
       5.628      0.07559
       5.635    -0.001705
       5.651    -0.001705
       5.658      0.03694
       5.666      0.07559
       5.681       0.1142
       5.688      0.09491
       5.696      0.05627
       5.703    -0.001705
       5.711     -0.04035
       5.719     -0.09832
       5.726       -0.137
       5.741       -0.137
       5.749      -0.1176
       5.756     -0.05968
       5.764     -0.02103
       5.772      0.01762
       5.779      0.05627
       5.794      0.03694
       5.802    -0.001705
       5.809    -0.001705
       5.824     -0.02103
       5.832     -0.04035
        5.84       -0.079
       5.847      -0.1176
       5.855      -0.1563
       5.862      -0.1949
        5.87      -0.2529
       5.877      -0.2722
       5.892      -0.2916
         5.9      -0.2529
       5.908      -0.2143
       5.915      -0.1563
       5.923       -0.079
        5.93      0.03694
        5.93     -0.04035
       5.938      0.07559
       5.945       0.1915
       5.945       0.1336
       5.953       0.2302
       5.968       0.2302
       5.976       0.1722
       5.983      0.09491
       5.991      0.03694
       5.991     -0.02103
       5.998     -0.05968
       6.006       -0.137
       6.013      -0.2143
       6.021      -0.2722
       6.029      -0.3302
       6.036      -0.3495
       6.051      -0.3109
       6.059      -0.2529
       6.066      -0.1949
       6.074      -0.1176
       6.081     -0.04035
       6.089      0.07559
       6.089    -0.001705
       6.097       0.1336
       6.104       0.2109
       6.112       0.2302
       6.127       0.2688
       6.142       0.2688
       6.149       0.2109
       6.157       0.1722
       6.165      0.09491
       6.172    -0.001705
        6.18     -0.09832
       6.187      -0.2143
       6.195      -0.2916
       6.202      -0.3302
        6.21      -0.3302
       6.217      -0.2722
       6.225      -0.1949
       6.233     -0.09832
        6.24      0.05627
        6.24     -0.02103
       6.248      0.09491
       6.263       0.1722
        6.27       0.1915
       6.278       0.2109
       6.293       0.2495
       6.301       0.2688
       6.316       0.2302
       6.323       0.1529
       6.331      0.07559
       6.331    -0.001705
       6.338     -0.04035
       6.346     -0.09832
       6.354       -0.137
       6.369      -0.1176
       6.376       -0.079
       6.384     -0.02103
       6.391      0.01762
       6.399      0.09491
       6.406       0.1722
       6.414       0.3075
       6.422       0.4234
       6.429         0.52
       6.437       0.5587
       6.444       0.4427
       6.452       0.3268
       6.459       0.1529
       6.467      0.05627
       6.467     -0.05968
       6.474      -0.1949
       6.482      -0.3302
        6.49      -0.4461
       6.497      -0.4848
       6.505      -0.4848
       6.512      -0.4461
        6.52      -0.3689
       6.527      -0.2722
       6.535      -0.1563
       6.542      0.03694
       6.542     -0.04035
        6.55      0.09491
       6.558       0.1915
       6.565       0.2882
       6.573       0.3848
        6.58       0.4621
       6.588         0.52
       6.603       0.5007
       6.611       0.4041
       6.618       0.2495
       6.626      0.03694
       6.633       -0.137
       6.641      -0.2722
       6.648      -0.3689
       6.656      -0.4075
       6.671      -0.4075
       6.679      -0.3689
       6.686      -0.3109
       6.694      -0.2529
       6.701      -0.1563
       6.709     -0.05968
       6.716      0.07559
       6.716    -0.001705
       6.724       0.1336
       6.731       0.2109
       6.739       0.2882
       6.747       0.3268
       6.754       0.3654
       6.769       0.3268
       6.777       0.2688
       6.784       0.1529
       6.792      0.01762
       6.799       -0.137
       6.807      -0.2722
       6.815      -0.3882
        6.83      -0.3882
       6.837      -0.3302
       6.845      -0.2722
       6.852      -0.2336
        6.86      -0.1949
       6.868       -0.137
       6.875       -0.079
       6.883      0.03694
       6.883     -0.02103
        6.89      0.07559
       6.898       0.1529
       6.905       0.2302
       6.913       0.3075
        6.92       0.3461
       6.936       0.3268
       6.943       0.2882
       6.951       0.2109
       6.958       0.1336
       6.966      0.03694
       6.973     -0.04035
       6.981     -0.09832
       6.988      -0.1176
       7.004      -0.1563
       7.011       -0.137
       7.026     -0.09832
       7.034     -0.05968
       7.041      0.03694
       7.041     -0.02103
       7.049      0.07559
       7.056       0.1529
       7.064       0.2302
       7.072       0.2688
       7.087       0.2495
       7.094       0.1915
       7.102       0.1142
       7.109      0.05627
       7.117    -0.001705
       7.125     -0.02103
        7.14       -0.079
       7.147      -0.1176
       7.155       -0.137
        7.17      -0.1563
       7.177       -0.137
       7.193       -0.079
         7.2     -0.04035
       7.208      0.01762
       7.215      0.07559
       7.223       0.1529
        7.23       0.2109
       7.238       0.2688
       7.245       0.3268
       7.261       0.3268
       7.268       0.2882
       7.276       0.2302
       7.283       0.1529
       7.291      0.07559
       7.298     -0.04035
       7.306       -0.137
       7.313      -0.2336
       7.321      -0.2916
       7.336      -0.2722
       7.344      -0.2336
       7.351      -0.1756
       7.359      -0.1176
       7.366     -0.05968
       7.374      0.03694
       7.382       0.1142
       7.389       0.1915
       7.397       0.2495
       7.404       0.2882
       7.419       0.2688
       7.427       0.2302
       7.434       0.1722
       7.442      0.09491
        7.45      0.01762
       7.457     -0.02103
       7.465       -0.079
       7.472       -0.137
        7.48      -0.1756
       7.487      -0.2336
       7.495      -0.2529
        7.51      -0.2529
       7.518      -0.2336
       7.525      -0.1756
       7.533      -0.1176
        7.54     -0.04035
       7.548      0.05627
       7.563       0.1142
        7.57      0.09491
       7.586      0.03694
       7.593    -0.001705
       7.608     -0.02103
       7.616      0.03694
       7.616    -0.001705
       7.623      0.07559
       7.631       0.1529
       7.638       0.2109
       7.654       0.2109
       7.661       0.1722
       7.676       0.1336
       7.684       0.1529
       7.699       0.1336
       7.707      0.09491
       7.714      0.05627
       7.714    -0.001705
       7.722     -0.04035
       7.729      -0.1176
       7.737      -0.1949
       7.744      -0.2529
       7.759      -0.2916
       7.767      -0.3109
       7.775      -0.2916
       7.782      -0.2336
        7.79       -0.137
       7.797      0.03694
       7.797     -0.04035
       7.805      0.07559
       7.812       0.1336
       7.827       0.1336
       7.835       0.1142
       7.843       0.1142
       7.858      0.07559
       7.865      0.05627
        7.88      0.01762
       7.888     -0.02103
       7.895     -0.09832
       7.903      -0.1563
       7.911      -0.2143
       7.926      -0.1756
       7.933      -0.1176
       7.941     -0.05968
       7.948     -0.02103
       7.956      0.01762
       7.964      0.05627
       7.971      0.09491
       7.986      0.07559
       7.994      0.05627
       8.009      0.05627
       8.016      0.05627
       8.024      0.05627
       8.039      0.01762
       8.047     -0.02103
       8.054     -0.05968
       8.062      -0.1176
       8.069      -0.1756
       8.084      -0.1756
       8.092       -0.137
         8.1       -0.079
       8.107      0.03694
       8.107     -0.02103
       8.115      0.07559
       8.122       0.1336
        8.13       0.1915
       8.145       0.1915
       8.152       0.1529
        8.16      0.07559
       8.168      0.01762
       8.175     -0.02103
        8.19     -0.05968
       8.198     -0.09832
       8.205      -0.1563
       8.213      -0.2143
       8.221      -0.2722
       8.236      -0.2529
       8.243      -0.2143
       8.251      -0.1563
       8.258       -0.079
       8.266      0.01762
       8.273       0.1336
       8.281       0.2302
       8.289       0.3075
       8.296       0.3848
       8.304       0.4234
       8.319       0.4041
       8.326       0.3268
       8.334       0.2302
       8.341       0.1336
       8.349      0.05627
       8.357      0.01762
       8.364    -0.001705
       8.372     -0.04035
       8.379       -0.079
       8.387       -0.137
       8.394      -0.1563
       8.409       -0.137
       8.417       -0.079
       8.425     -0.04035
       8.432      0.03694
       8.432    -0.001705
        8.44      0.07559
       8.447       0.1336
       8.455       0.1722
        8.47       0.2109
       8.478       0.2109
       8.493       0.1336
         8.5      0.07559
       8.508     -0.02103
       8.515       -0.079
       8.523      -0.1176
       8.538       -0.137
       8.546      -0.1563
       8.553      -0.1949
       8.568      -0.2336
       8.576      -0.2143
       8.583      -0.1563
       8.591       -0.079
       8.598      0.03694
       8.598     -0.02103
       8.606      0.07559
       8.614       0.1529
       8.621       0.2302
       8.629       0.2688
       8.636       0.3268
       8.651       0.3075
       8.659       0.2109
       8.666       0.1142
       8.666    -0.001705
       8.674     -0.05968
       8.682      -0.1756
       8.689      -0.2529
       8.704      -0.2529
       8.712      -0.2336
       8.727      -0.1756
       8.735      -0.1563
        8.75     -0.09832
       8.757       -0.079
       8.772    -0.001705
        8.78      0.05627
       8.787      0.07559
       8.795       0.1336
       8.803       0.1722
       8.818       0.2109
       8.825       0.1915
       8.833       0.1336
        8.84      0.07559
        8.84    -0.001705
       8.848     -0.04035
       8.855      -0.1176
       8.863      -0.1563
       8.871      -0.1563
       8.886     -0.09832
       8.893     -0.04035
       8.901    -0.001705
       8.908      0.01762
       8.923    -0.001705
       8.939    -0.001705
       8.946      0.01762
       8.954      0.07559
       8.961       0.1336
       8.969       0.1915
       8.976       0.2882
       8.976       0.2302
