     0.01181       0.1176
     0.03449      0.07965
      0.0496      0.04165
     0.05716     0.003654
     0.07228     -0.03434
     0.07984     -0.05334
     0.09496     -0.05334
      0.1101     -0.07234
      0.1176     -0.07234
      0.1327      -0.1103
      0.1403      -0.1103
      0.1554      -0.1293
       0.163      -0.1293
      0.1781      -0.1483
      0.1857      -0.1483
      0.2008      -0.1863
      0.2083      -0.1863
      0.2235      -0.1863
       0.231      -0.1483
      0.2386      -0.1293
      0.2461     -0.09134
      0.2537     -0.05334
      0.2612     -0.01535
      0.2688     0.003654
      0.2764      0.04165
      0.2839      0.06065
       0.299      0.09865
      0.3066       0.1556
      0.3142       0.1936
      0.3217       0.2316
      0.3368       0.2886
      0.3444       0.2886
      0.3595       0.2696
      0.3746       0.1936
      0.3822       0.1176
      0.3897      0.06065
      0.3973     0.003654
      0.4049     -0.03434
      0.4124     -0.05334
      0.4275     -0.07234
      0.4351     -0.05334
      0.4502     -0.05334
      0.4578     -0.05334
      0.4729     -0.09134
      0.4804      -0.1103
      0.4956     -0.09134
      0.5031     -0.09134
      0.5182     -0.07234
      0.5258     -0.05334
      0.5334     -0.03434
      0.5485      0.06065
       0.556      0.09865
      0.5636       0.1366
      0.5712       0.1746
      0.5863       0.2316
      0.5938       0.2316
      0.6089       0.1746
      0.6241       0.1366
      0.6316       0.1176
      0.6467      0.09865
      0.6543      0.07965
      0.6694      0.07965
       0.677      0.09865
      0.6921       0.1176
      0.6996       0.1176
      0.7072       0.1176
      0.7223      0.07965
      0.7299      0.07965
       0.745     0.003654
      0.7526     -0.01535
      0.7677     -0.07234
      0.7752     -0.07234
      0.7904     -0.09134
      0.7979     -0.09134
      0.8055     -0.07234
      0.8206     -0.05334
      0.8281     -0.05334
      0.8357     -0.09134
      0.8433      -0.1293
      0.8508      -0.2053
      0.8584      -0.2623
      0.8659      -0.3193
      0.8735      -0.3763
      0.8811      -0.3953
      0.8962      -0.4143
      0.9037      -0.4143
      0.9188      -0.3763
      0.9264      -0.3573
       0.934      -0.3193
      0.9415      -0.2623
      0.9491      -0.1863
      0.9566      -0.1293
      0.9642     -0.07234
      0.9718      0.04165
      0.9718     -0.01535
      0.9793      0.07965
      0.9869       0.1556
      0.9944       0.2126
       1.002       0.2506
        1.01       0.3076
       1.017       0.3456
       1.025       0.3836
        1.04       0.4216
       1.047       0.4406
       1.062       0.4596
        1.07       0.4596
       1.085       0.4026
       1.093       0.3646
         1.1       0.3266
       1.108       0.2696
       1.115       0.2126
       1.123       0.1746
        1.13       0.1366
       1.138      0.07965
       1.146      0.06065
       1.153     0.003654
       1.161     0.003654
       1.176     -0.03434
       1.183     -0.03434
       1.191     -0.03434
       1.206     -0.07234
       1.214      -0.1103
       1.221      -0.1483
       1.229      -0.1863
       1.244      -0.2433
       1.251      -0.2623
       1.267      -0.2813
       1.274      -0.2813
       1.282      -0.2623
       1.289      -0.2433
       1.297      -0.2053
       1.304      -0.1483
       1.312      -0.1103
       1.319     -0.07234
       1.327     -0.03434
       1.335      0.04165
       1.335     0.003654
       1.342      0.06065
        1.35       0.1176
       1.357       0.1746
       1.365       0.2126
       1.372       0.2506
       1.387       0.2696
       1.395       0.2696
       1.403       0.2886
       1.418       0.2696
       1.425       0.2316
       1.433       0.1746
        1.44       0.1366
       1.448      0.09865
       1.456      0.06065
       1.463     0.003654
       1.471     0.003654
       1.486     -0.03434
       1.493     -0.03434
       1.501     -0.01535
       1.516     -0.01535
       1.524     -0.03434
       1.531     -0.03434
       1.546     -0.07234
       1.554     -0.09134
       1.569      -0.1483
       1.576      -0.1673
       1.592      -0.2053
       1.599      -0.2053
       1.607      -0.1673
       1.614      -0.1483
       1.622      -0.1103
       1.629     -0.05334
       1.637     -0.01535
       1.644      0.06065
       1.652      0.09865
        1.66       0.1366
       1.667       0.1746
       1.675       0.2126
       1.682       0.2506
       1.697       0.2506
       1.705       0.2506
        1.72       0.2506
       1.728       0.2506
       1.735       0.2316
       1.743       0.1936
        1.75       0.1366
       1.758      0.07965
       1.765      0.02265
       1.773     -0.03434
       1.781     -0.09134
       1.788      -0.1483
       1.796      -0.2243
       1.803      -0.2623
       1.811      -0.3003
       1.818      -0.3193
       1.833      -0.3193
       1.841      -0.3003
       1.849      -0.2813
       1.856      -0.2243
       1.864      -0.1673
       1.871      -0.1103
       1.879     -0.07234
       1.894     -0.01535
       1.901     -0.01535
       1.917     -0.05334
       1.924     -0.07234
       1.932     -0.07234
       1.947     -0.09134
       1.954     -0.07234
        1.97     -0.03434
       1.977     -0.01535
       1.992     0.003654
           2     0.003654
       2.007      0.04165
       2.015      0.06065
       2.022      0.09865
        2.03       0.1556
       2.038       0.1936
       2.045       0.2316
        2.06       0.2696
       2.068       0.2696
       2.083       0.2696
       2.098       0.2506
       2.106       0.2316
       2.121       0.2126
       2.128       0.2126
       2.136       0.2316
       2.151       0.2316
       2.158       0.2126
       2.174       0.1936
       2.189       0.1556
       2.196       0.1176
       2.211      0.09865
       2.226      0.06065
       2.234      0.02265
       2.249     -0.03434
       2.257     -0.07234
       2.264      -0.1293
       2.272      -0.1673
       2.279      -0.2243
       2.295      -0.2813
       2.302      -0.3003
       2.317      -0.3003
       2.325      -0.3003
       2.332      -0.2813
       2.347      -0.2813
       2.355      -0.2813
        2.37      -0.2433
       2.385      -0.1673
       2.393      -0.1293
         2.4     -0.09134
       2.408     -0.03434
       2.423      0.04165
       2.431      0.04165
       2.446      0.06065
       2.461      0.07965
       2.468      0.07965
       2.483      0.07965
       2.491      0.07965
       2.499      0.09865
       2.514       0.1366
       2.521       0.1366
       2.536       0.1556
       2.552       0.1556
       2.559       0.1556
       2.574       0.1556
       2.582       0.1556
       2.597       0.1556
       2.612       0.1366
        2.62       0.1366
       2.627       0.1366
       2.642       0.1556
        2.65       0.1746
       2.657       0.2126
       2.665       0.2506
       2.672       0.2886
        2.68       0.3076
       2.695       0.3456
       2.703       0.3646
       2.718       0.3836
       2.725       0.3456
       2.733       0.2886
        2.74       0.2126
       2.748       0.1176
       2.756      0.04165
       2.756     -0.03434
       2.763      -0.1293
       2.771      -0.2053
       2.778      -0.2813
       2.786      -0.3193
       2.793      -0.3763
       2.801      -0.3953
       2.816      -0.4523
       2.824      -0.4523
       2.839      -0.4523
       2.846      -0.4333
       2.854      -0.3953
       2.869      -0.3383
       2.877      -0.3193
       2.884      -0.2623
       2.892      -0.2243
       2.899      -0.1673
       2.907      -0.1103
       2.914     -0.05334
       2.922     -0.01535
       2.929      0.06065
       2.937       0.1176
       2.945       0.1556
       2.952       0.1936
       2.967       0.2506
       2.975       0.2506
        2.99       0.2126
       2.997       0.1936
       3.013       0.2126
       3.028       0.2126
       3.035       0.2126
        3.05       0.1746
       3.058       0.1556
       3.066       0.1366
       3.081      0.07965
       3.088      0.02265
       3.096     -0.03434
       3.103     -0.09134
       3.111      -0.1483
       3.118      -0.2053
       3.134      -0.2623
       3.141      -0.2623
       3.156      -0.2433
       3.164      -0.2243
       3.171      -0.1863
       3.179      -0.1293
       3.186     -0.07234
       3.194     -0.01535
       3.202      0.02265
       3.209      0.06065
       3.217       0.1176
       3.232       0.1556
       3.239       0.1746
       3.247       0.1936
       3.262       0.2316
        3.27       0.2316
       3.285       0.2316
       3.292       0.2316
       3.307       0.2316
       3.315       0.2126
       3.323       0.2126
       3.338       0.1746
       3.345       0.1556
       3.353       0.1556
       3.368       0.1556
       3.375       0.1556
       3.391       0.1366
       3.398       0.1176
       3.413      0.09865
       3.428      0.06065
       3.436      0.04165
       3.436     0.003654
       3.443     -0.03434
       3.451      -0.1103
       3.459      -0.2243
       3.466      -0.3003
       3.474      -0.3763
       3.481      -0.4143
       3.489      -0.4523
       3.496      -0.4333
       3.504      -0.4143
       3.519      -0.3573
       3.527      -0.3193
       3.534      -0.3003
       3.542      -0.2623
       3.549      -0.2053
       3.557      -0.1483
       3.564      -0.1103
       3.572     -0.03434
       3.579     0.003654
       3.587      0.06065
       3.602       0.1366
        3.61       0.1366
       3.625       0.1366
       3.632       0.1176
       3.648       0.1176
       3.655       0.1176
        3.67       0.1556
       3.685       0.1556
       3.693       0.1556
       3.708       0.1176
       3.716      0.09865
       3.723      0.07965
       3.738      0.04165
       3.746     0.003654
       3.753     0.003654
       3.768     -0.03434
       3.776     -0.07234
       3.791      -0.1103
       3.799      -0.1483
       3.814      -0.1863
       3.821      -0.2243
       3.829      -0.2243
       3.844      -0.2433
       3.852      -0.2433
       3.859      -0.2243
       3.874      -0.1863
       3.889      -0.1103
       3.897     -0.09134
       3.905     -0.05334
       3.912     -0.01535
        3.92      0.02265
       3.927      0.06065
       3.935      0.09865
       3.942       0.1176
       3.957       0.1746
       3.965       0.1936
       3.973       0.2506
       3.988       0.2886
       3.995       0.2886
        4.01       0.3076
       4.025       0.3266
       4.033       0.3456
       4.048       0.3836
       4.056       0.3836
       4.071       0.3646
       4.086       0.3266
       4.093       0.3076
       4.109       0.2696
       4.116       0.2506
       4.124       0.2506
       4.139       0.2126
       4.146       0.1746
       4.154       0.1366
       4.162      0.09865
       4.169      0.06065
       4.177      0.02265
       4.184     0.003654
       4.199     -0.03434
       4.207     -0.07234
       4.214      -0.1103
       4.222      -0.1483
        4.23      -0.1863
       4.237      -0.2053
       4.252      -0.2053
        4.26      -0.2053
       4.275      -0.1863
       4.282      -0.1863
       4.298      -0.1863
       4.305      -0.1863
       4.313      -0.1673
       4.328      -0.1483
       4.335      -0.1293
       4.343      -0.1103
       4.358     -0.09134
       4.366     -0.09134
       4.373     -0.09134
       4.388      -0.1103
       4.396     -0.09134
       4.411     -0.07234
       4.419     -0.05334
       4.434     -0.01535
       4.441     0.003654
       4.456     0.003654
       4.464     -0.01535
       4.479     -0.01535
       4.487     -0.01535
       4.494     0.003654
       4.509      0.04165
       4.517      0.06065
       4.532      0.04165
       4.539     0.003654
       4.555      0.04165
       4.562      0.04165
        4.57      0.06065
       4.585      0.07965
       4.592      0.07965
         4.6      0.09865
       4.615       0.1176
       4.623       0.1366
       4.638       0.1746
       4.645       0.1746
       4.653       0.1746
        4.66       0.1366
       4.676      0.07965
       4.683      0.06065
       4.691     -0.01535
       4.698     -0.05334
       4.706      -0.1103
       4.713      -0.1293
       4.728      -0.1673
       4.736      -0.1483
       4.751      -0.1103
       4.759     -0.05334
       4.766     -0.01535
       4.774      0.06065
       4.781      0.09865
       4.789       0.1556
       4.796       0.1936
       4.804       0.2506
       4.812       0.2886
       4.827       0.3076
       4.834       0.2696
       4.842       0.2316
       4.849       0.1746
       4.857       0.1366
       4.872      0.09865
        4.88      0.09865
       4.895      0.09865
       4.902      0.09865
       4.917      0.06065
       4.925      0.04165
        4.94     0.003654
       4.948     0.003654
        4.97     -0.03434
       4.978     -0.07234
       4.985     -0.09134
       5.001      -0.1293
       5.008      -0.1483
       5.016      -0.1483
       5.031      -0.1673
       5.038      -0.1863
       5.053      -0.1673
       5.069      -0.1293
       5.076      -0.1103
       5.091     -0.09134
       5.099     -0.09134
       5.106     -0.07234
       5.121     -0.05334
       5.129     -0.03434
       5.144      0.06065
       5.152      0.09865
       5.167       0.1556
       5.174       0.1936
       5.182       0.2316
       5.189       0.2886
       5.197       0.3456
       5.205       0.3836
        5.22       0.4406
       5.227       0.4406
       5.235       0.4026
       5.242       0.3456
        5.25       0.3076
       5.258       0.2506
       5.265       0.2126
        5.28       0.1746
       5.288       0.1936
       5.295       0.1936
       5.303       0.1556
        5.31      0.07965
        5.31     0.003654
       5.318     -0.09134
       5.326      -0.2433
       5.333      -0.3953
       5.333      -0.5093
       5.341      -0.5853
       5.348      -0.6993
       5.356      -0.7753
       5.363      -0.8323
       5.371      -0.8703
       5.378      -0.8893
       5.394      -0.8703
       5.401      -0.8133
       5.409      -0.7373
       5.416      -0.6423
       5.424      -0.5663
       5.431      -0.4713
       5.439      -0.3763
       5.446      -0.3003
       5.454      -0.2053
       5.462      -0.1293
       5.469     -0.05334
       5.477      0.04165
       5.477     0.003654
       5.484      0.07965
       5.492       0.1176
       5.499       0.1556
       5.507       0.1936
       5.515       0.2316
       5.522       0.2886
        5.53       0.3456
       5.537       0.4026
       5.545       0.4406
       5.552       0.4976
       5.567       0.5546
       5.575       0.5546
       5.583       0.5736
       5.598       0.5736
       5.605       0.5546
       5.613       0.5546
       5.628       0.4976
       5.635       0.4406
       5.643       0.4026
       5.651       0.3266
       5.658       0.2506
       5.666       0.1936
       5.673       0.1556
       5.681       0.1176
       5.696      0.07965
       5.703      0.06065
       5.719     0.003654
       5.726     0.003654
       5.741     0.003654
       5.749     0.003654
       5.764      0.04165
       5.772      0.04165
       5.787      0.02265
       5.794     0.003654
       5.802     -0.03434
       5.809     -0.07234
       5.817      -0.1293
       5.824      -0.2053
       5.832      -0.2623
        5.84      -0.3003
       5.847      -0.3383
       5.855      -0.3573
       5.862      -0.3573
       5.877      -0.3383
       5.885      -0.3193
         5.9      -0.2813
       5.915      -0.2053
       5.923      -0.1673
        5.93      -0.1103
       5.938     -0.07234
       5.945     -0.01535
       5.968      0.06065
       5.976      0.07965
       5.991      0.09865
       5.998       0.1176
       6.013       0.1176
       6.021       0.1366
       6.036       0.1746
       6.044       0.1936
       6.059       0.1936
       6.066       0.1936
       6.081       0.1556
       6.089       0.1366
       6.104      0.09865
       6.112      0.09865
       6.127      0.06065
       6.134      0.02265
       6.142     -0.03434
       6.149     -0.07234
       6.157      -0.1483
       6.165      -0.1863
       6.172      -0.2243
        6.18      -0.2433
       6.195      -0.2623
       6.202      -0.2243
       6.217      -0.1863
       6.233      -0.1293
        6.24      -0.1103
       6.248     -0.09134
       6.255     -0.07234
       6.263     -0.03434
        6.27      0.04165
        6.27     0.003654
       6.278      0.06065
       6.293      0.09865
       6.301       0.1176
       6.308       0.1556
       6.323       0.1936
       6.331       0.1936
       6.346       0.2126
       6.354       0.2126
       6.369       0.2316
       6.384       0.1936
       6.391       0.1746
       6.399       0.1366
       6.406       0.1176
       6.414      0.07965
       6.429      0.04165
       6.437      0.04165
       6.452      0.06065
       6.467      0.07965
       6.474      0.07965
       6.482      0.09865
       6.497      0.07965
       6.505      0.06065
        6.52      0.04165
       6.542     0.003654
       6.565     -0.01535
       6.573     -0.01535
       6.588     0.003654
       6.595      0.02265
       6.611      0.09865
       6.618       0.1176
       6.633      0.09865
       6.641      0.07965
       6.656      0.09865
       6.671      0.06065
       6.679     -0.01535
       6.686     -0.09134
       6.694      -0.2053
       6.701      -0.3003
       6.709      -0.3953
       6.716      -0.4523
       6.724      -0.5093
       6.739      -0.5093
       6.754      -0.4903
       6.762      -0.4523
       6.769      -0.4143
       6.777      -0.3573
       6.784      -0.2623
       6.792      -0.1863
       6.799     -0.07234
       6.807      0.06065
       6.807     -0.01535
       6.815      0.09865
       6.822       0.1746
        6.83       0.2506
       6.837       0.3076
       6.845       0.3646
        6.86       0.3836
       6.868       0.4026
       6.883       0.4026
        6.89       0.4026
       6.898       0.4026
       6.913       0.3836
        6.92       0.3646
       6.928       0.3456
       6.943       0.2886
       6.951       0.2506
       6.966       0.2126
       6.973       0.1746
       6.981       0.1366
       6.988      0.07965
       6.996     -0.01535
       7.004     -0.05334
       7.011     -0.07234
       7.026     -0.05334
       7.034     -0.03434
       7.049     -0.01535
       7.056     -0.03434
       7.072     -0.01535
       7.087     0.003654
       7.094      0.02265
       7.109      0.04165
       7.117      0.02265
       7.132     0.003654
        7.14     0.003654
       7.147      0.04165
       7.162      0.06065
        7.17      0.06065
       7.185     0.003654
       7.193     -0.01535
         7.2     -0.05334
       7.215      -0.1103
       7.223      -0.1483
       7.238      -0.1863
       7.245      -0.2243
       7.261      -0.2243
       7.268      -0.2243
       7.283      -0.2433
       7.291      -0.2433
       7.306      -0.2243
       7.313      -0.2053
       7.321      -0.1673
       7.336      -0.1483
       7.344      -0.1293
       7.351     -0.09134
       7.366     -0.01535
       7.374      0.06065
       7.374     0.003654
       7.382      0.07965
       7.389       0.1176
       7.397       0.1366
       7.412       0.1366
       7.427      0.09865
       7.434      0.09865
       7.442      0.09865
       7.457      0.09865
       7.465       0.1176
       7.472       0.1556
       7.487       0.1746
       7.495       0.1556
        7.51       0.1176
       7.518      0.09865
       7.533      0.06065
        7.54      0.04165
       7.548     0.003654
       7.555     -0.01535
        7.57     -0.03434
       7.586     -0.05334
       7.593     -0.07234
       7.608     -0.07234
       7.623     -0.09134
       7.631     -0.09134
       7.638     -0.07234
       7.654     -0.05334
       7.661     -0.03434
       7.669     -0.01535
       7.676      0.02265
       7.684      0.06065
       7.691      0.09865
       7.699       0.1366
       7.707       0.1556
       7.722       0.2316
       7.729       0.2886
       7.737       0.3456
       7.744       0.4026
       7.752       0.4406
       7.759       0.4786
       7.775       0.5166
       7.782       0.5356
        7.79       0.4976
       7.797       0.4596
       7.805       0.4216
       7.812       0.3646
        7.82       0.3266
       7.827       0.2886
       7.835       0.2126
       7.843       0.1366
        7.85      0.06065
        7.85     0.003654
       7.858     -0.05334
       7.865      -0.1673
       7.873      -0.2623
        7.88      -0.3573
       7.888      -0.4333
       7.888      -0.5093
       7.895      -0.5283
       7.903      -0.5853
       7.911      -0.6423
       7.926      -0.6613
       7.933      -0.6613
       7.941      -0.6423
       7.948      -0.6233
       7.964      -0.5663
       7.971      -0.5283
       7.979      -0.4523
       7.986      -0.3953
       7.994      -0.3383
       8.001      -0.2623
       8.009      -0.2053
       8.016      -0.1673
       8.024      -0.1293
       8.032     -0.09134
       8.039     -0.03434
       8.047      0.02265
       8.054      0.09865
       8.062       0.1746
       8.069       0.2316
       8.077       0.2886
       8.084       0.3266
       8.092       0.3646
       8.107       0.4026
       8.115       0.4216
        8.13       0.4596
       8.137       0.4596
       8.145       0.4596
        8.16       0.4216
       8.168       0.4026
       8.183       0.3646
        8.19       0.3456
       8.205       0.2886
       8.213       0.2316
       8.221       0.1936
       8.228       0.1176
       8.236      0.06065
       8.236     0.003654
       8.243     -0.03434
       8.251      -0.1293
       8.258      -0.1863
       8.266      -0.2433
       8.273      -0.2813
       8.289      -0.2623
       8.296      -0.2433
       8.311      -0.2053
       8.326      -0.1863
       8.334      -0.1673
       8.341      -0.1293
       8.349     -0.07234
       8.357     -0.01535
       8.364      0.06065
       8.364     0.003654
       8.372      0.09865
       8.379       0.1366
       8.387       0.1746
       8.402       0.1746
       8.409       0.1746
       8.417       0.1746
       8.432       0.1556
        8.44       0.1366
       8.447      0.07965
       8.455     0.003654
       8.462     -0.07234
        8.47      -0.1483
       8.478      -0.2053
       8.485      -0.2243
         8.5      -0.2433
       8.508      -0.2433
       8.515      -0.2243
        8.53      -0.2243
       8.538      -0.2243
       8.561      -0.2433
       8.568      -0.2433
       8.583      -0.2243
       8.591      -0.2243
       8.606      -0.2053
       8.614      -0.1673
       8.621      -0.1483
       8.629     -0.07234
       8.636     -0.01535
       8.644      0.06065
       8.644     0.003654
       8.651       0.1176
       8.659       0.1746
       8.666       0.2316
       8.674       0.2886
       8.682       0.3266
       8.689       0.3646
       8.697       0.4026
       8.704       0.4406
       8.719       0.4786
       8.727       0.4976
       8.742       0.4596
        8.75       0.4216
       8.757       0.3836
       8.765       0.3266
       8.772       0.2696
        8.78       0.2126
       8.787       0.1556
       8.795       0.1176
       8.803      0.07965
        8.81      0.06065
       8.818     0.003654
       8.825     -0.05334
       8.833     -0.09134
        8.84      -0.1483
       8.848      -0.1863
       8.855      -0.2243
       8.871      -0.2433
       8.878      -0.2243
       8.893      -0.2243
       8.901      -0.2243
       8.923      -0.1673
       8.931      -0.1103
       8.939     -0.03434
       8.946      0.02265
       8.954      0.09865
       8.961       0.1556
       8.969       0.1936
       8.976       0.2506
