     0.01181     -0.07673
     0.03449     -0.05729
     0.04205     -0.07673
      0.0496     -0.07673
     0.06472     -0.05729
     0.07228     -0.03785
     0.07984      0.02046
      0.0874      0.05934
     0.09496      0.09821
      0.1025       0.1371
      0.1176       0.1954
      0.1252       0.2148
      0.1327       0.2343
      0.1479       0.2148
      0.1554       0.1954
       0.163       0.2148
      0.1781       0.2148
      0.1857       0.2148
      0.2008       0.1565
      0.2083       0.1176
      0.2159      0.07877
      0.2235     0.001023
       0.231     -0.05729
      0.2386       -0.135
      0.2461      -0.1934
      0.2537      -0.2322
      0.2688      -0.2711
      0.2764      -0.2711
      0.2915      -0.2711
       0.299      -0.2517
      0.3066      -0.1934
      0.3142      -0.1156
      0.3217     -0.05729
      0.3293     -0.01841
      0.3368       0.0399
      0.3444      0.05934
       0.352      0.09821
      0.3595       0.1371
      0.3746       0.1954
      0.3822       0.2148
      0.3973       0.2148
      0.4049       0.2148
        0.42       0.2148
      0.4275       0.2148
      0.4351       0.2148
      0.4502        0.176
      0.4578       0.1565
      0.4729       0.1176
      0.4804      0.07877
       0.488      0.02046
      0.4956     -0.01841
      0.5031     -0.05729
      0.5107     -0.09616
      0.5182      -0.1156
      0.5334       -0.135
      0.5409       -0.135
      0.5636       -0.135
      0.5787     -0.07673
      0.5863     -0.03785
      0.5938     0.001023
      0.6089       0.0399
      0.6165       0.0399
      0.6316     0.001023
      0.6392     0.001023
      0.6467     -0.05729
      0.6543     -0.09616
      0.6619       -0.135
      0.6694      -0.1739
       0.677      -0.2128
      0.6845      -0.2128
      0.6921      -0.1934
      0.6996       -0.135
      0.7072     -0.07673
      0.7148     -0.01841
      0.7223      0.02046
      0.7299      0.05934
       0.745      0.09821
      0.7526      0.07877
      0.7601      0.07877
      0.7752      0.02046
      0.7828     0.001023
      0.7979     -0.01841
      0.8055     0.001023
       0.813       0.0399
      0.8206      0.09821
      0.8281       0.1176
      0.8433       0.1176
      0.8508      0.09821
      0.8584      0.05934
      0.8659      0.02046
      0.8735     0.001023
      0.8886     -0.03785
      0.8962     -0.03785
      0.9113     -0.01841
      0.9264       0.0399
       0.934      0.05934
      0.9566      0.07877
      0.9642      0.09821
      0.9793       0.1176
      0.9869      0.09821
      0.9944      0.07877
        1.01      0.02046
       1.017     0.001023
       1.032     -0.05729
        1.04     -0.07673
       1.047     -0.07673
       1.062     -0.07673
        1.07     -0.07673
       1.078     -0.03785
       1.093     0.001023
         1.1      0.02046
       1.115      0.02046
        1.13     0.001023
       1.138     -0.01841
       1.161     -0.07673
       1.168     -0.05729
       1.176     -0.01841
       1.183      0.02046
       1.191      0.05934
       1.206      0.09821
       1.214      0.07877
       1.221      0.07877
       1.236      0.05934
       1.244       0.0399
       1.251       0.0399
       1.267     0.001023
       1.274     0.001023
       1.282      0.02046
       1.297      0.02046
       1.304       0.0399
       1.312      0.05934
       1.327       0.1176
       1.335       0.1565
       1.342       0.2148
        1.35       0.2537
       1.357       0.2731
       1.372       0.2537
        1.38       0.2343
       1.387        0.176
       1.395       0.1176
       1.403      0.05934
        1.41     -0.01841
       1.418     -0.07673
       1.425       -0.135
        1.44      -0.1739
       1.448      -0.1934
       1.463      -0.1739
       1.478       -0.135
       1.486     -0.07673
       1.493     -0.03785
       1.501     0.001023
       1.516       0.0399
       1.524       0.0399
       1.539       0.0399
       1.546      0.02046
       1.561      0.02046
       1.569      0.02046
       1.584      0.02046
       1.592       0.0399
       1.607       0.0399
       1.614      0.05934
       1.629      0.07877
       1.644       0.0399
       1.652     0.001023
        1.66     -0.01841
       1.667     -0.05729
       1.682     -0.09616
        1.69     -0.09616
       1.705     -0.05729
        1.72     0.001023
       1.728      0.02046
       1.743      0.05934
       1.758      0.09821
       1.765       0.1176
       1.781      0.09821
       1.788      0.05934
       1.796      0.02046
       1.811     -0.03785
       1.818     -0.03785
       1.833     0.001023
       1.841       0.0399
       1.856      0.05934
       1.864      0.05934
       1.879      0.05934
       1.894       0.0399
       1.901       0.0399
       1.909       0.0399
       1.924     0.001023
       1.932     0.001023
       1.939      0.02046
       1.954       0.0399
       1.962       0.0399
        1.97       0.0399
       1.985     -0.01841
       1.992     -0.03785
       2.007     -0.05729
       2.015     -0.07673
        2.03     -0.05729
       2.045     -0.03785
       2.053     -0.05729
       2.068     -0.03785
       2.083     -0.01841
        2.09     0.001023
       2.098      0.02046
       2.113      0.05934
       2.121      0.09821
       2.136       0.1371
       2.143       0.1565
       2.158       0.1371
       2.174      0.07877
       2.181      0.05934
       2.196      0.02046
       2.204      0.02046
       2.219     0.001023
       2.226     0.001023
       2.242     -0.01841
       2.249     -0.01841
       2.264     -0.01841
       2.272     -0.03785
       2.287     -0.01841
       2.302     -0.01841
        2.31     -0.03785
       2.317     -0.07673
       2.325      -0.1156
        2.34      -0.1545
       2.347      -0.1934
       2.355      -0.2128
        2.37      -0.1934
       2.378      -0.1739
       2.385       -0.135
       2.393     -0.09616
       2.408     -0.05729
       2.415     -0.03785
       2.423     0.001023
       2.431       0.0399
       2.446      0.09821
       2.453       0.1176
       2.468       0.1176
       2.476       0.1176
       2.483       0.1371
       2.499        0.176
       2.506       0.1954
       2.521       0.2343
       2.529       0.2537
       2.544       0.2537
       2.559       0.2343
       2.574       0.1565
       2.582      0.09821
       2.589      0.02046
       2.597     -0.03785
       2.604     -0.09616
       2.612      -0.1156
       2.627       -0.135
       2.635     -0.09616
        2.65     -0.07673
       2.657     -0.07673
       2.672      -0.1156
        2.68       -0.135
       2.695       -0.135
        2.71       -0.135
       2.718       -0.135
       2.725      -0.1156
        2.74     -0.03785
       2.748     0.001023
       2.756       0.0399
       2.763      0.07877
       2.771       0.1176
       2.786       0.1371
       2.793       0.1371
       2.809       0.1176
       2.816       0.1176
       2.831       0.1565
       2.839        0.176
       2.854       0.1954
       2.869        0.176
       2.877       0.1565
       2.884       0.1176
       2.892       0.0399
       2.899     -0.03785
       2.907     -0.09616
       2.914      -0.1545
       2.922      -0.1739
       2.937      -0.1934
       2.945      -0.1739
        2.96      -0.1545
       2.967       -0.135
       2.975     -0.09616
        2.99     -0.05729
       2.997     -0.05729
       3.005     -0.03785
       3.013     -0.01841
        3.02      0.02046
       3.028      0.07877
       3.035       0.1371
       3.043        0.176
       3.058       0.2148
       3.066       0.2148
       3.081        0.176
       3.096       0.1176
       3.103      0.09821
       3.118      0.05934
       3.126       0.0399
       3.134      0.02046
       3.149     -0.03785
       3.156     -0.05729
       3.164     -0.05729
       3.179     -0.09616
       3.186     -0.09616
       3.194     -0.07673
       3.209     -0.07673
       3.217     -0.07673
       3.224     -0.07673
       3.239     -0.07673
       3.247     -0.05729
       3.262     -0.01841
        3.27     0.001023
       3.277      0.05934
       3.285       0.1176
       3.292        0.176
         3.3       0.2148
       3.315       0.2148
       3.323       0.1954
        3.33       0.1565
       3.345      0.09821
       3.353       0.0399
        3.36     0.001023
       3.368     -0.05729
       3.375     -0.09616
       3.383       -0.135
       3.398      -0.1739
       3.406      -0.1545
       3.413       -0.135
       3.428     -0.05729
       3.436     -0.05729
       3.451     -0.05729
       3.459     -0.05729
       3.466     -0.03785
       3.474     0.001023
       3.481      0.05934
       3.489      0.09821
       3.496       0.1371
       3.511       0.1565
       3.519        0.176
       3.534       0.1954
       3.542       0.2148
       3.557        0.176
       3.564       0.1176
       3.572      0.05934
       3.579     -0.01841
       3.587     -0.05729
       3.595     -0.09616
        3.61       -0.135
       3.617      -0.1545
       3.632      -0.1545
        3.64       -0.135
       3.655      -0.1156
       3.663     -0.09616
       3.678     -0.07673
       3.685     -0.05729
       3.693     -0.01841
       3.708     0.001023
       3.716     0.001023
       3.731       0.0399
       3.746      0.07877
       3.753      0.07877
       3.768      0.07877
       3.784       0.0399
       3.791     0.001023
       3.799     -0.03785
       3.806     -0.07673
       3.814      -0.1156
       3.821       -0.135
       3.836       -0.135
       3.844      -0.1156
       3.859      -0.1156
       3.867     -0.09616
       3.882     -0.05729
       3.889     -0.01841
       3.897      0.02046
       3.905      0.07877
       3.912       0.1176
        3.92       0.1565
       3.935       0.2148
       3.942       0.1954
       3.957       0.1565
       3.965       0.1176
        3.98      0.07877
       3.988      0.05934
       4.003       0.0399
        4.01       0.0399
       4.025      0.05934
       4.041      0.07877
       4.048      0.09821
       4.063       0.1176
       4.078      0.05934
       4.086      0.02046
       4.093     -0.01841
       4.109     -0.07673
       4.116     -0.07673
       4.131     -0.09616
       4.139     -0.09616
       4.154     -0.05729
       4.169     -0.03785
       4.177     -0.01841
       4.184     0.001023
       4.199     0.001023
       4.207     0.001023
       4.222      0.02046
       4.237       0.0399
       4.245       0.0399
       4.252       0.0399
        4.26     0.001023
       4.267     -0.03785
       4.275     -0.07673
        4.29     -0.09616
       4.298     -0.09616
       4.305     -0.05729
        4.32     -0.01841
       4.328      0.02046
       4.335      0.05934
        4.35      0.02046
       4.358     0.001023
       4.373     -0.03785
       4.381     -0.05729
       4.396     -0.05729
       4.411     -0.07673
       4.419     -0.05729
       4.434     0.001023
       4.441      0.02046
       4.449      0.05934
       4.456      0.07877
       4.471       0.1176
       4.479       0.1371
       4.487        0.176
       4.494       0.1954
       4.502       0.2537
       4.509       0.2926
       4.524       0.3315
       4.532       0.3509
       4.539       0.3509
       4.555       0.2926
       4.562       0.2343
        4.57        0.176
       4.577       0.1176
       4.585      0.07877
       4.592      0.02046
         4.6     -0.03785
       4.607      -0.1156
       4.615      -0.1545
       4.623      -0.1934
        4.63      -0.2322
       4.638      -0.2905
       4.645      -0.3294
       4.653      -0.3488
       4.668      -0.3294
       4.676      -0.2711
       4.683      -0.2128
       4.691       -0.135
       4.698     -0.07673
       4.706     -0.01841
       4.713      0.02046
       4.721      0.05934
       4.736      0.07877
       4.744      0.09821
       4.759       0.1176
       4.766       0.1371
       4.781       0.1565
       4.789        0.176
       4.804        0.176
       4.812        0.176
       4.827       0.1371
       4.834       0.1371
       4.849      0.09821
       4.857      0.09821
       4.872      0.07877
        4.88      0.05934
       4.895      0.05934
       4.902      0.02046
       4.917     -0.03785
       4.925     -0.03785
        4.94     -0.01841
       4.948     -0.01841
       4.963     -0.01841
        4.97     0.001023
       4.985      0.02046
       4.993      0.02046
       5.001      0.02046
       5.016     0.001023
       5.023     -0.01841
       5.038     -0.01841
       5.046     -0.01841
       5.061     -0.05729
       5.069     -0.07673
       5.084     -0.05729
       5.091     -0.05729
       5.106     -0.05729
       5.114     -0.07673
       5.129     -0.07673
       5.137     -0.07673
       5.152     -0.07673
       5.159     -0.07673
       5.174     -0.07673
       5.182     -0.07673
       5.197     -0.07673
       5.205     -0.07673
        5.22     -0.03785
       5.235      0.02046
       5.242      0.05934
        5.25      0.09821
       5.258       0.1565
       5.265       0.1565
       5.273       0.1565
       5.288       0.1176
       5.295      0.07877
        5.31       0.0399
       5.318      0.02046
       5.333     0.001023
       5.341     0.001023
       5.356      0.02046
       5.363      0.02046
       5.378       0.0399
       5.386       0.0399
       5.401      0.02046
       5.416     -0.03785
       5.424     -0.03785
       5.439     -0.01841
       5.454     0.001023
       5.462     0.001023
       5.469      0.02046
       5.484      0.02046
       5.492      0.02046
       5.499      0.02046
       5.515     -0.01841
       5.522     -0.03785
        5.53     -0.03785
       5.552     -0.03785
        5.56     -0.01841
       5.567     0.001023
       5.575      0.05934
       5.583      0.09821
        5.59       0.1371
       5.598       0.1565
       5.613       0.1565
       5.628       0.1176
       5.635       0.1371
       5.643        0.176
       5.658       0.2148
       5.666       0.2148
       5.673       0.2148
       5.688        0.176
       5.696       0.1371
       5.711      0.07877
       5.719       0.0399
       5.726     0.001023
       5.734     -0.01841
       5.749     -0.05729
       5.756     -0.07673
       5.764     -0.07673
       5.779      -0.1156
       5.787       -0.135
       5.802      -0.1739
       5.809      -0.1934
       5.817      -0.1934
       5.832      -0.1934
        5.84      -0.1545
       5.847      -0.1156
       5.855     -0.07673
       5.862     -0.01841
        5.87      0.02046
       5.877      0.05934
       5.892      0.05934
         5.9       0.0399
       5.915      0.02046
       5.923      0.02046
       5.938     -0.01841
       5.953     -0.05729
       5.968     -0.05729
       5.983     -0.03785
       5.991     -0.01841
       5.998      0.02046
       6.013      0.05934
       6.021      0.07877
       6.036      0.07877
       6.044      0.07877
       6.059      0.07877
       6.066      0.09821
       6.081       0.1371
       6.089       0.1565
       6.097        0.176
       6.112        0.176
       6.119        0.176
       6.127        0.176
       6.142       0.1371
       6.149      0.09821
       6.157       0.0399
       6.165     -0.01841
       6.172     -0.07673
        6.18     -0.09616
        6.18       -0.135
       6.187      -0.1545
       6.202      -0.1934
        6.21      -0.1934
       6.225       -0.135
        6.24      -0.1156
       6.248      -0.1156
       6.263      -0.1156
        6.27     -0.09616
       6.278     -0.07673
       6.293     -0.03785
       6.301     -0.01841
       6.316     0.001023
       6.323     0.001023
       6.331      0.02046
       6.346      0.02046
       6.354      0.02046
       6.361       0.0399
       6.376      0.09821
       6.384       0.1565
       6.391       0.1954
       6.399       0.2537
       6.414       0.2731
       6.422       0.2731
       6.437       0.2731
       6.444       0.2731
       6.459       0.2537
       6.467       0.2148
       6.474       0.1565
       6.482       0.1176
        6.49      0.07877
       6.497      0.05934
       6.505      0.02046
       6.512     -0.01841
        6.52     -0.05729
       6.527     -0.09616
       6.535       -0.135
       6.542      -0.1739
        6.55      -0.2322
       6.558      -0.2905
       6.565        -0.31
       6.573      -0.2905
        6.58      -0.2322
       6.588      -0.1545
       6.595     -0.07673
       6.603     -0.03785
       6.611     0.001023
       6.618       0.0399
       6.626       0.0399
       6.641      0.05934
       6.656       0.0399
       6.663       0.0399
       6.671      0.05934
       6.686      0.09821
       6.694       0.1176
       6.701       0.1371
       6.716       0.2148
       6.724       0.2148
       6.739       0.2148
       6.754       0.1371
       6.762      0.07877
       6.769     0.001023
       6.777     -0.07673
       6.784       -0.135
       6.792      -0.1739
       6.799      -0.2128
       6.807      -0.2517
       6.815        -0.31
       6.822      -0.3488
       6.837      -0.3683
       6.845      -0.3488
       6.852      -0.2905
        6.86      -0.2322
       6.868      -0.1739
       6.875     -0.09616
       6.883     -0.03785
        6.89     0.001023
       6.898      0.05934
       6.913      0.09821
        6.92       0.1176
       6.936        0.176
       6.943       0.1954
       6.951       0.2731
       6.958       0.3315
       6.966       0.3703
       6.973       0.4286
       6.981       0.4286
       6.988       0.3898
       6.996       0.3509
       7.004       0.2731
       7.011        0.176
       7.019      0.05934
       7.026     -0.03785
       7.034     -0.09616
       7.041      -0.1545
       7.049      -0.1739
       7.064      -0.1739
       7.072      -0.1739
       7.087      -0.2128
       7.094      -0.2322
       7.109      -0.2322
       7.117      -0.2128
       7.132      -0.1739
        7.14       -0.135
       7.147     -0.09616
       7.162     -0.05729
        7.17     -0.05729
       7.177     -0.03785
       7.193     0.001023
         7.2      0.02046
       7.208      0.05934
       7.215       0.1176
       7.223       0.1565
        7.23       0.2148
       7.238       0.2537
       7.245       0.2926
       7.261        0.312
       7.268        0.312
       7.276       0.2537
       7.283       0.2148
       7.291       0.1371
       7.298      0.07877
       7.306     0.001023
       7.313     -0.09616
       7.321      -0.1545
       7.329      -0.2128
       7.336      -0.2517
       7.351      -0.2322
       7.359      -0.2128
       7.366      -0.1739
       7.374      -0.1545
       7.382      -0.1156
       7.389     -0.07673
       7.397     -0.03785
       7.404     -0.01841
       7.419       0.0399
       7.427       0.0399
       7.434      0.05934
        7.45      0.05934
       7.457      0.05934
       7.465      0.07877
        7.48       0.1176
       7.487       0.1176
       7.502      0.07877
        7.51      0.07877
       7.518      0.09821
       7.533      0.07877
        7.54       0.0399
       7.548      0.02046
       7.563     -0.03785
        7.57     -0.03785
       7.586     -0.01841
       7.593     0.001023
       7.608      0.02046
       7.616       0.0399
       7.623      0.05934
       7.638       0.1176
       7.646       0.1371
       7.661        0.176
       7.669       0.2148
       7.676       0.2537
       7.691       0.2148
       7.699        0.176
       7.707       0.1371
       7.714      0.07877
       7.722      0.02046
       7.729     -0.05729
       7.737     -0.09616
       7.752       -0.135
       7.759      -0.1545
       7.775       -0.135
        7.79     -0.07673
       7.797     -0.05729
       7.812     -0.01841
        7.82      0.02046
       7.827      0.05934
       7.835       0.1176
       7.843       0.1565
        7.85       0.2148
       7.858       0.2537
       7.865       0.2537
       7.873       0.2537
        7.88       0.2148
       7.888        0.176
       7.895       0.1371
       7.903      0.09821
       7.911       0.0399
       7.918     -0.01841
       7.926     -0.05729
       7.933     -0.05729
       7.948     -0.01841
       7.956     0.001023
       7.971      0.02046
       7.979      0.02046
       7.986      0.02046
       7.994     -0.01841
       8.001     -0.05729
       8.009     -0.09616
       8.024       -0.135
       8.032      -0.1545
       8.047      -0.1739
       8.054      -0.1739
       8.069       -0.135
       8.084     -0.09616
       8.092     -0.05729
         8.1     -0.01841
       8.107      0.02046
       8.115      0.05934
       8.122      0.09821
        8.13       0.1371
       8.145       0.1565
       8.152       0.1371
        8.16      0.07877
       8.168      0.02046
       8.175     -0.01841
        8.19     -0.03785
       8.198     -0.03785
       8.205     -0.01841
       8.221     -0.01841
       8.228     0.001023
       8.243      0.02046
       8.251      0.02046
       8.266     0.001023
       8.273     0.001023
       8.289     -0.03785
       8.296     -0.07673
       8.311      -0.1156
       8.319     -0.09616
       8.334     -0.09616
       8.349     -0.07673
       8.357     -0.03785
       8.364     -0.01841
       8.379      0.02046
       8.387      0.02046
       8.402     0.001023
       8.409     0.001023
       8.417     0.001023
       8.432      0.02046
        8.44      0.02046
       8.455      0.05934
        8.47      0.09821
       8.478       0.1176
       8.493       0.1565
         8.5       0.1565
       8.508       0.1565
       8.515       0.1176
       8.523      0.07877
        8.53      0.05934
       8.546     0.001023
       8.553     -0.01841
       8.568     -0.01841
       8.576     -0.01841
       8.583     -0.01841
       8.598     -0.01841
       8.606      0.02046
       8.614      0.05934
       8.629       0.1176
       8.636      0.09821
       8.644      0.05934
       8.651      0.02046
       8.659     -0.03785
       8.666     -0.07673
       8.682      -0.1156
       8.689       -0.135
       8.704      -0.1545
       8.712      -0.1156
       8.719     -0.09616
       8.727     -0.03785
       8.735      0.02046
       8.742      0.05934
        8.75       0.1176
       8.757        0.176
       8.765       0.2148
        8.78       0.2148
       8.787       0.2148
       8.803       0.1565
        8.81       0.1176
       8.818      0.05934
       8.825      0.02046
        8.84      0.02046
       8.848      0.05934
       8.863      0.07877
       8.871      0.05934
       8.886      0.05934
       8.893      0.05934
       8.901      0.05934
       8.916      0.02046
       8.923     0.001023
       8.939     -0.05729
       8.946     -0.03785
       8.961      0.02046
       8.969      0.05934
       8.976       0.1176
