     0.01198      0.01662
     0.02711     -0.00277
     0.04223     -0.02216
     0.04979     -0.02216
     0.06491     -0.08033
     0.07247      -0.1191
     0.08003      -0.1773
     0.08759      -0.2548
     0.09515       -0.313
      0.1027      -0.3518
      0.1178      -0.3324
      0.1254      -0.2742
       0.133      -0.1967
      0.1405      -0.1385
      0.1481     -0.08033
      0.1556     -0.04155
      0.1632      0.01662
      0.1708      0.09418
      0.1783       0.1717
      0.1859       0.2299
      0.1934       0.2687
      0.2086       0.2687
      0.2161       0.2493
      0.2312       0.2299
      0.2388       0.2493
      0.2464       0.2881
      0.2539       0.3269
      0.2691       0.3463
      0.2766       0.3463
      0.2917       0.3269
      0.2993       0.3075
      0.3069       0.2687
      0.3144       0.2299
       0.322       0.1717
      0.3295      0.07479
      0.3371      0.01662
      0.3447     -0.06094
      0.3522      -0.1191
      0.3598      -0.1579
      0.3749      -0.1191
      0.3825     -0.09972
        0.39     -0.06094
      0.3976     -0.00277
      0.4051       0.0554
      0.4127       0.1136
      0.4203       0.1524
      0.4354        0.133
       0.443      0.09418
      0.4505       0.0554
      0.4581      0.01662
      0.4656     -0.06094
      0.4732      -0.1385
      0.4808      -0.2355
      0.4883      -0.3324
      0.4959        -0.41
      0.5034      -0.4488
       0.511      -0.4488
      0.5261      -0.3906
      0.5337      -0.3518
      0.5412      -0.2936
      0.5488      -0.2161
      0.5564      -0.1385
      0.5639     -0.06094
      0.5715      0.01662
       0.579       0.0554
      0.5866      0.09418
      0.6017       0.1524
      0.6093       0.2105
      0.6169       0.2881
      0.6244        0.385
       0.632       0.4626
      0.6395       0.5208
      0.6471       0.5402
      0.6547       0.5402
      0.6622       0.5014
      0.6698       0.4626
      0.6773       0.4238
      0.6849       0.3657
      0.6925       0.2881
         0.7       0.2299
      0.7076       0.1717
      0.7151       0.1136
      0.7227       0.0554
      0.7303     -0.00277
      0.7378     -0.04155
      0.7454     -0.08033
      0.7529      -0.1579
      0.7605      -0.2355
      0.7681       -0.313
      0.7756        -0.41
      0.7832      -0.4875
      0.7908      -0.5263
      0.7983      -0.5069
      0.8059      -0.4875
       0.821      -0.4294
      0.8286      -0.3906
      0.8361      -0.3518
      0.8437      -0.2936
      0.8512      -0.2161
      0.8588      -0.1191
      0.8664     -0.02216
      0.8739      0.03601
      0.8815      0.09418
       0.889        0.133
      0.9042       0.1911
      0.9117       0.2105
      0.9268       0.2493
      0.9344       0.2299
       0.942       0.2105
      0.9495       0.1717
      0.9571        0.133
      0.9647      0.09418
      0.9722      0.07479
      0.9798      0.03601
      0.9873      0.03601
       1.002      0.03601
        1.01     -0.00277
       1.018     -0.06094
       1.025      -0.1579
       1.033      -0.2355
        1.04      -0.2742
       1.055      -0.2742
       1.063      -0.2548
       1.071      -0.2161
       1.078      -0.1579
       1.086     -0.09972
       1.093     -0.02216
       1.101       0.0554
       1.108        0.133
       1.116       0.2105
       1.123       0.2881
       1.131       0.3657
       1.139       0.4238
       1.146       0.4626
       1.161       0.5208
       1.169       0.5208
       1.176        0.482
       1.184       0.4432
       1.191       0.3657
       1.199       0.2881
       1.207       0.2105
       1.214       0.1524
       1.222      0.07479
       1.229     -0.00277
       1.237      -0.1191
       1.244      -0.2161
       1.252      -0.3324
        1.26        -0.41
       1.275      -0.3906
       1.282      -0.3518
        1.29      -0.2936
       1.305      -0.2548
       1.312      -0.2355
        1.32      -0.1773
       1.328     -0.09972
       1.335     -0.02216
       1.343      0.03601
        1.35      0.07479
       1.358       0.1136
       1.365       0.1524
       1.373       0.1911
       1.388       0.2299
       1.396       0.2105
       1.403       0.1717
       1.411        0.133
       1.418       0.0554
       1.426     -0.02216
       1.433      -0.1191
       1.441      -0.1967
       1.449      -0.2742
       1.456      -0.3324
       1.464      -0.3324
       1.479      -0.2742
       1.486      -0.2161
       1.494      -0.1579
       1.501     -0.08033
       1.509      0.01662
       1.517       0.1136
       1.517      0.01662
       1.524       0.2299
       1.532       0.3269
       1.539       0.4044
       1.547        0.482
       1.554       0.5402
        1.57       0.5208
       1.577       0.4432
       1.585       0.3463
       1.592       0.2687
         1.6       0.2105
       1.607       0.1717
       1.615        0.133
       1.622      0.07479
        1.63     -0.02216
       1.638      -0.1385
       1.645      -0.2355
       1.653      -0.3324
        1.66        -0.41
       1.668      -0.4681
       1.675      -0.5069
       1.683      -0.4875
        1.69      -0.4488
       1.698      -0.3906
       1.706       -0.313
       1.713      -0.2355
       1.721      -0.1967
       1.728      -0.1579
       1.743      -0.1579
       1.751      -0.1773
       1.766      -0.1579
       1.781      -0.1385
       1.789     -0.09972
       1.796     -0.04155
       1.804      0.03601
       1.811       0.1136
       1.819       0.1911
       1.827       0.2299
       1.834       0.2493
       1.849       0.1911
       1.857       0.1524
       1.864      0.09418
       1.872      0.03601
       1.887      0.03601
       1.895      0.07479
        1.91      0.09418
       1.917      0.07479
       1.932      0.09418
        1.94       0.1136
       1.955       0.1136
       1.963      0.09418
       1.978      0.09418
       1.985       0.1136
       1.993       0.1524
           2       0.2105
       2.016       0.3075
       2.023       0.3269
       2.046       0.2493
       2.053       0.2105
       2.061       0.1911
       2.069       0.2105
       2.084       0.1717
       2.091       0.1136
       2.099      0.03601
       2.106     -0.06094
       2.114      -0.1579
       2.121      -0.2548
       2.129      -0.3518
       2.137        -0.41
       2.144      -0.4488
       2.152      -0.4488
       2.159      -0.4294
       2.167      -0.3712
       2.174      -0.3324
       2.182      -0.2936
       2.197      -0.2548
       2.205      -0.2548
       2.212      -0.2355
        2.22      -0.1967
       2.227      -0.1385
       2.235     -0.08033
       2.242     -0.02216
        2.25      0.03601
       2.258      0.07479
       2.265       0.1136
       2.273       0.1524
       2.288       0.2105
       2.295       0.2105
       2.303       0.1911
        2.31       0.1524
       2.318       0.1136
       2.326      0.07479
       2.333      0.03601
       2.341      0.01662
       2.348     -0.02216
       2.356     -0.06094
       2.363     -0.08033
       2.379     -0.08033
       2.386     -0.04155
       2.394     -0.00277
       2.401      0.03601
       2.416       0.0554
       2.424      0.03601
       2.439     -0.00277
       2.447      0.01662
       2.454       0.0554
       2.462        0.133
       2.469       0.1911
       2.477       0.2493
       2.484       0.3269
       2.492        0.385
         2.5       0.4626
       2.507       0.5208
       2.515       0.5596
       2.522       0.5596
        2.53       0.5208
       2.537        0.482
       2.545       0.4432
       2.552        0.385
        2.56       0.3269
       2.568       0.2299
       2.575       0.1136
       2.583     -0.02216
        2.59      -0.1579
       2.598      -0.2548
       2.605      -0.3324
       2.613      -0.3712
        2.62      -0.3906
       2.636      -0.4294
       2.643      -0.4488
       2.658      -0.4875
       2.666      -0.4875
       2.673      -0.4488
       2.681      -0.3906
       2.689       -0.313
       2.696      -0.2161
       2.704      -0.1579
       2.711     -0.08033
       2.719     -0.02216
       2.726      0.03601
       2.734       0.1136
       2.741       0.1911
       2.749       0.2493
       2.764       0.2493
       2.772       0.2299
       2.787       0.1911
       2.794       0.1524
       2.802       0.1136
        2.81       0.0554
       2.817      0.03601
       2.825     -0.00277
       2.832     -0.04155
        2.84     -0.09972
       2.847      -0.1773
       2.862      -0.1967
        2.87      -0.1773
       2.885      -0.1385
       2.893      -0.1191
       2.908     -0.09972
       2.923     -0.04155
        2.93     -0.02216
       2.946      0.03601
       2.953       0.0554
       2.968      0.09418
       2.976      0.09418
       2.983      0.09418
       2.999       0.0554
       3.006       0.0554
       3.021      0.09418
       3.029       0.1136
       3.044      0.07479
       3.059      0.03601
       3.067       0.0554
       3.082       0.0554
       3.089      0.01662
       3.097     -0.02216
       3.104     -0.08033
       3.112      -0.1385
       3.127     -0.08033
       3.135     -0.02216
       3.142      0.03601
        3.15      0.07479
       3.165        0.133
       3.172        0.133
       3.188       0.1524
       3.203       0.2105
        3.21       0.2687
       3.218       0.3269
       3.233       0.3269
        3.24       0.2687
       3.248       0.1717
       3.256      0.07479
       3.263     -0.02216
       3.271      -0.1191
       3.278      -0.1773
       3.286      -0.2355
       3.293      -0.2355
       3.301      -0.2161
       3.309      -0.1773
       3.316      -0.1191
       3.331     -0.09972
       3.339     -0.06094
       3.346     -0.02216
       3.354      0.03601
       3.361      0.09418
       3.369        0.133
       3.377       0.1717
       3.392       0.1717
       3.399       0.1717
       3.407       0.1136
       3.414       0.0554
       3.422     -0.00277
       3.429     -0.02216
       3.437     -0.00277
       3.445      0.03601
       3.452      0.07479
       3.467       0.1136
       3.475       0.0554
       3.482     -0.02216
        3.49      -0.1191
       3.498      -0.2161
       3.505      -0.2742
       3.513      -0.2936
       3.528      -0.2936
       3.535      -0.2742
       3.543      -0.2355
        3.55      -0.1773
       3.558      -0.1385
       3.566     -0.08033
       3.573     -0.02216
       3.581      0.01662
       3.588      0.07479
       3.596       0.1136
       3.611        0.133
       3.619       0.1136
       3.626      0.07479
       3.634       0.0554
       3.641       0.0554
       3.656      0.03601
       3.664      0.01662
       3.671     -0.00277
       3.679     -0.06094
       3.687      -0.1191
       3.694      -0.1773
       3.709      -0.1773
       3.717      -0.1191
       3.724     -0.06094
       3.732     -0.00277
       3.739       0.0554
       3.747       0.1136
       3.762      0.09418
        3.77      0.07479
       3.785      0.03601
       3.792       0.0554
       3.808      0.09418
       3.815       0.1524
       3.823       0.2105
        3.83       0.2687
       3.838       0.3269
       3.853       0.2687
        3.86       0.2105
       3.868       0.1524
       3.876      0.09418
       3.883      0.03601
       3.891     -0.02216
       3.898      -0.1191
       3.906      -0.1967
       3.913      -0.2548
       3.921      -0.2936
       3.936      -0.2548
       3.944      -0.1967
       3.951      -0.1191
       3.959     -0.04155
       3.966     -0.00277
       3.974      0.01662
       3.981      0.03601
       3.989      0.07479
       3.997      0.07479
       4.004      0.09418
       4.019        0.133
       4.027       0.1524
       4.034       0.2105
       4.042       0.2493
       4.049       0.2881
       4.065       0.3075
       4.072       0.2687
        4.08       0.2299
       4.087       0.2105
       4.095       0.1524
       4.102      0.07479
        4.11     -0.00277
       4.118      -0.1191
       4.125      -0.2161
       4.133      -0.2742
        4.14       -0.313
       4.155      -0.3712
       4.163      -0.3906
        4.17      -0.3712
       4.178      -0.3324
       4.186      -0.2936
       4.193      -0.2548
       4.208      -0.2548
       4.216      -0.2742
       4.223      -0.2355
       4.231      -0.1967
       4.239      -0.1385
       4.246     -0.08033
       4.254     -0.02216
       4.261      0.03601
       4.269      0.09418
       4.276       0.1717
       4.284       0.2493
       4.291       0.3269
       4.299       0.4044
       4.307        0.482
       4.314       0.5208
       4.329       0.5402
       4.337       0.5402
       4.344       0.5014
       4.352       0.4432
       4.359       0.3657
       4.367       0.2493
       4.375        0.133
       4.375      0.01662
       4.382     -0.00277
        4.39      -0.1579
       4.397      -0.2548
       4.405       -0.313
       4.412      -0.3324
        4.42       -0.313
       4.435      -0.2936
       4.443      -0.2742
        4.45      -0.2355
       4.458      -0.2161
       4.473      -0.1773
        4.48      -0.1773
       4.496      -0.1773
       4.503      -0.1579
       4.511     -0.09972
       4.518     -0.00277
       4.526      0.09418
       4.533       0.2105
       4.541       0.3075
       4.549        0.385
       4.556       0.4432
       4.571        0.482
       4.579       0.4044
       4.586       0.3075
       4.594       0.2105
       4.601       0.1136
       4.609      0.03601
       4.617     -0.04155
       4.624      -0.1191
       4.632      -0.1967
       4.639      -0.2742
       4.647      -0.3324
       4.662      -0.3324
       4.669       -0.313
       4.685      -0.2936
       4.692       -0.313
       4.707      -0.3324
       4.722       -0.313
        4.73      -0.2742
       4.738      -0.1967
       4.745     -0.09972
       4.753      0.01662
        4.76       0.1524
       4.768       0.2493
       4.775       0.3463
       4.783       0.4044
       4.798       0.4044
       4.806       0.3657
       4.821       0.3075
       4.828       0.2687
       4.836       0.2105
       4.843       0.1524
       4.851       0.1136
       4.858      0.09418
       4.874       0.0554
       4.881       0.0554
       4.896       0.0554
       4.904       0.0554
       4.911      0.03601
       4.919      0.01662
       4.934     -0.02216
       4.942     -0.04155
       4.957     -0.04155
       4.964     -0.09972
       4.972      -0.1579
       4.979      -0.2161
       4.987      -0.2742
       4.995      -0.2936
        5.01      -0.2742
       5.017      -0.2355
       5.025      -0.1967
        5.04      -0.1579
       5.048      -0.1579
       5.063      -0.1967
        5.07      -0.2161
       5.085      -0.1579
         5.1     -0.08033
       5.108     -0.00277
       5.116      0.09418
       5.123       0.1911
       5.131       0.2687
       5.138       0.3269
       5.146       0.3463
       5.161        0.385
       5.168       0.4044
       5.184       0.4238
       5.191        0.385
       5.199       0.3269
       5.206       0.2881
       5.221       0.2493
       5.229       0.2687
       5.244       0.2493
       5.252       0.2493
       5.259       0.2105
       5.267        0.133
       5.274      0.01662
       5.282     -0.09972
       5.289      -0.2355
       5.297       -0.313
       5.305      -0.3518
        5.32      -0.3712
       5.327      -0.3518
       5.342       -0.313
        5.35      -0.2936
       5.365      -0.2936
       5.373      -0.2742
        5.38      -0.2548
       5.388      -0.1967
       5.395      -0.1385
       5.403     -0.06094
        5.41      0.03601
       5.418       0.1136
       5.426       0.2105
       5.433       0.2687
       5.441       0.3269
       5.448       0.3657
       5.463        0.385
       5.471       0.4044
       5.486       0.4044
       5.494       0.3463
       5.501       0.2299
       5.509       0.1136
       5.509      0.01662
       5.516      0.01662
       5.524     -0.06094
       5.531     -0.09972
       5.547      -0.1385
       5.554      -0.1191
       5.569     -0.09972
       5.577     -0.08033
       5.584     -0.06094
       5.592     -0.00277
       5.599      0.03601
       5.607      0.07479
       5.622       0.1136
        5.63        0.133
       5.645       0.1524
       5.652        0.133
        5.66       0.1136
       5.668      0.07479
       5.675      0.03601
       5.683      0.01662
       5.698     -0.02216
       5.705     -0.04155
       5.713     -0.09972
        5.72      -0.1385
       5.728      -0.1773
       5.736      -0.1967
       5.743      -0.1579
       5.751      -0.1385
       5.758     -0.09972
       5.766     -0.06094
       5.781     -0.00277
       5.788      0.01662
       5.804     -0.00277
       5.811      0.01662
       5.826      0.01662
       5.834      0.01662
       5.849      0.03601
       5.857      0.01662
       5.864     -0.00277
       5.872     -0.04155
       5.879     -0.08033
       5.887      -0.1385
       5.894      -0.1579
       5.902      -0.1385
       5.909     -0.09972
       5.917     -0.09972
       5.932      -0.1191
        5.94      -0.1773
       5.947      -0.2161
       5.955      -0.2355
       5.962      -0.2161
        5.97      -0.1773
       5.978      -0.1385
       5.985     -0.08033
       5.993     -0.02216
           6      0.03601
       6.008       0.1136
       6.015       0.1911
       6.023       0.2493
       6.038       0.2881
       6.046       0.2881
       6.061       0.2687
       6.076       0.2105
       6.091       0.1524
       6.098        0.133
       6.114       0.1136
       6.121       0.1136
       6.129        0.133
       6.144        0.133
       6.151       0.1136
       6.167      0.07479
       6.174      0.03601
       6.182     -0.02216
       6.189     -0.09972
       6.197      -0.1579
       6.212      -0.1773
       6.219      -0.1773
       6.227      -0.2355
       6.235      -0.2742
       6.242      -0.2936
        6.25      -0.2742
       6.257      -0.1967
       6.265      -0.1385
       6.272     -0.08033
        6.28     -0.06094
       6.295      -0.1191
        6.31      -0.1579
       6.318      -0.1385
       6.325      -0.1191
       6.333     -0.06094
        6.34     -0.00277
       6.348      0.03601
       6.356      0.09418
       6.363        0.133
       6.378       0.1717
       6.386        0.133
       6.393      0.09418
       6.401       0.0554
       6.416      0.07479
       6.424        0.133
       6.431       0.2105
       6.439       0.2881
       6.446       0.3657
       6.454       0.4238
       6.461       0.4626
       6.469       0.4238
       6.477       0.3463
       6.484       0.2493
       6.492      0.07479
       6.499     -0.08033
       6.507      -0.2161
       6.514      -0.3324
       6.522      -0.3906
       6.537      -0.3906
       6.545      -0.3712
       6.552      -0.3324
        6.56      -0.2936
       6.575      -0.2548
       6.582      -0.2355
        6.59      -0.1967
       6.597      -0.1579
       6.605      -0.1191
       6.613     -0.08033
        6.62     -0.04155
       6.628     -0.00277
       6.635       0.0554
       6.643       0.1136
        6.65       0.2105
       6.658       0.2881
       6.666       0.3657
       6.673       0.4238
       6.681       0.4432
       6.688       0.4238
       6.696        0.385
       6.703       0.3269
       6.711       0.2687
       6.718       0.2299
       6.726       0.1717
       6.734       0.1136
       6.741       0.0554
       6.749     -0.02216
       6.756      -0.1385
       6.764      -0.2548
       6.771      -0.3518
       6.779      -0.3906
       6.787      -0.3906
       6.794      -0.3518
       6.802       -0.313
       6.809      -0.2742
       6.817      -0.2161
       6.824      -0.1579
       6.832     -0.09972
       6.839     -0.02216
       6.847      0.07479
       6.855       0.1524
       6.862       0.2299
        6.87       0.3075
       6.877        0.385
       6.885       0.4626
       6.892       0.5402
         6.9       0.5983
       6.907       0.6371
       6.923       0.5983
        6.93       0.5402
       6.938       0.4626
       6.945       0.3657
       6.953       0.2687
        6.96       0.1717
       6.968      0.07479
       6.976      0.01662
       6.983     -0.04155
       6.991     -0.06094
       6.998     -0.09972
       7.006      -0.1967
       7.013      -0.2936
       7.021      -0.3906
       7.028      -0.4488
       7.036      -0.4681
       7.044      -0.4488
       7.051      -0.3906
       7.059      -0.3324
       7.066      -0.2936
       7.081      -0.2548
       7.089      -0.2742
       7.097      -0.3324
       7.104      -0.3712
       7.112      -0.3906
       7.127      -0.3518
       7.134      -0.2936
       7.142      -0.2355
       7.149      -0.1967
       7.157      -0.1579
       7.165     -0.09972
       7.172     -0.02216
        7.18       0.0554
       7.187        0.133
       7.195       0.2105
       7.202       0.2687
        7.21       0.3075
       7.217       0.3657
       7.233       0.3463
        7.24       0.3075
       7.248       0.2493
       7.255       0.1911
       7.263       0.1524
        7.27        0.133
       7.301        0.133
       7.316      0.09418
       7.323      0.03601
       7.331     -0.04155
       7.338     -0.08033
       7.346      -0.1579
       7.354      -0.2355
       7.361      -0.2936
       7.376      -0.2548
       7.384      -0.1773
       7.391     -0.09972
       7.399     -0.02216
       7.407      0.01662
       7.414      0.01662
       7.429      0.03601
       7.437       0.0554
       7.444      0.09418
       7.452        0.133
       7.459       0.1717
       7.467       0.1911
       7.475       0.1911
        7.49       0.2493
       7.497       0.2687
       7.512       0.3075
        7.52       0.3463
       7.535       0.3657
       7.543       0.3269
        7.55       0.2299
       7.558      0.09418
       7.565     -0.06094
       7.573      -0.1967
        7.58       -0.313
       7.588        -0.41
       7.596      -0.4875
       7.603      -0.5263
       7.618      -0.4875
       7.626      -0.4294
       7.633      -0.3324
       7.641      -0.2548
       7.648      -0.1773
       7.656      -0.1191
       7.664     -0.06094
       7.671     -0.00277
       7.679      0.03601
       7.686      0.09418
       7.694       0.1524
       7.701       0.1911
       7.709       0.2299
       7.717       0.2687
       7.724       0.3075
       7.732       0.3463
       7.739       0.4044
       7.747        0.482
       7.754       0.5208
       7.762       0.5596
       7.769       0.5789
       7.777       0.5596
       7.785        0.482
       7.792       0.3463
         7.8       0.2299
       7.807      0.09418
       7.815     -0.00277
       7.822      -0.1191
        7.83      -0.2548
       7.837      -0.3712
       7.845      -0.4875
       7.853      -0.5651
       7.868      -0.5845
       7.875      -0.5457
       7.883      -0.5069
        7.89      -0.4488
       7.898      -0.3712
       7.906      -0.2936
       7.913      -0.2161
       7.921      -0.1385
       7.928     -0.08033
       7.936     -0.04155
       7.951     -0.00277
       7.958      0.01662
       7.974      0.03601
       7.981      0.09418
       7.989       0.1524
       7.996       0.2105
       8.004       0.2687
       8.011       0.3269
       8.027       0.3075
       8.034       0.2299
       8.042        0.133
       8.049      0.03601
       8.057     -0.08033
       8.064      -0.1967
       8.072       -0.313
       8.079      -0.3906
       8.095      -0.3712
       8.102      -0.2548
        8.11      -0.1385
       8.117     -0.02216
       8.125       0.0554
       8.132       0.1136
        8.14       0.1136
       8.147        0.133
       8.163       0.1717
       8.178       0.2299
       8.185       0.2299
       8.193       0.2299
       8.208       0.2299
       8.216       0.2493
       8.223       0.2687
       8.238       0.3269
       8.246       0.3269
       8.253       0.2687
       8.261       0.2299
       8.268       0.1717
       8.276       0.1524
       8.291      0.07479
       8.291      0.01662
       8.299      0.01662
       8.306     -0.09972
       8.314      -0.2161
       8.321       -0.313
       8.329      -0.3712
       8.336      -0.3906
       8.352        -0.41
       8.359        -0.41
       8.367      -0.3712
       8.382      -0.2936
       8.389      -0.2161
       8.397      -0.1191
       8.405     -0.02216
       8.412      0.07479
        8.42       0.1717
       8.427       0.2493
       8.435       0.3075
       8.442       0.3657
        8.45       0.4044
       8.457       0.4626
       8.465       0.5014
       8.473       0.5014
        8.48       0.4626
       8.488       0.4238
       8.495       0.3657
       8.503       0.3075
        8.51       0.2687
       8.518       0.2299
       8.533       0.1717
       8.541       0.1524
       8.548       0.1136
       8.556      0.07479
       8.563      0.01662
       8.571     -0.02216
       8.578     -0.06094
       8.586     -0.09972
       8.594      -0.1385
       8.609      -0.1967
       8.616      -0.2548
       8.631       -0.313
       8.639       -0.313
       8.654       -0.313
       8.669      -0.2936
       8.677      -0.2161
       8.684      -0.1385
       8.692     -0.04155
       8.699       0.0554
       8.707      0.09418
       8.715      0.09418
       8.722       0.0554
        8.73     -0.02216
       8.737     -0.09972
       8.745      -0.1773
       8.752      -0.2355
        8.76      -0.2548
       8.767      -0.2355
       8.775      -0.1967
       8.783      -0.1579
       8.798      -0.1191
       8.805     -0.09972
        8.82     -0.06094
       8.828     -0.02216
       8.843      0.01662
       8.851      0.03601
       8.866       0.0554
       8.873      0.07479
       8.881       0.1136
       8.896       0.1524
       8.904       0.1717
       8.919        0.133
       8.926      0.09418
       8.934       0.0554
       8.941      0.01662
       8.949     -0.00277
       8.964     -0.06094
