     0.01186      -0.2931
     0.03455      -0.3122
     0.04212      -0.2931
     0.05725      -0.2739
     0.06481      -0.2739
     0.07994      -0.2356
     0.09507      -0.2164
      0.1026      -0.1972
      0.1102      -0.1589
      0.1178      -0.1206
      0.1253      -0.0631
      0.1329     -0.02477
      0.1405      0.01355
       0.148      0.05188
      0.1556      0.07104
      0.1707       0.1094
      0.1783       0.1285
      0.1934       0.1477
       0.201       0.1477
      0.2161       0.1477
      0.2237       0.1285
      0.2312       0.1285
      0.2464       0.1094
      0.2539       0.1094
      0.2691       0.1285
      0.2842       0.1669
      0.2918        0.186
      0.3069        0.186
      0.3145       0.1477
       0.322       0.1094
      0.3296      0.07104
      0.3371    -0.005609
      0.3447     -0.04394
      0.3598     -0.08226
      0.3674      -0.0631
       0.375     -0.04394
      0.3901     -0.04394
      0.3977     -0.02477
      0.4128     -0.02477
      0.4204     -0.04394
      0.4355      -0.0631
      0.4506      -0.1014
      0.4582      -0.1206
      0.4658      -0.1206
      0.4809      -0.1589
      0.4884      -0.1781
      0.5036      -0.1972
      0.5111      -0.1972
      0.5187      -0.1589
      0.5263     -0.08226
      0.5338      0.03272
      0.5338     -0.02477
      0.5414      0.09021
       0.549       0.1669
      0.5565        0.186
      0.5717        0.186
      0.5792       0.1477
      0.5944       0.1094
      0.6019      0.09021
      0.6171      0.09021
      0.6246       0.1094
      0.6397       0.1669
      0.6473       0.2052
      0.6549       0.2435
      0.6624       0.2818
      0.6776       0.3202
      0.6851       0.3202
      0.6927       0.3393
      0.7078       0.3202
      0.7154       0.2818
       0.723       0.2244
      0.7305       0.1477
      0.7381      0.07104
      0.7457     -0.04394
      0.7532      -0.1206
      0.7608      -0.2164
      0.7683      -0.3314
      0.7759      -0.4464
      0.7835       -0.523
       0.791      -0.6188
      0.7986      -0.6763
      0.8137      -0.6955
      0.8213       -0.638
      0.8289      -0.5613
      0.8364      -0.4655
       0.844      -0.3889
      0.8516      -0.3122
      0.8591      -0.2356
      0.8667      -0.1781
      0.8743      -0.1014
      0.8818     -0.04394
      0.8894      0.01355
       0.897      0.09021
      0.9045       0.1669
      0.9121       0.2244
      0.9196       0.2627
      0.9348       0.3202
      0.9423       0.3393
      0.9575       0.3777
       0.965       0.3968
      0.9802       0.4351
      0.9877       0.4351
       1.003       0.3968
        1.01       0.3585
       1.018       0.3202
       1.026       0.2818
       1.033       0.2435
       1.041        0.186
       1.048       0.1094
       1.056      0.05188
       1.056    -0.005609
       1.063     -0.04394
       1.071      -0.1014
       1.079      -0.1589
       1.094      -0.1972
       1.101      -0.2164
       1.116      -0.2931
       1.124      -0.3314
       1.131      -0.3889
       1.139      -0.4272
       1.154      -0.4655
       1.162      -0.4272
       1.169       -0.408
       1.177      -0.3505
       1.184      -0.2931
       1.192      -0.2356
         1.2      -0.1781
       1.207      -0.1014
       1.215     -0.02477
       1.222      0.07104
        1.23       0.1285
       1.237        0.186
       1.245       0.2244
       1.253       0.2435
        1.26       0.2818
       1.268       0.3202
       1.275       0.3585
       1.283       0.3777
       1.298       0.4543
       1.305       0.4543
       1.313       0.4543
       1.321        0.416
       1.328       0.3777
       1.336       0.3202
       1.343       0.2435
       1.351       0.1669
       1.358      0.09021
       1.366      0.05188
       1.366    -0.005609
       1.374    -0.005609
       1.381     -0.04394
       1.396      -0.1206
       1.404      -0.1589
       1.411      -0.1972
       1.419      -0.2547
       1.426      -0.2739
       1.434      -0.3122
       1.449      -0.3505
       1.457      -0.3889
       1.472      -0.3889
       1.479      -0.3697
       1.487      -0.3122
       1.495      -0.2547
       1.502      -0.1781
        1.51      -0.1206
       1.517      -0.0631
       1.525     -0.02477
       1.532      0.05188
        1.54      0.07104
       1.555       0.1477
       1.563        0.186
        1.57       0.2435
       1.578        0.301
       1.585       0.3585
       1.593       0.3968
         1.6        0.416
       1.608        0.416
       1.616       0.3777
       1.623       0.3202
       1.631       0.2435
       1.638        0.186
       1.646       0.1094
       1.661      0.05188
       1.669      0.03272
       1.684    -0.005609
       1.691     -0.04394
       1.699     -0.08226
       1.706      -0.1206
       1.722      -0.1014
       1.729     -0.04394
       1.737      0.01355
       1.744      0.07104
       1.752       0.1285
       1.759       0.1669
       1.774       0.1669
       1.782       0.1477
       1.797      0.07104
       1.812    -0.005609
        1.82     -0.04394
       1.835     -0.08226
       1.843     -0.08226
       1.858      -0.1206
       1.865      -0.1206
        1.88      -0.1014
       1.888     -0.08226
       1.903      -0.1014
       1.911      -0.1398
       1.926      -0.1972
       1.933      -0.2356
       1.948      -0.2739
       1.956      -0.2931
       1.964      -0.2931
       1.971      -0.3314
       1.986      -0.3314
       1.994      -0.3122
       2.001      -0.2547
       2.009      -0.1972
       2.017      -0.1398
       2.024     -0.08226
       2.032     -0.04394
       2.047    -0.005609
       2.054      0.01355
        2.07      0.05188
       2.085      0.07104
       2.092      0.07104
         2.1      0.09021
       2.115       0.1094
       2.122       0.1094
       2.138       0.1669
       2.145        0.186
       2.153       0.2244
        2.16       0.2627
       2.175       0.3202
       2.183       0.3393
       2.198       0.3777
       2.206       0.3968
       2.213       0.3777
       2.221       0.3202
       2.228       0.2435
       2.236       0.1669
       2.244      0.09021
       2.251      0.05188
       2.259      0.01355
       2.266     -0.04394
       2.274     -0.08226
       2.281      -0.1206
       2.289      -0.1398
       2.304      -0.1781
       2.312      -0.1781
       2.327      -0.1206
       2.342      -0.1014
       2.349      -0.1014
       2.357      -0.0631
       2.372     -0.02477
        2.38    -0.005609
       2.395      0.03272
       2.402      0.05188
        2.41      0.09021
       2.418       0.1285
       2.433        0.186
        2.44       0.2052
       2.455       0.2435
       2.463       0.2435
        2.47       0.2627
       2.486       0.2435
       2.493       0.2052
       2.501       0.1285
       2.508      0.07104
       2.508     -0.02477
       2.516     -0.08226
       2.523      -0.2164
       2.531      -0.3122
       2.539      -0.3889
       2.546      -0.4272
       2.561      -0.4464
       2.569      -0.4464
       2.576      -0.4464
       2.591      -0.4847
       2.599      -0.4847
       2.607      -0.4655
       2.614       -0.408
       2.622      -0.3314
       2.629      -0.2356
       2.637      -0.1589
       2.644     -0.08226
       2.652     -0.02477
        2.66      0.05188
       2.667      0.09021
       2.675       0.1094
       2.682       0.1477
        2.69       0.2052
       2.697       0.2435
       2.705       0.2818
       2.713       0.3202
        2.72       0.3585
       2.728       0.3968
       2.735       0.4351
        2.75       0.4735
       2.758       0.4543
       2.773       0.4351
       2.781        0.416
       2.788        0.416
       2.796       0.3777
       2.803       0.3202
       2.811       0.2627
       2.818       0.2244
       2.826        0.186
       2.834       0.1669
       2.841       0.1285
       2.849      0.09021
       2.856      0.05188
       2.856    -0.005609
       2.864     -0.02477
       2.871     -0.08226
       2.879      -0.1589
       2.887      -0.2164
       2.894      -0.2931
       2.902      -0.3697
       2.909      -0.4272
       2.924      -0.4272
       2.932      -0.3697
       2.939      -0.3314
       2.947      -0.2931
       2.955      -0.2547
       2.962      -0.2356
        2.97      -0.2164
       2.977      -0.1589
       2.985      -0.1014
       2.992      -0.0631
           3     -0.02477
       3.015      0.03272
       3.023      0.07104
       3.038       0.1285
       3.045       0.1669
       3.053       0.2052
       3.061       0.2435
       3.068       0.2627
       3.076       0.2818
       3.091       0.3202
       3.098        0.301
       3.106       0.2435
       3.113       0.1669
       3.121      0.09021
       3.129      0.05188
       3.144      0.07104
       3.151       0.1094
       3.166      0.09021
       3.174      0.01355
       3.182     -0.08226
       3.189      -0.1589
       3.204      -0.1781
       3.212      -0.1589
       3.227      -0.1398
       3.235      -0.1206
        3.25      -0.0631
       3.257     -0.04394
       3.265      0.01355
       3.272      0.07104
        3.28       0.1094
       3.287       0.1285
       3.303       0.1477
       3.318       0.1669
       3.325        0.186
        3.34       0.2052
       3.348       0.2052
       3.363       0.1477
       3.371       0.1094
       3.378      0.07104
       3.386    -0.005609
       3.393     -0.02477
       3.401     -0.08226
       3.409      -0.1589
       3.416      -0.2164
       3.424      -0.2739
       3.431      -0.3314
       3.439      -0.3505
       3.454      -0.3697
       3.461      -0.3505
       3.469      -0.3122
       3.477      -0.2739
       3.484      -0.2164
       3.492      -0.1781
       3.499      -0.1206
       3.514      -0.0631
       3.522     -0.04394
       3.537    -0.005609
       3.545    -0.005609
       3.552      0.03272
        3.56      0.05188
       3.575       0.1094
       3.582       0.1285
       3.598       0.1285
       3.605       0.1285
       3.613       0.1285
       3.628      0.09021
       3.635      0.09021
       3.643       0.1094
       3.658       0.1669
       3.666       0.2052
       3.673       0.2435
       3.681       0.2818
       3.688       0.3393
       3.696       0.3585
       3.711       0.3585
       3.719       0.3393
       3.726        0.301
       3.734       0.2435
       3.741        0.186
       3.749       0.1477
       3.756      0.09021
       3.764      0.05188
       3.772      0.01355
       3.779     -0.02477
       3.787     -0.04394
       3.794     -0.08226
       3.809      -0.1589
       3.817      -0.1972
       3.825      -0.2547
       3.832      -0.3122
        3.84      -0.3505
       3.847      -0.3505
       3.862      -0.3314
        3.87      -0.3122
       3.885      -0.2931
       3.893      -0.2739
       3.908      -0.2164
       3.915      -0.1589
       3.923      -0.1014
        3.93     -0.02477
       3.938      0.01355
       3.953      0.09021
       3.961       0.1285
       3.968       0.1669
       3.976       0.2244
       3.983       0.2627
       3.991        0.301
       3.999       0.3202
       4.014       0.2627
       4.021       0.2244
       4.029       0.2052
       4.044       0.1669
       4.052       0.1477
       4.067       0.1094
       4.074       0.1094
       4.082      0.07104
       4.097     -0.02477
       4.104     -0.08226
       4.112      -0.1589
        4.12      -0.2547
       4.127      -0.3505
       4.135       -0.408
       4.142      -0.4272
       4.157       -0.408
       4.165      -0.3697
        4.18      -0.3697
       4.188      -0.3505
       4.203      -0.2931
        4.21      -0.2356
       4.218      -0.1589
       4.226      -0.0631
       4.233      0.01355
       4.241      0.09021
       4.248       0.1285
       4.256        0.186
       4.263       0.2244
       4.271       0.2818
       4.278       0.3393
       4.286       0.3968
       4.294       0.4351
       4.301       0.4735
       4.309       0.4926
       4.316       0.5118
       4.331       0.4543
       4.339       0.3968
       4.347       0.3202
       4.354       0.2435
       4.362       0.1285
       4.369      0.03272
       4.377     -0.08226
       4.384      -0.1781
       4.392      -0.2739
         4.4      -0.3314
       4.415      -0.3697
       4.422      -0.3505
        4.43      -0.3122
       4.437      -0.2739
       4.445      -0.2356
       4.452      -0.1972
       4.468      -0.1781
       4.475      -0.1589
        4.49      -0.1206
       4.498     -0.08226
       4.505      -0.0631
       4.513     -0.02477
       4.521      0.01355
       4.528      0.05188
       4.536       0.1094
       4.543       0.1669
       4.551       0.2244
       4.558       0.2818
       4.566       0.3393
       4.574       0.3777
       4.581       0.4351
       4.589       0.4735
       4.604       0.4543
       4.611       0.3968
       4.619       0.3202
       4.626       0.2435
       4.634        0.186
       4.642       0.1285
       4.649      0.07104
       4.657      0.03272
       4.657    -0.005609
       4.664      -0.0631
       4.672      -0.1206
       4.679      -0.1972
       4.687      -0.2739
       4.695      -0.3697
       4.702      -0.4464
        4.71       -0.523
       4.717      -0.5613
       4.732      -0.5613
        4.74      -0.5422
       4.747      -0.5039
       4.755      -0.4655
       4.763       -0.408
        4.77      -0.3505
       4.778      -0.2547
       4.785      -0.1781
       4.793      -0.0631
         4.8      0.01355
       4.808      0.09021
       4.816       0.1477
       4.823       0.2244
       4.831       0.2818
       4.838       0.3393
       4.846       0.3968
       4.853       0.4926
       4.861       0.5501
       4.869       0.6268
       4.876       0.6651
       4.884       0.6843
       4.891       0.6843
       4.899       0.6268
       4.906       0.5693
       4.914       0.4926
       4.921        0.416
       4.929       0.3202
       4.937       0.2244
       4.944       0.1477
       4.952      0.07104
       4.952    -0.005609
       4.959     -0.04394
       4.967      -0.1398
       4.974      -0.2164
       4.982      -0.2739
        4.99      -0.3314
       4.997      -0.3889
       5.005      -0.4272
        5.02      -0.4655
       5.027      -0.4847
       5.043      -0.4847
        5.05      -0.4847
       5.058      -0.4655
       5.073       -0.408
        5.08      -0.3697
       5.088      -0.3122
       5.095      -0.2739
       5.103      -0.2164
       5.111      -0.1781
       5.118      -0.1206
       5.126      -0.0631
       5.133     -0.02477
       5.141      0.07104
       5.148       0.1285
       5.156       0.2052
       5.164       0.2627
       5.171       0.3202
       5.179       0.3585
       5.186       0.3968
       5.194       0.4543
       5.201       0.5118
       5.209       0.5885
       5.217       0.6268
       5.224       0.6651
       5.232       0.6459
       5.239       0.5885
       5.247       0.5118
       5.254       0.4351
       5.262       0.3393
       5.269       0.2435
       5.277       0.1669
       5.285      0.09021
       5.292      0.01355
         5.3      -0.0631
       5.307      -0.1589
       5.315      -0.2739
       5.322      -0.3505
        5.33      -0.4272
       5.338      -0.5039
       5.353      -0.5422
        5.36      -0.5422
       5.368       -0.523
       5.383      -0.4847
       5.391      -0.4655
       5.406       -0.408
       5.413      -0.3697
       5.421      -0.3505
       5.428      -0.2931
       5.436      -0.2356
       5.443      -0.1781
       5.451     -0.08226
       5.459      0.05188
       5.459     -0.02477
       5.466      0.09021
       5.474        0.186
       5.481       0.2627
       5.489       0.3393
       5.496       0.3968
       5.504       0.4351
       5.512       0.4735
       5.527        0.531
       5.534       0.5501
       5.549        0.531
       5.557       0.5118
       5.565       0.4735
       5.572       0.4351
        5.58       0.3777
       5.587       0.3393
       5.595       0.2818
       5.602       0.2244
       5.617       0.1669
       5.625       0.1094
       5.633      0.07104
        5.64     -0.02477
       5.648     -0.08226
       5.655      -0.1589
       5.663      -0.2356
        5.67      -0.2931
       5.678      -0.3314
       5.693      -0.3697
       5.701      -0.3697
       5.708      -0.3697
       5.723      -0.3889
       5.731      -0.3697
       5.739      -0.3505
       5.746      -0.2931
       5.754      -0.2356
       5.761      -0.1972
       5.769      -0.1589
       5.776      -0.1206
       5.791      -0.0631
       5.799     -0.02477
       5.807      0.03272
       5.814      0.09021
       5.822       0.1285
       5.829       0.1669
       5.844        0.186
       5.852       0.1669
       5.867       0.1285
       5.875      0.09021
       5.882      0.05188
        5.89      0.01355
       5.905     -0.04394
       5.912     -0.08226
       5.928      -0.1398
       5.935      -0.1781
       5.943      -0.2164
        5.95      -0.2356
       5.965      -0.2547
       5.973      -0.2547
       5.988      -0.2164
       5.996      -0.1972
       6.003      -0.1398
       6.011     -0.08226
       6.018     -0.02477
       6.026      0.05188
       6.034       0.1094
       6.041       0.1477
       6.049       0.2052
       6.056       0.2435
       6.064       0.2627
       6.071        0.301
       6.079       0.3393
       6.086       0.3968
       6.094        0.416
       6.109       0.4543
       6.117       0.4543
       6.132       0.4351
       6.139       0.3968
       6.147       0.3585
       6.155       0.3202
       6.162       0.2435
        6.17        0.186
       6.177      0.09021
       6.185      0.03272
       6.185     -0.02477
       6.192      -0.1014
         6.2      -0.1781
       6.208      -0.2356
       6.215      -0.2739
       6.223      -0.2931
        6.23      -0.2739
       6.253      -0.2547
        6.26      -0.2547
       6.268      -0.2164
       6.283      -0.1589
       6.291      -0.1206
       6.298     -0.04394
       6.306      0.01355
       6.313      0.07104
       6.321       0.1477
       6.329       0.2052
       6.336       0.2435
       6.351       0.2244
       6.359       0.2052
       6.374        0.186
       6.382        0.186
       6.397        0.186
       6.404       0.2052
       6.419       0.2244
       6.427       0.2244
       6.434       0.2435
       6.442       0.2052
        6.45       0.1669
       6.457      0.09021
       6.465      0.03272
       6.465     -0.04394
       6.472      -0.1206
        6.48      -0.1972
       6.487      -0.2547
       6.495      -0.3122
       6.503      -0.3697
        6.51      -0.3889
       6.525       -0.408
       6.533      -0.3889
       6.548      -0.3505
       6.556      -0.3314
       6.563      -0.3122
       6.571      -0.2739
       6.578      -0.2356
       6.586      -0.1972
       6.593      -0.1589
       6.601      -0.1206
       6.608      -0.1014
       6.624     -0.02477
       6.631    -0.005609
       6.646      0.03272
       6.654      0.05188
       6.669       0.1094
       6.677       0.1477
       6.692        0.186
       6.699        0.186
       6.714        0.186
       6.722        0.186
        6.73       0.2052
       6.745       0.2052
       6.752       0.2052
       6.767       0.1669
       6.775       0.1477
       6.782       0.1094
        6.79      0.07104
       6.798      0.03272
       6.805     -0.02477
       6.813     -0.08226
        6.82      -0.1206
       6.828      -0.1398
       6.835      -0.1206
       6.851      -0.0631
       6.858     -0.02477
       6.866      0.01355
       6.881      0.09021
       6.888       0.1285
       6.896       0.1669
       6.903       0.2052
       6.919       0.2244
       6.926       0.2052
       6.941       0.1285
       6.949       0.1094
       6.964      0.05188
       6.972      0.03272
       6.979    -0.005609
       6.994     -0.04394
       7.002      -0.0631
       7.017      -0.0631
       7.025     -0.04394
        7.04     -0.02477
       7.047     -0.02477
       7.062     -0.02477
        7.07    -0.005609
       7.085     -0.02477
       7.093     -0.02477
       7.108     -0.02477
       7.115     -0.02477
       7.123    -0.005609
       7.138    -0.005609
       7.146      0.01355
       7.161      0.03272
       7.168      0.05188
       7.183      0.09021
       7.191       0.1094
       7.206       0.1094
       7.214       0.1094
       7.229      0.09021
       7.244      0.03272
       7.251    -0.005609
       7.259     -0.04394
       7.267     -0.08226
       7.274      -0.1206
       7.289      -0.1398
       7.297      -0.1206
       7.312     -0.08226
       7.327     -0.08226
       7.335      -0.1014
       7.342      -0.1398
        7.35      -0.1972
       7.357      -0.2547
       7.365      -0.2931
       7.373      -0.3122
       7.388      -0.2931
       7.395      -0.2547
       7.403      -0.1972
        7.41      -0.1589
       7.418      -0.1206
       7.425      -0.1014
       7.441     -0.04394
       7.448      0.03272
       7.448    -0.005609
       7.456      0.05188
       7.463       0.1094
       7.471       0.1477
       7.486       0.1477
       7.494       0.1477
       7.509        0.186
       7.516       0.2052
       7.531       0.2244
       7.539       0.2244
       7.554       0.2052
       7.562       0.2052
       7.569       0.1669
       7.577       0.1094
       7.584      0.05188
       7.592     -0.02477
       7.599      -0.0631
       7.607      -0.1398
       7.615      -0.1972
        7.63      -0.2164
       7.637      -0.1972
       7.652      -0.1589
        7.66      -0.1398
       7.675      -0.1014
       7.683     -0.08226
       7.698     -0.08226
       7.705      -0.0631
       7.721     -0.02477
       7.728      0.01355
       7.736      0.07104
       7.751       0.1094
       7.758       0.1094
       7.773      0.09021
       7.781       0.1094
       7.796       0.1669
       7.804       0.2244
       7.811        0.301
       7.819       0.3393
       7.834       0.3585
       7.842       0.3202
       7.849       0.2818
       7.857       0.2244
       7.864       0.1669
       7.872       0.1285
       7.879       0.1094
       7.895      0.07104
       7.902      0.05188
       7.917    -0.005609
       7.925    -0.005609
       7.932     -0.04394
        7.94     -0.08226
       7.947      -0.1589
       7.955      -0.2164
       7.963      -0.2356
       7.978      -0.2356
       7.985      -0.2164
       7.993      -0.1781
           8      -0.1398
       8.016      -0.1014
       8.023     -0.08226
       8.038     -0.08226
       8.046     -0.08226
       8.061     -0.08226
       8.068     -0.04394
       8.076      0.03272
       8.076    -0.005609
       8.084      0.07104
       8.091       0.1285
       8.099        0.186
       8.106       0.2435
       8.121       0.2818
       8.129       0.2244
       8.137        0.186
       8.144       0.1285
       8.152      0.05188
       8.159    -0.005609
       8.167     -0.02477
       8.182      -0.0631
        8.19      -0.0631
       8.205     -0.08226
       8.212     -0.08226
        8.22      -0.0631
       8.235     -0.02477
        8.25      0.07104
       8.258       0.1477
       8.265       0.2052
       8.273       0.2435
        8.28       0.2627
       8.295       0.2052
       8.303       0.1285
       8.311      0.05188
       8.311    -0.005609
       8.318     -0.02477
       8.326     -0.08226
       8.333      -0.1206
       8.348      -0.1589
       8.356      -0.1781
       8.371      -0.1398
       8.379      -0.1206
       8.386     -0.08226
       8.394     -0.02477
       8.401      0.05188
       8.409      0.07104
       8.424      0.07104
       8.432      0.03272
       8.432    -0.005609
       8.439     -0.02477
       8.447      -0.0631
       8.454      -0.1014
       8.462      -0.1398
       8.469      -0.1781
       8.477      -0.2164
       8.485      -0.2547
       8.492      -0.2739
       8.507      -0.3122
       8.515      -0.2931
       8.522      -0.2739
        8.53      -0.2356
       8.538      -0.1972
       8.545      -0.1589
       8.553      -0.1398
        8.56      -0.1014
       8.568     -0.04394
       8.575    -0.005609
       8.583      0.05188
        8.59      0.09021
       8.598       0.1477
       8.606       0.2244
       8.613       0.2627
       8.628        0.301
       8.636        0.301
       8.651        0.301
       8.659       0.2627
       8.666       0.2244
       8.674        0.186
       8.689       0.1285
       8.696       0.1285
       8.712       0.1094
       8.719      0.09021
       8.734       0.1094
       8.742       0.1285
       8.757       0.1477
       8.764       0.1669
        8.78       0.1285
       8.787      0.09021
       8.795      0.05188
       8.802    -0.005609
        8.81    -0.005609
       8.825     -0.02477
       8.833     -0.02477
       8.848     -0.02477
       8.855     -0.02477
       8.863     -0.02477
       8.878      -0.0631
       8.886     -0.08226
       8.893      -0.1014
       8.908      -0.1206
       8.916      -0.1014
       8.923     -0.08226
       8.938     -0.04394
       8.946     -0.02477
       8.961      0.01355
       8.969      0.05188
       8.976       0.1285
