     0.02372       0.1594
     0.03883       0.1968
     0.04639       0.2342
     0.05395       0.2529
     0.06906       0.2529
     0.07662       0.2155
     0.08418       0.2155
     0.09929       0.2342
      0.1068       0.2342
      0.1144       0.2342
       0.122       0.1968
      0.1295       0.1594
      0.1446        0.122
      0.1522       0.1033
      0.1673       0.1033
      0.1824       0.0846
        0.19       0.0846
      0.1975       0.0846
      0.2127      0.02851
      0.2202     0.009815
      0.2353    -0.008881
      0.2429    -0.008881
       0.258     0.009815
      0.2656     0.009815
      0.2807     0.009815
      0.2882     0.009815
      0.3033    -0.008881
      0.3109    -0.008881
       0.326     -0.04627
      0.3336     -0.08366
      0.3411      -0.1211
      0.3487      -0.1398
      0.3638      -0.1584
      0.3714      -0.1584
      0.3789      -0.1211
       0.394      -0.1024
      0.4016      -0.1024
      0.4167      -0.1024
      0.4243     -0.08366
      0.4394     -0.02758
      0.4469     0.009815
      0.4621       0.0659
      0.4696      0.04721
      0.4772     0.009815
      0.4847     -0.02758
      0.4923     -0.06497
      0.5074      -0.1024
       0.515      -0.1024
      0.5301      -0.1398
      0.5376      -0.1584
      0.5528      -0.1584
      0.5603      -0.1584
      0.5754      -0.1584
       0.583      -0.1211
      0.5905      -0.1024
      0.5981     -0.04627
      0.6057    -0.008881
      0.6132     0.009815
      0.6283    -0.008881
      0.6359    -0.008881
       0.651      0.02851
      0.6661      0.02851
      0.6737      0.04721
      0.6888      0.04721
      0.6963      0.04721
      0.7115      0.04721
      0.7266      0.02851
      0.7341     0.009815
      0.7493    -0.008881
      0.7568    -0.008881
      0.7644     -0.04627
      0.7719     -0.06497
       0.787     -0.08366
      0.7946     -0.06497
      0.8022     -0.02758
      0.8173     0.009815
      0.8248     0.009815
      0.8399      0.04721
      0.8551       0.0659
      0.8626      0.04721
      0.8777      0.02851
      0.8853      0.02851
      0.9004      0.02851
       0.908      0.02851
      0.9231    -0.008881
      0.9306     -0.02758
      0.9382    -0.008881
      0.9533    -0.008881
      0.9609     0.009815
       0.976       0.0659
      0.9835       0.0846
      0.9911       0.1033
       1.006       0.0659
       1.021       0.0659
       1.036       0.0846
       1.052        0.122
       1.059        0.122
       1.067        0.122
       1.074       0.0846
       1.082      0.04721
       1.089     0.009815
       1.104     0.009815
       1.112     0.009815
       1.127       0.0659
       1.135       0.0846
        1.15       0.1407
       1.157       0.1407
       1.172       0.1407
        1.18       0.1407
       1.195       0.1033
       1.203       0.0846
       1.218      0.04721
       1.233    -0.008881
        1.24     -0.02758
       1.256     -0.04627
       1.271     -0.06497
       1.278     -0.08366
       1.286     -0.08366
       1.301     -0.08366
       1.309     -0.06497
       1.316     -0.04627
       1.324    -0.008881
       1.331      0.02851
       1.346       0.0659
       1.354       0.0846
       1.369       0.0846
       1.377       0.0659
       1.392       0.0846
       1.399       0.1033
       1.414        0.122
       1.422        0.122
       1.429        0.122
       1.445       0.1033
       1.452       0.0846
       1.467      0.04721
       1.475      0.02851
        1.49     0.009815
       1.497      0.02851
       1.513       0.0659
        1.52       0.0846
       1.535       0.0659
        1.55     0.009815
       1.558    -0.008881
       1.573     -0.04627
       1.581     -0.04627
       1.588     -0.04627
       1.603     -0.06497
       1.611     -0.06497
       1.626     -0.06497
       1.633     -0.06497
       1.649     -0.08366
       1.656      -0.1024
       1.671      -0.1211
       1.679      -0.1211
       1.694     -0.08366
       1.702     -0.06497
       1.709    -0.008881
       1.717      0.04721
       1.732      0.04721
       1.739    -0.008881
       1.747     -0.04627
       1.754     -0.06497
        1.77      -0.1024
       1.777      -0.1211
       1.785      -0.1211
         1.8      -0.1398
       1.815      -0.1211
        1.83      -0.1398
       1.838      -0.1584
       1.853      -0.1958
        1.86      -0.1771
       1.868      -0.1398
       1.883      -0.1211
        1.89      -0.1024
       1.906      -0.1024
       1.913      -0.1024
       1.921      -0.1024
       1.936      -0.1024
       1.943     -0.08366
       1.951     -0.04627
       1.966    -0.008881
       1.974     0.009815
       1.989      0.02851
       1.996      0.02851
       2.011      0.02851
       2.019      0.02851
       2.034      0.02851
       2.042      0.04721
       2.057       0.0659
       2.064       0.0659
       2.072       0.0659
       2.087     0.009815
       2.095    -0.008881
        2.11     -0.02758
       2.117    -0.008881
       2.132     0.009815
        2.14      0.02851
       2.155      0.04721
       2.163      0.04721
       2.178       0.0659
       2.193       0.0846
         2.2       0.1033
       2.215        0.122
       2.223       0.1407
       2.238       0.1594
       2.246       0.1407
       2.261        0.122
       2.268       0.1407
       2.276       0.1594
       2.291       0.1033
       2.299       0.0659
       2.306      0.04721
       2.321    -0.008881
       2.329    -0.008881
       2.344    -0.008881
       2.351    -0.008881
       2.367    -0.008881
       2.374    -0.008881
       2.389     -0.04627
       2.397     -0.06497
       2.404     -0.06497
       2.419     -0.08366
       2.427      -0.1024
       2.442      -0.1024
        2.45      -0.1024
       2.465      -0.1024
        2.48      -0.1024
       2.488     -0.08366
       2.495     -0.06497
        2.51     -0.04627
       2.518     -0.04627
       2.533     -0.04627
        2.54     -0.02758
       2.548    -0.008881
       2.563      0.02851
       2.571       0.0659
       2.586       0.0846
       2.593       0.1033
       2.608        0.122
       2.616       0.1407
       2.631        0.122
       2.639       0.1033
       2.654       0.0846
       2.661       0.0846
       2.676       0.0846
       2.684       0.0846
       2.692       0.0659
       2.707     0.009815
       2.714    -0.008881
       2.722    -0.008881
       2.737     0.009815
       2.744      0.02851
       2.752       0.0659
        2.76       0.1033
       2.767       0.1407
       2.775       0.1594
        2.79        0.122
       2.797       0.1033
       2.805       0.1033
        2.82       0.0659
       2.828       0.0659
       2.835       0.1033
       2.843       0.1407
        2.85       0.1594
       2.865       0.1033
       2.881      0.04721
       2.888      0.02851
       2.896      0.02851
       2.911    -0.008881
       2.918    -0.008881
       2.933     -0.02758
       2.941    -0.008881
       2.956     0.009815
       2.964     0.009815
       2.979    -0.008881
       2.986    -0.008881
       3.001     -0.02758
       3.017     -0.02758
       3.032     -0.04627
       3.039     -0.04627
       3.054     -0.06497
       3.062      -0.1024
       3.069      -0.1398
       3.077      -0.1771
       3.092      -0.2145
         3.1      -0.2332
       3.115      -0.2706
       3.122      -0.2519
        3.13      -0.2145
       3.137      -0.1771
       3.145      -0.1398
       3.153      -0.1024
        3.16     -0.06497
       3.175    -0.008881
       3.183     0.009815
        3.19     0.009815
       3.213     0.009815
       3.221     0.009815
       3.236     0.009815
       3.251     -0.04627
       3.258      -0.1024
       3.266      -0.1398
       3.274      -0.1584
       3.289      -0.1771
       3.296      -0.1584
       3.311      -0.1211
       3.319      -0.1024
       3.334     -0.04627
       3.342    -0.008881
       3.349      0.02851
       3.357       0.0659
       3.364       0.1033
       3.379       0.1407
       3.387        0.122
       3.394        0.122
        3.41       0.1033
       3.417       0.1033
       3.425       0.0846
       3.432      0.04721
       3.447     0.009815
       3.455     0.009815
        3.47      0.04721
       3.485       0.0846
       3.493       0.1033
       3.508       0.1594
       3.515       0.1781
        3.53       0.1968
       3.538       0.1968
       3.553       0.1968
       3.568       0.1781
       3.576       0.1594
       3.583        0.122
       3.598       0.0846
       3.606       0.0659
       3.614       0.0659
       3.629      0.02851
       3.636     0.009815
       3.651     -0.02758
       3.659     -0.06497
       3.674      -0.1024
       3.682      -0.1024
       3.697      -0.1024
       3.712      -0.1211
       3.719      -0.1211
       3.727      -0.1024
       3.742     -0.06497
        3.75     -0.04627
       3.765    -0.008881
       3.772    -0.008881
       3.787    -0.008881
       3.803     -0.04627
        3.81     -0.06497
       3.825     -0.04627
        3.84    -0.008881
       3.848     0.009815
       3.863      0.02851
       3.871      0.04721
       3.886       0.0659
       3.893      0.04721
       3.908    -0.008881
       3.916    -0.008881
       3.931     -0.04627
       3.939     -0.02758
       3.946     0.009815
       3.954       0.0659
       3.969       0.0659
       3.976      0.04721
       3.991     0.009815
       3.999     0.009815
       4.014     -0.02758
       4.029     -0.06497
       4.037     -0.04627
       4.052    -0.008881
        4.06      0.02851
       4.075       0.0659
       4.082       0.0659
       4.097      0.04721
       4.105      0.04721
       4.112       0.0659
       4.128       0.0846
       4.135       0.0659
        4.15      0.04721
       4.165      0.04721
       4.173      0.02851
        4.18      0.02851
       4.188     -0.02758
       4.196     -0.06497
       4.203      -0.1024
       4.218      -0.1398
       4.226      -0.1211
       4.241     -0.08366
       4.248     -0.06497
       4.256     -0.04627
       4.271     0.009815
       4.279      0.04721
       4.294       0.0659
       4.301       0.0846
       4.316       0.1033
       4.324        0.122
       4.332       0.1407
       4.347       0.1594
       4.354       0.1594
       4.369       0.1594
       4.377       0.1594
       4.384        0.122
       4.392       0.0846
         4.4      0.04721
       4.407     0.009815
       4.415    -0.008881
        4.43     -0.04627
       4.437     -0.02758
       4.453    -0.008881
        4.46    -0.008881
       4.475      0.02851
       4.483      0.04721
       4.498       0.0846
       4.505       0.0846
       4.521       0.0659
       4.528      0.04721
       4.543     0.009815
       4.551    -0.008881
       4.566    -0.008881
       4.581     -0.02758
       4.589     -0.04627
       4.604     -0.08366
       4.611      -0.1024
       4.626     -0.08366
       4.641     -0.06497
       4.649     -0.06497
       4.664     -0.06497
       4.672     -0.06497
       4.679     -0.04627
       4.694     -0.04627
       4.702     -0.04627
       4.717     -0.04627
       4.725     -0.04627
        4.74      -0.1024
       4.747      -0.1024
       4.762      -0.1398
        4.77      -0.1398
       4.785      -0.1584
       4.793      -0.1771
       4.808      -0.1771
       4.815      -0.1584
        4.83      -0.1211
       4.838      -0.1211
       4.853     -0.08366
       4.868     -0.06497
       4.876     -0.04627
       4.891     -0.02758
       4.898     -0.02758
       4.914     -0.04627
       4.921     -0.04627
       4.936     -0.02758
       4.944    -0.008881
       4.959     0.009815
       4.966     0.009815
       4.974     0.009815
       4.989     -0.02758
       4.997     -0.02758
       5.012     -0.02758
       5.019    -0.008881
       5.034      0.04721
       5.042       0.0846
        5.05        0.122
       5.057        0.122
       5.065       0.1033
        5.08       0.0846
       5.087       0.0846
       5.102       0.1033
       5.118        0.122
       5.125        0.122
       5.133        0.122
        5.14       0.0846
       5.155      0.02851
       5.163      0.02851
       5.178      0.04721
       5.193      0.04721
       5.201      0.04721
       5.216       0.0659
       5.223       0.0846
       5.239       0.1407
       5.246       0.1594
       5.261       0.1781
       5.269       0.1968
       5.284       0.1781
       5.291       0.1781
       5.299       0.1407
       5.307        0.122
       5.314        0.122
       5.329        0.122
       5.337       0.1033
       5.344       0.0659
       5.359     0.009815
       5.367     -0.02758
       5.382     -0.06497
        5.39     -0.06497
       5.412     -0.06497
        5.42     -0.04627
       5.427     -0.02758
       5.435     0.009815
       5.443      0.04721
       5.458       0.1033
       5.465       0.1033
        5.48        0.122
       5.495       0.1407
       5.503       0.1407
       5.518       0.1407
       5.526       0.1407
       5.541       0.1033
       5.548       0.0846
       5.556       0.0846
       5.571      0.04721
       5.579      0.04721
       5.594      0.04721
       5.609     0.009815
       5.616    -0.008881
       5.631     -0.04627
       5.639     -0.04627
       5.647     -0.08366
       5.654      -0.1211
       5.662      -0.1584
       5.677      -0.1958
       5.684      -0.2145
         5.7      -0.2145
       5.707      -0.1958
       5.722      -0.1958
        5.73      -0.2145
       5.737      -0.2145
       5.752      -0.2145
        5.76      -0.1958
       5.775      -0.1584
       5.783      -0.1398
        5.79      -0.1024
       5.798     -0.06497
       5.805     -0.02758
        5.82    -0.008881
       5.828    -0.008881
       5.843    -0.008881
       5.851    -0.008881
       5.866    -0.008881
       5.881     -0.02758
       5.888     -0.02758
       5.904    -0.008881
       5.911    -0.008881
       5.926    -0.008881
       5.941     -0.02758
       5.949     -0.04627
       5.956     -0.02758
       5.972    -0.008881
       5.979      0.02851
       5.994       0.0659
       6.002       0.0659
       6.017       0.0846
       6.024       0.1033
        6.04       0.1407
       6.055       0.1781
       6.062       0.1594
        6.07        0.122
       6.085       0.1033
       6.093       0.1407
         6.1       0.1968
       6.108       0.2529
       6.115       0.2903
       6.123       0.2903
        6.13       0.2903
       6.138       0.2529
       6.145       0.2155
       6.153       0.1968
       6.168       0.1594
       6.176       0.1594
       6.191       0.1594
       6.198        0.122
       6.206       0.0846
       6.213      0.04721
       6.221    -0.008881
       6.229     -0.08366
       6.236      -0.1398
       6.244      -0.2145
       6.251      -0.2519
       6.259      -0.2706
       6.274       -0.308
       6.281       -0.308
       6.297      -0.3267
       6.304      -0.3267
       6.312       -0.308
       6.327      -0.2893
       6.334      -0.2706
       6.342      -0.2519
       6.349      -0.2145
       6.357      -0.1771
       6.365      -0.1398
       6.372      -0.1024
       6.387     -0.06497
       6.395     -0.06497
        6.41      -0.1024
       6.417      -0.1024
       6.433     -0.06497
        6.44     -0.02758
       6.448      0.02851
       6.455       0.0659
       6.463       0.0659
       6.478     0.009815
       6.486    -0.008881
       6.501     -0.02758
       6.508     -0.02758
       6.523     -0.04627
       6.531    -0.008881
       6.538     0.009815
       6.554       0.0659
       6.561       0.0846
       6.576       0.0846
       6.591      0.02851
       6.599      0.02851
       6.614      0.02851
       6.622      0.02851
       6.629      0.04721
       6.644      0.04721
       6.652      0.04721
       6.667      0.04721
       6.674       0.0659
        6.69       0.0846
       6.697       0.1033
       6.712       0.1407
        6.72       0.1594
       6.735       0.1594
       6.742       0.1594
       6.758       0.1594
       6.773       0.1407
        6.78       0.1407
       6.788       0.1033
       6.795      0.04721
       6.803     0.009815
        6.81    -0.008881
       6.826     -0.04627
       6.833     -0.04627
       6.848     -0.04627
       6.856    -0.008881
       6.863     0.009815
       6.871      0.04721
       6.879       0.0846
       6.894       0.0659
       6.901       0.0659
       6.916      0.04721
       6.924      0.02851
       6.939     0.009815
       6.954     0.009815
       6.962      0.02851
       6.977       0.0659
       6.984       0.0659
       7.007      0.04721
       7.022    -0.008881
        7.03     -0.02758
       7.045     -0.06497
       7.052     -0.08366
       7.067     -0.08366
       7.075     -0.08366
       7.083     -0.06497
       7.098     -0.06497
       7.105     -0.04627
        7.12     -0.04627
       7.128     -0.04627
       7.143    -0.008881
       7.151     0.009815
       7.173       0.0846
       7.181       0.1033
       7.196       0.1033
       7.211       0.1033
       7.226      0.04721
       7.234     0.009815
       7.241     -0.02758
       7.256     -0.08366
       7.264     -0.08366
       7.279      -0.1024
       7.287      -0.1024
       7.302     -0.08366
       7.317     -0.04627
       7.324     -0.02758
        7.34    -0.008881
       7.347    -0.008881
       7.362    -0.008881
        7.37    -0.008881
       7.385     -0.02758
       7.392     -0.02758
       7.408    -0.008881
       7.423     -0.02758
        7.43     -0.02758
       7.438     -0.02758
       7.453     -0.08366
        7.46      -0.1024
       7.476      -0.1024
       7.483     -0.06497
       7.491     -0.02758
       7.498      0.02851
       7.506      0.04721
       7.521      0.02851
       7.528     0.009815
       7.544    -0.008881
       7.551    -0.008881
       7.566    -0.008881
       7.574    -0.008881
       7.589      0.02851
       7.596      0.04721
       7.612      0.04721
       7.619       0.0659
       7.634       0.0659
       7.642       0.0659
       7.657       0.0659
       7.665       0.0659
       7.672       0.0846
       7.687        0.122
       7.695       0.1407
        7.71       0.1407
       7.717        0.122
       7.733       0.1033
        7.74        0.122
       7.755       0.1033
       7.763       0.0846
       7.778      0.04721
       7.793    -0.008881
       7.801     -0.02758
       7.816     -0.02758
       7.823     -0.02758
       7.831     -0.02758
       7.846     -0.04627
       7.853     -0.04627
       7.869     -0.04627
       7.876     -0.04627
       7.891     -0.06497
       7.899     -0.06497
       7.914     -0.08366
       7.921     -0.08366
       7.929     -0.06497
       7.944     -0.02758
       7.952    -0.008881
       7.967      0.02851
       7.974      0.02851
       7.982      0.04721
       8.005       0.0846
       8.012       0.1033
       8.027        0.122
       8.035       0.0846
       8.042      0.04721
        8.05    -0.008881
       8.065     -0.06497
       8.073     -0.06497
       8.088     -0.06497
       8.095     -0.06497
        8.11     -0.06497
       8.126     -0.08366
       8.133     -0.08366
       8.148     -0.08366
       8.156     -0.08366
       8.171     -0.08366
       8.178     -0.06497
       8.194     -0.02758
       8.209    -0.008881
       8.224    -0.008881
       8.231    -0.008881
       8.246    -0.008881
       8.254    -0.008881
       8.262    -0.008881
       8.277    -0.008881
       8.284    -0.008881
       8.292    -0.008881
       8.307     -0.02758
       8.314     -0.04627
       8.322     -0.04627
       8.337     -0.06497
       8.345     -0.08366
       8.352     -0.08366
       8.367     -0.06497
       8.375     -0.04627
        8.39    -0.008881
       8.398     0.009815
       8.413       0.0659
       8.428       0.0846
       8.435       0.0846
       8.443       0.1033
       8.458        0.122
       8.466       0.1407
       8.481       0.1781
       8.488       0.1781
       8.496       0.1781
       8.503       0.1407
       8.519       0.1033
       8.526       0.0846
       8.541       0.0659
       8.549       0.0659
       8.564      0.04721
       8.571      0.02851
       8.579    -0.008881
       8.587     -0.02758
       8.602     -0.06497
       8.609     -0.06497
       8.624     -0.06497
       8.632     -0.06497
       8.647      -0.1024
       8.655      -0.1024
        8.67      -0.1024
       8.677     -0.08366
       8.692     -0.04627
         8.7     -0.02758
       8.715     0.009815
       8.723     0.009815
       8.738     0.009815
       8.745     0.009815
        8.76     0.009815
       8.768      0.02851
       8.783      0.04721
       8.791      0.04721
       8.806      0.02851
       8.813      0.02851
       8.828     0.009815
       8.836    -0.008881
       8.851     -0.02758
       8.866     -0.04627
       8.874     -0.04627
       8.881    -0.008881
       8.896      0.02851
       8.904      0.02851
       8.912      0.04721
       8.919       0.0659
       8.934       0.1033
       8.942       0.0659
       8.949      0.02851
       8.964     -0.04627
