     0.01186     -0.02571
     0.01942      0.06855
     0.02698        0.144
     0.03454       0.2194
      0.0421       0.2571
     0.04966       0.2948
     0.05723       0.3136
     0.07235       0.2759
     0.07991       0.2382
     0.09503       0.2005
      0.1026       0.2005
      0.1177       0.2005
      0.1253       0.2005
      0.1404       0.2005
       0.148       0.2005
      0.1631       0.2005
      0.1706       0.2005
      0.1858       0.2005
      0.2009       0.1628
      0.2085        0.144
       0.216        0.144
      0.2311       0.1063
      0.2387       0.1063
      0.2463       0.1063
      0.2614      0.06855
      0.2689      0.06855
      0.2765       0.0874
      0.2916       0.1063
      0.2992       0.1251
      0.3143       0.1251
      0.3219        0.144
      0.3294       0.1817
      0.3446       0.2382
      0.3521       0.2382
      0.3672       0.2382
      0.3748       0.2382
      0.3899       0.2382
      0.3975       0.2382
      0.4126       0.1817
      0.4202        0.144
      0.4277       0.0874
      0.4353       0.0497
      0.4353    -0.006855
      0.4429     -0.02571
      0.4504      -0.1011
       0.458      -0.1765
      0.4655      -0.2519
      0.4731      -0.2896
      0.4882      -0.3462
      0.4958      -0.3462
      0.5109      -0.3462
       0.526      -0.3839
      0.5336      -0.4216
      0.5411      -0.4404
      0.5563      -0.4593
      0.5638      -0.4216
      0.5714      -0.3839
       0.579      -0.3462
      0.5865      -0.2896
      0.5941      -0.2142
      0.6016      -0.1765
      0.6168        -0.12
      0.6243      -0.1388
      0.6394      -0.1388
      0.6546      -0.1577
      0.6621      -0.1577
      0.6697      -0.1388
      0.6773     -0.08226
      0.6848     -0.02571
      0.6924       0.0497
      0.6999       0.0874
      0.7075       0.1251
      0.7151       0.1628
      0.7226       0.1817
      0.7302       0.2194
      0.7377       0.2571
      0.7529       0.2948
      0.7604       0.2759
       0.768       0.2759
      0.7831       0.2382
      0.7907       0.2194
      0.8058       0.2194
      0.8134       0.2382
      0.8285       0.2571
       0.836       0.2571
      0.8512       0.2382
      0.8587       0.2194
      0.8738       0.1628
      0.8814       0.1251
       0.889      0.06855
      0.8965     -0.02571
      0.9041     -0.06341
      0.9117     -0.08226
      0.9268      -0.1388
      0.9343      -0.1388
      0.9419        -0.12
       0.957     -0.08226
      0.9646     -0.06341
      0.9797     -0.02571
      0.9873    -0.006855
       1.002    -0.006855
        1.01     -0.02571
       1.018     -0.02571
       1.033     -0.06341
        1.04     -0.08226
       1.048     -0.08226
       1.063     -0.06341
        1.07     -0.02571
       1.086        0.012
       1.093      0.03085
       1.101       0.0497
       1.108      0.06855
       1.123       0.1251
       1.131       0.1251
       1.146       0.1063
       1.154       0.1063
       1.169      0.06855
       1.176       0.0497
       1.184     -0.02571
       1.191     -0.06341
       1.199        -0.12
       1.207      -0.1577
       1.222      -0.1765
       1.229      -0.1577
       1.244        -0.12
       1.259     -0.04456
       1.275     -0.02571
       1.282    -0.006855
       1.297      0.03085
       1.305       0.0497
        1.32      0.03085
        1.32    -0.006855
       1.328     -0.02571
       1.335     -0.06341
       1.343      -0.1011
       1.358      -0.1011
       1.365      -0.1011
       1.373     -0.08226
       1.388      -0.1011
       1.396        -0.12
       1.411      -0.1011
       1.418     -0.08226
       1.433     -0.02571
       1.441      0.03085
       1.449       0.0874
       1.456       0.1817
       1.464       0.2948
       1.471       0.3702
       1.479       0.4267
       1.486       0.4456
       1.494        0.389
       1.501       0.3136
       1.509       0.2571
       1.524       0.2005
       1.532       0.2005
       1.547       0.1628
       1.554        0.144
       1.562        0.144
       1.577       0.1251
       1.585       0.0874
         1.6      0.03085
       1.607      0.03085
        1.63    -0.006855
       1.638     -0.02571
       1.653     -0.08226
        1.66        -0.12
       1.668      -0.1388
       1.683      -0.1577
        1.69      -0.1577
       1.706      -0.1765
       1.713      -0.1765
       1.728      -0.1388
       1.736      -0.1011
       1.743     -0.06341
       1.759     -0.04456
       1.766     -0.02571
       1.781    -0.006855
       1.789    -0.006855
       1.804     -0.04456
       1.811     -0.06341
       1.819      -0.1011
       1.834      -0.1388
       1.842        -0.12
       1.849     -0.08226
       1.857     -0.06341
       1.872     -0.04456
       1.879     -0.04456
       1.887     -0.04456
       1.902     -0.08226
        1.91     -0.08226
       1.925     -0.04456
       1.932    -0.006855
       1.948      0.03085
       1.955       0.0497
        1.97       0.0497
       1.978      0.06855
       1.985       0.0874
       1.993       0.1251
           2       0.1628
       2.016       0.1251
       2.023       0.1063
       2.038       0.1063
       2.046       0.1063
       2.061       0.0497
       2.069      0.03085
       2.076       0.0497
       2.084      0.06855
       2.091       0.1063
       2.099       0.1628
       2.114       0.2005
       2.121       0.2005
       2.129       0.2005
       2.144        0.144
       2.152       0.1063
       2.159       0.0497
       2.167    -0.006855
       2.174     -0.06341
        2.19      -0.1011
       2.197        -0.12
       2.205      -0.1011
       2.212     -0.06341
        2.22     -0.02571
       2.227      0.03085
       2.227    -0.006855
       2.235       0.0497
        2.25       0.0874
       2.258       0.1063
       2.273       0.1628
       2.288       0.2005
       2.295        0.144
       2.303       0.1063
        2.31       0.0497
       2.318    -0.006855
       2.326     -0.06341
       2.333        -0.12
       2.341      -0.1765
       2.348      -0.2142
       2.363      -0.2142
       2.371      -0.1954
       2.386      -0.1765
       2.394      -0.1577
       2.409        -0.12
       2.416      -0.1011
       2.431      -0.1011
       2.439      -0.1011
       2.454     -0.04456
       2.462     -0.02571
       2.477        0.012
       2.484    -0.006855
         2.5     -0.06341
       2.507     -0.08226
       2.515        -0.12
       2.522      -0.1388
       2.537      -0.1577
       2.545      -0.1388
       2.552     -0.06341
        2.56     -0.02571
       2.568       0.0497
       2.575       0.0874
       2.583       0.1063
        2.59       0.1063
       2.605      0.06855
       2.613      0.06855
       2.621       0.0874
       2.628       0.1063
       2.636       0.1817
       2.643       0.2571
       2.651       0.3325
       2.658        0.389
       2.666       0.3513
       2.673       0.2759
       2.681       0.2005
       2.689       0.1251
       2.696      0.06855
       2.704       0.0497
       2.719        0.012
       2.726    -0.006855
       2.734     -0.04456
       2.741     -0.08226
       2.749        -0.12
       2.757      -0.1577
       2.772      -0.2142
       2.779      -0.2331
       2.794      -0.2708
       2.802      -0.2519
        2.81      -0.2142
        2.81      -0.2519
       2.817      -0.1954
       2.832      -0.1577
        2.84      -0.1388
       2.862      -0.1388
        2.87      -0.1011
       2.878     -0.08226
       2.885     -0.04456
       2.893    -0.006855
         2.9       0.0497
       2.908       0.0874
       2.915       0.1251
       2.923       0.1817
       2.931       0.2382
       2.938       0.2948
       2.946       0.3702
       2.953       0.4267
       2.968       0.4644
       2.976       0.4267
       2.983       0.3513
       2.991       0.2571
       2.999       0.1251
       3.006      0.03085
       3.014     -0.06341
       3.021      -0.1388
       3.029      -0.1954
       3.036      -0.2331
       3.051      -0.2519
       3.059      -0.2519
       3.074      -0.2519
       3.082      -0.2331
       3.097      -0.1954
       3.104      -0.1577
       3.112      -0.1011
        3.12     -0.06341
       3.127     -0.02571
       3.135        0.012
       3.142       0.0497
        3.15       0.0874
       3.165       0.1251
       3.172       0.1063
       3.188       0.1063
       3.195        0.144
        3.21       0.1817
       3.218       0.1817
       3.233       0.1251
       3.241       0.0874
       3.248       0.0497
       3.256    -0.006855
       3.271     -0.04456
       3.286     -0.08226
       3.293      -0.1011
       3.309      -0.1011
       3.324        -0.12
       3.331      -0.1388
       3.346        -0.12
       3.362     -0.08226
       3.369     -0.08226
       3.377     -0.08226
       3.392      -0.1011
       3.399      -0.1011
       3.414        -0.12
       3.422      -0.1011
        3.43     -0.08226
       3.445     -0.02571
       3.452     -0.02571
       3.467    -0.006855
       3.475       0.0497
       3.482      0.06855
       3.498       0.1063
       3.505       0.1251
       3.513       0.1628
        3.52       0.1817
       3.535       0.2005
       3.543       0.2194
       3.558       0.2194
       3.566       0.2005
       3.581        0.144
       3.588        0.144
       3.603        0.144
       3.611        0.144
       3.619       0.0874
       3.626       0.0497
       3.626    -0.006855
       3.634     -0.02571
       3.641      -0.1011
       3.649        -0.12
       3.664      -0.1011
       3.672     -0.04456
       3.679      0.03085
       3.679    -0.006855
       3.687       0.0497
       3.694       0.0497
       3.702       0.0497
       3.717    -0.006855
       3.724    -0.006855
       3.732      0.03085
        3.74       0.0497
       3.755       0.0874
       3.762      0.06855
       3.777       0.0497
       3.785       0.0497
         3.8       0.0874
       3.808       0.1063
       3.823      0.06855
        3.83    -0.006855
       3.838     -0.02571
       3.845     -0.06341
       3.853     -0.08226
       3.868     -0.04456
       3.883    -0.006855
       3.891      0.03085
       3.898      0.06855
       3.906       0.1063
       3.913       0.1628
       3.929       0.2005
       3.936       0.1628
       3.944       0.1251
       3.951       0.0874
       3.966       0.0497
       3.974      0.03085
       3.974    -0.006855
       3.982     -0.04456
       3.989      -0.1011
       3.997      -0.1577
       4.004      -0.2142
       4.012      -0.2331
       4.019      -0.2142
       4.027      -0.1765
       4.034      -0.1388
       4.042      -0.1011
       4.057        -0.12
       4.065      -0.1577
       4.072      -0.1388
        4.08        -0.12
       4.087     -0.08226
       4.095     -0.06341
        4.11     -0.08226
       4.118     -0.08226
       4.125     -0.06341
        4.14     -0.02571
       4.148    -0.006855
       4.155        0.012
       4.163       0.0497
       4.171       0.0874
       4.186       0.0874
       4.193      0.06855
       4.208       0.0874
       4.216       0.1251
       4.223       0.1628
       4.239       0.1628
       4.246       0.1251
       4.254       0.0874
       4.261       0.0497
       4.269        0.012
       4.276     -0.04456
       4.284      -0.1011
       4.292      -0.1577
       4.299      -0.2142
       4.307      -0.2519
       4.314      -0.2896
       4.329      -0.3273
       4.337      -0.2896
       4.344      -0.2142
       4.352        -0.12
        4.36     -0.04456
       4.367      0.03085
       4.367    -0.006855
       4.375      0.03085
        4.39      0.03085
       4.397       0.0497
       4.413       0.0874
        4.42       0.1251
       4.428        0.144
       4.435       0.1817
       4.443       0.2194
       4.465       0.2948
       4.473       0.3136
       4.488       0.3325
       4.496       0.2948
       4.503       0.2194
       4.511       0.1628
       4.518       0.1063
       4.526      0.06855
       4.534       0.0497
       4.541       0.0497
       4.556    -0.006855
       4.564     -0.02571
       4.579     -0.06341
       4.586      -0.1011
       4.594      -0.1388
       4.602      -0.1765
       4.617      -0.2142
       4.624      -0.2331
       4.639      -0.2142
       4.654      -0.1577
       4.662        -0.12
        4.67     -0.08226
       4.685     -0.04456
       4.692     -0.04456
         4.7     -0.02571
       4.715    -0.006855
        4.73        0.012
       4.738    -0.006855
       4.753     -0.04456
        4.76     -0.04456
       4.775     -0.02571
       4.783    -0.006855
       4.798       0.0497
       4.806      0.06855
       4.813       0.1251
       4.821       0.1628
       4.828       0.2194
       4.836       0.2571
       4.851       0.2948
       4.859       0.2571
       4.866       0.2382
       4.874       0.1817
       4.881        0.144
       4.889       0.1063
       4.896       0.0497
       4.896    -0.006855
       4.904     -0.02571
       4.912     -0.08226
       4.919        -0.12
       4.934        -0.12
       4.942      -0.1011
       4.957     -0.06341
       4.965     -0.04456
        4.98     -0.02571
       4.987     -0.04456
       5.002     -0.08226
        5.01     -0.08226
       5.025     -0.04456
       5.033     -0.02571
       5.048      0.03085
       5.055      0.03085
        5.07      0.03085
       5.078      0.03085
       5.085       0.0497
       5.101       0.0874
       5.108       0.1063
       5.116       0.1063
       5.123      0.06855
       5.138        0.012
       5.146    -0.006855
       5.161     -0.06341
       5.169     -0.06341
       5.184     -0.08226
       5.191     -0.08226
       5.206      -0.1011
       5.214        -0.12
       5.222      -0.1577
       5.229      -0.1954
       5.244      -0.2331
       5.252      -0.2331
       5.267      -0.2142
       5.275      -0.1954
       5.282      -0.1388
        5.29     -0.08226
       5.297     -0.02571
       5.305       0.0497
       5.305    -0.006855
       5.312      0.06855
        5.32       0.1251
       5.327       0.1628
       5.343       0.1628
        5.35        0.144
       5.365       0.0874
        5.38      0.06855
       5.388       0.1063
       5.395       0.1251
       5.403       0.1628
       5.411       0.2005
       5.418       0.2194
       5.433       0.2005
       5.441       0.1817
       5.464       0.1628
       5.479       0.1251
       5.486       0.1063
       5.494       0.1063
       5.509       0.0874
       5.516      0.06855
       5.524        0.012
       5.532     -0.02571
       5.539     -0.08226
       5.547        -0.12
       5.562      -0.1577
       5.569      -0.1765
       5.585      -0.1577
       5.592      -0.1388
       5.607        -0.12
       5.615     -0.08226
        5.63     -0.04456
       5.637     -0.02571
       5.653      0.06855
        5.66       0.1251
       5.668       0.2005
       5.675       0.2571
       5.683       0.2759
        5.69       0.2382
       5.698       0.2005
       5.706       0.1628
       5.713       0.1251
       5.721       0.0874
       5.736       0.0497
       5.743      0.03085
       5.751    -0.006855
       5.758     -0.04456
       5.774      -0.1011
       5.781      -0.1011
       5.796        -0.12
       5.804        -0.12
       5.819        -0.12
       5.826        -0.12
       5.842      -0.1388
       5.849      -0.1388
       5.864      -0.1388
       5.872      -0.1577
       5.879      -0.1388
       5.887        -0.12
       5.895     -0.06341
       5.902     -0.02571
        5.91     -0.02571
       5.925     -0.04456
       5.932     -0.06341
       5.947     -0.04456
       5.955     -0.04456
        5.97     -0.02571
       5.978       0.0497
       5.978    -0.006855
       5.985      0.06855
           6       0.0874
       6.008       0.0874
       6.023      0.03085
       6.031       0.0497
       6.046       0.0874
       6.053       0.1251
       6.068        0.144
       6.076       0.1251
       6.084       0.1063
       6.091      0.06855
       6.099    -0.006855
       6.106     -0.04456
       6.114        -0.12
       6.121      -0.1954
       6.129      -0.2708
       6.137      -0.3085
       6.144      -0.3273
       6.152      -0.3085
       6.159      -0.2896
       6.174      -0.2142
       6.182      -0.1765
       6.189      -0.1388
       6.197      -0.1011
       6.205     -0.08226
       6.212     -0.04456
        6.22      0.03085
        6.22    -0.006855
       6.227       0.0497
       6.235       0.0874
        6.25      0.06855
       6.257       0.0497
       6.273       0.0497
        6.28      0.06855
       6.295       0.1063
       6.303       0.1251
        6.31       0.1817
       6.318       0.2194
       6.333       0.2759
       6.341       0.2948
       6.356       0.2948
       6.363       0.2948
       6.378       0.2948
       6.386       0.3136
       6.401       0.2948
       6.409       0.2382
       6.416       0.2005
       6.424        0.144
       6.439       0.0874
       6.447       0.0497
       6.454        0.012
       6.462     -0.02571
       6.469     -0.06341
       6.477        -0.12
       6.484      -0.1577
       6.492      -0.1954
       6.499      -0.2331
       6.507      -0.2708
       6.515      -0.2896
       6.522      -0.2896
        6.53      -0.2331
       6.537      -0.1765
       6.545        -0.12
       6.552     -0.08226
        6.56     -0.04456
       6.575    -0.006855
       6.583      0.03085
        6.59       0.0497
       6.605        0.012
       6.613    -0.006855
       6.628    -0.006855
       6.636       0.0497
       6.643       0.1063
       6.651        0.144
       6.658       0.1817
       6.666       0.2194
       6.681       0.1817
       6.688        0.144
       6.696       0.1063
       6.704      0.06855
       6.711      0.03085
       6.711    -0.006855
       6.719     -0.02571
       6.726     -0.06341
       6.734     -0.08226
       6.749     -0.06341
       6.764     -0.02571
       6.772    -0.006855
       6.787    -0.006855
       6.794      0.03085
       6.809      0.06855
       6.825       0.0497
       6.832      0.03085
        6.84    -0.006855
       6.847    -0.006855
       6.862    -0.006855
        6.87       0.0497
       6.878      0.06855
       6.885       0.1251
       6.893       0.1628
         6.9       0.2005
       6.915       0.1628
       6.923       0.1063
        6.93       0.0497
       6.946    -0.006855
       6.953    -0.006855
       6.961      0.03085
       6.968       0.0497
       6.983       0.0874
       6.991      0.06855
       6.998      0.06855
       7.014    -0.006855
       7.021     -0.04456
       7.029        -0.12
       7.036      -0.1765
       7.044      -0.2331
       7.051      -0.2896
       7.059       -0.365
       7.067      -0.4027
       7.082      -0.4027
       7.089      -0.3839
       7.097      -0.3462
       7.104      -0.3085
       7.112      -0.2708
       7.119      -0.2142
       7.127      -0.1765
       7.135      -0.1388
        7.15     -0.06341
       7.157     -0.04456
       7.165     -0.02571
       7.172        0.012
        7.18       0.0497
       7.195      0.06855
       7.203      0.06855
       7.218      0.03085
       7.225        0.012
        7.24    -0.006855
       7.248    -0.006855
       7.263      0.03085
       7.271      0.03085
       7.286      0.03085
       7.293      0.06855
       7.301       0.0874
       7.309        0.144
       7.316        0.144
       7.324       0.1251
       7.331       0.0874
       7.339       0.0497
       7.354    -0.006855
       7.361        0.012
       7.369       0.0497
       7.377      0.06855
       7.384       0.1063
       7.392        0.144
       7.407       0.1817
       7.414       0.1817
       7.422       0.1817
       7.437       0.1251
       7.445        0.144
       7.452       0.1628
        7.46       0.2005
       7.467       0.2571
       7.475       0.2948
       7.482       0.3325
       7.498       0.3136
       7.505       0.2571
       7.513       0.2194
        7.52       0.1628
       7.528       0.0874
       7.535       0.0497
       7.543    -0.006855
       7.558       0.0497
       7.566       0.0874
       7.573        0.144
       7.581       0.2005
       7.596       0.1628
       7.603       0.1251
       7.611      0.06855
       7.619      0.03085
       7.626     -0.02571
       7.634     -0.06341
       7.641      -0.1011
       7.649      -0.1388
       7.656      -0.1765
       7.664      -0.2142
       7.679      -0.2708
       7.687      -0.2896
       7.702      -0.2708
       7.709      -0.2142
       7.717      -0.1765
       7.724        -0.12
       7.739      -0.1011
       7.747      -0.1011
       7.755      -0.1577
       7.762      -0.1954
        7.77      -0.2519
       7.777      -0.3085
       7.792       -0.365
         7.8      -0.3462
       7.815      -0.3085
       7.823      -0.2519
        7.83      -0.2142
       7.838      -0.1954
       7.845      -0.1577
       7.853        -0.12
        7.86     -0.08226
       7.876     -0.02571
       7.883    -0.006855
       7.891       0.0497
       7.898       0.1063
       7.906       0.1817
       7.913       0.2194
       7.929       0.2571
       7.936       0.2759
       7.951       0.2759
       7.959       0.2948
       7.974       0.2948
       7.981       0.2759
       7.997       0.2948
       8.004       0.2948
       8.012       0.2571
       8.019       0.2194
       8.027       0.1628
       8.034       0.1063
       8.042       0.0497
        8.05      0.03085
       8.065       0.0874
        8.08       0.1063
       8.087      0.06855
       8.102    -0.006855
        8.11    -0.006855
       8.118     -0.04456
       8.125     -0.06341
       8.133      -0.1011
        8.14      -0.1388
       8.148      -0.1765
       8.163      -0.2331
        8.17      -0.2519
       8.186      -0.2896
       8.193      -0.3273
       8.208       -0.365
       8.216      -0.3839
       8.231      -0.4027
       8.239      -0.4027
       8.246       -0.365
       8.261      -0.2896
       8.269      -0.2331
       8.276      -0.1765
       8.284      -0.1388
       8.291     -0.08226
       8.299     -0.02571
       8.307      0.06855
       8.307    -0.006855
       8.314       0.1251
       8.322       0.2005
       8.329       0.2571
       8.344       0.3136
       8.352       0.3136
       8.367       0.2948
       8.375       0.2571
       8.382       0.2194
        8.39       0.1817
       8.397        0.144
       8.405       0.1063
        8.42      0.06855
       8.428      0.06855
       8.435       0.1063
       8.443        0.144
        8.45       0.2005
       8.465       0.2382
       8.473       0.2194
       8.488        0.144
       8.503       0.0874
       8.511      0.06855
       8.526      0.06855
       8.533       0.1063
       8.549       0.1251
       8.556       0.1063
       8.564       0.1063
       8.579       0.1063
       8.586       0.1063
       8.601       0.1251
       8.617       0.1628
       8.624       0.2005
       8.639       0.2194
       8.647       0.2005
       8.662       0.1063
        8.67       0.0497
       8.677     -0.02571
       8.685     -0.08226
       8.692      -0.1011
       8.707      -0.1577
       8.715      -0.1765
       8.722      -0.1765
       8.738      -0.1765
       8.745      -0.1765
        8.76      -0.1954
       8.775      -0.2331
       8.783      -0.2331
       8.798      -0.2331
       8.806      -0.2519
       8.821      -0.2708
       8.828      -0.2331
       8.836      -0.1954
       8.843      -0.1388
       8.851      -0.1011
       8.859     -0.04456
       8.866    -0.006855
       8.874       0.0497
       8.881      0.06855
       8.889       0.1251
       8.896       0.1628
       8.904       0.2005
       8.919       0.2005
       8.927       0.1817
       8.942       0.1251
       8.949       0.1063
       8.964       0.0874
