     0.01181      -0.2506
     0.02693      -0.1688
     0.03449      -0.1279
     0.04205     -0.08696
      0.0496     -0.02558
     0.05716      0.01535
     0.06472      0.07673
     0.07228       0.1381
     0.07984       0.2199
      0.0874       0.3018
     0.09496       0.3836
      0.1025        0.445
      0.1176        0.445
      0.1252        0.445
      0.1327       0.4246
      0.1403       0.3632
      0.1479       0.2813
      0.1554       0.1381
       0.163      0.07673
       0.163     -0.02558
      0.1705      -0.1483
      0.1781      -0.2711
      0.1857      -0.3734
      0.1932      -0.4552
      0.2008      -0.4962
      0.2159      -0.5166
      0.2235      -0.4962
       0.231      -0.4552
      0.2386      -0.3939
      0.2461       -0.312
      0.2537      -0.2097
      0.2612      -0.1279
      0.2688     -0.02558
      0.2764      0.09719
      0.2764      0.01535
      0.2839       0.1995
      0.2915       0.3018
       0.299       0.3836
      0.3066        0.445
      0.3142       0.4859
      0.3293       0.5473
      0.3368       0.5473
      0.3444       0.4859
       0.352       0.4041
      0.3595       0.2813
      0.3671        0.179
      0.3746      0.09719
      0.3822      0.05627
      0.3822      0.01535
      0.3897     -0.04604
      0.3973     -0.08696
      0.4049      -0.1279
      0.4124      -0.1688
        0.42      -0.2097
      0.4275      -0.2506
      0.4351      -0.2711
      0.4427      -0.2506
      0.4502      -0.2097
      0.4578      -0.1074
      0.4653     -0.02558
      0.4729      0.05627
      0.4804      0.09719
       0.488       0.1381
      0.5031       0.1586
      0.5107        0.179
      0.5258        0.179
      0.5334       0.1381
      0.5409      0.09719
      0.5485      0.01535
       0.556     -0.02558
      0.5636     -0.08696
      0.5712      -0.1279
      0.5787      -0.1279
      0.5938     -0.08696
      0.6014      -0.0665
      0.6089    -0.005115
      0.6165      0.03581
      0.6241      0.07673
      0.6316       0.1176
      0.6392        0.179
      0.6467       0.2404
      0.6543       0.2813
      0.6694       0.3223
       0.677       0.3223
      0.6921       0.2813
      0.6996       0.2404
      0.7072       0.1586
      0.7148      0.09719
      0.7148      0.01535
      0.7223     -0.02558
      0.7299     -0.08696
      0.7374      -0.1483
       0.745      -0.2097
      0.7526      -0.2916
      0.7601      -0.3734
      0.7677      -0.4552
      0.7752      -0.5575
      0.7828      -0.6189
      0.7979      -0.5985
      0.8055      -0.4962
       0.813      -0.3529
      0.8206      -0.1688
      0.8281      0.07673
      0.8281     -0.04604
      0.8357       0.1176
      0.8433       0.2404
      0.8508       0.3836
      0.8584       0.5064
      0.8659       0.6087
      0.8735        0.711
      0.8811       0.7724
      0.8962       0.7724
      0.9037       0.7315
      0.9113       0.6496
      0.9188       0.5678
      0.9264        0.445
       0.934       0.3223
      0.9415        0.179
      0.9491      0.07673
      0.9491     -0.04604
      0.9566      -0.1893
      0.9642      -0.3529
      0.9718      -0.4962
      0.9793      -0.6189
      0.9869      -0.6803
       1.002      -0.7008
        1.01      -0.6598
       1.017      -0.6189
       1.025      -0.5575
       1.032      -0.4552
        1.04      -0.3325
       1.047      -0.1893
       1.055     -0.04604
       1.062      0.09719
        1.07        0.179
       1.078       0.2199
       1.085       0.2609
         1.1       0.2404
       1.108       0.2404
       1.123       0.2404
        1.13       0.2404
       1.138       0.2404
       1.153       0.2609
       1.168       0.3018
       1.176       0.2609
       1.183       0.1995
       1.191       0.1381
       1.199      0.07673
       1.214      0.01535
       1.221      0.01535
       1.236      0.01535
       1.244      0.01535
       1.251    -0.005115
       1.267     -0.08696
       1.274      -0.1279
       1.282      -0.1688
       1.297      -0.2302
       1.304      -0.2506
       1.319      -0.2711
       1.327      -0.2711
       1.342      -0.2916
        1.35      -0.2711
       1.357      -0.2506
       1.365      -0.1893
       1.372     -0.08696
        1.38      0.05627
        1.38     -0.02558
       1.387      0.09719
       1.395        0.179
       1.403       0.2404
        1.41       0.2813
       1.425       0.3223
       1.433       0.3223
       1.448       0.2609
       1.463       0.1995
       1.471       0.1995
       1.478       0.2199
       1.493       0.1586
       1.501       0.1176
       1.508      0.05627
       1.516    -0.005115
       1.524     -0.04604
       1.531     -0.08696
       1.546     -0.04604
       1.554      0.05627
       1.554    -0.005115
       1.561       0.1176
       1.569       0.1995
       1.576       0.2813
       1.584       0.3223
       1.592       0.3427
       1.607       0.3427
       1.614       0.3427
       1.622       0.3632
       1.637       0.3223
       1.644       0.2609
       1.652        0.179
        1.66      0.09719
       1.667      0.05627
       1.667    -0.005115
       1.675     -0.04604
       1.682      -0.1074
        1.69      -0.1688
       1.697      -0.2097
       1.705      -0.2302
        1.72      -0.2097
       1.728      -0.1688
       1.735      -0.1279
       1.743      -0.0665
        1.75    -0.005115
       1.758      0.03581
       1.765      0.09719
       1.773       0.1381
       1.781        0.179
       1.796       0.1995
       1.803       0.1995
       1.811        0.179
       1.818      0.09719
       1.826    -0.005115
       1.833     -0.08696
       1.841      -0.2097
       1.849       -0.312
       1.856      -0.3734
       1.864      -0.4348
       1.879      -0.4552
       1.886      -0.4348
       1.894      -0.3734
       1.901      -0.2916
       1.909      -0.1893
       1.917     -0.08696
       1.924      0.07673
       1.924    -0.005115
       1.932       0.1176
       1.939       0.2404
       1.947       0.3018
       1.954       0.3836
       1.962        0.445
        1.97       0.5269
       1.977       0.5882
       1.985       0.6292
       1.992       0.6292
           2       0.5882
       2.007       0.5473
       2.015       0.4655
       2.022       0.3632
        2.03       0.1995
       2.038      0.01535
       2.045      -0.1483
       2.053      -0.2711
        2.06      -0.3529
       2.068      -0.3939
       2.083      -0.4348
        2.09      -0.4552
       2.106      -0.4757
       2.113      -0.4348
       2.128      -0.3734
       2.136       -0.312
       2.143      -0.2506
       2.151      -0.1688
       2.158      -0.1074
       2.166     -0.04604
       2.174    -0.005115
       2.181      0.07673
       2.189       0.1176
       2.196        0.179
       2.204        0.179
       2.219       0.1381
       2.226       0.1176
       2.234       0.1381
       2.242        0.179
       2.249       0.1995
       2.264       0.2404
       2.279       0.3223
       2.287       0.3836
       2.295        0.445
       2.302       0.5269
        2.31       0.5882
       2.325       0.6087
       2.332       0.5678
        2.34       0.4859
       2.347       0.4246
       2.355       0.3223
       2.363       0.2404
        2.37        0.179
       2.378      0.09719
       2.378      0.01535
       2.385      -0.0665
       2.393      -0.1893
         2.4      -0.2711
       2.408      -0.3734
       2.415      -0.4552
       2.423      -0.5166
       2.431       -0.578
       2.446      -0.5371
       2.453      -0.4757
       2.461      -0.4143
       2.468      -0.3529
       2.476      -0.2916
       2.483      -0.2302
       2.491      -0.1688
       2.499     -0.08696
       2.506     -0.02558
       2.514      0.01535
       2.521      0.05627
       2.536      0.07673
       2.552      0.07673
       2.559      0.07673
       2.574      0.05627
       2.582      0.07673
       2.589      0.09719
       2.597       0.1381
       2.604        0.179
        2.62       0.2404
       2.627       0.2609
       2.635       0.2404
       2.642       0.1995
        2.65       0.1381
       2.657      0.07673
       2.665    -0.005115
        2.68     -0.04604
       2.688     -0.04604
       2.695     -0.02558
        2.71      0.01535
       2.718      0.03581
       2.725      0.01535
       2.733     -0.02558
        2.74     -0.08696
       2.748      -0.1279
       2.763      -0.1483
       2.771      -0.1483
       2.786      -0.1893
       2.793      -0.1688
       2.801      -0.1483
       2.809      -0.1074
       2.816     -0.04604
       2.824      0.03581
       2.831       0.1381
       2.839       0.2813
       2.846       0.4041
       2.854       0.5064
       2.861       0.5882
       2.869       0.6496
       2.884       0.6292
       2.892       0.5269
       2.899       0.3836
       2.907       0.2199
       2.914      0.09719
       2.914    -0.005115
       2.922      -0.0665
       2.929      -0.1688
       2.937      -0.2302
       2.945       -0.312
       2.952      -0.3529
        2.96      -0.4143
       2.967      -0.4348
       2.982      -0.4143
        2.99      -0.3529
       2.997      -0.2711
       3.005      -0.1893
       3.013      -0.1074
        3.02     -0.02558
       3.028      0.09719
       3.028      0.01535
       3.035       0.2199
       3.043       0.3427
        3.05       0.4859
       3.058       0.5882
       3.073       0.5269
       3.081       0.4246
       3.088       0.3018
       3.096       0.1995
       3.103      0.09719
       3.111      0.03581
       3.126      0.01535
       3.134      0.01535
       3.149    -0.005115
       3.156    -0.005115
       3.171      0.01535
       3.179      0.05627
       3.186      0.09719
       3.194       0.1381
       3.202        0.179
       3.209       0.2609
       3.217       0.3223
       3.224       0.3836
       3.232       0.4246
       3.239       0.4041
       3.247       0.3427
       3.254       0.2199
       3.262       0.1176
        3.27      0.07673
        3.27     -0.02558
       3.277      -0.1279
       3.285      -0.2302
       3.292      -0.3325
         3.3      -0.4143
       3.307      -0.4348
       3.323      -0.4552
        3.33      -0.4757
       3.345      -0.4348
       3.353      -0.3734
        3.36       -0.312
       3.368      -0.2302
       3.375      -0.1279
       3.383      0.05627
       3.383     -0.02558
       3.391       0.1381
       3.398       0.2404
       3.406       0.3018
       3.421       0.3018
       3.428       0.3223
       3.436       0.3427
       3.451       0.3632
       3.459       0.3427
       3.466       0.2813
       3.474       0.1995
       3.481       0.1176
       3.489      0.03581
       3.496     -0.02558
       3.504     -0.08696
       3.511      -0.1279
       3.519      -0.1893
       3.527      -0.2302
       3.534      -0.2916
       3.542       -0.312
       3.557      -0.2506
       3.564      -0.1893
       3.572      -0.1483
       3.579      -0.1074
       3.587      -0.0665
       3.602     -0.04604
        3.61     -0.02558
       3.625     -0.02558
       3.632     -0.02558
       3.648     -0.02558
       3.655     -0.02558
       3.663     -0.02558
       3.678    -0.005115
       3.685      0.09719
       3.685      0.01535
       3.693       0.1586
         3.7       0.2404
       3.708       0.3223
       3.716       0.3632
       3.723       0.4041
       3.738        0.445
       3.746       0.4246
       3.753       0.3632
       3.761       0.2404
       3.768       0.1176
       3.768      0.01535
       3.776     -0.04604
       3.784      -0.1688
       3.791      -0.2711
       3.799      -0.3734
       3.806      -0.4143
       3.821      -0.4348
       3.829      -0.4143
       3.836      -0.3529
       3.844      -0.2916
       3.852      -0.2302
       3.859      -0.1688
       3.867      -0.1279
       3.874      -0.0665
       3.882     -0.04604
       3.889    -0.005115
       3.897      0.07673
       3.897      0.01535
       3.905       0.1381
       3.912       0.1995
        3.92       0.2609
       3.935       0.2813
       3.942       0.2199
        3.95       0.1381
       3.957      0.07673
       3.957      0.01535
       3.965    -0.005115
       3.973      -0.0665
        3.98      -0.1074
        3.98      -0.1688
       3.988      -0.2302
       3.995      -0.2711
       3.995       -0.312
       4.003      -0.3529
       4.018      -0.3734
       4.025       -0.312
       4.033      -0.2506
       4.041      -0.1893
       4.048      -0.1279
       4.056     -0.04604
       4.063      0.03581
       4.071       0.1586
       4.078       0.2609
       4.086       0.3632
       4.093        0.445
       4.101       0.5269
       4.109       0.5678
       4.116       0.5473
       4.124       0.4859
       4.131       0.3836
       4.139       0.3018
       4.146       0.1995
       4.154       0.1176
       4.162      0.03581
       4.169     -0.04604
       4.177      -0.1279
       4.184      -0.1893
       4.192      -0.2302
       4.199      -0.2302
       4.214      -0.1688
        4.23      -0.1279
       4.237      -0.1074
       4.245      -0.0665
       4.252     -0.02558
        4.26      0.07673
        4.26      0.01535
       4.267       0.1176
       4.275       0.2404
       4.282       0.3427
        4.29       0.4041
       4.298        0.445
       4.313       0.3836
        4.32       0.3223
       4.328       0.2609
       4.343       0.1995
        4.35       0.1586
       4.358      0.09719
       4.366      0.03581
       4.373     -0.02558
       4.381      -0.0665
       4.388      -0.1279
       4.396      -0.1688
       4.403      -0.2302
       4.411      -0.2711
       4.426       -0.312
       4.434      -0.2916
       4.441      -0.2506
       4.449      -0.1893
       4.456      -0.1279
       4.464     -0.04604
       4.471    -0.005115
       4.479      0.05627
       4.487      0.03581
       4.494      0.01535
       4.502     -0.02558
       4.517      -0.0665
       4.524      -0.0665
       4.539     -0.04604
       4.555    -0.005115
       4.562      0.03581
        4.57      0.07673
       4.577       0.1176
       4.585       0.1586
         4.6       0.2404
       4.607       0.2609
       4.615       0.3018
       4.623       0.3632
       4.638       0.4041
       4.645       0.4041
       4.653       0.3836
        4.66       0.3427
       4.668       0.2813
       4.676       0.1995
       4.683       0.1176
       4.691      0.05627
       4.691    -0.005115
       4.698      -0.1074
       4.706      -0.2097
       4.713       -0.312
       4.721      -0.3734
       4.728      -0.3939
       4.744      -0.4348
       4.751      -0.4348
       4.759      -0.3734
       4.766      -0.2916
       4.774      -0.1688
       4.781     -0.04604
       4.789      0.09719
       4.789      0.01535
       4.796        0.179
       4.804       0.3018
       4.812       0.3836
       4.819        0.445
       4.827       0.5064
       4.842       0.5064
       4.849       0.4859
       4.857        0.445
       4.864       0.3632
       4.872       0.2813
        4.88       0.1995
       4.887       0.1176
       4.887      0.01535
       4.895     -0.02558
       4.902      -0.1279
        4.91      -0.2097
       4.917      -0.2711
       4.925      -0.3325
       4.932      -0.3939
        4.94      -0.4348
       4.948      -0.4757
       4.955      -0.4962
        4.97      -0.4348
       4.978      -0.3529
       4.985      -0.2506
       4.993      -0.1074
       5.001      0.07673
       5.001     -0.02558
       5.008       0.1586
       5.016       0.3018
       5.023       0.4041
       5.031       0.4859
       5.038       0.5064
       5.046       0.4655
       5.053       0.3836
       5.061       0.2813
       5.069        0.179
       5.076       0.1176
       5.084      0.05627
       5.091      0.01535
       5.099      0.01535
       5.114    -0.005115
       5.129    -0.005115
       5.137      0.01535
       5.144      0.07673
       5.152      0.09719
       5.159       0.1381
       5.167       0.2199
       5.174       0.2813
       5.182       0.3427
       5.189       0.3836
       5.205       0.3632
       5.212       0.3223
        5.22       0.2813
       5.227       0.2199
       5.235       0.1381
       5.242      0.03581
        5.25      -0.0665
       5.258      -0.1483
       5.265      -0.2711
       5.273      -0.3734
        5.28      -0.4348
       5.288      -0.4757
       5.295      -0.4757
       5.303      -0.4552
        5.31      -0.3939
       5.318      -0.3325
       5.326      -0.2506
       5.333      -0.1688
       5.341      -0.1074
       5.348     -0.04604
       5.356      0.05627
       5.363       0.1381
       5.371       0.1995
       5.378       0.2609
       5.386       0.2813
       5.401       0.2813
       5.409       0.2609
       5.416       0.2199
       5.424        0.179
       5.431       0.1176
       5.439      0.07673
       5.446      0.01535
       5.454    -0.005115
       5.469    -0.005115
       5.477      0.01535
       5.484      0.05627
       5.492      0.09719
       5.499       0.1176
       5.515        0.179
       5.522       0.1995
       5.537       0.1381
       5.552      0.07673
        5.56      0.05627
       5.567      0.03581
       5.575    -0.005115
        5.59      -0.0665
       5.598      -0.0665
       5.613     -0.04604
        5.62     -0.04604
       5.635      -0.0665
       5.643     -0.08696
       5.658     -0.08696
       5.673      -0.1279
       5.681      -0.1483
       5.696      -0.2097
       5.711      -0.2097
       5.719      -0.1688
       5.726      -0.0665
       5.734      0.05627
       5.734    -0.005115
       5.741      0.07673
       5.749       0.1176
       5.756       0.1586
       5.764        0.179
       5.772       0.2404
       5.779       0.3018
       5.787       0.3632
       5.794       0.4041
       5.802       0.4246
       5.817       0.3632
       5.824       0.3018
       5.832       0.2199
        5.84       0.1586
       5.847      0.09719
       5.855    -0.005115
       5.862      -0.0665
        5.87      -0.1483
       5.877      -0.2302
       5.885      -0.3325
       5.892      -0.4143
         5.9      -0.4757
       5.908      -0.4962
       5.923      -0.4552
        5.93      -0.4143
       5.938      -0.3529
       5.945       -0.312
       5.953      -0.2506
        5.96      -0.2097
       5.968      -0.1688
       5.976     -0.08696
       5.983     -0.02558
       5.991      0.05627
       5.998       0.1176
       6.006       0.1995
       6.013       0.2609
       6.021       0.3223
       6.029       0.3632
       6.044       0.3223
       6.051       0.2813
       6.059       0.2199
       6.066       0.1995
       6.081       0.1586
       6.089       0.1586
       6.104      0.09719
       6.112      0.09719
       6.127       0.1176
       6.134       0.1381
       6.142        0.179
       6.149       0.1995
       6.165       0.2404
       6.172       0.2609
        6.18       0.3018
       6.187       0.3223
       6.202       0.2609
        6.21        0.179
       6.217      0.09719
       6.217      0.01535
       6.225     -0.02558
       6.233      -0.1074
        6.24      -0.1688
       6.248      -0.2097
       6.255      -0.2302
       6.263      -0.1688
        6.27      -0.1074
       6.278     -0.04604
       6.285    -0.005115
       6.293      0.03581
       6.301      0.09719
       6.308       0.1381
       6.316        0.179
       6.331       0.2199
       6.338       0.1995
       6.354       0.1381
       6.369      0.07673
       6.376      0.05627
       6.376      0.01535
       6.384     -0.04604
       6.391      -0.1688
       6.399      -0.2916
       6.406      -0.4348
       6.414      -0.5166
       6.422      -0.5575
       6.437      -0.5166
       6.444      -0.3939
       6.452      -0.2711
       6.459      -0.1279
       6.467      0.07673
       6.467     -0.02558
       6.474       0.1586
       6.482       0.2813
        6.49       0.3836
       6.497       0.4655
       6.505       0.5064
        6.52       0.5269
       6.527       0.5064
       6.535       0.4655
       6.542       0.4246
        6.55       0.3632
       6.558       0.3018
       6.565       0.2609
       6.573       0.2199
        6.58        0.179
       6.588       0.1381
       6.595      0.07673
       6.595      0.01535
       6.603      -0.0665
       6.611      -0.1893
       6.618      -0.3325
       6.626      -0.4552
       6.633      -0.5371
       6.641       -0.578
       6.656      -0.5575
       6.663      -0.4962
       6.671      -0.4348
       6.679      -0.3529
       6.686      -0.2506
       6.694      -0.1483
       6.701      -0.0665
       6.709      0.05627
       6.709    -0.005115
       6.716      0.07673
       6.724       0.1176
       6.731       0.1586
       6.739       0.1995
       6.747       0.2813
       6.754       0.3223
       6.762       0.3836
       6.777       0.3632
       6.784       0.3223
       6.792       0.2813
       6.799       0.2404
       6.815       0.1995
       6.822       0.1995
        6.83       0.2404
       6.837       0.2609
       6.845       0.3018
       6.852       0.3427
       6.868       0.3223
       6.875       0.2199
       6.883       0.1176
        6.89     -0.02558
       6.898      -0.1074
       6.905      -0.1893
       6.913      -0.2302
        6.92      -0.2506
       6.928      -0.2302
       6.943      -0.1688
       6.951      -0.1483
       6.966      -0.1483
       6.973      -0.1688
       6.981      -0.2097
       6.988      -0.2506
       6.996      -0.2916
       7.004      -0.3325
       7.011      -0.3325
       7.019       -0.312
       7.026      -0.2506
       7.034      -0.1483
       7.041      -0.0665
       7.049      0.03581
       7.056       0.1176
       7.064        0.179
       7.072       0.2199
       7.079       0.2609
       7.094       0.2609
       7.102       0.2609
       7.117       0.2609
       7.125       0.2813
        7.14       0.3223
       7.147       0.3836
       7.155        0.445
       7.162       0.4859
        7.17       0.4246
       7.177       0.3018
       7.185       0.1586
       7.185     -0.02558
       7.193      -0.1688
         7.2      -0.3939
       7.208      -0.4962
       7.215      -0.5371
       7.223      -0.5166
        7.23      -0.4757
       7.238      -0.4143
       7.245      -0.3529
       7.253      -0.2711
       7.261      -0.1688
       7.268      -0.1074
       7.276     -0.02558
       7.291      0.01535
       7.298      0.01535
       7.306      0.07673
       7.313       0.1381
       7.321       0.1995
       7.329       0.2813
       7.336       0.3223
       7.351       0.3223
       7.359       0.2813
       7.366       0.2404
       7.374        0.179
       7.382      0.09719
       7.389     -0.02558
       7.397      -0.1074
       7.404      -0.1893
       7.419      -0.1893
       7.427      -0.1893
       7.442      -0.1688
        7.45      -0.1483
       7.465      -0.1074
       7.472      -0.0665
        7.48    -0.005115
       7.487      0.07673
       7.487      0.01535
       7.495       0.1176
       7.502       0.1995
        7.51       0.2404
       7.518       0.2813
       7.525       0.3018
        7.54       0.3223
       7.548       0.3223
       7.555       0.3018
       7.563       0.2404
        7.57       0.1381
       7.578      0.05627
       7.586     -0.04604
       7.593      -0.1074
       7.601      -0.1279
       7.616      -0.1279
       7.623      -0.1074
       7.631      -0.0665
       7.638     -0.02558
       7.654      0.05627
       7.661      0.09719
       7.676       0.1381
       7.684       0.1586
       7.699       0.1995
       7.707       0.2199
       7.722       0.2199
       7.737       0.1586
       7.744       0.1586
       7.759       0.1381
       7.767      0.07673
       7.767      0.01535
       7.775     -0.04604
       7.782      -0.1074
        7.79      -0.1279
       7.797      -0.1074
       7.812      -0.1279
        7.82      -0.1893
       7.827      -0.2302
       7.835      -0.2711
        7.85       -0.312
       7.858      -0.2916
       7.865      -0.2711
       7.873      -0.2097
        7.88      -0.1279
       7.888     -0.02558
       7.895      0.07673
       7.895      0.01535
       7.903       0.1381
       7.911       0.2199
       7.918       0.2813
       7.926       0.3223
       7.933       0.3836
       7.948       0.3836
       7.956       0.4041
       7.971       0.4246
       7.979       0.3836
       7.986       0.3223
       7.994       0.2404
       8.001       0.1381
       8.009      0.07673
       8.009    -0.005115
       8.016     -0.08696
       8.024      -0.1893
       8.032      -0.2711
       8.039       -0.312
       8.047      -0.2916
       8.054      -0.2711
       8.062      -0.1893
       8.069      -0.1074
       8.077      0.05627
       8.077     -0.02558
       8.084       0.1176
       8.092       0.2199
         8.1       0.2813
       8.115       0.3018
       8.122       0.2609
        8.13        0.179
       8.137      0.09719
       8.137      0.01535
       8.145     -0.02558
       8.152      -0.0665
        8.16      -0.0665
       8.168     -0.04604
       8.183      0.01535
        8.19    -0.005115
       8.198      -0.0665
       8.205      -0.1074
       8.213      -0.1483
       8.221      -0.1688
       8.236      -0.1688
       8.243      -0.1483
       8.258      -0.0665
       8.266    -0.005115
       8.273      0.07673
       8.273      0.01535
       8.281       0.1176
       8.289       0.1586
       8.296        0.179
       8.304       0.1381
       8.311      0.09719
       8.319     -0.02558
       8.326      -0.1074
       8.334      -0.2097
       8.341      -0.2916
       8.349      -0.3734
       8.357      -0.4348
       8.372      -0.4348
       8.379      -0.3734
       8.387      -0.2711
       8.394      -0.1893
       8.402      -0.1074
       8.409     -0.02558
       8.417      0.09719
       8.425        0.179
       8.432       0.2609
        8.44       0.3223
       8.447       0.3836
       8.455       0.3836
       8.462       0.4041
       8.478       0.4041
       8.485       0.4041
         8.5       0.4041
       8.508       0.4041
       8.515       0.3632
       8.523       0.2813
        8.53        0.179
       8.538      0.05627
       8.546      -0.0665
       8.553      -0.1893
       8.561      -0.2711
       8.568      -0.3325
       8.576      -0.3529
       8.583      -0.3325
       8.591      -0.2916
       8.598      -0.2506
       8.614      -0.1688
       8.621      -0.1483
       8.636     -0.08696
       8.644     -0.04604
       8.651    -0.005115
       8.659      0.03581
       8.666       0.1176
       8.674        0.179
       8.682       0.2199
       8.697       0.2404
       8.704       0.1995
       8.712       0.1176
       8.719      0.01535
       8.727      -0.1074
       8.735      -0.2097
       8.742      -0.2916
        8.75      -0.3325
       8.757      -0.3529
       8.765      -0.3529
       8.772      -0.2916
        8.78      -0.2097
       8.787      -0.0665
       8.795      0.09719
       8.795    -0.005115
       8.803        0.179
        8.81       0.2609
       8.818       0.4041
       8.825       0.4655
       8.833       0.5064
       8.848       0.5064
       8.863       0.4655
       8.871       0.4655
       8.886       0.4041
       8.893       0.3018
       8.901        0.179
       8.908      0.07673
       8.908     -0.04604
       8.916      -0.1688
       8.923      -0.3325
       8.931      -0.5371
       8.946      -0.5575
       8.954      -0.4962
       8.961      -0.4348
       8.969      -0.3529
       8.976      -0.2711
