     0.01186      -0.2931
     0.01942      -0.2356
     0.02699      -0.1972
     0.03455      -0.1398
     0.04212     -0.08226
     0.04968    -0.005609
     0.05725      0.05188
     0.06481      0.09021
     0.07238       0.1477
     0.07994        0.186
     0.08751       0.2244
      0.1026       0.2627
      0.1102       0.2627
      0.1253       0.2627
      0.1329       0.2818
       0.148        0.301
      0.1556       0.3202
      0.1707       0.3393
      0.1783       0.3393
      0.1859       0.3393
       0.201       0.2818
      0.2161       0.2435
      0.2237       0.2244
      0.2312       0.2052
      0.2464       0.1285
      0.2539      0.07104
      0.2615    -0.005609
      0.2691      -0.0631
      0.2766      -0.1206
      0.2842      -0.1972
      0.2918      -0.2356
      0.2993      -0.2739
      0.3145      -0.3122
       0.322      -0.3122
      0.3371      -0.3122
      0.3447      -0.2931
      0.3598      -0.2547
      0.3674      -0.2356
       0.375      -0.1781
      0.3825      -0.1206
      0.3901     -0.04394
      0.3977      0.01355
      0.4052      0.07104
      0.4128       0.1285
      0.4204       0.1669
      0.4279       0.2052
      0.4431       0.2052
      0.4506        0.186
      0.4582       0.1477
      0.4658       0.1094
      0.4733      0.07104
      0.4809      0.03272
      0.4884     -0.02477
       0.496     -0.08226
      0.5111      -0.1398
      0.5187      -0.1398
      0.5338      -0.1206
      0.5414      -0.1014
       0.549     -0.04394
      0.5565      0.01355
      0.5641      0.07104
      0.5717       0.1285
      0.5792       0.1669
      0.5868       0.2052
      0.6019       0.1477
      0.6095       0.1094
      0.6171      0.07104
      0.6322      0.01355
      0.6397      0.01355
      0.6549     -0.02477
      0.6624      -0.0631
        0.67      -0.1014
      0.6776      -0.1398
      0.6851      -0.1781
      0.7003      -0.2164
      0.7078      -0.2164
      0.7154      -0.2164
      0.7305      -0.1972
      0.7381      -0.1398
      0.7457      -0.1014
      0.7532      -0.0631
      0.7608    -0.005609
      0.7759      0.05188
      0.7835      0.07104
       0.791      0.09021
      0.8062       0.1669
      0.8137       0.1669
      0.8213       0.1669
      0.8289       0.1285
      0.8364      0.09021
       0.844      0.05188
      0.8591    -0.005609
      0.8667     -0.02477
      0.8743      -0.0631
      0.8818      -0.1014
      0.8894      -0.1206
      0.9045      -0.1206
      0.9121      -0.1014
      0.9196      -0.0631
      0.9272    -0.005609
      0.9348      0.05188
      0.9423      0.09021
      0.9499       0.1285
      0.9575       0.1669
      0.9726       0.2244
      0.9802       0.2435
      0.9953       0.2818
       1.003       0.2627
        1.01       0.2244
       1.018        0.186
       1.026       0.1285
       1.033      0.07104
       1.041      0.01355
       1.048     -0.02477
       1.056      -0.0631
       1.063      -0.1014
       1.079      -0.1398
       1.086      -0.1398
       1.101      -0.1014
       1.109     -0.08226
       1.116      -0.0631
       1.131      0.01355
       1.139      0.03272
       1.154      0.05188
       1.162      0.03272
       1.169      0.03272
       1.184      0.03272
       1.192      0.05188
       1.207      0.07104
       1.215      0.07104
        1.23      0.03272
       1.237      0.03272
       1.245      0.05188
        1.26      0.07104
       1.268      0.05188
       1.275      0.01355
       1.283     -0.04394
        1.29     -0.08226
       1.298      -0.1206
       1.305      -0.1398
       1.321      -0.1781
       1.328      -0.1589
       1.336      -0.1206
       1.343      -0.0631
       1.351      0.03272
       1.358       0.1094
       1.366       0.1669
       1.381       0.1669
       1.396       0.1094
       1.404       0.1094
       1.419      0.07104
       1.426      0.03272
       1.434      0.01355
       1.449     -0.02477
       1.457      -0.0631
       1.472      -0.1014
       1.479     -0.08226
       1.495      -0.0631
       1.502     -0.04394
        1.51     -0.02477
       1.525     -0.04394
       1.532      -0.0631
       1.548      -0.0631
       1.555      -0.0631
        1.57     -0.04394
       1.578      -0.0631
       1.585      -0.0631
         1.6      -0.0631
       1.608     -0.04394
       1.616    -0.005609
       1.623      0.03272
       1.631      0.07104
       1.638      0.09021
       1.653       0.1094
       1.661       0.1094
       1.676      0.09021
       1.684      0.09021
       1.699       0.1285
       1.706        0.186
       1.714       0.2435
       1.722        0.301
       1.729       0.3585
       1.737       0.3968
       1.752       0.4543
       1.759       0.4543
       1.767       0.3968
       1.774       0.3202
       1.782       0.2244
        1.79       0.1094
       1.797      0.03272
       1.797      -0.0631
       1.805      -0.1781
       1.812      -0.2931
        1.82      -0.3889
       1.827      -0.4655
       1.835       -0.523
       1.843       -0.523
       1.858      -0.4655
       1.865      -0.4272
       1.873      -0.3697
        1.88      -0.3122
       1.888      -0.2356
       1.896      -0.1589
       1.903     -0.08226
       1.911    -0.005609
       1.918      0.07104
       1.926       0.1285
       1.933       0.1669
       1.941       0.2052
       1.956       0.2052
       1.964       0.2052
       1.979        0.186
       1.986        0.186
       2.001        0.186
       2.009       0.2052
       2.024       0.2052
       2.032        0.186
       2.039       0.1477
       2.054       0.1094
       2.062       0.1094
       2.077       0.1285
       2.085      0.09021
       2.092      0.01355
         2.1     -0.08226
       2.107      -0.1781
       2.115      -0.2356
       2.122      -0.2931
        2.13      -0.3122
       2.145      -0.3314
       2.153      -0.2931
       2.168      -0.2356
       2.175      -0.1781
       2.183      -0.1206
       2.191      -0.0631
       2.198     -0.02477
       2.206      0.01355
       2.213      0.05188
       2.221      0.09021
       2.236       0.1285
       2.244       0.1477
       2.259       0.1285
       2.274      0.07104
       2.289      0.03272
       2.296      0.05188
       2.312      0.09021
       2.319       0.1094
       2.334       0.1285
       2.342       0.1285
       2.349       0.1477
       2.365       0.1477
       2.372       0.1477
       2.387       0.1477
       2.402       0.1285
        2.41      0.09021
       2.418      0.05188
       2.425    -0.005609
       2.433      -0.0631
        2.44     -0.08226
       2.455     -0.08226
       2.463     -0.08226
       2.478     -0.08226
       2.493      -0.1206
       2.501      -0.1206
       2.508      -0.1014
       2.523     -0.04394
       2.531     -0.02477
       2.546      0.03272
       2.554      0.05188
       2.569      0.07104
       2.576      0.07104
       2.584      0.09021
       2.599       0.1094
       2.607      0.09021
       2.614      0.05188
       2.622    -0.005609
       2.629      -0.0631
       2.637      -0.1398
       2.644      -0.1781
       2.652      -0.1972
       2.667      -0.2356
       2.675      -0.2164
        2.69      -0.1781
       2.697      -0.1398
       2.705      -0.1014
        2.72     -0.02477
       2.728      0.01355
       2.735      0.05188
       2.743      0.09021
       2.758       0.1285
       2.765      0.09021
       2.773      0.07104
       2.788      0.03272
       2.796      0.03272
       2.811      0.01355
       2.818    -0.005609
       2.834    -0.005609
       2.849     -0.04394
       2.856     -0.04394
       2.871     -0.02477
       2.879    -0.005609
       2.887      0.05188
       2.894      0.09021
       2.902       0.1285
       2.909       0.1669
       2.924       0.2052
       2.932       0.2052
       2.947       0.2052
       2.962       0.1669
        2.97       0.1285
       2.977      0.09021
       2.985      0.03272
       2.992     -0.02477
           3     -0.08226
       3.008      -0.1014
       3.023      -0.1589
        3.03      -0.1589
       3.038      -0.1398
       3.053      -0.1014
       3.068     -0.02477
       3.076    -0.005609
       3.091    -0.005609
       3.098     -0.02477
       3.106     -0.02477
       3.121      -0.0631
       3.129     -0.08226
       3.144      -0.1014
       3.151     -0.08226
       3.159     -0.04394
       3.174    -0.005609
       3.189      0.07104
       3.197      0.09021
       3.212       0.1285
       3.219       0.1285
       3.227       0.1477
       3.242        0.186
        3.25        0.186
       3.257       0.2052
       3.272       0.2052
        3.28       0.2244
       3.295        0.186
       3.303       0.1285
        3.31      0.07104
       3.318    -0.005609
       3.325     -0.02477
        3.34     -0.08226
       3.348      -0.1206
       3.356      -0.1589
       3.363      -0.1781
       3.371      -0.1972
       3.386      -0.2356
       3.393      -0.2356
       3.409      -0.2356
       3.416      -0.1972
       3.424      -0.1781
       3.431      -0.1398
       3.439     -0.08226
       3.454     -0.04394
       3.461     -0.04394
       3.477    -0.005609
       3.492      0.03272
       3.499      0.05188
       3.507      0.07104
       3.522      0.07104
        3.53      0.05188
       3.545      0.03272
       3.552      0.01355
       3.567      0.01355
       3.575    -0.005609
        3.59      0.01355
       3.598      0.03272
       3.613      0.07104
        3.62      0.09021
       3.635       0.1094
       3.643       0.1477
       3.658       0.1477
       3.666       0.1285
       3.673      0.09021
       3.681      0.07104
       3.688      0.03272
       3.696    -0.005609
       3.711      -0.0631
       3.719     -0.08226
       3.734     -0.08226
       3.741      -0.0631
       3.756     -0.02477
       3.764    -0.005609
       3.772      0.03272
       3.779      0.07104
       3.787       0.1094
       3.794       0.1477
       3.809        0.186
       3.817       0.2052
       3.825       0.2052
       3.832       0.1669
        3.84       0.1285
       3.847      0.07104
       3.855      0.01355
       3.862     -0.04394
        3.87      -0.1206
       3.878      -0.1781
       3.885      -0.2356
         3.9      -0.2547
       3.908      -0.2547
       3.915      -0.2356
        3.93      -0.1972
       3.938      -0.1781
       3.946      -0.1589
       3.953      -0.1014
       3.961     -0.04394
       3.968      0.01355
       3.976      0.09021
       3.983       0.1477
       3.999        0.186
       4.006       0.2052
       4.014       0.2244
       4.029       0.2244
       4.036       0.2244
       4.052       0.2244
       4.067       0.1669
       4.074       0.1094
       4.082      0.05188
       4.089    -0.005609
       4.097      -0.0631
       4.104     -0.08226
        4.12      -0.1206
       4.127      -0.1398
       4.142      -0.1398
        4.15      -0.1206
       4.165     -0.08226
       4.173     -0.02477
        4.18      0.01355
       4.188      0.05188
       4.203      0.07104
        4.21      0.07104
       4.218      0.07104
       4.233      0.07104
       4.241      0.09021
       4.256       0.1285
       4.263       0.1285
       4.278       0.1285
       4.286       0.1094
       4.294       0.1094
       4.309      0.05188
       4.316    -0.005609
       4.324     -0.04394
       4.331      -0.1014
       4.339      -0.1398
       4.347      -0.1781
       4.362      -0.2164
       4.369      -0.1589
       4.377      -0.1014
       4.384     -0.04394
       4.392    -0.005609
       4.407     -0.02477
       4.415     -0.02477
       4.422    -0.005609
       4.437      0.01355
       4.445      0.03272
        4.46      0.07104
       4.468      0.09021
       4.483      0.09021
        4.49       0.1094
       4.498       0.1285
       4.513        0.186
       4.521       0.2052
       4.536       0.2244
       4.543       0.2244
       4.551       0.2244
       4.574       0.1477
       4.581       0.1094
       4.589      0.07104
       4.596    -0.005609
       4.604     -0.08226
       4.611      -0.1398
       4.619      -0.1972
       4.626      -0.2164
       4.634      -0.2547
       4.642      -0.2739
       4.657      -0.2931
       4.664      -0.2547
       4.679      -0.1972
       4.687      -0.1589
       4.695      -0.1206
       4.702     -0.08226
        4.71     -0.02477
       4.725      0.03272
       4.732      0.05188
       4.747      0.07104
       4.755      0.09021
        4.77       0.1477
       4.778       0.1669
       4.793       0.1669
         4.8       0.1669
       4.816       0.1477
       4.823       0.1477
       4.838       0.1285
       4.846       0.1285
       4.853       0.1477
       4.869       0.1477
       4.876       0.1477
       4.884       0.1285
       4.899      0.07104
       4.906      0.03272
       4.914     -0.04394
       4.921      -0.1398
       4.929      -0.1972
       4.937      -0.2547
       4.944      -0.2739
       4.952      -0.2739
       4.967      -0.2739
       4.974      -0.2547
        4.99      -0.2547
       4.997      -0.2356
       5.005      -0.2164
        5.02      -0.1398
       5.027      -0.1014
       5.035      -0.0631
       5.043     -0.02477
       5.058      0.03272
       5.065      0.05188
        5.08       0.1094
       5.095       0.1477
       5.103       0.1477
       5.118       0.1094
       5.126      0.09021
       5.141      0.07104
       5.148      0.07104
       5.164      0.07104
       5.171      0.07104
       5.186      0.07104
       5.194      0.07104
       5.209      0.03272
       5.217      0.03272
       5.224      0.03272
       5.239    -0.005609
       5.247    -0.005609
       5.262    -0.005609
       5.269     -0.02477
       5.277     -0.02477
       5.292      -0.0631
         5.3     -0.08226
       5.307      -0.0631
       5.322     -0.02477
        5.33    -0.005609
       5.345      0.03272
       5.353      0.05188
       5.368      0.07104
       5.375      0.09021
       5.391       0.1285
       5.398       0.1477
       5.413       0.1477
       5.421       0.1477
       5.436       0.1094
       5.443      0.07104
       5.459      0.03272
       5.466      0.03272
       5.481      0.01355
       5.489    -0.005609
       5.504     -0.04394
       5.512     -0.04394
       5.527    -0.005609
       5.534      0.05188
       5.542       0.1094
       5.549       0.1669
       5.557       0.2052
       5.565       0.2435
       5.572       0.2435
        5.58       0.2244
       5.587        0.186
       5.595       0.1094
       5.602      0.03272
        5.61     -0.04394
       5.617      -0.1206
       5.625      -0.1781
       5.633      -0.2356
        5.64      -0.2547
       5.655      -0.2931
       5.663      -0.3122
       5.678      -0.3122
       5.686      -0.2931
       5.701      -0.2547
       5.708      -0.2164
       5.716      -0.1589
       5.723     -0.08226
       5.731     -0.02477
       5.739      0.03272
       5.746      0.05188
       5.754      0.07104
       5.769      0.07104
       5.776      0.09021
       5.784       0.1094
       5.799      0.09021
       5.807      0.07104
       5.822    -0.005609
       5.837      -0.0631
       5.844     -0.08226
        5.86      -0.1206
       5.867      -0.1398
       5.875      -0.1206
        5.89      -0.0631
       5.897    -0.005609
       5.905      0.07104
       5.912       0.1477
        5.92        0.186
       5.928       0.2244
       5.943       0.2244
        5.95       0.2052
       5.965       0.2052
       5.973       0.2052
       5.988        0.186
       6.003       0.1669
       6.011       0.1285
       6.018      0.09021
       6.026      0.03272
       6.034    -0.005609
       6.056     -0.08226
       6.064      -0.1206
       6.071      -0.1589
       6.079      -0.1781
       6.094      -0.1589
       6.102      -0.1398
       6.109      -0.1206
       6.117     -0.08226
       6.124     -0.04394
       6.132    -0.005609
       6.139      0.01355
       6.147      0.05188
       6.155      0.07104
       6.162       0.1094
        6.17       0.1285
       6.185       0.1477
       6.192       0.1285
       6.208      0.09021
       6.215      0.09021
       6.223      0.09021
       6.238      0.09021
       6.245      0.09021
        6.26      0.09021
       6.268      0.09021
       6.283      0.05188
       6.291    -0.005609
       6.306     -0.04394
       6.313      -0.0631
       6.329     -0.08226
       6.336     -0.08226
       6.351     -0.08226
       6.359      -0.1014
       6.366      -0.1014
       6.382      -0.1014
       6.389      -0.1014
       6.404      -0.1014
       6.412     -0.08226
       6.427     -0.04394
       6.434    -0.005609
       6.442      0.01355
       6.457      0.05188
       6.465      0.07104
        6.48      0.07104
       6.487      0.07104
       6.503      0.05188
        6.51      0.07104
       6.525      0.09021
       6.533      0.09021
       6.548      0.09021
       6.556      0.09021
       6.571      0.07104
       6.578      0.05188
       6.586      0.07104
       6.601      0.09021
       6.608      0.09021
       6.624       0.1285
       6.631       0.1477
       6.646       0.1669
       6.654       0.1477
       6.661       0.1094
       6.669      0.05188
       6.677    -0.005609
       6.684      -0.0631
       6.692      -0.1014
       6.699      -0.1589
       6.707      -0.2164
       6.714      -0.2739
       6.722      -0.2931
       6.737      -0.3314
       6.745      -0.3314
       6.767      -0.3122
       6.775      -0.2739
       6.782      -0.2547
        6.79      -0.2164
       6.798      -0.1589
       6.805      -0.1206
       6.813      -0.0631
        6.82     -0.02477
       6.828      0.03272
       6.843      0.09021
       6.851      0.09021
       6.866      0.07104
       6.873      0.09021
       6.881       0.1285
       6.888       0.1477
       6.903       0.2052
       6.911       0.2052
       6.926       0.2052
       6.934       0.2052
       6.941       0.2244
       6.956       0.2818
       6.964       0.2818
       6.979        0.301
       6.987        0.301
       6.994       0.2435
       7.002        0.186
       7.009       0.1094
       7.017      0.01355
       7.025     -0.08226
       7.032      -0.1398
        7.04      -0.1972
       7.055      -0.2356
       7.062      -0.2356
       7.077      -0.2356
       7.093      -0.2356
         7.1      -0.2164
       7.115      -0.1781
       7.123      -0.1398
        7.13      -0.1014
       7.138      -0.0631
       7.146     -0.02477
       7.153      0.01355
       7.168      0.05188
       7.176      0.07104
       7.191      0.09021
       7.199       0.1285
       7.214        0.186
       7.221       0.2052
       7.236       0.2052
       7.244       0.2052
       7.251       0.2052
       7.267       0.1477
       7.274      0.09021
       7.282      0.05188
       7.289     -0.02477
       7.297      -0.0631
       7.304      -0.1014
       7.312      -0.1398
        7.32      -0.1398
       7.335      -0.1206
       7.342      -0.1206
       7.365      -0.1398
       7.373      -0.1398
       7.388      -0.1206
       7.403      -0.1206
        7.41      -0.1206
       7.418      -0.1014
       7.433      -0.0631
       7.441     -0.02477
       7.448      0.01355
       7.456      0.07104
       7.463       0.1285
       7.471        0.186
       7.478       0.2435
       7.486        0.301
       7.494       0.3393
       7.509       0.3393
       7.516        0.301
       7.524       0.2244
       7.531       0.1285
       7.539      0.03272
       7.547     -0.04394
       7.554     -0.08226
       7.569      -0.1014
       7.577     -0.08226
       7.592     -0.08226
       7.599     -0.08226
       7.615      -0.1014
       7.622      -0.1206
        7.63      -0.1014
       7.645      -0.0631
       7.652     -0.02477
        7.66      0.01355
       7.668      0.03272
       7.683      0.01355
       7.698     -0.02477
       7.705     -0.04394
       7.721     -0.04394
       7.728     -0.04394
       7.743     -0.04394
       7.751     -0.04394
       7.766     -0.02477
       7.781      0.01355
       7.789      0.05188
       7.804      0.07104
       7.811      0.09021
       7.826       0.1094
       7.834       0.1094
       7.849      0.05188
       7.857      0.01355
       7.864     -0.02477
       7.879     -0.08226
       7.887     -0.08226
       7.902      -0.1206
        7.91      -0.1398
       7.925      -0.1206
       7.932      -0.1014
        7.94      -0.0631
       7.947     -0.02477
       7.955      0.01355
       7.963      0.03272
        7.97      0.05188
       7.985      0.09021
       7.993       0.1094
       8.008       0.1285
       8.016       0.1477
       8.023       0.1669
       8.038       0.1477
       8.046       0.1285
       8.053       0.1285
       8.068       0.1477
       8.076       0.1669
       8.091       0.1669
       8.099       0.1477
       8.106       0.1094
       8.114      0.07104
       8.121      0.03272
       8.129    -0.005609
       8.137     -0.04394
       8.144      -0.0631
       8.159     -0.04394
       8.167    -0.005609
       8.182      0.05188
        8.19      0.07104
       8.205      0.07104
       8.212      0.05188
        8.22      0.01355
       8.227     -0.02477
       8.235     -0.04394
        8.25      -0.1014
       8.258      -0.1206
       8.273      -0.1398
        8.28      -0.1398
       8.295      -0.1206
       8.311     -0.08226
       8.326     -0.02477
       8.333    -0.005609
       8.341    -0.005609
       8.356     -0.04394
       8.364     -0.02477
       8.379      0.01355
       8.386      0.01355
       8.401    -0.005609
       8.409    -0.005609
       8.424    -0.005609
       8.432      0.01355
       8.439      0.05188
       8.454      0.09021
       8.469       0.1477
       8.477       0.1285
       8.485       0.1094
       8.492      0.07104
         8.5      0.03272
       8.507    -0.005609
       8.522     -0.04394
        8.53     -0.08226
       8.545      -0.1014
       8.553     -0.08226
       8.568     -0.02477
       8.575     -0.02477
       8.583     -0.02477
       8.598     -0.04394
       8.606     -0.04394
       8.621     -0.04394
       8.628     -0.04394
       8.643      -0.0631
       8.651     -0.08226
       8.666      -0.1014
       8.674      -0.1014
       8.681     -0.08226
       8.696     -0.04394
       8.704     -0.04394
       8.712     -0.02477
       8.727      0.03272
       8.734      0.05188
       8.749      0.05188
       8.764      0.09021
       8.772       0.1285
        8.78       0.1669
       8.795       0.2052
       8.802        0.186
        8.81       0.1477
       8.817      0.09021
       8.825      0.05188
       8.833      0.01355
        8.84     -0.02477
       8.855     -0.02477
       8.863     -0.02477
       8.878     -0.02477
       8.886     -0.02477
       8.901     -0.02477
       8.908    -0.005609
       8.916      0.01355
       8.923      0.05188
       8.931      0.09021
       8.938       0.1094
       8.954        0.186
       8.961        0.186
       8.976       0.1285
