     0.01181      -0.1688
     0.03449       -0.113
     0.04205      -0.0758
      0.0496      -0.0572
     0.05716    -0.001395
     0.06472      0.07301
     0.07228       0.1288
     0.07984       0.2032
      0.0874        0.259
     0.09496       0.2962
      0.1101        0.352
      0.1176        0.352
      0.1327       0.3334
      0.1403       0.2962
      0.1479       0.2404
      0.1554       0.1846
       0.163       0.1102
      0.1705      0.05441
      0.1781    -0.001395
      0.1857      -0.0572
      0.1932      -0.0944
      0.2008      -0.1316
      0.2083      -0.1688
      0.2235      -0.1874
       0.231      -0.1688
      0.2461       -0.113
      0.2537      -0.0944
      0.2612      -0.0572
      0.2688        -0.02
      0.2839      0.01721
      0.2915      0.01721
      0.3066      0.01721
      0.3217        -0.02
      0.3293        -0.02
      0.3444      -0.0572
       0.352      -0.0758
      0.3671       -0.113
      0.3746      -0.0944
      0.3897      -0.0944
      0.3973      -0.0758
      0.4049      -0.0572
      0.4124      -0.0386
        0.42    -0.001395
      0.4275      0.03581
      0.4351      0.09161
      0.4427       0.1288
      0.4502        0.166
      0.4653       0.1288
      0.4729      0.07301
      0.4804      0.01721
       0.488      -0.0386
      0.4956      -0.0758
      0.5107      -0.0944
      0.5182      -0.0944
      0.5258      -0.0758
      0.5409      -0.0758
      0.5485      -0.0758
       0.556      -0.0572
      0.5636      -0.0386
      0.5787      0.01721
      0.5863      0.05441
      0.6014      0.05441
      0.6089      0.05441
      0.6241      0.03581
      0.6316      0.03581
      0.6467      0.03581
      0.6619      0.05441
      0.6694      0.07301
      0.6845      0.05441
      0.6921      0.05441
      0.6996      0.07301
      0.7148      0.09161
      0.7223      0.09161
      0.7374      0.05441
       0.745      0.03581
      0.7526      0.03581
      0.7677      0.03581
      0.7752      0.05441
      0.7904      0.05441
      0.7979      0.07301
       0.813      0.05441
      0.8206      0.03581
      0.8281    -0.001395
      0.8357      -0.0572
      0.8433      -0.0944
      0.8508      -0.1316
      0.8584      -0.1688
      0.8659      -0.1874
      0.8811       -0.206
      0.8886      -0.1688
      0.8962       -0.113
      0.9037      -0.0386
      0.9113      0.03581
      0.9188       0.1102
      0.9264       0.1846
       0.934       0.2404
      0.9415       0.2776
      0.9491       0.3148
      0.9642       0.3334
      0.9718       0.2962
      0.9793       0.2218
      0.9869        0.166
      0.9944      0.09161
       1.002      0.01721
        1.01      -0.0386
       1.017       -0.113
       1.025      -0.1316
        1.04      -0.1688
       1.047      -0.1688
       1.062      -0.1316
        1.07      -0.0758
       1.078      -0.0386
       1.085    -0.001395
       1.093      0.05441
         1.1      0.07301
       1.115      0.07301
       1.123      0.07301
       1.138      0.03581
       1.146      0.01721
       1.153        -0.02
       1.161      -0.0572
       1.168      -0.0944
       1.183      -0.1502
       1.191      -0.1502
       1.199       -0.113
       1.206      -0.0572
       1.214        -0.02
       1.221      0.03581
       1.229      0.07301
       1.236       0.1102
       1.251       0.1102
       1.259       0.1102
       1.267      0.09161
       1.274      0.05441
       1.282      0.01721
       1.289        -0.02
       1.297      -0.0572
       1.304      -0.0944
       1.319      -0.1502
       1.327      -0.1502
       1.335      -0.1316
       1.342      -0.0758
        1.35        -0.02
       1.357      0.05441
       1.365      0.09161
        1.38       0.1102
       1.387      0.09161
       1.403      0.05441
        1.41      0.05441
       1.418      0.07301
       1.433      0.05441
        1.44      0.03581
       1.448        -0.02
       1.463      -0.0572
       1.471      -0.0572
       1.478      -0.0386
       1.486      0.03581
       1.493      0.09161
       1.501       0.1474
       1.508       0.2032
       1.524        0.166
       1.531       0.1288
       1.539      0.09161
       1.546      0.05441
       1.554    -0.001395
       1.561      -0.0386
       1.569      -0.0758
       1.576       -0.113
       1.584      -0.1316
       1.599      -0.1688
       1.607      -0.1874
       1.614      -0.1688
       1.622      -0.1316
       1.629      -0.0758
       1.637      0.01721
       1.644      0.09161
       1.652        0.166
        1.66       0.2032
       1.675       0.2218
       1.682       0.1846
        1.69       0.1474
       1.697      0.09161
       1.705      0.05441
       1.713      0.01721
        1.72    -0.001395
       1.728      -0.0386
       1.735      -0.0758
       1.743       -0.113
        1.75      -0.1502
       1.758      -0.1688
       1.773      -0.1316
       1.781      -0.0758
       1.788      -0.0386
       1.796    -0.001395
       1.803      0.05441
       1.811      0.09161
       1.826      0.09161
       1.833      0.09161
       1.849      0.07301
       1.864      0.09161
       1.879      0.09161
       1.886      0.09161
       1.894      0.09161
       1.909      0.05441
       1.917      0.03581
       1.924    -0.001395
       1.932      -0.0386
       1.939      -0.0758
       1.947       -0.113
       1.954      -0.1502
       1.962      -0.1874
        1.97      -0.2246
       1.977      -0.2432
       1.992       -0.206
       2.007      -0.1502
       2.015      -0.0944
       2.022      -0.0386
        2.03      0.05441
       2.038       0.1288
       2.045       0.2032
       2.053       0.2404
        2.06       0.2776
       2.075       0.3148
       2.083       0.3148
        2.09       0.3148
       2.098       0.2776
       2.106       0.2032
       2.113       0.1288
       2.121      0.03581
       2.128        -0.02
       2.136      -0.0758
       2.143       -0.113
       2.151      -0.1502
       2.166      -0.1688
       2.174      -0.1688
       2.181      -0.1316
       2.189      -0.0944
       2.196      -0.0572
       2.204        -0.02
       2.219      0.03581
       2.226      0.05441
       2.234      0.09161
       2.242      0.09161
       2.249      0.09161
       2.264      0.03581
       2.272    -0.001395
       2.287    -0.001395
       2.295    -0.001395
        2.31    -0.001395
       2.317      0.01721
       2.332      0.05441
        2.34      0.07301
       2.355      0.07301
       2.363      0.05441
        2.37      0.01721
       2.385      -0.0386
       2.393      -0.0572
       2.408      -0.0944
       2.415      -0.0758
       2.423      -0.0572
       2.431    -0.001395
       2.438      0.03581
       2.453      0.07301
       2.461      0.07301
       2.476      0.07301
       2.491      0.05441
       2.499      0.05441
       2.506      0.05441
       2.521    -0.001395
       2.529      -0.0386
       2.544      -0.0572
       2.552      -0.0572
       2.567      -0.0386
       2.574      -0.0386
       2.589      -0.0572
       2.597      -0.0572
       2.612        -0.02
        2.62      0.01721
       2.627      0.05441
       2.635      0.09161
        2.65       0.1288
       2.657        0.166
       2.665       0.2032
        2.68       0.2218
       2.688       0.2032
       2.695       0.1846
        2.71       0.1288
       2.718      0.09161
       2.725      0.03581
       2.733      -0.0386
        2.74      -0.0944
       2.748      -0.1502
       2.763      -0.1874
       2.771       -0.206
       2.778       -0.206
       2.793      -0.1688
       2.801      -0.1316
       2.809      -0.0944
       2.816      -0.0572
       2.824    -0.001395
       2.831      0.03581
       2.846      0.09161
       2.861      0.09161
       2.869      0.09161
       2.884      0.03581
       2.892      0.01721
       2.907      -0.0386
       2.914      -0.0572
       2.929      -0.0758
       2.937      -0.0572
       2.952      -0.0386
        2.96        -0.02
       2.975      0.01721
        2.99      0.05441
       2.997      0.05441
       3.005      0.05441
        3.02    -0.001395
       3.028      -0.0386
       3.043      -0.0944
        3.05       -0.113
       3.058       -0.113
       3.073      -0.0944
       3.081      -0.0758
       3.088      -0.0572
       3.096        -0.02
       3.103      0.01721
       3.111      0.05441
       3.118      0.09161
       3.134       0.1288
       3.141       0.1474
       3.156       0.2032
       3.164       0.2032
       3.179       0.1474
       3.186       0.1102
       3.194      0.07301
       3.202      0.05441
       3.217    -0.001395
       3.224      0.01721
       3.239      0.01721
       3.247      0.01721
       3.262      0.03581
        3.27      0.05441
       3.285      0.07301
       3.292      0.07301
         3.3      0.09161
       3.315      0.09161
       3.323      0.09161
       3.338      0.05441
       3.345      0.01721
        3.36      0.03581
       3.375      0.01721
       3.383        -0.02
       3.391      -0.0572
       3.398      -0.0944
       3.413      -0.1316
       3.421       -0.113
       3.436       -0.113
       3.443      -0.0944
       3.459      -0.0944
       3.466      -0.0758
       3.481      -0.0572
       3.489      -0.0572
       3.496      -0.0386
       3.511      0.03581
       3.519      0.07301
       3.534       0.1288
       3.542       0.1288
       3.557       0.1102
       3.564       0.1102
       3.579      0.05441
       3.587      0.03581
       3.602    -0.001395
        3.61    -0.001395
       3.625      0.01721
       3.632      0.01721
       3.648      -0.0386
       3.655      -0.0758
        3.67      -0.0944
       3.685      -0.0944
       3.693      -0.0758
       3.708      -0.0386
       3.716      -0.0386
       3.731        -0.02
       3.746    -0.001395
       3.753    -0.001395
       3.768      0.03581
       3.784      0.09161
       3.791       0.1288
       3.806        0.166
       3.814        0.166
       3.829        0.166
       3.844       0.1474
       3.859       0.1288
       3.867      0.07301
       3.874      0.03581
       3.882        -0.02
       3.889      -0.0758
       3.897      -0.1316
       3.905      -0.1688
       3.912      -0.2246
        3.92      -0.2432
       3.935      -0.2432
       3.942       -0.206
        3.95      -0.1688
       3.957       -0.113
       3.965      -0.0758
       3.973      -0.0386
        3.98      0.01721
       3.995      0.01721
       4.003    -0.001395
       4.018    -0.001395
       4.025      0.03581
       4.033      0.05441
       4.041      0.09161
       4.048       0.1288
       4.056        0.166
       4.063       0.2032
       4.071       0.2404
       4.078        0.259
       4.093       0.2776
       4.101       0.2776
       4.109        0.259
       4.116       0.2218
       4.124       0.1474
       4.131      0.07301
       4.139        -0.02
       4.146      -0.0944
       4.154      -0.1688
       4.162      -0.2246
       4.169      -0.2432
       4.184      -0.2618
       4.192      -0.2432
       4.207       -0.206
       4.214      -0.1688
       4.222       -0.113
        4.23      -0.0572
       4.237        -0.02
       4.245      0.05441
       4.252       0.1102
        4.26       0.1474
       4.275       0.1846
       4.282        0.166
        4.29       0.1288
       4.298      0.07301
       4.305      0.05441
        4.32      0.01721
       4.328    -0.001395
       4.343    -0.001395
        4.35      0.03581
       4.358      0.05441
       4.366      0.09161
       4.373       0.1288
       4.381        0.166
       4.388       0.1846
       4.396       0.1846
       4.411       0.1474
       4.419       0.1102
       4.434      0.07301
       4.441      0.03581
       4.449      -0.0386
       4.456      -0.0944
       4.464      -0.1502
       4.471      -0.1874
       4.487       -0.206
       4.494      -0.1688
       4.502      -0.1502
       4.517      -0.0944
       4.524      -0.0758
       4.532      -0.0386
       4.539        -0.02
       4.547      0.01721
       4.555      0.01721
        4.57      0.01721
       4.577      0.01721
       4.592      0.05441
         4.6      0.05441
       4.607      0.03581
       4.623        -0.02
        4.63        -0.02
       4.638    -0.001395
       4.645      0.03581
        4.66      0.07301
       4.676      0.05441
       4.683      0.05441
       4.698      0.03581
       4.706      0.03581
       4.713      0.03581
       4.721        -0.02
       4.728      -0.0572
       4.736      -0.0944
       4.744      -0.1316
       4.751      -0.1502
       4.766      -0.1316
       4.774      -0.0944
       4.781      -0.0758
       4.796      -0.0386
       4.804      -0.0386
       4.819      -0.0758
       4.827      -0.0944
       4.834      -0.0386
       4.842      0.03581
       4.849       0.1102
       4.857       0.2032
       4.864       0.2776
       4.872       0.3148
       4.887       0.3148
       4.895       0.3148
       4.902       0.2776
        4.91       0.2404
       4.917       0.2032
       4.925        0.166
       4.932       0.1102
        4.94      0.03581
       4.948        -0.02
       4.955      -0.0758
       4.963       -0.113
        4.97      -0.1502
       4.978      -0.1874
       4.985      -0.2618
       4.993      -0.3176
       5.001      -0.3548
       5.016       -0.299
       5.023      -0.2246
       5.031      -0.1316
       5.038      -0.0386
       5.046      0.05441
       5.053       0.1288
       5.061       0.2218
       5.069       0.2962
       5.076        0.352
       5.091       0.3334
       5.099        0.259
       5.106        0.166
       5.114      0.07301
       5.121        -0.02
       5.129      -0.0758
       5.137      -0.1316
       5.144      -0.1688
       5.152       -0.206
       5.167      -0.2432
       5.174       -0.206
       5.182      -0.1688
       5.189       -0.113
       5.197      -0.0572
       5.205      0.01721
       5.212      0.07301
        5.22       0.1288
       5.227        0.166
       5.242       0.2032
       5.258        0.166
       5.265       0.1102
       5.273      0.05441
       5.288      0.03581
       5.295      0.07301
        5.31      0.09161
       5.318      0.07301
       5.326      0.05441
       5.341      0.01721
       5.348    -0.001395
       5.356    -0.001395
       5.371    -0.001395
       5.378    -0.001395
       5.386        -0.02
       5.394      -0.0572
       5.401      -0.0944
       5.409      -0.1316
       5.416      -0.1502
       5.431      -0.1316
       5.439      -0.0758
       5.446        -0.02
       5.454      0.01721
       5.462      0.05441
       5.469      0.09161
       5.484       0.1102
       5.492       0.1102
       5.507       0.1474
       5.522       0.1474
        5.53       0.1102
       5.537      0.05441
       5.545        -0.02
        5.56      -0.0944
       5.567      -0.0944
        5.59      -0.0572
       5.598      -0.0386
       5.613      0.01721
        5.62      0.05441
       5.635      0.09161
       5.643       0.1102
       5.651       0.1474
       5.658       0.1846
       5.673       0.1474
       5.681       0.1102
       5.688      0.03581
       5.696      -0.0386
       5.703      -0.0944
       5.711      -0.1316
       5.719      -0.1688
       5.726      -0.1502
       5.741       -0.113
       5.749      -0.0758
       5.756      -0.0386
       5.772      0.01721
       5.779      0.03581
       5.794      0.03581
       5.802      0.03581
       5.809    -0.001395
       5.817      -0.0386
       5.824       -0.113
       5.832      -0.1688
        5.84      -0.1874
       5.855      -0.1502
       5.862       -0.113
        5.87      -0.0944
       5.877      -0.0572
       5.885      0.01721
       5.892      0.05441
         5.9       0.1102
       5.915       0.1474
       5.923       0.1474
       5.938       0.1102
       5.945      0.07301
       5.953      0.01721
        5.96        -0.02
       5.976      0.01721
       5.983      0.07301
       5.991       0.1288
       5.998        0.166
       6.006       0.2032
       6.013       0.2404
       6.029        0.259
       6.036       0.2404
       6.044       0.2032
       6.051       0.1474
       6.059      0.07301
       6.066      0.01721
       6.074      -0.0758
       6.081      -0.1688
       6.089      -0.2432
       6.097      -0.2804
       6.112      -0.3176
       6.119      -0.2804
       6.127      -0.2432
       6.134      -0.1874
       6.142       -0.113
       6.149      -0.0386
       6.157      0.07301
       6.165       0.1474
       6.172       0.2032
       6.187       0.2404
       6.195       0.2404
       6.202       0.2404
       6.217       0.1846
       6.225       0.1288
       6.233      0.07301
        6.24    -0.001395
       6.248      -0.0572
       6.263      -0.0758
        6.27      -0.0386
       6.285      0.01721
       6.293      0.03581
       6.308      0.07301
       6.316      0.09161
       6.323       0.1102
       6.338      0.09161
       6.346      0.05441
       6.354      0.01721
       6.361      -0.0386
       6.369      -0.0944
       6.376      -0.1502
       6.384       -0.206
       6.399      -0.2246
       6.406       -0.206
       6.414      -0.1688
       6.422      -0.1316
       6.437      -0.1316
       6.444      -0.1316
       6.459      -0.0758
       6.467      -0.0386
       6.474    -0.001395
       6.482      0.03581
        6.49      0.05441
       6.497      0.07301
       6.512      0.05441
        6.52      0.03581
       6.535    -0.001395
       6.542    -0.001395
       6.558      0.01721
       6.565      0.05441
       6.573      0.07301
        6.58       0.1102
       6.588       0.1474
       6.603        0.166
       6.611        0.166
       6.618       0.1474
       6.633      0.07301
       6.641      0.03581
       6.648      -0.0386
       6.656       -0.113
       6.663      -0.1874
       6.671      -0.2246
       6.686      -0.2246
       6.694      -0.1874
       6.701      -0.1316
       6.709      -0.0758
       6.716        -0.02
       6.724      0.05441
       6.731      0.09161
       6.739       0.1288
       6.754        0.166
       6.762       0.1846
       6.777        0.166
       6.784       0.1474
       6.792       0.1102
       6.799      0.05441
       6.807        -0.02
       6.815      -0.0944
       6.822      -0.1502
        6.83      -0.1874
       6.837       -0.206
       6.852      -0.1502
        6.86       -0.113
       6.868      -0.0572
       6.875      0.01721
       6.883      0.09161
        6.89        0.166
       6.898       0.2032
       6.913       0.2404
        6.92       0.2218
       6.936        0.166
       6.951       0.1288
       6.958       0.1288
       6.966       0.1474
       6.981       0.1846
       6.988       0.1846
       7.004       0.1474
       7.011        0.166
       7.026       0.1846
       7.034       0.1474
       7.041      0.09161
       7.049      0.03581
       7.056        -0.02
       7.064      -0.0572
       7.072      -0.0944
       7.079      -0.1316
       7.087      -0.1502
       7.094      -0.1316
       7.102      -0.0944
       7.109      -0.0572
       7.117    -0.001395
       7.125    -0.001395
        7.14      0.03581
       7.155      0.01721
       7.162        -0.02
       7.177      -0.0758
       7.185       -0.113
       7.193      -0.1502
         7.2      -0.1874
       7.215      -0.2246
       7.223      -0.2432
        7.23      -0.2432
       7.245      -0.1874
       7.253      -0.0944
       7.261        -0.02
       7.268      0.07301
       7.276       0.1102
       7.283       0.1474
       7.298       0.1474
       7.306       0.1102
       7.313      0.07301
       7.321      0.01721
       7.329      -0.0386
       7.336      -0.0758
       7.344      -0.0944
       7.359       -0.113
       7.366      -0.0944
       7.382      -0.0572
       7.389        -0.02
       7.397      0.03581
       7.404      0.07301
       7.412       0.1102
       7.427       0.1474
       7.434       0.1474
        7.45       0.1474
       7.457       0.1288
       7.472      0.05441
        7.48    -0.001395
       7.487      -0.0572
       7.495       -0.113
       7.502      -0.1502
        7.51      -0.1502
       7.525       -0.113
       7.533      -0.0572
        7.54    -0.001395
       7.548      0.09161
       7.555        0.166
       7.563       0.2404
       7.578        0.259
       7.586       0.2218
       7.593       0.1846
       7.601       0.1288
       7.608      0.07301
       7.616    -0.001395
       7.623      -0.0758
       7.631      -0.1316
       7.638      -0.1874
       7.646      -0.2246
       7.661      -0.2432
       7.676      -0.1874
       7.684      -0.1316
       7.691      -0.0758
       7.699        -0.02
       7.707      0.03581
       7.714      0.09161
       7.722       0.1474
       7.729       0.2218
       7.737        0.259
       7.752        0.259
       7.759       0.2404
       7.767       0.2032
       7.775       0.1846
       7.782       0.1474
        7.79       0.1102
       7.797      0.05441
       7.805    -0.001395
       7.812      -0.0572
        7.82       -0.113
       7.827      -0.1688
       7.835      -0.1874
        7.85      -0.2246
       7.858      -0.2432
       7.865      -0.2432
       7.873      -0.1874
        7.88      -0.1316
       7.888      -0.0572
       7.895      0.01721
       7.903      0.07301
       7.911      0.09161
       7.926       0.1474
       7.933       0.1474
       7.948      0.09161
       7.956      0.09161
       7.964      0.09161
       7.979      0.07301
       7.986      0.07301
       8.001      0.09161
       8.009       0.1288
       8.024       0.1474
       8.032       0.1474
       8.047       0.1474
       8.054        0.166
       8.069        0.166
       8.077       0.1288
       8.084      0.09161
       8.092      0.05441
         8.1      0.01721
       8.107      -0.0386
       8.115      -0.0944
       8.122      -0.1316
        8.13      -0.1688
       8.137       -0.206
       8.145      -0.2246
        8.16      -0.2246
       8.168       -0.206
       8.183      -0.1316
        8.19      -0.0758
       8.198        -0.02
       8.205      0.03581
       8.213      0.07301
       8.221       0.1102
       8.236       0.1288
       8.243      0.09161
       8.251      0.07301
       8.258      0.03581
       8.266    -0.001395
       8.273      -0.0386
       8.281      -0.0758
       8.289       -0.113
       8.296      -0.1502
       8.304      -0.1688
       8.319      -0.1688
       8.326      -0.1502
       8.341       -0.113
       8.349      -0.0944
       8.364      -0.0944
       8.372       -0.113
       8.379      -0.0944
       8.394      -0.0758
       8.402      -0.0572
       8.417        -0.02
       8.425    -0.001395
       8.432      0.05441
        8.44      0.07301
       8.455       0.1288
       8.462        0.166
       8.478       0.2404
       8.485       0.2404
       8.493       0.2404
         8.5       0.2032
       8.508        0.166
       8.515       0.1288
       8.523      0.09161
       8.538      0.03581
       8.546        -0.02
       8.553      -0.0572
       8.561       -0.113
       8.576      -0.1316
       8.583       -0.113
       8.591      -0.0758
       8.598        -0.02
       8.606      0.03581
       8.614      0.09161
       8.621       0.1474
       8.629       0.1846
       8.636       0.1846
       8.651       0.1474
       8.659       0.1102
       8.666      0.09161
       8.682      0.03581
       8.689      0.01721
       8.697        -0.02
       8.704      -0.0572
       8.712      -0.0758
       8.727      -0.0944
       8.735      -0.0572
       8.742        -0.02
        8.75      0.03581
       8.757      0.07301
       8.765       0.1102
        8.78      0.07301
       8.795      0.03581
       8.803    -0.001395
        8.81      -0.0386
       8.825      -0.0758
       8.833      -0.0944
        8.84      -0.0758
       8.855        -0.02
       8.863      0.01721
       8.871      0.05441
       8.886      0.09161
       8.901       0.1102
       8.916      0.07301
       8.923      0.05441
       8.939      0.03581
       8.946      0.05441
       8.961      0.07301
       8.969      0.07301
       8.976      0.03581
