     0.01181       0.1381
     0.03449      0.09959
     0.04205      0.06108
      0.0496      0.02257
     0.05716      0.00331
     0.06472      -0.0352
     0.07228     -0.05446
     0.07984     -0.01595
      0.0874      0.04182
      0.0874      0.00331
     0.09496      0.06108
      0.1025      0.09959
      0.1101       0.1381
      0.1252       0.1189
      0.1327      0.08034
      0.1403      0.04182
      0.1479      0.00331
      0.1554     -0.05446
      0.1705     -0.09297
      0.1781      -0.1122
      0.1857     -0.09297
      0.2008     -0.05446
      0.2083      -0.0352
      0.2235     -0.01595
       0.231     -0.01595
      0.2461     -0.01595
      0.2537      0.00331
      0.2688     -0.01595
      0.2764     -0.01595
      0.2915      0.02257
       0.299      0.08034
      0.3066       0.1189
      0.3142       0.1381
      0.3293       0.1766
      0.3444       0.1574
       0.352      0.09959
      0.3595      0.02257
      0.3671      -0.0352
      0.3746     -0.09297
      0.3822      -0.1315
      0.3897        -0.17
      0.3973      -0.2085
      0.4049      -0.2663
      0.4124      -0.3048
      0.4275      -0.3433
      0.4351      -0.3048
      0.4427      -0.2855
      0.4502       -0.247
      0.4578      -0.1893
      0.4653      -0.1507
      0.4729     -0.09297
       0.488      -0.0352
      0.4956      0.00331
      0.5031      0.02257
      0.5107      0.06108
      0.5182       0.1189
      0.5258       0.1574
      0.5334       0.1959
      0.5409       0.2344
       0.556       0.2729
      0.5636       0.2536
      0.5712       0.2151
      0.5863       0.1766
      0.5938       0.1574
      0.6014       0.1766
      0.6241       0.1574
      0.6316       0.1381
      0.6392       0.1574
      0.6543       0.1766
      0.6619       0.1766
      0.6694       0.1574
      0.6845      0.09959
      0.6921      0.06108
      0.7072      0.04182
      0.7148      0.00331
      0.7223     -0.01595
      0.7374     -0.07372
       0.745     -0.09297
      0.7526     -0.07372
      0.7677      -0.0352
      0.7752     -0.01595
      0.7904      0.04182
      0.7979      0.06108
       0.813       0.1189
      0.8206       0.1189
      0.8281      0.08034
      0.8357      0.04182
      0.8433      0.00331
      0.8508      -0.0352
      0.8584     -0.07372
      0.8735      -0.1122
      0.8811     -0.09297
      0.8962     -0.05446
      0.9037      -0.0352
      0.9113      0.00331
      0.9188      0.04182
      0.9264      0.08034
      0.9415       0.1189
      0.9491       0.1381
      0.9566       0.1574
      0.9718       0.1574
      0.9793       0.1574
      0.9944       0.1381
       1.002      0.09959
        1.01      0.06108
       1.017     -0.01595
       1.025     -0.05446
       1.032     -0.07372
       1.047     -0.09297
       1.055     -0.09297
       1.062      -0.1122
        1.07      -0.1507
       1.078      -0.1893
       1.085      -0.2085
         1.1      -0.2663
       1.108      -0.2663
       1.115       -0.247
       1.123      -0.2085
        1.13      -0.1507
       1.138     -0.09297
       1.146     -0.01595
       1.153      0.06108
       1.153      0.00331
       1.161      0.09959
       1.176       0.1189
       1.183      0.09959
       1.191      0.06108
       1.199      0.04182
       1.214      0.04182
       1.221      0.04182
       1.236      0.06108
       1.244      0.08034
       1.259      0.09959
       1.267       0.1381
       1.282       0.1574
       1.289       0.1766
       1.304       0.1766
       1.312       0.1766
       1.327       0.1189
       1.335      0.08034
       1.342      0.04182
       1.357      0.00331
       1.365      0.06108
       1.372      0.08034
       1.387       0.1381
       1.395       0.1574
        1.41       0.1766
       1.418       0.1766
       1.425       0.1766
       1.433       0.1189
        1.44      0.08034
       1.448      0.02257
       1.456      -0.0352
       1.463     -0.09297
       1.471      -0.1122
       1.486      -0.1122
       1.493     -0.09297
       1.508      -0.1315
       1.516      -0.1507
       1.531        -0.17
       1.539      -0.1507
       1.554     -0.07372
       1.561     -0.05446
       1.569     -0.01595
       1.576      0.00331
       1.584      0.04182
       1.592      0.08034
       1.607      0.09959
       1.614      0.08034
       1.622      0.04182
       1.629     -0.01595
       1.637     -0.07372
       1.652      -0.1315
        1.66      -0.1315
       1.675      -0.1315
       1.682     -0.09297
        1.69     -0.05446
       1.697      -0.0352
       1.705     -0.01595
       1.713     -0.05446
        1.72     -0.09297
       1.735      -0.1315
        1.75     -0.07372
       1.758     -0.05446
       1.773      0.04182
       1.773      0.00331
       1.781      0.06108
       1.796       0.1381
       1.803       0.1574
       1.811       0.1959
       1.818       0.2151
       1.826       0.2536
       1.833       0.2922
       1.849       0.3307
       1.856       0.3307
       1.864       0.2922
       1.871       0.2536
       1.879       0.2151
       1.886       0.1766
       1.894       0.1574
       1.909       0.1189
       1.917      0.09959
       1.939       0.1189
       1.947       0.1189
       1.954       0.1189
        1.97      0.06108
       1.977      0.04182
       1.985      0.00331
       1.992      -0.0352
       2.007     -0.07372
       2.015      -0.1122
       2.022      -0.1315
        2.03        -0.17
       2.038      -0.2278
       2.045      -0.3048
       2.053      -0.3818
        2.06      -0.4396
       2.075      -0.4781
       2.083      -0.4781
        2.09      -0.4589
       2.106      -0.4203
       2.113      -0.3626
       2.121      -0.3048
       2.128      -0.2278
       2.136        -0.17
       2.143     -0.09297
       2.151      0.04182
       2.151     -0.01595
       2.158      0.08034
       2.166       0.1574
       2.174       0.1959
       2.189       0.2151
       2.196       0.2536
       2.211       0.2922
       2.226       0.3499
       2.234       0.3499
       2.249       0.3114
       2.257       0.2922
       2.272       0.2344
       2.287       0.1959
       2.295       0.1959
        2.31       0.1381
       2.317      0.09959
       2.325      0.02257
       2.332     -0.05446
        2.34      -0.1507
       2.347      -0.2278
       2.355      -0.2855
       2.363      -0.3433
        2.37      -0.3626
       2.385      -0.3433
       2.393      -0.2855
         2.4      -0.2085
       2.408      -0.1122
       2.415      -0.0352
       2.423      0.08034
       2.431       0.1574
       2.438       0.2536
       2.446       0.3307
       2.453       0.4077
       2.461       0.4462
       2.468       0.4655
       2.483       0.4077
       2.491       0.3692
       2.499       0.3307
       2.514       0.3114
       2.521       0.3114
       2.536       0.2729
       2.544       0.2151
       2.552       0.1189
       2.559      0.02257
       2.567     -0.05446
       2.574      -0.1122
       2.582        -0.17
       2.589      -0.2085
       2.604      -0.2663
       2.612      -0.2663
       2.627      -0.2663
       2.635       -0.247
       2.642      -0.2085
        2.65      -0.1893
       2.665      -0.1315
       2.672     -0.09297
        2.68      -0.0352
       2.688      0.02257
       2.695      0.08034
       2.703      0.08034
        2.71      0.00331
       2.718      -0.0352
       2.725      -0.1122
       2.733        -0.17
       2.748        -0.17
       2.756      -0.1315
       2.763     -0.09297
       2.771     -0.05446
       2.778     -0.01595
       2.786      0.02257
       2.793      0.08034
       2.801       0.1189
       2.816       0.1381
       2.824       0.1189
       2.839       0.1189
       2.846       0.1189
       2.861      0.08034
       2.869      0.08034
       2.884      0.09959
       2.892      0.09959
       2.899       0.1189
       2.914       0.1189
       2.922      0.09959
       2.929      0.06108
       2.937      0.00331
       2.952      -0.0352
        2.96      -0.0352
       2.975     -0.07372
       2.982      -0.1122
        2.99      -0.1507
       2.997      -0.1893
       3.005       -0.247
       3.013      -0.3048
       3.028      -0.3433
       3.035      -0.3241
        3.05       -0.247
       3.058      -0.1893
       3.066      -0.1122
       3.073      -0.0352
       3.081      0.06108
       3.081      0.00331
       3.088      0.08034
       3.103      0.09959
       3.111      0.09959
       3.126      0.08034
       3.134      0.08034
       3.149       0.1189
       3.164       0.1189
       3.171       0.1381
       3.179       0.1574
       3.186       0.2151
       3.194       0.2729
       3.202       0.3499
       3.209       0.4077
       3.217       0.3884
       3.224       0.3499
       3.232       0.2729
       3.239       0.1959
       3.247       0.1381
       3.254      0.09959
       3.262      0.06108
       3.277      0.02257
       3.285      0.00331
       3.292      0.00331
         3.3      -0.0352
       3.307     -0.07372
       3.315     -0.09297
        3.33      -0.1122
       3.338     -0.09297
       3.345     -0.07372
        3.36     -0.07372
       3.368     -0.09297
       3.383      -0.1315
       3.391      -0.1315
       3.406      -0.1122
       3.413     -0.09297
       3.421     -0.07372
       3.428     -0.01595
       3.436      0.02257
       3.443      0.08034
       3.451       0.1381
       3.459       0.2151
       3.466       0.2922
       3.474       0.3499
       3.481       0.3307
       3.489       0.2922
       3.496       0.2344
       3.504       0.1574
       3.511      0.08034
       3.519     -0.01595
       3.527     -0.07372
       3.534      -0.1122
       3.549      -0.1507
       3.557      -0.1315
       3.572      -0.1122
       3.579      -0.1122
       3.595     -0.05446
       3.602     -0.01595
        3.61      0.06108
       3.617      0.09959
       3.625       0.1381
       3.632       0.1574
       3.648       0.1574
       3.655       0.1766
        3.67       0.1381
       3.678      0.09959
       3.685      0.06108
       3.685      0.00331
       3.693     -0.01595
       3.708     -0.01595
       3.716      0.00331
       3.723      0.06108
       3.738      0.04182
       3.746     -0.01595
       3.753     -0.05446
       3.761      -0.1122
       3.768        -0.17
       3.784      -0.1893
       3.791      -0.1507
       3.806      -0.1315
       3.814      -0.1122
       3.829     -0.09297
       3.836     -0.05446
       3.844     -0.01595
       3.859      0.00331
       3.867      0.00331
       3.882      0.00331
       3.889      0.04182
       3.897      0.08034
       3.905       0.1189
       3.912       0.1766
        3.92       0.2151
       3.927       0.2344
       3.935       0.2729
        3.95       0.3114
       3.957       0.3307
       3.973       0.3499
        3.98       0.3114
       3.988       0.2729
       3.995       0.2344
       4.003       0.1959
        4.01       0.1189
       4.018      0.06108
       4.018      0.00331
       4.025     -0.05446
       4.033      -0.1507
       4.041      -0.2278
       4.048      -0.3048
       4.056      -0.3626
       4.071      -0.4011
       4.078      -0.4203
       4.093      -0.4203
       4.109      -0.3818
       4.116      -0.3626
       4.131      -0.3241
       4.139      -0.2855
       4.146      -0.2278
       4.154        -0.17
       4.162     -0.09297
       4.169      -0.0352
       4.177      0.00331
       4.184      0.04182
       4.192      0.06108
       4.207      0.06108
       4.214      0.04182
       4.222      0.00331
        4.23      0.00331
       4.237      0.02257
       4.245      0.06108
       4.252       0.1189
        4.26       0.1766
       4.267       0.2344
       4.282       0.2922
        4.29       0.2729
       4.298       0.2536
       4.305       0.2151
       4.313       0.1766
       4.328       0.1189
       4.335       0.1189
       4.343       0.1189
       4.358      0.09959
       4.366      0.09959
       4.381       0.1381
       4.388       0.1766
       4.396       0.2151
       4.403       0.2536
       4.419       0.2729
       4.426       0.2344
       4.434       0.1959
       4.441       0.1381
       4.449      0.08034
       4.464      0.04182
       4.471      0.04182
       4.487      0.02257
       4.494      0.00331
       4.509     -0.01595
       4.524     -0.05446
       4.532     -0.07372
       4.539      -0.1315
       4.547        -0.17
       4.555      -0.2085
       4.562       -0.247
       4.577      -0.2085
       4.585        -0.17
       4.592      -0.1122
         4.6     -0.07372
       4.607      -0.0352
       4.615      0.00331
        4.63      0.04182
       4.638      0.06108
       4.653      0.06108
        4.66      0.06108
       4.668      0.06108
       4.683      0.00331
       4.691      0.00331
       4.698      -0.0352
       4.706     -0.07372
       4.721     -0.09297
       4.728     -0.09297
       4.744     -0.07372
       4.759     -0.01595
       4.766      0.06108
       4.766      0.00331
       4.774      0.09959
       4.781       0.1766
       4.789       0.2151
       4.804       0.2536
       4.812       0.2151
       4.819       0.1574
       4.827      0.09959
       4.834      0.06108
       4.842      0.04182
       4.849      0.00331
       4.857      0.00331
       4.872     -0.05446
        4.88     -0.09297
       4.887      -0.1315
       4.902      -0.1507
        4.91      -0.1315
       4.917     -0.07372
       4.925      -0.0352
       4.932      0.04182
       4.932      0.00331
        4.94      0.06108
       4.948       0.1189
       4.955       0.1381
        4.97       0.1189
       4.978      0.08034
       4.993      0.02257
       5.001     -0.01595
       5.008     -0.05446
       5.023      -0.1122
       5.031      -0.1315
       5.046        -0.17
       5.053        -0.17
       5.061      -0.1507
       5.069      -0.1315
       5.076     -0.09297
       5.084     -0.05446
       5.091     -0.01595
       5.099      0.02257
       5.106      0.06108
       5.114       0.1189
       5.121       0.1574
       5.129       0.1959
       5.137       0.2344
       5.144       0.2536
       5.159       0.2922
       5.167       0.2922
       5.174       0.2536
       5.182       0.2151
       5.189       0.1574
       5.197      0.09959
       5.212      0.04182
       5.227      0.04182
       5.235      0.08034
        5.25      0.06108
       5.258     -0.01595
       5.265     -0.09297
       5.273      -0.1893
        5.28      -0.2855
       5.288      -0.3433
       5.295      -0.4011
        5.31      -0.4011
       5.318      -0.3433
       5.326      -0.2855
       5.333      -0.2278
       5.341      -0.1507
       5.348      -0.1122
       5.356     -0.05446
       5.363     -0.01595
       5.378      0.00331
       5.386      0.04182
       5.394      0.06108
       5.401      0.09959
       5.409       0.1574
       5.416       0.1959
       5.424       0.2344
       5.439       0.2729
       5.446       0.2729
       5.454       0.2729
       5.462       0.2344
       5.469       0.1959
       5.477       0.1766
       5.492       0.1381
       5.499       0.1189
       5.515       0.1189
        5.53      0.08034
       5.537      0.06108
       5.552      0.00331
        5.56      0.00331
       5.575      0.04182
        5.59      0.04182
       5.598      0.06108
       5.613      0.08034
        5.62      0.08034
       5.635      0.09959
       5.643      0.09959
       5.658       0.1189
       5.673       0.1381
       5.681       0.1381
       5.688       0.1766
       5.703       0.1959
       5.711       0.1959
       5.726       0.1381
       5.734      0.09959
       5.741      0.06108
       5.741      0.00331
       5.749      -0.0352
       5.756      -0.1315
       5.764      -0.1893
       5.779      -0.2278
       5.787       -0.247
       5.802      -0.3048
       5.809      -0.3048
       5.817      -0.2855
       5.824      -0.2278
       5.832        -0.17
        5.84     -0.09297
       5.847     -0.01595
       5.855      0.08034
       5.862       0.1189
        5.87       0.1574
       5.877       0.1766
       5.892       0.1766
         5.9       0.1959
       5.908       0.2151
       5.915       0.2536
       5.923       0.3114
        5.93       0.3499
       5.945       0.4077
       5.953       0.3884
        5.96       0.3692
       5.968       0.3307
       5.976       0.2536
       5.983       0.1574
       5.991      0.08034
       5.998      0.04182
       5.998     -0.01595
       6.006     -0.05446
       6.013      -0.1315
       6.021      -0.1893
       6.029      -0.2278
       6.029      -0.2855
       6.036      -0.3241
       6.044      -0.3818
       6.044      -0.4203
       6.051      -0.4396
       6.066      -0.4589
       6.074      -0.4589
       6.081      -0.4203
       6.089      -0.4011
       6.097      -0.3433
       6.104      -0.2855
       6.112       -0.247
       6.119      -0.2085
       6.134      -0.1893
       6.142        -0.17
       6.149      -0.1507
       6.157     -0.09297
       6.165     -0.05446
       6.172      0.00331
       6.187      0.04182
       6.195      0.04182
       6.202      0.06108
       6.217      0.08034
       6.225      0.09959
        6.24      0.09959
       6.248      0.08034
       6.255      0.08034
        6.27      0.04182
       6.278      0.00331
       6.285      0.00331
       6.301      -0.0352
       6.308      -0.0352
       6.323      -0.0352
       6.331     -0.01595
       6.346      0.02257
       6.354      0.06108
       6.361      0.08034
       6.376       0.1381
       6.384       0.1381
       6.391       0.1381
       6.406       0.1189
       6.414       0.1189
       6.422       0.1189
       6.429      0.08034
       6.444      0.04182
       6.452      0.04182
       6.459      0.06108
       6.467      0.09959
       6.474       0.1381
       6.482       0.1959
        6.49       0.2344
       6.497       0.2729
       6.512       0.2729
        6.52       0.2536
       6.535       0.2536
        6.55       0.2151
       6.558       0.1574
       6.565      0.08034
       6.573      -0.0352
        6.58      -0.1122
       6.588        -0.17
       6.603      -0.1893
       6.611      -0.1507
       6.618      -0.1122
       6.626     -0.05446
       6.641      0.00331
       6.648      0.06108
       6.663      0.08034
       6.671      0.08034
       6.686      0.04182
       6.694      0.02257
       6.709      0.00331
       6.724      -0.0352
       6.731     -0.01595
       6.747      0.02257
       6.762      0.08034
       6.769       0.1189
       6.784       0.1189
       6.792      0.09959
       6.799      0.06108
       6.807      0.04182
       6.807     -0.01595
       6.815     -0.07372
       6.822      -0.1507
        6.83      -0.2085
       6.837       -0.247
       6.845      -0.2663
       6.852       -0.247
       6.868      -0.1893
       6.875        -0.17
       6.883      -0.1122
        6.89     -0.07372
       6.898     -0.01595
       6.905      0.02257
       6.913      0.06108
       6.928      0.09959
       6.936       0.1189
       6.951      0.08034
       6.958      0.00331
       6.966      -0.0352
       6.973      -0.1122
       6.981      -0.1893
       6.988      -0.2855
       6.996      -0.3433
       7.004      -0.3818
       7.011      -0.3626
       7.019      -0.3241
       7.026      -0.2663
       7.034      -0.1893
       7.041      -0.1122
       7.049     -0.05446
       7.056      0.04182
       7.056     -0.01595
       7.064      0.08034
       7.072       0.1381
       7.079       0.1959
       7.087       0.2344
       7.094       0.2536
       7.102       0.2536
       7.109       0.1959
       7.117       0.1574
       7.125      0.09959
       7.132      0.06108
       7.155      0.02257
       7.162      0.02257
       7.177      0.06108
       7.185      0.08034
       7.193       0.1381
         7.2       0.1766
       7.208       0.2151
       7.215       0.2536
       7.223       0.2922
       7.238       0.2729
       7.245       0.2536
       7.261       0.2344
       7.268       0.2536
       7.283       0.2922
       7.291       0.3114
       7.306       0.3499
       7.329       0.3114
       7.336       0.2729
       7.351       0.2151
       7.359       0.1959
       7.366       0.1574
       7.374       0.1189
       7.382      0.06108
       7.382      0.00331
       7.389     -0.01595
       7.397     -0.09297
       7.404      -0.1507
       7.412      -0.2278
       7.419      -0.2663
       7.427      -0.3241
       7.434      -0.3818
       7.442      -0.4396
        7.45      -0.4589
       7.457      -0.4396
       7.465      -0.4011
       7.472      -0.3433
        7.48      -0.3048
       7.487      -0.2663
       7.495      -0.2278
       7.502      -0.1893
        7.51      -0.1507
       7.518      -0.1122
       7.525     -0.09297
       7.533     -0.05446
       7.548     -0.01595
       7.555      0.02257
       7.563      0.06108
       7.578       0.1381
       7.586       0.1574
       7.601       0.1766
       7.608       0.1766
       7.623       0.1189
       7.631      0.08034
       7.638      0.06108
       7.654      0.02257
       7.661      0.00331
       7.676     -0.05446
       7.684     -0.09297
       7.699      -0.1507
       7.707      -0.1893
       7.722       -0.247
       7.729       -0.247
       7.737      -0.2278
       7.752      -0.2085
       7.759      -0.2278
       7.767      -0.2855
       7.775      -0.3241
       7.782      -0.3626
       7.797      -0.3626
       7.805      -0.3433
       7.812      -0.2855
        7.82      -0.2085
       7.827      -0.1315
       7.835      -0.0352
       7.843      0.08034
       7.843      0.00331
        7.85       0.1574
       7.858       0.2536
       7.865       0.3499
       7.873        0.427
        7.88       0.4847
       7.888       0.5232
       7.895        0.581
       7.903       0.6388
       7.911       0.6773
       7.918       0.7158
       7.926       0.7158
       7.933        0.658
       7.941        0.581
       7.941        0.504
       7.948       0.4462
       7.956       0.3307
       7.964       0.2344
       7.971       0.1381
       7.979      0.08034
       7.986     -0.01595
       7.994     -0.05446
       8.001     -0.09297
       8.009      -0.1122
       8.024      -0.1122
       8.032      -0.1122
       8.047      -0.1315
       8.054      -0.1507
       8.069        -0.17
       8.077      -0.1893
       8.092        -0.17
         8.1      -0.1507
       8.107      -0.1122
       8.115     -0.05446
       8.122      0.00331
        8.13      0.06108
       8.145      0.09959
       8.152      0.08034
       8.168     -0.01595
       8.175     -0.07372
       8.183      -0.1507
        8.19      -0.2278
       8.205      -0.2085
       8.213      -0.1507
       8.221     -0.09297
       8.228     -0.05446
       8.243      0.00331
       8.251      0.00331
       8.266      0.04182
       8.273      0.06108
       8.289      0.09959
       8.296       0.1189
       8.304      0.08034
       8.319      0.00331
       8.326      -0.0352
       8.341     -0.07372
       8.349     -0.07372
       8.364     -0.09297
       8.372      -0.1122
       8.387      -0.1507
       8.394        -0.17
       8.409      -0.2085
       8.417      -0.2278
       8.425      -0.2278
        8.44      -0.1507
       8.447     -0.09297
       8.455     -0.01595
       8.462      0.06108
       8.462      0.00331
        8.47      0.08034
       8.478      0.09959
       8.493       0.1574
         8.5       0.1766
       8.515       0.1574
       8.523       0.1381
        8.53       0.1574
       8.538       0.1766
       8.546       0.2344
       8.553       0.3114
       8.561       0.3499
       8.568       0.3884
       8.583       0.4462
       8.591       0.4655
       8.606       0.4847
       8.614       0.4847
       8.621       0.4847
       8.629        0.427
       8.636       0.3499
       8.644       0.2729
       8.651       0.1959
       8.659       0.1189
       8.666      0.06108
       8.674      0.00331
       8.682      -0.0352
       8.689     -0.09297
       8.697      -0.1507
       8.704      -0.1893
       8.712      -0.2085
       8.727       -0.247
       8.735      -0.2278
        8.75      -0.1893
       8.757      -0.1507
       8.765      -0.1315
       8.772     -0.09297
        8.78     -0.05446
       8.795     -0.05446
       8.803     -0.05446
       8.818      -0.0352
       8.825     -0.01595
        8.84      0.02257
       8.855      0.02257
       8.871      -0.0352
       8.878     -0.09297
       8.886      -0.1315
       8.893      -0.1893
       8.901      -0.2278
       8.916      -0.2278
       8.923      -0.2085
       8.931        -0.17
       8.946      -0.1315
       8.961      -0.1507
       8.976      -0.1893
