     0.01181     -0.09719
     0.01937     -0.07673
     0.03448     -0.09719
     0.04203     -0.09719
     0.04959     -0.05627
     0.05714     -0.03581
      0.0647     0.005115
     0.07225      0.02558
     0.08736      0.02558
     0.09492      0.04604
      0.1025       0.0665
      0.1176       0.1074
      0.1251       0.1074
      0.1402       0.1074
      0.1478       0.1483
      0.1629       0.1688
      0.1705       0.1893
      0.1856       0.2097
      0.1931       0.2302
      0.2082       0.1688
      0.2158       0.1279
      0.2234       0.0665
      0.2385      0.02558
       0.246     0.005115
      0.2611     -0.03581
      0.2687     -0.05627
      0.2838     -0.05627
      0.2913     -0.03581
      0.3065     0.005115
       0.314     0.005115
      0.3291     -0.01535
      0.3442     -0.05627
      0.3518     -0.09719
      0.3669      -0.1381
      0.3745      -0.1586
      0.3896      -0.1586
      0.3971      -0.1586
      0.4122      -0.1381
      0.4273     -0.09719
      0.4424     -0.03581
        0.45     -0.01535
      0.4651     0.005115
      0.4727     0.005115
      0.4878     -0.01535
      0.4953     -0.01535
      0.5104     -0.03581
       0.518     -0.01535
      0.5331     0.005115
      0.5407      0.02558
      0.5633      0.04604
      0.5709      0.04604
       0.586      0.04604
      0.5936      0.04604
      0.6087      0.04604
      0.6162       0.0665
      0.6238      0.08696
      0.6389       0.1483
      0.6464       0.1893
      0.6615       0.2302
      0.6691       0.2302
      0.6767       0.2711
      0.6918       0.3325
      0.6993       0.3529
      0.7144       0.3529
       0.722       0.3325
      0.7371        0.312
      0.7447        0.312
      0.7598       0.2916
      0.7673       0.2916
      0.7824       0.2506
        0.79       0.2097
      0.7975       0.1688
      0.8051       0.1279
      0.8126      0.08696
      0.8202       0.0665
      0.8353      0.02558
      0.8429     0.005115
      0.8504     0.005115
      0.8655     -0.01535
      0.8731     -0.01535
      0.8806     -0.01535
      0.8958     -0.05627
      0.9033     -0.09719
      0.9184      -0.1381
       0.926      -0.1381
      0.9335      -0.1381
      0.9486       -0.179
      0.9562      -0.1381
      0.9637     -0.07673
      0.9713     -0.07673
      0.9864     -0.07673
       0.994     -0.03581
       1.009     0.005115
       1.017      0.02558
       1.032     0.005115
       1.039     -0.01535
       1.047     -0.05627
       1.054     -0.07673
        1.07      -0.1176
       1.077      -0.1176
       1.092      -0.1176
         1.1      -0.1176
       1.115      -0.1176
       1.122      -0.1176
        1.13     -0.09719
       1.145     -0.03581
       1.153     -0.03581
       1.168     -0.01535
       1.183     -0.03581
        1.19     -0.05627
       1.198     -0.05627
       1.213     -0.07673
       1.221     -0.09719
       1.236     -0.09719
       1.243     -0.09719
       1.251     -0.09719
       1.266      -0.1381
       1.274      -0.1381
       1.281      -0.1176
       1.289     -0.07673
       1.296     -0.05627
       1.311     -0.03581
       1.319     -0.01535
       1.334      0.02558
       1.342      0.04604
       1.357      0.04604
       1.364      0.04604
       1.379      0.04604
       1.387       0.0665
       1.402      0.08696
       1.409      0.08696
       1.417       0.1074
       1.432       0.1483
        1.44       0.1483
       1.455       0.1483
        1.47       0.1074
       1.477      0.08696
       1.493      0.02558
         1.5     0.005115
       1.508     0.005115
       1.523     -0.01535
        1.53     0.005115
       1.545     0.005115
       1.561     0.005115
       1.576     -0.01535
       1.591     -0.05627
       1.598     -0.05627
       1.606     -0.03581
       1.621     -0.03581
       1.629     -0.03581
       1.644     -0.03581
       1.651     -0.01535
       1.666     -0.01535
       1.674     -0.01535
       1.681     -0.01535
       1.697     -0.03581
       1.704     0.005115
       1.712      0.02558
       1.719      0.08696
       1.727       0.1279
       1.734       0.1688
       1.749       0.2097
       1.757       0.2097
       1.765       0.2097
        1.78       0.1688
       1.787       0.1483
       1.802       0.1279
       1.817       0.1074
       1.825       0.1074
       1.833       0.1074
       1.848      0.08696
       1.855       0.0665
        1.87      0.02558
       1.878     0.005115
       1.893     -0.05627
       1.901     -0.07673
       1.916     -0.09719
       1.923      -0.1176
       1.931      -0.1176
       1.946      -0.1381
       1.953      -0.1381
       1.961     -0.05627
       1.976      -0.1176
       1.984     -0.09719
       1.991     -0.07673
       1.999     -0.01535
       2.006     -0.01535
       2.014     -0.01535
       2.029     -0.05627
       2.037     -0.09719
       2.052      -0.1176
       2.067     -0.09719
       2.074     -0.07673
       2.082     -0.05627
       2.097     0.005115
       2.105      0.04604
        2.12       0.0665
       2.127       0.0665
       2.142      0.08696
       2.157      0.08696
       2.165      0.08696
        2.18       0.0665
       2.188      0.08696
       2.203       0.1074
        2.21       0.1074
       2.225       0.1074
       2.241      0.08696
       2.248       0.0665
       2.263      0.02558
       2.271     0.005115
       2.278     0.005115
       2.293     0.005115
       2.301      0.04604
       2.316       0.0665
       2.324       0.0665
       2.339      0.02558
       2.346      0.04604
       2.361      0.08696
       2.369      0.08696
       2.384      0.08696
       2.399      0.08696
       2.407       0.1279
       2.422       0.1688
       2.429       0.1688
       2.437       0.1688
       2.445       0.1279
       2.452       0.1074
       2.467       0.0665
       2.475       0.0665
        2.49       0.0665
       2.505      0.04604
       2.513      0.02558
        2.52      0.02558
       2.535     -0.05627
       2.543     -0.09719
        2.55      -0.1381
       2.558       -0.179
       2.573      -0.1995
       2.581      -0.1995
       2.588       -0.179
       2.603      -0.1381
       2.611      -0.1381
       2.626      -0.1176
       2.633     -0.09719
       2.649     -0.05627
       2.656     -0.03581
       2.671     0.005115
       2.679      0.04604
       2.694      0.04604
       2.701      0.04604
       2.717     0.005115
       2.724     0.005115
       2.732      0.02558
       2.747      0.04604
       2.754      0.02558
       2.769     0.005115
       2.777     0.005115
       2.792     -0.01535
         2.8     -0.01535
       2.815     -0.03581
       2.822     -0.03581
        2.83     -0.01535
       2.845      0.02558
       2.853      0.02558
       2.868      0.02558
       2.883      0.02558
        2.89      0.04604
       2.905      0.08696
       2.921       0.1279
       2.928       0.1279
       2.943       0.1279
       2.958       0.1688
       2.973       0.1074
       2.981      0.08696
       2.996       0.0665
       3.004      0.04604
       3.019      0.02558
       3.026      0.04604
       3.041       0.0665
       3.049       0.0665
       3.064      0.08696
       3.079      0.08696
       3.087       0.1074
       3.102       0.1279
       3.117       0.1279
       3.124       0.1279
        3.14      0.08696
       3.147       0.0665
       3.162     0.005115
        3.17     -0.01535
       3.177     0.005115
       3.192     0.005115
         3.2     0.005115
       3.215     -0.03581
       3.223     -0.05627
        3.23     -0.05627
       3.245     -0.09719
       3.253      -0.1176
       3.268      -0.1381
       3.276      -0.1381
       3.291      -0.1176
       3.306     -0.07673
       3.313     -0.05627
       3.328     -0.01535
       3.336     -0.01535
       3.344     0.005115
       3.359      0.02558
       3.366      0.04604
       3.374      0.08696
       3.381      0.08696
       3.389       0.1074
       3.404      0.08696
       3.412      0.08696
       3.427       0.0665
       3.434      0.04604
       3.442      0.02558
       3.457     -0.03581
       3.464     -0.03581
        3.48     -0.03581
       3.487     -0.03581
       3.495     -0.01535
        3.51     0.005115
       3.517     0.005115
       3.532     0.005115
       3.555     -0.03581
       3.563     -0.05627
       3.578     -0.05627
       3.585     -0.05627
         3.6     -0.05627
       3.608     -0.05627
       3.623     -0.01535
       3.638      0.04604
       3.646      0.08696
       3.653       0.1279
       3.661       0.1893
       3.676       0.1893
       3.684       0.1688
       3.699       0.1483
       3.706       0.1074
       3.721       0.0665
       3.729      0.04604
       3.736       0.0665
       3.759       0.1074
       3.767       0.1074
       3.782       0.1483
       3.797       0.1074
       3.804      0.08696
        3.82       0.0665
       3.835      0.02558
       3.842     0.005115
       3.857     -0.01535
       3.865     -0.03581
        3.88     -0.05627
       3.888     -0.05627
       3.895     -0.05627
        3.91     -0.05627
       3.918     -0.05627
       3.933     -0.05627
        3.94     -0.05627
       3.956     -0.01535
       3.971     -0.03581
       3.978     -0.05627
       3.993     -0.07673
       4.001     -0.07673
       4.016     -0.09719
       4.024     -0.09719
       4.039     -0.07673
       4.054     -0.07673
       4.061     -0.09719
       4.076     -0.07673
       4.092     -0.07673
       4.099     -0.05627
       4.107     -0.03581
       4.122     0.005115
       4.129      0.02558
       4.137       0.0665
       4.144      0.08696
        4.16       0.1279
       4.167       0.1279
       4.182       0.1074
        4.19       0.1074
       4.197       0.1074
       4.212       0.1074
        4.22       0.1074
       4.235      0.08696
       4.243       0.0665
        4.25       0.0665
       4.265      0.04604
       4.273      0.04604
       4.288      0.08696
       4.303      0.08696
       4.311      0.08696
       4.318       0.0665
       4.333     0.005115
       4.341     -0.01535
       4.356     -0.05627
       4.364     -0.05627
       4.379     -0.05627
       4.386     -0.03581
       4.401     -0.03581
       4.409     -0.03581
       4.424     -0.03581
       4.432     -0.01535
       4.447      0.04604
       4.454       0.0665
       4.469      0.08696
       4.477      0.08696
       4.492      0.04604
         4.5      0.04604
       4.515      0.02558
       4.522      0.02558
       4.537      0.04604
       4.545      0.02558
        4.56      0.02558
       4.568      0.02558
       4.583      0.04604
        4.59       0.0665
       4.605      0.08696
       4.613      0.08696
        4.62       0.1074
       4.636       0.1279
       4.643       0.1279
       4.658       0.1074
       4.666      0.08696
       4.673      0.08696
       4.688      0.04604
       4.696      0.02558
       4.711      0.02558
       4.726      0.04604
       4.734       0.0665
       4.741       0.1074
       4.749       0.1279
       4.764       0.1074
       4.779       0.0665
       4.787      0.02558
       4.802     -0.03581
       4.809     -0.07673
       4.824      -0.1176
       4.832      -0.1381
       4.847      -0.1176
       4.855     -0.09719
        4.87     -0.07673
       4.877     -0.07673
       4.885     -0.05627
         4.9     -0.01535
       4.915      0.02558
       4.923     0.005115
        4.93     -0.03581
       4.945     -0.07673
       4.953     -0.05627
       4.968      -0.1176
       4.983      -0.1381
       4.991      -0.1381
       4.998      -0.1176
       5.013     -0.07673
       5.021     -0.07673
       5.036     -0.05627
       5.043     -0.05627
       5.051     -0.03581
       5.066     -0.01535
       5.074     0.005115
       5.089      0.04604
       5.096      0.08696
       5.104       0.1279
       5.111       0.1688
       5.119       0.1893
       5.127       0.2097
       5.142       0.1893
       5.149       0.1688
       5.157       0.1688
       5.172       0.1483
       5.179       0.1279
       5.195      0.08696
       5.202       0.0665
       5.217      0.02558
       5.232     -0.03581
        5.24     -0.05627
       5.255     -0.05627
       5.263     -0.05627
        5.27     -0.05627
       5.285     -0.07673
       5.293     -0.07673
       5.308     -0.07673
       5.315     -0.07673
       5.331     -0.07673
       5.338     -0.07673
       5.353     -0.05627
       5.361     -0.05627
       5.376     -0.01535
       5.383     0.005115
       5.391      0.04604
       5.406       0.1074
       5.414       0.1483
       5.421       0.1893
       5.429       0.2506
       5.436        0.312
       5.444       0.3325
       5.451       0.3325
       5.459       0.2916
       5.467       0.2302
       5.474       0.1893
       5.482       0.1483
       5.489       0.1279
       5.504       0.1074
       5.512      0.08696
       5.527      0.04604
       5.535     0.005115
       5.542     0.005115
       5.557     -0.01535
       5.565     -0.03581
       5.572     -0.07673
       5.587      -0.1176
       5.595     -0.09719
        5.61     -0.07673
       5.618     -0.07673
       5.633     -0.07673
        5.64     -0.07673
       5.648     -0.05627
       5.663     -0.05627
       5.671     -0.03581
       5.686     -0.01535
       5.693     -0.01535
       5.708     -0.01535
       5.716     0.005115
       5.731      0.02558
       5.739      0.02558
       5.754      0.04604
       5.761       0.0665
       5.776       0.1074
       5.791      0.04604
       5.799     -0.01535
       5.814     -0.07673
       5.822     -0.07673
       5.829     -0.03581
       5.837     -0.01535
       5.852      0.04604
       5.859      0.04604
       5.875      0.04604
        5.89     0.005115
       5.897     0.005115
       5.912     0.005115
        5.92     0.005115
       5.935     0.005115
       5.943     0.005115
        5.95      0.02558
       5.965      0.02558
       5.973     0.005115
        5.98     0.005115
       5.995      0.02558
       6.003      0.04604
       6.011       0.0665
       6.026       0.0665
       6.033       0.0665
       6.048       0.1074
       6.056       0.1279
       6.063       0.1483
       6.079       0.1483
       6.086       0.1483
       6.101       0.1279
       6.109       0.1279
       6.116       0.1279
       6.124      0.08696
       6.139      0.02558
       6.147     -0.01535
       6.162     -0.05627
       6.169     -0.05627
       6.184     -0.05627
       6.192     -0.05627
       6.207     -0.05627
       6.222     -0.05627
        6.23     -0.03581
       6.245     -0.01535
       6.252     -0.01535
       6.267     -0.01535
       6.275     0.005115
        6.29     0.005115
       6.298      0.02558
       6.313      0.02558
        6.32      0.02558
       6.335      0.02558
       6.343      0.04604
       6.351       0.0665
       6.366      0.08696
       6.373       0.1279
       6.388       0.1688
       6.396       0.1688
       6.403       0.1688
       6.419       0.1279
       6.426       0.1074
       6.441       0.1074
       6.449       0.1074
       6.464       0.1074
       6.471       0.1074
       6.479       0.1074
       6.494       0.1074
       6.502       0.1279
       6.517       0.1483
       6.524       0.1688
       6.539       0.1483
       6.547       0.1279
       6.555      0.08696
        6.57      0.04604
       6.577      0.04604
       6.585      0.04604
       6.592     0.005115
         6.6     -0.05627
       6.607      -0.1381
       6.615      -0.2199
       6.622      -0.3018
        6.63      -0.3632
       6.638      -0.4041
       6.645      -0.4246
       6.653      -0.4041
       6.668      -0.3632
       6.683      -0.3018
        6.69      -0.2609
       6.698      -0.2199
       6.706       -0.179
       6.713      -0.1381
       6.721     -0.09719
       6.728     -0.05627
       6.736     0.005115
       6.751       0.0665
       6.758      0.08696
       6.774       0.1074
       6.781       0.1279
       6.796       0.1483
       6.804       0.1483
       6.811       0.1483
       6.826       0.1074
       6.834       0.0665
       6.849      0.02558
       6.857     -0.01535
       6.872     -0.03581
       6.879     -0.01535
       6.894     0.005115
       6.902     0.005115
       6.917     -0.03581
       6.925     -0.07673
       6.932     -0.07673
       6.947     -0.07673
       6.955     -0.07673
        6.97     -0.07673
       6.978     -0.07673
       6.993     -0.05627
           7     -0.03581
       7.008     -0.01535
       7.023      0.02558
        7.03       0.0665
       7.046       0.1074
       7.053       0.1074
       7.068       0.1074
       7.076       0.1279
       7.091       0.1483
       7.098       0.1483
       7.114       0.1688
       7.121       0.1688
       7.136       0.1893
       7.151       0.1893
       7.159       0.1688
       7.174       0.1279
       7.182       0.1279
       7.197      0.08696
       7.204       0.0665
       7.212      0.02558
       7.227     -0.01535
       7.234     0.005115
        7.25      0.04604
       7.257       0.0665
       7.272       0.0665
        7.28       0.0665
       7.295       0.0665
       7.302      0.02558
        7.31     -0.01535
       7.318     -0.03581
       7.333     -0.03581
        7.34     -0.01535
       7.348      0.02558
       7.363      0.02558
        7.37      0.02558
       7.386     0.005115
       7.393      0.02558
       7.401      0.02558
       7.416     0.005115
       7.423     0.005115
       7.438      0.04604
       7.446       0.0665
       7.461       0.0665
       7.469       0.0665
       7.484      0.08696
       7.499       0.1074
       7.506       0.1074
       7.522       0.1279
       7.529       0.1279
       7.544       0.0665
       7.552      0.02558
       7.559     -0.03581
       7.567     -0.09719
       7.582      -0.1586
        7.59       -0.179
       7.597       -0.179
       7.612      -0.1995
        7.62      -0.1995
       7.635       -0.179
       7.642      -0.1586
       7.658      -0.1176
       7.665     -0.09719
        7.68     -0.07673
       7.688     -0.07673
       7.695     -0.03581
        7.71     0.005115
       7.718       0.0665
       7.726      0.08696
       7.748       0.1279
       7.756      0.08696
       7.771      0.02558
       7.778     0.005115
       7.794     -0.01535
       7.801     -0.01535
       7.816     -0.03581
       7.831     -0.07673
       7.839     -0.09719
       7.846     -0.09719
       7.862      -0.1381
       7.869      -0.1381
       7.877      -0.1176
       7.892     -0.09719
       7.899     -0.09719
       7.914     -0.07673
       7.922     -0.03581
       7.937     0.005115
       7.945     0.005115
       7.952       0.0665
       7.967       0.1074
       7.975      0.08696
       7.982       0.1074
       7.998       0.1483
       8.005       0.1688
        8.02       0.1893
       8.028       0.2097
       8.035       0.2711
       8.043       0.3325
        8.05       0.3939
       8.058       0.4348
       8.066       0.3939
       8.073       0.3529
       8.081       0.3325
       8.088       0.2916
       8.096       0.2506
       8.103       0.2097
       8.111       0.1688
       8.118       0.1279
       8.134       0.0665
       8.141      0.02558
       8.149     -0.03581
       8.156     -0.09719
       8.164      -0.1176
       8.179      -0.1381
       8.186      -0.1381
       8.202      -0.1176
       8.209     -0.07673
       8.217     -0.03581
       8.224     0.005115
       8.239      0.04604
       8.247      0.04604
       8.262       0.0665
        8.27       0.0665
       8.285       0.1074
         8.3       0.0665
       8.315      0.02558
       8.322     0.005115
        8.33     0.005115
       8.345     -0.01535
       8.353     -0.03581
       8.368     -0.03581
       8.375     -0.05627
        8.39     -0.03581
       8.398     -0.03581
       8.405     -0.01535
       8.421     -0.03581
       8.428     -0.03581
       8.443     -0.03581
       8.451     -0.03581
       8.466     -0.05627
       8.473     -0.05627
       8.481     -0.03581
       8.496     -0.01535
       8.504     0.005115
       8.519      0.02558
       8.526      0.02558
       8.541      0.02558
       8.549     0.005115
       8.557      0.02558
       8.572     0.005115
       8.579     -0.03581
       8.594     -0.03581
       8.602     -0.01535
       8.609      0.02558
       8.617      0.04604
       8.625       0.0665
       8.632      0.08696
       8.647       0.1688
       8.655       0.1893
        8.67       0.1893
       8.677       0.1893
       8.685       0.1893
         8.7       0.1688
       8.708       0.1483
       8.723       0.1279
        8.73       0.1074
       8.745      0.04604
       8.753      0.02558
       8.768     0.005115
       8.776     -0.01535
       8.791     -0.05627
       8.798     -0.05627
       8.813     -0.05627
       8.821     -0.05627
       8.829     -0.05627
       8.844     -0.09719
       8.851     -0.09719
       8.866     -0.09719
       8.874     -0.09719
       8.881     -0.09719
       8.897      -0.1176
       8.904      -0.1176
       8.912     -0.09719
       8.927     -0.09719
       8.934      -0.1176
       8.942      -0.1176
       8.957      -0.1176
       8.965      -0.1176
