     0.01181      -0.1176
     0.02692      -0.1739
     0.03448      -0.2114
     0.04959      -0.2114
      0.0647      -0.2302
     0.07225      -0.2114
     0.08736      -0.1739
     0.09492      -0.1552
      0.1025      -0.1364
      0.1176     -0.08014
      0.1327     -0.06138
      0.1402     -0.04263
      0.1554     -0.02387
      0.1629    -0.005115
       0.178      0.05115
      0.1856      0.06991
      0.1931       0.1262
      0.2007       0.1824
      0.2082       0.2575
      0.2158        0.295
      0.2309       0.3325
      0.2385       0.3137
      0.2536        0.295
      0.2687       0.2762
      0.2762       0.2762
      0.2838       0.2762
      0.2913       0.2199
      0.2989       0.1637
      0.3065       0.1074
       0.314      0.05115
       0.314    -0.005115
      0.3216     -0.04263
      0.3291     -0.08014
      0.3367      -0.1176
      0.3442      -0.1364
      0.3518      -0.1364
      0.3669      -0.1364
      0.3745      -0.1176
      0.3896      -0.1176
      0.3971      -0.1176
      0.4122      -0.1364
      0.4273      -0.1552
      0.4349      -0.1552
      0.4424      -0.1364
      0.4576     -0.09889
      0.4651     -0.06138
      0.4727     -0.02387
      0.4802      0.01364
      0.4878      0.05115
      0.4953       0.1074
      0.5029       0.1262
       0.518       0.1824
      0.5256       0.2199
      0.5331       0.2575
      0.5482        0.295
      0.5558        0.295
      0.5633       0.2575
      0.5709       0.2199
      0.5784       0.1824
       0.586       0.1449
      0.5936       0.1074
      0.6011      0.06991
      0.6087      0.05115
      0.6162    -0.005115
      0.6238     -0.02387
      0.6389     -0.08014
      0.6464     -0.08014
      0.6615      -0.1176
      0.6691      -0.1176
      0.6842     -0.09889
      0.6993     -0.06138
      0.7069     -0.04263
       0.722    -0.005115
      0.7295    -0.005115
      0.7447      0.01364
      0.7522    -0.005115
      0.7673    -0.005115
      0.7749       0.0324
      0.7824      0.05115
        0.79      0.08866
      0.7975       0.1074
      0.8126       0.1262
      0.8202       0.1449
      0.8353       0.1262
      0.8429      0.08866
       0.858      0.05115
      0.8655      0.05115
      0.8806       0.0324
      0.8882    -0.005115
      0.9033     -0.04263
      0.9109     -0.06138
       0.926     -0.09889
      0.9335      -0.1364
      0.9411      -0.1739
      0.9486      -0.1927
      0.9637      -0.2302
      0.9713      -0.2677
      0.9864      -0.3052
       0.994      -0.3052
       1.002      -0.2864
       1.017      -0.2489
       1.024      -0.2114
       1.032      -0.1552
       1.039     -0.08014
       1.047       0.0324
       1.047     -0.02387
       1.054      0.06991
       1.062       0.1449
        1.07       0.1824
       1.085       0.2387
       1.092       0.2387
         1.1       0.2575
       1.115       0.2575
       1.122       0.2387
       1.138       0.2199
       1.153       0.1637
        1.16       0.1449
       1.175       0.1074
       1.183       0.1074
       1.198       0.1074
       1.206       0.1074
       1.221       0.1074
       1.228       0.1074
       1.243      0.06991
       1.251      0.05115
       1.266    -0.005115
       1.274    -0.005115
       1.289     -0.04263
       1.296     -0.04263
       1.311     -0.02387
       1.319    -0.005115
       1.334    -0.005115
       1.342     -0.02387
       1.357     -0.08014
       1.364     -0.09889
       1.379      -0.1364
       1.387      -0.1552
       1.402      -0.1927
       1.409      -0.2114
       1.425      -0.2302
       1.432      -0.2302
       1.447      -0.2114
       1.455      -0.1927
       1.462      -0.1739
       1.477      -0.1176
       1.485      -0.1176
         1.5      -0.1176
       1.508     -0.09889
        1.53     -0.06138
       1.538     -0.04263
       1.545     -0.02387
       1.553      0.01364
       1.561      0.05115
       1.568      0.08866
       1.576       0.1262
       1.583       0.1824
       1.591       0.2387
       1.598       0.2762
       1.606       0.3137
       1.621       0.3137
       1.629        0.295
       1.636       0.2575
       1.644       0.2387
       1.659       0.2012
       1.666       0.1824
       1.674       0.1824
       1.689       0.1637
       1.697       0.1824
       1.712       0.1824
       1.727       0.1637
       1.742       0.1824
       1.757       0.2012
       1.765       0.2012
        1.78       0.2199
       1.787       0.2199
       1.802       0.1824
        1.81       0.1824
       1.825       0.1449
       1.833       0.1262
       1.848      0.08866
       1.855      0.05115
       1.863      0.01364
        1.87     -0.02387
       1.885     -0.08014
       1.893      -0.1176
       1.901      -0.1552
       1.908      -0.1927
       1.916      -0.2489
       1.923      -0.2677
       1.931      -0.3052
       1.938      -0.3427
       1.946      -0.3615
       1.953       -0.399
       1.961      -0.4177
       1.976      -0.4177
       1.984       -0.399
       1.991      -0.3615
       1.999       -0.324
       2.006      -0.2864
       2.014      -0.2489
       2.021      -0.1927
       2.029      -0.1552
       2.044     -0.09889
       2.052     -0.09889
       2.067     -0.08014
       2.082     -0.04263
       2.089     -0.02387
       2.097      0.05115
       2.105      0.06991
       2.112       0.1074
        2.12       0.1449
       2.127       0.1824
       2.142       0.2199
        2.15       0.2199
       2.165       0.2012
       2.173       0.2012
       2.188       0.2012
       2.203       0.1449
        2.21       0.1074
       2.225      0.06991
       2.233      0.05115
       2.248       0.0324
       2.256      0.06991
       2.263       0.1262
       2.271       0.1637
       2.278       0.2012
       2.293       0.2199
       2.301       0.2012
       2.309       0.2012
       2.324       0.1637
       2.339       0.1449
       2.354       0.1262
       2.369       0.1449
       2.384       0.1262
       2.399      0.08866
       2.407      0.05115
       2.414      0.01364
       2.422     -0.02387
       2.429     -0.08014
       2.437      -0.1176
       2.452      -0.1739
        2.46      -0.2302
       2.467      -0.2677
       2.475      -0.2864
        2.49       -0.324
       2.497       -0.324
       2.513       -0.324
       2.528      -0.3427
       2.535      -0.3427
        2.55      -0.3802
       2.558       -0.399
       2.573      -0.3802
       2.581      -0.3615
       2.588      -0.3427
       2.596      -0.3052
       2.603      -0.2677
       2.611      -0.2302
       2.618      -0.1739
       2.626      -0.1176
       2.633     -0.04263
       2.641      0.06991
       2.641    -0.005115
       2.649       0.1262
       2.656       0.2012
       2.664       0.2387
       2.671        0.295
       2.679       0.3137
       2.694       0.3512
       2.701       0.3512
       2.717         0.37
       2.724         0.37
       2.732         0.37
       2.747       0.3137
       2.754       0.2762
       2.762       0.2387
       2.769       0.2199
       2.785       0.1824
       2.792       0.1449
       2.807      0.08866
       2.815      0.05115
        2.83    -0.005115
       2.837     -0.02387
       2.853    -0.005115
       2.868       0.0324
       2.875      0.05115
        2.89      0.08866
       2.898       0.1074
       2.913       0.1449
       2.928       0.1449
       2.943       0.1074
       2.951      0.08866
       2.966      0.05115
       2.973       0.0324
       2.996      0.01364
       3.004      0.01364
       3.019       0.0324
       3.026       0.0324
       3.034    -0.005115
       3.041     -0.04263
       3.049     -0.08014
       3.057      -0.1176
       3.064      -0.1552
       3.079      -0.1927
       3.087      -0.2114
       3.102      -0.2489
       3.109      -0.2489
       3.124      -0.2114
        3.14      -0.1739
       3.147      -0.1552
       3.155      -0.1364
        3.17      -0.1176
       3.177     -0.08014
       3.192     -0.02387
         3.2    -0.005115
       3.215       0.0324
       3.223      0.05115
       3.238      0.05115
       3.245       0.0324
       3.253    -0.005115
        3.26     -0.04263
       3.268     -0.08014
       3.276     -0.08014
       3.291     -0.04263
       3.306      0.01364
       3.313      0.05115
       3.321      0.08866
       3.336       0.1074
       3.344       0.1074
       3.351      0.06991
       3.366       0.0324
       3.374      0.05115
       3.389      0.08866
       3.396       0.1074
       3.412       0.1449
       3.419       0.1449
       3.434       0.1449
       3.449       0.1262
       3.457       0.1262
       3.472       0.1449
        3.48       0.1449
       3.495       0.1262
       3.502       0.1262
       3.517      0.08866
       3.525      0.08866
        3.54      0.05115
       3.548      0.01364
       3.563     -0.04263
       3.578     -0.09889
       3.585      -0.1176
         3.6      -0.1364
       3.608      -0.1364
       3.623      -0.1176
       3.631     -0.09889
       3.646     -0.08014
       3.653     -0.08014
       3.661     -0.06138
       3.676     -0.06138
       3.684     -0.08014
       3.691     -0.08014
       3.706      -0.1176
       3.714      -0.1364
       3.721      -0.1364
       3.736      -0.1552
       3.744      -0.1552
       3.759      -0.1364
       3.767      -0.1176
       3.782      -0.1176
       3.789      -0.1176
       3.804      -0.1176
       3.812     -0.09889
       3.827     -0.06138
       3.842    -0.005115
        3.85      0.05115
       3.857      0.06991
       3.872       0.1262
        3.88       0.1449
       3.888       0.1824
       3.895       0.2012
       3.903       0.2387
        3.91       0.2575
       3.925       0.3137
        3.94         0.37
       3.948         0.37
       3.956       0.3325
       3.963        0.295
       3.971       0.2575
       3.986       0.2012
       3.993       0.1637
       4.008       0.1262
       4.016      0.08866
       4.031      0.05115
       4.039       0.0324
       4.054    -0.005115
       4.061    -0.005115
       4.076     -0.02387
       4.084     -0.02387
       4.099    -0.005115
       4.114     -0.02387
       4.122     -0.02387
       4.137     -0.04263
       4.152     -0.08014
        4.16     -0.09889
       4.167     -0.09889
       4.182      -0.1364
        4.19      -0.1364
       4.197      -0.1739
       4.205      -0.1927
        4.22      -0.2489
       4.228      -0.2489
       4.243      -0.2677
        4.25      -0.2677
       4.258      -0.2677
       4.273      -0.3052
        4.28      -0.3052
       4.296      -0.2864
       4.303      -0.2677
       4.311      -0.2302
       4.318      -0.1927
       4.326      -0.1364
       4.333     -0.08014
       4.341     -0.02387
       4.348      0.05115
       4.348    -0.005115
       4.356       0.1074
       4.364       0.1449
       4.371       0.1824
       4.386       0.2199
       4.394       0.2199
       4.409       0.2199
       4.416       0.2199
       4.432       0.2387
       4.447       0.2575
       4.454       0.2575
       4.469       0.2199
       4.484       0.1637
         4.5       0.1262
       4.507       0.1074
       4.522      0.08866
        4.53      0.06991
       4.545      0.08866
        4.56      0.05115
       4.568      0.01364
       4.575     -0.02387
       4.583     -0.08014
        4.59      -0.1176
       4.598      -0.1552
       4.605      -0.2114
        4.62      -0.2489
       4.628      -0.2302
       4.636      -0.1927
       4.643      -0.1552
       4.651      -0.1364
       4.666     -0.08014
       4.673     -0.06138
       4.688     -0.02387
       4.696    -0.005115
       4.711    -0.005115
       4.719    -0.005115
       4.734    -0.005115
       4.741    -0.005115
       4.756      0.05115
       4.772      0.08866
       4.779      0.08866
       4.794       0.1074
       4.802       0.1074
       4.817       0.1262
       4.832       0.1074
       4.839       0.1074
       4.855      0.06991
       4.862      0.05115
       4.877       0.0324
       4.885    -0.005115
       4.892     -0.04263
         4.9     -0.08014
       4.907     -0.09889
       4.923      -0.1176
       4.938      -0.1739
       4.945      -0.1927
        4.96      -0.1739
       4.968      -0.1176
       4.975     -0.06138
       4.983     -0.02387
       4.991      0.05115
       4.998      0.06991
       5.013       0.1449
       5.021       0.1637
       5.036       0.1637
       5.043       0.1824
       5.059       0.1637
       5.066       0.1449
       5.081       0.1074
       5.089       0.1074
       5.104       0.1074
       5.111       0.1074
       5.127       0.1074
       5.142      0.06991
       5.149      0.06991
       5.164      0.06991
       5.172      0.06991
       5.187      0.06991
       5.195      0.06991
        5.21       0.0324
       5.217       0.0324
        5.24       0.0324
       5.247      0.05115
       5.255      0.08866
       5.263       0.1262
       5.278       0.1262
       5.285       0.1262
         5.3      0.08866
       5.308      0.08866
       5.323      0.05115
       5.331      0.05115
       5.346      0.05115
       5.361      0.01364
       5.368    -0.005115
       5.376    -0.005115
       5.391     -0.04263
       5.399     -0.06138
       5.414     -0.08014
       5.429      -0.1176
       5.436      -0.1364
       5.451      -0.1739
       5.459      -0.1927
       5.474      -0.2302
       5.482      -0.2489
       5.497      -0.2302
       5.504      -0.1927
       5.512      -0.1364
       5.519     -0.09889
       5.527     -0.08014
       5.542     -0.08014
        5.55     -0.08014
       5.557     -0.06138
       5.565     -0.04263
        5.58       0.0324
       5.587      0.05115
       5.603      0.05115
        5.61      0.05115
       5.625       0.0324
       5.633       0.0324
       5.648       0.0324
       5.655      0.05115
       5.671      0.05115
       5.678      0.05115
       5.686      0.06991
       5.701      0.08866
       5.708      0.08866
       5.716      0.08866
       5.731      0.05115
       5.739      0.01364
       5.754       0.0324
       5.769      0.05115
       5.776      0.05115
       5.784      0.05115
       5.799      0.05115
       5.807      0.05115
       5.822      0.05115
       5.829      0.06991
       5.837      0.08866
       5.852       0.1262
       5.859       0.1074
       5.867       0.1074
       5.882      0.08866
        5.89      0.06991
       5.905       0.0324
       5.912    -0.005115
        5.92     -0.02387
       5.935     -0.06138
       5.943     -0.08014
       5.958      -0.1176
       5.965      -0.1176
        5.98      -0.1176
       5.988      -0.1176
       5.995      -0.1176
       6.011      -0.1552
       6.018      -0.1927
       6.033      -0.2114
       6.041      -0.1927
       6.048      -0.1739
       6.063     -0.09889
       6.071     -0.08014
       6.086     -0.04263
       6.094     -0.02387
       6.101      0.01364
       6.109      0.05115
       6.116      0.08866
       6.124       0.1449
       6.131       0.1824
       6.147       0.2012
       6.154       0.1637
       6.162       0.1074
       6.169      0.05115
       6.169    -0.005115
       6.177     -0.02387
       6.192     -0.04263
       6.199     -0.02387
       6.207      0.05115
       6.215      0.06991
        6.23      0.08866
       6.237      0.08866
       6.245       0.1074
        6.26       0.1074
       6.267       0.1074
       6.283      0.08866
        6.29      0.06991
       6.305      0.05115
        6.32    -0.005115
       6.335    -0.005115
       6.351     -0.02387
       6.358     -0.04263
       6.366     -0.02387
       6.381     -0.02387
       6.388     -0.04263
       6.403     -0.06138
       6.419     -0.08014
       6.426     -0.06138
       6.441     -0.02387
       6.449    -0.005115
       6.456      0.05115
       6.471      0.08866
       6.487       0.1262
       6.494       0.1262
       6.502       0.1262
       6.517      0.06991
       6.524      0.05115
       6.539      0.01364
       6.547    -0.005115
       6.562    -0.005115
        6.57    -0.005115
       6.585    -0.005115
       6.592    -0.005115
         6.6     -0.02387
       6.615     -0.06138
       6.622     -0.04263
        6.63    -0.005115
       6.638    -0.005115
       6.645       0.0324
       6.653      0.05115
        6.66      0.06991
       6.675      0.05115
       6.683      0.05115
       6.698      0.05115
       6.706      0.05115
       6.721      0.05115
       6.728      0.05115
       6.743       0.0324
       6.751       0.0324
       6.766      0.01364
       6.774    -0.005115
       6.781    -0.005115
       6.796     -0.04263
       6.804     -0.06138
       6.811     -0.06138
       6.826     -0.06138
       6.834     -0.04263
       6.849    -0.005115
       6.857      0.01364
       6.864      0.05115
       6.872      0.08866
       6.887       0.1262
       6.894       0.1449
       6.902       0.1637
       6.917       0.1449
       6.925       0.1449
        6.94       0.1637
       6.947       0.1824
       6.962       0.1637
        6.97       0.1449
       6.978       0.1074
       6.985      0.06991
           7      0.01364
       7.008     -0.02387
       7.015     -0.06138
       7.023      -0.1176
        7.03      -0.1552
       7.046      -0.1927
       7.053      -0.2114
       7.068      -0.2677
       7.076      -0.2677
       7.091      -0.2489
       7.098      -0.2302
       7.114      -0.2114
       7.121      -0.1927
       7.129      -0.1552
       7.144      -0.1176
       7.151      -0.1176
       7.159     -0.09889
       7.174     -0.09889
       7.182     -0.08014
       7.189     -0.06138
       7.204     -0.02387
       7.212    -0.005115
       7.219       0.0324
       7.227      0.05115
       7.242      0.05115
        7.25      0.05115
       7.265      0.01364
       7.272    -0.005115
        7.28    -0.005115
       7.295     -0.04263
       7.302     -0.06138
       7.318     -0.08014
       7.325     -0.06138
        7.34     -0.02387
       7.348    -0.005115
       7.355      0.05115
       7.363      0.06991
        7.37       0.1074
       7.378       0.1449
       7.393       0.2199
       7.401       0.2575
       7.408        0.295
       7.416       0.3325
       7.423         0.37
       7.431       0.4075
       7.446        0.445
       7.454       0.4263
       7.461       0.3887
       7.469       0.3512
       7.476        0.295
       7.484       0.2199
       7.491       0.1824
       7.499       0.1449
       7.506       0.1074
       7.514      0.08866
       7.522      0.05115
       7.529      0.01364
       7.537     -0.04263
       7.544     -0.08014
       7.552      -0.1364
       7.559      -0.1739
       7.567      -0.2114
       7.574      -0.2302
       7.582      -0.2677
        7.59      -0.3052
       7.605      -0.3427
       7.612      -0.3427
       7.627       -0.324
       7.635      -0.2864
        7.65      -0.2489
       7.658      -0.2114
       7.665      -0.1739
       7.673      -0.1552
       7.688     -0.09889
       7.695     -0.08014
       7.703     -0.06138
       7.718     -0.04263
       7.726     -0.02387
       7.741     -0.02387
       7.748    -0.005115
       7.763     -0.02387
       7.771     -0.02387
       7.786    -0.005115
       7.801    -0.005115
       7.809    -0.005115
       7.824    -0.005115
       7.831    -0.005115
       7.846    -0.005115
       7.854    -0.005115
       7.862    -0.005115
       7.877    -0.005115
       7.884    -0.005115
       7.899    -0.005115
       7.914    -0.005115
       7.922       0.0324
        7.93      0.06991
       7.937       0.1074
       7.945       0.1637
       7.952       0.2012
        7.96       0.2387
       7.975       0.2387
       7.982       0.2199
        7.99       0.2199
       8.005       0.2012
       8.013       0.2012
       8.028       0.2387
       8.043       0.2387
        8.05       0.2199
       8.066       0.2012
       8.073       0.2012
       8.088       0.1824
       8.096       0.1637
       8.111       0.1449
       8.118       0.1449
       8.134       0.1262
       8.141       0.1074
       8.156      0.08866
       8.164      0.06991
       8.171      0.06991
       8.186      0.05115
       8.194       0.0324
       8.202      0.01364
       8.217     -0.02387
       8.224     -0.06138
       8.239      -0.1176
       8.247      -0.1364
       8.262      -0.1176
       8.277      -0.1176
       8.285      -0.1176
         8.3      -0.1552
       8.307      -0.1552
       8.315      -0.1176
        8.33     -0.08014
       8.337     -0.08014
       8.353     -0.09889
       8.368      -0.1364
       8.375      -0.1552
       8.383      -0.1552
       8.398      -0.1739
       8.405      -0.1739
       8.421      -0.1739
       8.428      -0.1739
       8.443      -0.1739
       8.458      -0.1927
       8.466      -0.2114
       8.481      -0.2114
       8.489      -0.1927
       8.496      -0.1739
       8.511      -0.1176
       8.519     -0.09889
       8.526     -0.06138
       8.534     -0.02387
       8.541      0.01364
       8.549      0.05115
       8.564      0.08866
       8.572       0.1074
       8.587      0.08866
       8.594      0.06991
       8.609      0.05115
       8.625       0.0324
       8.632    -0.005115
       8.655     -0.02387
       8.662     -0.02387
       8.685     -0.04263
       8.693     -0.04263
       8.715     -0.04263
       8.723     -0.04263
       8.738     -0.02387
       8.745       0.0324
       8.753      0.06991
       8.761       0.1262
       8.776       0.1824
       8.783       0.2012
       8.798       0.2012
       8.806       0.2012
       8.821       0.2012
       8.829       0.2012
       8.844       0.2012
       8.851       0.2199
       8.866       0.2012
       8.874       0.1824
       8.881       0.1449
       8.889       0.1074
       8.897      0.08866
       8.912       0.0324
       8.919       0.0324
       8.934    -0.005115
       8.942    -0.005115
       8.965    -0.005115
