     0.01181     -0.07673
     0.03448       -0.135
     0.04203      -0.1156
     0.05714     -0.07673
      0.0647     -0.05729
     0.07225     -0.03785
     0.08736      0.05934
     0.09492      0.09821
      0.1025       0.1565
        0.11        0.176
      0.1251        0.176
      0.1327        0.176
      0.1478       0.1176
      0.1629      0.05934
      0.1705     0.001023
       0.178     -0.03785
      0.1856     -0.07673
      0.1931      -0.1156
      0.2082      -0.1739
      0.2158      -0.1934
      0.2309      -0.2128
      0.2385      -0.1739
      0.2536       -0.135
      0.2611     -0.09616
      0.2687     -0.05729
      0.2838     -0.01841
      0.2913     -0.03785
      0.3065     -0.07673
       0.314     -0.09616
      0.3291     -0.09616
      0.3367     -0.09616
      0.3518     -0.05729
      0.3669     -0.01841
      0.3745     0.001023
      0.3896       0.0399
      0.3971       0.0399
      0.4047      0.05934
      0.4198      0.09821
      0.4349        0.176
      0.4424        0.176
      0.4576       0.1565
      0.4651       0.1176
      0.4727      0.07877
      0.4802      0.05934
      0.4953       0.0399
      0.5029      0.02046
       0.518       0.0399
      0.5256      0.05934
      0.5407      0.09821
      0.5482      0.09821
      0.5633      0.07877
      0.5709      0.07877
      0.5784      0.09821
      0.5936      0.09821
      0.6011      0.05934
      0.6087     0.001023
      0.6162     -0.03785
      0.6238     -0.09616
      0.6313       -0.135
      0.6464      -0.1739
       0.654      -0.1545
      0.6691     -0.09616
      0.6767     -0.05729
      0.6842       0.0399
      0.6842     -0.01841
      0.6918      0.07877
      0.6993       0.1565
      0.7069       0.2148
       0.722       0.2343
      0.7295       0.2148
      0.7447       0.1954
      0.7522       0.1954
      0.7673       0.1371
      0.7749      0.09821
        0.79      0.05934
      0.7975      0.02046
      0.8051     -0.03785
      0.8126      -0.1156
      0.8202      -0.1739
      0.8278      -0.2128
      0.8353      -0.1934
      0.8429      -0.1545
      0.8504     -0.09616
       0.858     -0.05729
      0.8655     -0.03785
      0.8806     -0.03785
      0.8958     -0.03785
      0.9033     -0.01841
      0.9184      0.02046
       0.926      0.05934
      0.9335      0.09821
      0.9486      0.09821
      0.9562      0.07877
      0.9713      0.07877
      0.9789      0.09821
       0.994      0.09821
       1.002      0.07877
       1.009      0.07877
       1.024     0.001023
       1.032     -0.03785
       1.039     -0.07673
       1.047     -0.09616
       1.062       -0.135
        1.07       -0.135
       1.085      -0.1545
       1.092      -0.1545
       1.107      -0.1545
       1.122      -0.1739
        1.13      -0.1739
       1.138      -0.1545
       1.153      -0.1156
        1.16     -0.07673
       1.168     -0.03785
       1.175     0.001023
       1.183      0.02046
        1.19      0.05934
       1.198       0.1176
       1.206       0.1565
       1.213       0.1954
       1.221       0.2343
       1.228       0.2731
       1.243        0.312
       1.251        0.312
       1.258        0.312
       1.274       0.2926
       1.281       0.2926
       1.296       0.2926
       1.304       0.2926
       1.311       0.2926
       1.326       0.2343
       1.334       0.1954
       1.342       0.1565
       1.357       0.1176
       1.364      0.09821
       1.372      0.09821
       1.379      0.05934
       1.387     -0.01841
       1.394     -0.09616
       1.402      -0.2128
       1.409        -0.31
       1.417      -0.3877
       1.425      -0.3877
       1.432      -0.3488
        1.44      -0.2905
       1.447      -0.2128
       1.455      -0.1739
       1.462       -0.135
        1.47     -0.09616
       1.485     -0.05729
       1.493     -0.01841
       1.508       0.0399
       1.515      0.05934
       1.523      0.07877
       1.538       0.0399
       1.545       0.0399
       1.561      0.07877
       1.576      0.09821
       1.583      0.09821
       1.598      0.07877
       1.606      0.05934
       1.621     0.001023
       1.629     0.001023
       1.644     -0.05729
       1.651     -0.09616
       1.659       -0.135
       1.666      -0.1739
       1.674      -0.1934
       1.689      -0.2322
       1.697      -0.2322
       1.712      -0.1739
       1.719      -0.1156
       1.727     -0.05729
       1.734     -0.01841
       1.742      0.02046
       1.749      0.05934
       1.765       0.1176
       1.772       0.1565
        1.78       0.2148
       1.795       0.2343
       1.802       0.2537
       1.817       0.2537
       1.825       0.2343
        1.84        0.176
       1.848       0.1176
       1.855      0.07877
       1.863      0.05934
        1.87     0.001023
       1.878     0.001023
       1.893       0.0399
       1.901      0.05934
       1.916      0.09821
       1.923      0.07877
       1.931      0.05934
       1.938      0.02046
       1.946     -0.03785
       1.953     -0.09616
       1.961      -0.1156
       1.969      -0.1739
       1.976      -0.2128
       1.991      -0.2517
       1.999      -0.2322
       2.014      -0.1739
       2.021       -0.135
       2.029     -0.07673
       2.037     -0.01841
       2.044      0.07877
       2.052       0.1176
       2.059        0.176
       2.067       0.2148
       2.082       0.2537
       2.089       0.2537
       2.105       0.2537
       2.112       0.2731
       2.127       0.2731
       2.135       0.2343
       2.142       0.1954
        2.15       0.1176
       2.157      0.05934
       2.165     0.001023
       2.173     -0.03785
        2.18     -0.07673
       2.188      -0.1156
       2.195      -0.1934
        2.21      -0.2322
       2.218      -0.2517
       2.233      -0.2322
       2.248      -0.1934
       2.256      -0.1934
       2.271      -0.1934
       2.278      -0.1739
       2.293       -0.135
       2.309     -0.07673
       2.316     -0.03785
       2.324     0.001023
       2.331      0.05934
       2.339      0.07877
       2.361       0.1371
       2.369       0.1371
       2.384       0.1565
       2.399        0.176
       2.407       0.1954
       2.414       0.2148
       2.429       0.1954
       2.437       0.1954
       2.452       0.1371
       2.467      0.09821
       2.475      0.07877
        2.49     0.001023
       2.497     -0.03785
       2.505     -0.07673
       2.513      -0.1156
       2.528      -0.1545
       2.535      -0.1545
       2.543      -0.1156
        2.55     -0.07673
       2.558     -0.03785
       2.565      0.02046
       2.573      0.05934
       2.588      0.09821
       2.596      0.09821
       2.611      0.09821
       2.618       0.1176
       2.633       0.1176
       2.641       0.1176
       2.656      0.09821
       2.664      0.09821
       2.679      0.05934
       2.686      0.02046
       2.701     -0.01841
       2.709     -0.05729
       2.717     -0.09616
       2.724       -0.135
       2.732      -0.1739
       2.739      -0.2128
       2.747      -0.2517
       2.754      -0.2905
       2.762        -0.31
       2.777      -0.3294
       2.785        -0.31
       2.792      -0.2517
         2.8      -0.1934
       2.807       -0.135
       2.815     -0.05729
       2.822      0.05934
       2.822     -0.01841
        2.83      0.09821
       2.837       0.1954
       2.845       0.2731
       2.853       0.3509
        2.86       0.3898
       2.875       0.4481
       2.883       0.4481
       2.898       0.3898
       2.905       0.3315
       2.913       0.2731
       2.921       0.2343
       2.928        0.176
       2.936       0.1371
       2.943      0.09821
       2.951       0.0399
       2.958      0.02046
       2.966     -0.01841
       2.973     -0.05729
       2.981     -0.09616
       2.989      -0.1156
       3.004      -0.1545
       3.011      -0.1739
       3.026      -0.1739
       3.041      -0.1934
       3.049      -0.1739
       3.064      -0.1545
       3.072       -0.135
       3.087     -0.09616
       3.102     -0.03785
       3.109     0.001023
       3.117      0.05934
       3.124      0.09821
       3.132       0.1371
        3.14       0.1954
       3.162       0.1954
        3.17        0.176
       3.177       0.1371
       3.185       0.1176
         3.2      0.07877
       3.208      0.07877
       3.223      0.05934
        3.23      0.02046
       3.245     -0.03785
       3.253     -0.07673
        3.26      -0.1156
       3.268       -0.135
       3.283      -0.1739
       3.291      -0.1739
       3.298      -0.1545
       3.313      -0.1156
       3.321      -0.1156
       3.328     -0.09616
       3.344     -0.05729
       3.359     0.001023
       3.366       0.0399
       3.374      0.05934
       3.381       0.1176
       3.389       0.1565
       3.396       0.1954
       3.404       0.2343
       3.412       0.2731
       3.427        0.312
       3.434        0.312
       3.449       0.2926
       3.457       0.2926
       3.472       0.2926
       3.487       0.2343
       3.495       0.1954
       3.502       0.1371
        3.51      0.09821
       3.517       0.0399
       3.525     -0.01841
       3.532     -0.07673
        3.54     -0.09616
       3.555      -0.1545
       3.563      -0.1934
        3.57      -0.2322
       3.578      -0.2711
       3.585      -0.3294
       3.593      -0.3877
       3.608      -0.4072
       3.616      -0.3877
       3.623      -0.3683
       3.631        -0.31
       3.638      -0.2517
       3.646      -0.1545
       3.653     -0.05729
       3.661      0.07877
       3.661     0.001023
       3.668        0.176
       3.676       0.2537
       3.684       0.3315
       3.691       0.3703
       3.699       0.3898
       3.714       0.3898
       3.721       0.3509
       3.729        0.312
       3.736       0.2731
       3.744       0.2148
       3.752        0.176
       3.759       0.1371
       3.767      0.09821
       3.774      0.05934
       3.782      0.02046
       3.789     -0.03785
       3.797     -0.09616
       3.804       -0.135
        3.82      -0.1934
       3.827      -0.2128
       3.842      -0.2322
       3.857      -0.2517
       3.865      -0.2517
        3.88      -0.2322
       3.888      -0.2128
       3.903      -0.1934
        3.91      -0.1934
       3.925      -0.2517
       3.933      -0.2517
       3.948      -0.2128
       3.956      -0.1545
       3.963     -0.09616
       3.971     -0.01841
       3.978      0.05934
       3.986      0.09821
       3.993       0.1371
       4.008        0.176
       4.016       0.1954
       4.031       0.1954
       4.039       0.1954
       4.054       0.1954
       4.069       0.1371
       4.084      0.07877
       4.092       0.0399
       4.107      0.05934
       4.122       0.1176
       4.129       0.1371
       4.144       0.1371
       4.152       0.1176
        4.16      0.09821
       4.175      0.05934
       4.182     0.001023
        4.19     0.001023
       4.197     -0.03785
       4.205     -0.05729
        4.22     -0.07673
       4.228     -0.05729
       4.243     -0.03785
        4.25     -0.03785
       4.265     -0.03785
       4.273     -0.01841
       4.288     0.001023
       4.296       0.0399
       4.303      0.05934
       4.318       0.1176
       4.326       0.1371
       4.341       0.1565
       4.356       0.1565
       4.364       0.1565
       4.379       0.1176
       4.386      0.09821
       4.394      0.07877
       4.409     0.001023
       4.416     -0.01841
       4.432     -0.03785
       4.439     -0.01841
       4.454     -0.01841
       4.462     -0.01841
       4.477     -0.01841
       4.484     -0.01841
         4.5     0.001023
       4.507     0.001023
       4.522      0.02046
        4.53     0.001023
       4.537     0.001023
        4.56     -0.05729
       4.568     -0.07673
       4.575      -0.1156
        4.59      -0.1545
       4.598      -0.1934
       4.613      -0.1739
        4.62       -0.135
       4.628     -0.09616
       4.636     -0.05729
       4.643     -0.01841
       4.658      0.05934
       4.666      0.09821
       4.673       0.1565
       4.681       0.1954
       4.688       0.2537
       4.704       0.2926
       4.711       0.2731
       4.719       0.2731
       4.734       0.2537
       4.741       0.2343
       4.756       0.1565
       4.764      0.09821
       4.772      0.05934
       4.787       0.0399
       4.794       0.0399
       4.809     0.001023
       4.817     0.001023
       4.824     -0.03785
       4.832     -0.05729
       4.847      -0.1156
       4.862       -0.135
        4.87       -0.135
       4.877     -0.09616
       4.892     -0.05729
         4.9     -0.05729
       4.915     -0.01841
        4.93      0.02046
       4.938       0.0399
       4.953     0.001023
        4.96     -0.01841
       4.968     -0.05729
       4.975     -0.09616
       4.991     -0.09616
       4.998     -0.07673
       5.006     -0.03785
       5.013     0.001023
       5.028      0.02046
       5.036      0.02046
       5.051      0.02046
       5.059      0.02046
       5.089     0.001023
       5.104      0.02046
       5.119       0.0399
       5.127       0.0399
       5.142      0.02046
       5.149     0.001023
       5.157     0.001023
       5.172     -0.01841
       5.179     -0.01841
       5.195     -0.05729
       5.202     -0.05729
       5.217     -0.03785
       5.225     -0.01841
       5.232     0.001023
       5.247     0.001023
       5.263       0.0399
       5.278     0.001023
       5.293     -0.05729
         5.3     -0.07673
       5.308     -0.07673
       5.323     -0.09616
       5.331     -0.07673
       5.346     -0.03785
       5.353     -0.01841
       5.361     0.001023
       5.376     -0.03785
       5.383     -0.05729
       5.399     -0.07673
       5.406     -0.05729
       5.414     -0.01841
       5.421      0.02046
       5.436      0.07877
       5.444      0.09821
       5.451       0.1176
       5.467       0.1371
       5.474       0.1565
       5.489       0.2148
       5.504       0.2537
       5.512       0.2731
       5.527       0.2537
       5.535       0.2148
       5.542        0.176
        5.55       0.1371
       5.557       0.1176
       5.572      0.05934
        5.58       0.0399
       5.587     0.001023
       5.595     -0.01841
        5.61     -0.05729
       5.618     -0.09616
       5.625     -0.09616
        5.64      -0.1156
       5.648      -0.1156
       5.655     -0.09616
       5.671     -0.09616
       5.678      -0.1156
       5.686      -0.1156
       5.701       -0.135
       5.708      -0.1156
       5.723     -0.07673
       5.739      -0.1156
       5.746       -0.135
       5.754      -0.1156
       5.761     -0.09616
       5.769     -0.05729
       5.776       0.0399
       5.776     0.001023
       5.784      0.07877
       5.791       0.1371
       5.799       0.2148
       5.807       0.2731
       5.814        0.312
       5.822       0.3315
       5.837        0.312
       5.844       0.2731
       5.852       0.2343
       5.867       0.1954
       5.875       0.1565
       5.882       0.1565
       5.897       0.1565
       5.905        0.176
        5.92        0.176
       5.927       0.1371
       5.935      0.09821
       5.943      0.05934
        5.95      0.02046
       5.958     -0.01841
       5.965     -0.03785
        5.98     -0.07673
       5.988     -0.09616
       5.995     -0.07673
       6.011     -0.07673
       6.018     -0.09616
       6.033       -0.135
       6.041      -0.1739
       6.056      -0.1545
       6.063      -0.1156
       6.079     -0.07673
       6.086     -0.07673
       6.094     -0.07673
       6.109     -0.07673
       6.116     -0.05729
       6.131     -0.03785
       6.139     -0.03785
       6.154     -0.03785
       6.162     -0.03785
       6.177     -0.05729
       6.184     -0.03785
       6.199     0.001023
       6.207      0.02046
       6.222       0.0399
        6.23      0.02046
       6.237     0.001023
       6.245     -0.03785
        6.26     -0.07673
       6.267     -0.09616
       6.283     -0.07673
        6.29     -0.05729
       6.305      0.02046
       6.313      0.05934
       6.328      0.09821
       6.335       0.1176
       6.351       0.1176
       6.358       0.1176
       6.366       0.1176
       6.381      0.09821
       6.388      0.09821
       6.403      0.07877
       6.411       0.0399
       6.419     0.001023
       6.426     -0.01841
       6.434     -0.05729
       6.441     -0.09616
       6.449      -0.1156
       6.464      -0.1545
       6.471      -0.1545
       6.487      -0.1156
       6.502     -0.03785
       6.509     0.001023
       6.524       0.0399
       6.532      0.05934
       6.555      0.07877
       6.562      0.07877
       6.577      0.07877
       6.585      0.07877
         6.6      0.05934
       6.607      0.05934
       6.615      0.09821
        6.63       0.1565
       6.638        0.176
       6.653       0.2148
        6.66       0.2148
       6.675       0.2148
        6.69       0.1954
       6.698        0.176
       6.713       0.1565
       6.728       0.1176
       6.736      0.09821
       6.751      0.07877
       6.766     0.001023
       6.774     -0.03785
       6.781     -0.09616
       6.789      -0.1545
       6.796      -0.2128
       6.804      -0.2517
       6.819        -0.31
       6.826        -0.31
       6.842        -0.31
       6.849        -0.31
       6.857      -0.2905
       6.872      -0.2322
       6.879      -0.1739
       6.887      -0.1156
       6.894     -0.05729
       6.902     -0.01841
        6.91      0.05934
       6.917       0.1176
       6.925       0.1565
       6.932       0.1954
       6.955       0.2148
        6.97       0.1954
       6.978       0.2148
       6.993       0.2148
           7       0.2148
       7.015       0.2343
       7.023       0.2537
       7.038       0.2537
       7.046       0.2537
       7.061       0.2343
       7.068       0.1954
       7.076       0.1565
       7.083       0.1176
       7.091      0.05934
       7.091     0.001023
       7.098     -0.01841
       7.106     -0.07673
       7.114       -0.135
       7.121      -0.1739
       7.129      -0.1934
       7.144      -0.2322
       7.151      -0.2517
       7.166      -0.2905
       7.174        -0.31
       7.189      -0.2905
       7.197      -0.2711
       7.204      -0.2322
       7.212      -0.1739
       7.227       -0.135
       7.234       -0.135
       7.242       -0.135
       7.257      -0.1156
       7.265     -0.09616
       7.272     -0.03785
        7.28      0.02046
       7.287      0.09821
       7.295        0.176
       7.302       0.2148
        7.31       0.2537
       7.325       0.2926
       7.333       0.2731
       7.348       0.2537
       7.363       0.2343
        7.37       0.1954
       7.378       0.1565
       7.386      0.09821
       7.393      0.05934
       7.401      0.02046
       7.416     -0.01841
       7.423     -0.03785
       7.431     -0.03785
       7.446     -0.09616
       7.461      -0.1545
       7.469      -0.1739
       7.484      -0.1934
       7.491      -0.1934
       7.514      -0.1934
       7.522      -0.1934
       7.537      -0.1739
       7.544      -0.1545
       7.552      -0.1156
       7.559     -0.05729
       7.567      0.02046
       7.574       0.1176
       7.582       0.2148
        7.59        0.312
       7.597       0.3898
       7.605       0.4286
        7.62        0.487
       7.627       0.4675
       7.635       0.4481
       7.642       0.4092
        7.65       0.3703
       7.658       0.3315
       7.665       0.2926
       7.673       0.2537
        7.68       0.1954
       7.688       0.1371
       7.695      0.09821
       7.703      0.05934
        7.71      0.02046
       7.718     0.001023
       7.733     -0.01841
       7.741     -0.01841
       7.756     -0.01841
       7.771     -0.05729
       7.778     -0.09616
       7.794      -0.1545
       7.801      -0.1545
       7.816      -0.1545
       7.824      -0.1545
       7.831      -0.1545
       7.839      -0.1934
       7.846      -0.2128
       7.862      -0.2711
       7.869      -0.2905
       7.884      -0.2322
       7.892      -0.1739
       7.899      -0.1156
       7.907     -0.07673
       7.914     -0.03785
       7.922     0.001023
        7.93       0.0399
       7.937       0.0399
       7.952      0.05934
       7.967      0.09821
       7.975       0.1176
       7.982       0.1565
        7.99       0.1954
       8.005       0.2148
       8.013       0.2148
       8.028       0.1565
       8.035       0.1176
       8.043      0.07877
        8.05       0.0399
       8.058     0.001023
       8.073     -0.01841
       8.081     -0.01841
       8.096     -0.01841
       8.103     -0.01841
       8.118     -0.01841
       8.126     0.001023
       8.149       0.0399
       8.156       0.0399
       8.171     0.001023
       8.179     -0.03785
       8.194     -0.07673
       8.202     -0.09616
       8.209     -0.09616
       8.217       -0.135
       8.232      -0.1934
       8.239      -0.2128
       8.254      -0.1934
       8.262      -0.1739
       8.277      -0.1156
       8.285     -0.07673
       8.292     -0.03785
         8.3     0.001023
       8.307      0.05934
       8.315      0.07877
        8.33       0.1371
       8.345       0.1371
        8.36       0.1371
       8.368       0.1565
       8.375        0.176
        8.39       0.1954
       8.398       0.1954
       8.405       0.2148
       8.421       0.2148
       8.428       0.1954
       8.436        0.176
       8.443       0.1371
       8.451      0.09821
       8.458      0.07877
       8.473      0.02046
       8.481     -0.01841
       8.489     -0.05729
       8.504     -0.09616
       8.511     -0.09616
       8.526     -0.09616
       8.534     -0.09616
       8.549      -0.1156
       8.557       -0.135
       8.572      -0.1545
       8.579      -0.1545
       8.587       -0.135
       8.602     -0.09616
       8.609     -0.07673
       8.625     -0.03785
       8.632     0.001023
        8.64      0.02046
       8.647      0.07877
       8.655       0.1371
       8.662       0.2148
        8.67       0.2537
       8.677       0.2926
       8.685        0.312
         8.7       0.2926
       8.708       0.2731
       8.715       0.2343
       8.723       0.1954
        8.73       0.1176
       8.738      0.05934
       8.745     -0.01841
       8.753     -0.07673
       8.761       -0.135
       8.776      -0.1545
       8.783       -0.135
       8.798     -0.09616
       8.806     -0.07673
       8.821     -0.03785
       8.836     -0.03785
       8.844     -0.03785
       8.851     -0.01841
       8.866     -0.01841
       8.874     -0.01841
       8.889     0.001023
       8.897     0.001023
       8.904       0.0399
       8.912       0.0399
       8.927      0.05934
       8.934      0.07877
       8.957       0.1176
       8.965       0.1176
