     0.01181      0.09719
     0.03449      0.05941
     0.04205      0.04053
     0.05716      0.02164
     0.06472     0.002754
     0.07228     0.002754
      0.0874     -0.03502
     0.09496     -0.05391
      0.1101     -0.05391
      0.1252     -0.03502
      0.1327     -0.03502
      0.1403     -0.03502
      0.1554     -0.07279
      0.1705      -0.1106
      0.1857      -0.1483
      0.1932      -0.1672
      0.2008      -0.2239
      0.2083      -0.2617
      0.2159      -0.2994
      0.2235      -0.3372
       0.231       -0.375
      0.2386      -0.4127
      0.2461      -0.4316
      0.2612      -0.3939
      0.2688      -0.3183
      0.2764      -0.2239
      0.2839      -0.1295
      0.2915     -0.03502
       0.299      0.05941
      0.3066      0.09719
      0.3217      0.05941
      0.3293      0.04053
      0.3444     0.002754
       0.352     0.002754
      0.3746     -0.01613
      0.3822     -0.01613
      0.3973     -0.01613
      0.4049     -0.01613
        0.42     -0.03502
      0.4275     -0.01613
      0.4427      0.02164
      0.4502      0.02164
      0.4653     0.002754
      0.4729     0.002754
       0.488     0.002754
      0.5031      0.04053
      0.5182      0.04053
      0.5258      0.04053
      0.5409      0.02164
      0.5485     0.002754
       0.556     0.002754
      0.5712     0.002754
      0.5787      0.02164
      0.5938      0.04053
      0.6014      0.04053
      0.6165      0.04053
      0.6241      0.04053
      0.6392      0.04053
      0.6467     0.002754
      0.6543     -0.01613
      0.6694     -0.05391
       0.677     -0.05391
      0.6845     -0.01613
      0.6996      0.02164
      0.7072      0.04053
      0.7148      0.05941
      0.7299      0.05941
      0.7374      0.05941
      0.7526      0.04053
      0.7601      0.02164
      0.7752     0.002754
      0.7828     0.002754
      0.7979     -0.03502
      0.8055     -0.05391
      0.8206     -0.09168
      0.8281      -0.1106
      0.8357     -0.09168
      0.8508     -0.07279
      0.8584     -0.03502
      0.8659     -0.01613
      0.8811      0.04053
      0.8886      0.04053
      0.8962      0.02164
      0.9113     -0.01613
      0.9188     -0.03502
       0.934     -0.03502
      0.9415     -0.03502
      0.9566     -0.01613
      0.9642     -0.01613
      0.9793     -0.01613
      0.9869     -0.01613
       1.002     0.002754
       1.017     0.002754
       1.025      0.05941
       1.032      0.09719
        1.04       0.1727
       1.047       0.2483
       1.055       0.3616
       1.062       0.4371
        1.07       0.4749
       1.078       0.4749
       1.085       0.4371
       1.093       0.3994
         1.1       0.3616
       1.115       0.3238
       1.123       0.3238
       1.138       0.3049
       1.146       0.3049
       1.153       0.2672
       1.161       0.2105
       1.168       0.1727
       1.176       0.1161
       1.183      0.09719
       1.199      0.05941
       1.206      0.05941
       1.221      0.05941
       1.236     0.002754
       1.244     0.002754
       1.259     -0.01613
       1.267     -0.01613
       1.274     -0.01613
       1.289     -0.05391
       1.297     -0.07279
       1.304     -0.05391
       1.319     -0.03502
       1.327     -0.01613
       1.342     0.002754
        1.35     0.002754
       1.357     0.002754
       1.372     -0.07279
        1.38      -0.1106
       1.387      -0.1483
       1.403      -0.1861
        1.41       -0.205
       1.425       -0.205
       1.433      -0.1861
       1.448      -0.1672
       1.456      -0.1483
       1.471     -0.09168
       1.478     -0.07279
       1.493     -0.03502
       1.501     -0.03502
       1.516     -0.01613
       1.524     -0.01613
       1.531     -0.01613
       1.546     -0.05391
       1.554     -0.07279
       1.569     -0.07279
       1.576     -0.07279
       1.584     -0.07279
       1.599     -0.09168
       1.607      -0.1106
       1.622      -0.1106
       1.629      -0.1106
       1.637      -0.1106
       1.652      -0.1295
        1.66      -0.1106
       1.675     -0.07279
       1.682     -0.05391
        1.69     -0.01613
       1.697     0.002754
       1.713     0.002754
        1.72     -0.01613
       1.735     -0.05391
       1.743     -0.05391
       1.758     -0.05391
       1.773      -0.1106
       1.781      -0.1295
       1.796      -0.1295
       1.803     -0.09168
       1.811     -0.03502
       1.818       0.0783
       1.818     0.002754
       1.826       0.1727
       1.833       0.2861
       1.841       0.3805
       1.849        0.456
       1.856       0.5127
       1.864       0.5693
       1.871       0.6071
       1.886       0.5882
       1.894       0.5127
       1.901       0.4371
       1.909       0.3427
       1.917       0.2672
       1.924       0.2105
       1.932       0.1538
       1.947        0.135
       1.954        0.135
        1.97        0.135
       1.977        0.135
       1.992        0.135
           2        0.135
       2.015        0.135
        2.03      0.09719
       2.038      0.05941
       2.045     0.002754
       2.053     -0.05391
        2.06     -0.09168
       2.068      -0.1295
       2.083      -0.1295
        2.09      -0.1106
       2.098     -0.07279
       2.106     -0.05391
       2.121     -0.03502
       2.128     0.002754
       2.143      0.05941
       2.151       0.0783
       2.166      0.09719
       2.174      0.09719
       2.189      0.05941
       2.196     0.002754
       2.204     -0.03502
       2.211     -0.05391
       2.226     -0.05391
       2.234     -0.03502
       2.249     -0.03502
       2.257     -0.05391
       2.272     -0.05391
       2.279     -0.03502
       2.295     -0.01613
       2.302     -0.01613
       2.317     -0.01613
       2.325     -0.01613
       2.332     -0.01613
       2.347     -0.07279
       2.355     -0.09168
        2.37     -0.05391
       2.385     0.002754
       2.393     0.002754
         2.4     -0.03502
       2.408     -0.07279
       2.423      -0.1106
       2.431      -0.1106
       2.446     -0.09168
       2.461     -0.09168
       2.468     -0.07279
       2.483     -0.03502
       2.499      0.02164
       2.506      0.02164
       2.514     0.002754
       2.529     -0.03502
       2.536     -0.05391
       2.552     -0.05391
       2.567     -0.09168
       2.574     -0.07279
       2.589     -0.05391
       2.597     -0.03502
       2.612     0.002754
        2.62      0.04053
       2.635      0.05941
       2.642      0.04053
        2.65     0.002754
       2.657     -0.05391
       2.672      -0.1106
        2.68      -0.1295
       2.695      -0.1483
       2.703      -0.1483
       2.718      -0.1295
       2.725      -0.1295
        2.74      -0.1483
       2.748      -0.1295
       2.771      -0.1106
       2.778     -0.09168
       2.786     -0.05391
       2.801     0.002754
       2.809      0.05941
       2.816        0.135
       2.824       0.2105
       2.831       0.2861
       2.839       0.3427
       2.846       0.3805
       2.854       0.4183
       2.861        0.456
       2.877        0.456
       2.884       0.4371
       2.892       0.3805
       2.899       0.3427
       2.907       0.2861
       2.914       0.2483
       2.922       0.2105
       2.929       0.1727
       2.937       0.1538
       2.952       0.1161
        2.96       0.0783
       2.967       0.0783
       2.982      0.04053
        2.99      0.04053
       3.005      0.02164
       3.013     0.002754
        3.02     0.002754
       3.035     -0.03502
       3.043     -0.03502
       3.058     -0.03502
       3.066     -0.03502
       3.081     -0.05391
       3.088     -0.05391
       3.103     -0.05391
       3.118     -0.09168
       3.126     -0.09168
       3.141     -0.09168
       3.149     -0.09168
       3.171     -0.07279
       3.186     -0.05391
       3.194     -0.03502
       3.202     -0.01613
       3.217     -0.01613
       3.224     0.002754
       3.232      0.04053
       3.239      0.04053
       3.254     0.002754
       3.262     -0.01613
       3.277     -0.05391
       3.285     -0.09168
         3.3      -0.1106
       3.307      -0.1106
       3.315     -0.07279
       3.323     -0.05391
        3.33     -0.01613
       3.338      0.04053
       3.345      0.05941
       3.368     0.002754
       3.375     0.002754
       3.391     -0.03502
       3.398     -0.07279
       3.406      -0.1106
       3.413      -0.1295
       3.421      -0.1672
       3.428       -0.205
       3.436      -0.2428
       3.451      -0.2805
       3.459      -0.2805
       3.474      -0.2428
       3.481       -0.205
       3.489      -0.1483
       3.496     -0.09168
       3.504      0.04053
       3.504     -0.01613
       3.511      0.09719
       3.519       0.1727
       3.527       0.2483
       3.534       0.3049
       3.542       0.3238
       3.557       0.3049
       3.564       0.2672
       3.572       0.2294
       3.579       0.1916
       3.595       0.1538
       3.602        0.135
       3.617        0.135
       3.625       0.1538
        3.64       0.1538
       3.648       0.1538
       3.663        0.135
        3.67      0.09719
       3.685      0.05941
       3.693      0.02164
       3.708     0.002754
       3.723     -0.01613
       3.731     -0.03502
       3.746     -0.01613
       3.753     0.002754
       3.768      0.04053
       3.776      0.04053
       3.784      0.02164
       3.791     -0.01613
       3.799     -0.05391
       3.806     -0.09168
       3.814      -0.1483
       3.821      -0.1672
       3.836      -0.1861
       3.844      -0.1861
       3.852      -0.1672
       3.867      -0.1295
       3.874      -0.1295
       3.889     -0.07279
       3.905     -0.05391
       3.912     -0.05391
        3.92     -0.07279
       3.935      -0.1106
       3.942      -0.1483
       3.965       -0.205
       3.973       -0.205
        3.98      -0.1672
       3.995      -0.1295
       4.003      -0.1106
       4.018      -0.1295
       4.025      -0.1295
       4.041      -0.1483
       4.048      -0.1106
       4.056     -0.09168
       4.063     -0.03502
       4.071     0.002754
       4.078      0.04053
       4.086      0.05941
       4.101      0.04053
       4.109      0.04053
       4.124      0.04053
       4.139     0.002754
       4.154     0.002754
       4.169     0.002754
       4.177     0.002754
       4.192     -0.01613
       4.199     -0.01613
       4.214     0.002754
        4.23     -0.01613
       4.237     -0.05391
       4.252     -0.09168
        4.26     -0.09168
       4.275     -0.05391
       4.282     -0.01613
        4.29      0.04053
       4.298       0.1161
       4.305       0.1916
       4.313       0.3238
        4.32       0.4371
       4.328       0.5693
       4.328       0.4938
       4.335        0.626
       4.343       0.7016
        4.35       0.7393
       4.366       0.7204
       4.373       0.6638
       4.381       0.5882
       4.381       0.4938
       4.388       0.4371
       4.396       0.3238
       4.403       0.2294
       4.411       0.1538
       4.419       0.0783
       4.434      0.04053
       4.441      0.02164
       4.456      0.05941
       4.471       0.1161
       4.479       0.1161
       4.494       0.1161
       4.502       0.0783
       4.509      0.02164
       4.517     -0.03502
       4.524     -0.09168
       4.532      -0.1295
       4.547      -0.1483
       4.555      -0.1483
        4.57      -0.1295
       4.577      -0.1106
       4.592     -0.09168
         4.6     -0.07279
       4.615     -0.03502
       4.623     -0.01613
       4.638      0.02164
       4.645      0.02164
       4.653     0.002754
        4.66     -0.03502
       4.668     -0.07279
       4.676     -0.09168
       4.683      -0.1295
       4.691      -0.1483
       4.698      -0.1483
       4.713      -0.1672
       4.721      -0.1672
       4.736      -0.1483
       4.751      -0.1106
       4.766     -0.07279
       4.781     -0.03502
       4.789     -0.01613
       4.804     0.002754
       4.812     0.002754
       4.819     0.002754
       4.827     -0.03502
       4.842     -0.09168
       4.849      -0.1106
       4.864      -0.1295
       4.872      -0.1106
       4.887     -0.09168
       4.895      -0.1106
       4.902      -0.1106
       4.917      -0.1483
       4.925      -0.1483
        4.94      -0.1483
       4.948      -0.1295
       4.955     -0.07279
       4.963     -0.03502
        4.97     0.002754
       4.978     0.002754
       4.985     0.002754
       5.001     -0.03502
       5.008     -0.01613
       5.023      0.02164
       5.031       0.0783
       5.038       0.1538
       5.046       0.1916
       5.053       0.2483
       5.061       0.2861
       5.069       0.3238
       5.084       0.3238
       5.091       0.2861
       5.099       0.2483
       5.106       0.1916
       5.114       0.1538
       5.129       0.1161
       5.137       0.1161
       5.152        0.135
       5.167      0.05941
       5.174     0.002754
       5.182     -0.03502
       5.189     -0.07279
       5.197     -0.09168
       5.205      -0.1295
        5.22      -0.1672
       5.227      -0.1861
       5.235      -0.1861
        5.25      -0.1483
       5.258      -0.1295
       5.265     -0.09168
       5.273     -0.05391
        5.28     -0.01613
       5.295     0.002754
       5.303     -0.01613
       5.318      0.04053
       5.318     0.002754
       5.326       0.0783
       5.333        0.135
       5.341       0.2105
       5.348       0.2483
       5.363       0.2861
       5.371       0.2861
       5.378       0.3049
       5.394       0.2672
       5.401       0.2483
       5.416       0.2483
       5.424       0.2483
       5.439       0.2294
       5.446       0.2105
       5.454       0.1727
       5.462        0.135
       5.469       0.0783
       5.477      0.02164
       5.484     -0.03502
       5.492     -0.05391
       5.507     -0.05391
       5.515     -0.05391
        5.53     -0.03502
       5.545     -0.05391
       5.552     -0.07279
       5.567     -0.09168
       5.575     -0.07279
        5.59     -0.03502
       5.598     -0.01613
       5.613      0.02164
        5.62      0.02164
       5.635     -0.01613
       5.651     -0.05391
       5.658     -0.05391
       5.666     -0.05391
       5.681     -0.09168
       5.688      -0.1106
       5.696      -0.1106
       5.703     -0.09168
       5.711     -0.03502
       5.719       0.0783
       5.719     0.002754
       5.726       0.1538
       5.734       0.2483
       5.741       0.3238
       5.749       0.3616
       5.756       0.4183
       5.764        0.456
       5.779       0.5127
       5.787       0.5127
       5.802        0.456
       5.809       0.4183
       5.817       0.3616
       5.824       0.3238
       5.832       0.2672
        5.84       0.1916
       5.847       0.1161
       5.855      0.05941
       5.862     -0.01613
        5.87     -0.03502
       5.885     -0.07279
       5.892     -0.05391
         5.9     -0.03502
       5.915     -0.01613
       5.923     0.002754
       5.938     0.002754
       5.945     0.002754
        5.96     -0.05391
       5.968     -0.09168
       5.976      -0.1483
       5.983      -0.1861
       5.998      -0.2239
       6.006      -0.2239
       6.021      -0.2428
       6.029      -0.2239
       6.044      -0.1861
       6.051      -0.1672
       6.066      -0.1483
       6.074      -0.1295
       6.081      -0.1106
       6.097     -0.07279
       6.104     -0.05391
       6.119     -0.03502
       6.127     -0.03502
       6.142     -0.05391
       6.149     -0.05391
       6.165     -0.07279
       6.172     -0.07279
        6.18     -0.07279
       6.195      -0.1106
       6.202      -0.1295
       6.217      -0.1672
       6.225      -0.1672
       6.233      -0.1483
       6.248      -0.1106
       6.255     -0.09168
        6.27     -0.05391
       6.278     -0.05391
       6.293     -0.05391
       6.301     -0.03502
       6.316     0.002754
       6.323     0.002754
       6.338     0.002754
       6.346     0.002754
       6.361     -0.01613
       6.369     -0.03502
       6.384     -0.01613
       6.399     0.002754
       6.406     0.002754
       6.414     0.002754
       6.429     -0.01613
       6.437     -0.01613
       6.452     -0.01613
       6.459     0.002754
       6.474     0.002754
        6.49     -0.03502
       6.497     -0.05391
       6.512     -0.09168
        6.52     -0.07279
       6.535     -0.07279
       6.542     -0.09168
        6.55      -0.1295
       6.565      -0.1672
       6.573      -0.1672
       6.588      -0.1483
       6.595      -0.1483
       6.603      -0.1106
       6.618     -0.07279
       6.626     -0.05391
       6.641     -0.05391
       6.648     -0.03502
       6.656      0.02164
       6.663       0.1161
       6.671       0.1727
       6.679       0.2483
       6.686       0.2861
       6.694       0.3427
       6.701       0.3805
       6.709       0.3805
       6.716       0.3805
       6.731       0.3238
       6.747       0.2672
       6.754       0.2294
       6.762       0.2105
       6.777       0.1727
       6.784       0.1727
       6.799       0.1538
       6.807       0.1161
       6.815      0.05941
       6.822      0.02164
       6.845     -0.01613
       6.852     -0.03502
       6.875     -0.07279
       6.883     -0.07279
       6.905     -0.07279
        6.92     -0.07279
       6.928     -0.05391
       6.943     -0.03502
       6.951     -0.03502
       6.966     -0.05391
       6.973     -0.05391
       6.981     -0.03502
       6.996     0.002754
       7.004      0.05941
       7.019      0.09719
       7.026      0.09719
       7.041      0.09719
       7.049      0.09719
       7.064      0.09719
       7.079      0.04053
       7.087     0.002754
       7.094     -0.03502
       7.109     -0.07279
       7.117     -0.09168
       7.132      -0.1106
        7.14      -0.1106
       7.147      -0.1106
       7.162      -0.1295
        7.17      -0.1106
       7.177     -0.07279
       7.193     -0.05391
         7.2     -0.05391
       7.215     -0.05391
       7.223     -0.05391
       7.238     -0.05391
       7.253     -0.07279
       7.261     -0.07279
       7.268     -0.05391
       7.283     -0.09168
       7.291      -0.1295
       7.298      -0.1672
       7.313      -0.1861
       7.321      -0.1672
       7.329      -0.1295
       7.336     -0.09168
       7.344     -0.07279
       7.351     -0.01613
       7.359       0.0783
       7.359     0.002754
       7.366       0.1538
       7.374       0.2294
       7.382       0.2861
       7.389       0.3427
       7.397       0.3616
       7.412       0.3427
       7.419       0.3049
       7.427       0.2672
       7.434       0.2294
       7.442       0.1916
       7.457       0.1161
       7.465       0.0783
        7.48     0.002754
       7.487     0.002754
       7.502     -0.03502
        7.51     -0.07279
       7.525      -0.1106
       7.533      -0.1483
       7.548      -0.1672
       7.555      -0.1672
        7.57      -0.1295
       7.586      -0.1106
       7.593      -0.1295
       7.601      -0.1295
       7.616      -0.1295
       7.623      -0.1106
       7.631     -0.05391
       7.638      0.02164
       7.646       0.0783
       7.654       0.1538
       7.661       0.2105
       7.669       0.2672
       7.676       0.3049
       7.691       0.3616
       7.699       0.3616
       7.714       0.3427
       7.722       0.3238
       7.737       0.3238
       7.752       0.2672
       7.759       0.2294
       7.767       0.1727
       7.775        0.135
        7.79       0.0783
       7.797      0.05941
        7.82      0.02164
       7.827     0.002754
       7.835     0.002754
        7.85     -0.01613
       7.858     -0.03502
       7.873     -0.05391
       7.888     -0.07279
       7.895     -0.07279
       7.911      -0.1106
       7.918      -0.1106
       7.933     -0.07279
       7.948     -0.07279
       7.964     -0.07279
       7.971     -0.05391
       7.986     -0.05391
       7.994     -0.05391
       8.009     -0.07279
       8.016     -0.07279
       8.032     -0.07279
       8.039     -0.07279
       8.054     -0.07279
       8.062     -0.07279
       8.077     -0.05391
       8.084     -0.03502
         8.1     -0.03502
       8.107     -0.03502
       8.115     -0.05391
        8.13      -0.1106
       8.145      -0.1483
        8.16      -0.1483
       8.175     -0.09168
        8.19     -0.07279
       8.198     -0.05391
       8.213     -0.05391
       8.221     -0.05391
       8.228     -0.03502
       8.243     -0.05391
       8.251     -0.05391
       8.266      -0.1106
       8.273      -0.1483
       8.289      -0.1861
       8.296      -0.1861
       8.311      -0.1483
       8.319      -0.1295
       8.334      -0.1106
       8.341      -0.1106
       8.357     -0.09168
       8.364     -0.07279
       8.379     -0.07279
       8.387     -0.05391
       8.402     -0.05391
       8.409     -0.05391
       8.425     -0.09168
       8.432     -0.07279
        8.44     -0.01613
       8.447       0.0783
       8.455       0.1727
       8.462       0.2672
        8.47       0.3238
       8.478       0.3616
       8.485       0.3994
         8.5       0.4183
       8.508       0.3805
       8.515       0.3238
       8.523       0.2672
        8.53       0.2294
       8.538       0.2105
       8.546       0.1727
       8.553        0.135
       8.561       0.1161
       8.576      0.09719
       8.583      0.09719
       8.598       0.1161
       8.614        0.135
       8.621        0.135
       8.636      0.09719
       8.644      0.05941
       8.651      0.02164
       8.659     0.002754
       8.674     -0.03502
       8.682     -0.03502
       8.697     0.002754
       8.704      0.05941
       8.712      0.09719
       8.719       0.1538
       8.727       0.2105
       8.735       0.2483
       8.742       0.3049
        8.75       0.3427
       8.757       0.3805
       8.772       0.4183
        8.78       0.3994
       8.787       0.3616
       8.795       0.3049
       8.803       0.2483
        8.81       0.2105
       8.818       0.1916
       8.825       0.2105
        8.84       0.2294
       8.848       0.2294
       8.863       0.1727
       8.871        0.135
       8.878       0.0783
       8.886      0.05941
       8.893     -0.01613
       8.901     -0.05391
       8.908     -0.09168
       8.916      -0.1295
       8.923      -0.1672
       8.939      -0.1861
       8.946      -0.1672
       8.961      -0.1483
       8.969      -0.1483
       8.976      -0.1483
