     0.01181     -0.07673
     0.01937     -0.07673
     0.04205      -0.0399
      0.0496     -0.02148
     0.06472      0.01535
     0.07228      0.01535
      0.0874      0.05217
      0.1025      0.07059
      0.1101      0.07059
      0.1176      0.07059
      0.1327      0.01535
      0.1479     -0.02148
      0.1554     -0.02148
      0.1705     -0.02148
      0.1781     -0.02148
      0.1932      0.01535
      0.2008      0.03376
      0.2083      0.05217
      0.2235      0.03376
       0.231      0.01535
      0.2461    -0.003069
      0.2537    -0.003069
      0.2612      0.01535
      0.2764      0.03376
      0.2839      0.05217
       0.299      0.05217
      0.3066      0.07059
      0.3217      0.05217
      0.3293      0.05217
      0.3368      0.05217
       0.352      0.05217
      0.3595      0.05217
      0.3746      0.03376
      0.3822      0.01535
      0.3973     -0.02148
      0.4049     -0.05831
        0.42     -0.09514
      0.4275      -0.1136
      0.4351     -0.07673
      0.4502     -0.02148
      0.4578      0.01535
      0.4729      0.05217
      0.4804      0.07059
      0.4956        0.089
      0.5031       0.1074
      0.5182       0.1258
      0.5258       0.1074
      0.5409       0.1074
      0.5485       0.1074
      0.5636       0.1074
      0.5712       0.1074
      0.5787       0.1074
      0.5938        0.089
      0.6014        0.089
      0.6165        0.089
      0.6241       0.1074
      0.6392       0.1074
      0.6467       0.1074
      0.6619        0.089
      0.6694      0.07059
      0.6845      0.03376
      0.6921      0.03376
      0.6996      0.03376
      0.7148    -0.003069
      0.7223     -0.02148
      0.7374     -0.07673
       0.745     -0.09514
      0.7601      -0.1136
      0.7752       -0.132
      0.7828      -0.1136
      0.7979     -0.09514
      0.8055     -0.07673
      0.8206     -0.07673
      0.8281     -0.05831
      0.8357     -0.05831
      0.8508     -0.09514
      0.8584     -0.09514
      0.8735      -0.1136
      0.8811      -0.1136
      0.8962      -0.1136
      0.9037      -0.1136
      0.9188     -0.09514
       0.934     -0.09514
      0.9415     -0.07673
      0.9566     -0.05831
      0.9642      -0.0399
      0.9793    -0.003069
      0.9869      0.01535
       1.002      0.01535
        1.01      0.01535
       1.025      0.01535
        1.04     -0.02148
       1.047      -0.0399
       1.062      -0.0399
        1.07     -0.02148
       1.085    -0.003069
       1.093      0.01535
       1.108      0.03376
       1.115      0.05217
        1.13        0.089
       1.138       0.1074
       1.146       0.1258
       1.161       0.1442
       1.168       0.1627
       1.183       0.1627
       1.199       0.1258
       1.206       0.1074
       1.221      0.07059
       1.229      0.07059
       1.244      0.03376
       1.251      0.03376
       1.267      0.03376
       1.274      0.05217
       1.289        0.089
       1.297        0.089
       1.304       0.1074
       1.319        0.089
       1.327        0.089
       1.342      0.05217
        1.35      0.03376
       1.357    -0.003069
       1.365      -0.0399
        1.38     -0.09514
       1.387     -0.09514
       1.403     -0.09514
        1.41     -0.07673
       1.425      -0.0399
       1.433     -0.02148
       1.448    -0.003069
       1.456    -0.003069
       1.463      0.01535
       1.478      0.05217
       1.486      0.07059
       1.501        0.089
       1.508        0.089
       1.524      0.05217
       1.531      0.01535
       1.539      0.01535
       1.554     -0.02148
       1.561     -0.02148
       1.576      -0.0399
       1.584     -0.05831
       1.599     -0.05831
       1.607      -0.0399
       1.614     -0.02148
       1.629      -0.0399
       1.637      -0.0399
       1.652     -0.02148
       1.667     -0.02148
       1.675     -0.02148
        1.69      -0.0399
       1.705     -0.05831
       1.713     -0.05831
       1.728     -0.05831
       1.735     -0.05831
       1.743     -0.02148
       1.758      0.03376
       1.765      0.05217
       1.781        0.089
       1.788       0.1074
       1.796       0.1258
       1.811       0.1074
       1.818       0.1074
       1.833      0.05217
       1.841      0.01535
       1.849    -0.003069
       1.864      -0.0399
       1.871     -0.02148
       1.886      -0.0399
       1.894      -0.0399
       1.901     -0.02148
       1.909    -0.003069
       1.917      0.05217
       1.924      0.07059
       1.939       0.1074
       1.947       0.1074
       1.962       0.1074
       1.977        0.089
       1.985      0.07059
       1.992      0.03376
           2    -0.003069
       2.015      -0.0399
        2.03     -0.07673
       2.038     -0.07673
       2.053     -0.07673
        2.06     -0.07673
       2.068     -0.05831
       2.083      -0.0399
        2.09      -0.0399
       2.098      -0.0399
       2.113      -0.0399
       2.121     -0.02148
       2.136    -0.003069
       2.143    -0.003069
       2.158    -0.003069
       2.174    -0.003069
       2.181    -0.003069
       2.196      0.01535
       2.204      0.03376
       2.219      0.03376
       2.226      0.03376
       2.242      0.03376
       2.249      0.03376
       2.264      0.07059
       2.279       0.1074
       2.287       0.1074
       2.302      0.07059
        2.31      0.07059
       2.317      0.07059
       2.332      0.03376
        2.34    -0.003069
       2.355      -0.0399
       2.363     -0.05831
       2.378      -0.0399
       2.385     -0.02148
         2.4    -0.003069
       2.408    -0.003069
       2.423      0.01535
       2.431      0.03376
       2.446      0.05217
       2.453      0.07059
       2.468        0.089
       2.476       0.1074
       2.491       0.1074
       2.499       0.1074
       2.514        0.089
       2.521        0.089
       2.536      0.03376
       2.544      0.01535
       2.559     -0.02148
       2.567      -0.0399
       2.582      -0.0399
       2.589     -0.02148
       2.604      -0.0399
       2.612     -0.05831
        2.62     -0.05831
       2.635      -0.0399
       2.642      -0.0399
       2.657    -0.003069
       2.672    -0.003069
        2.68     -0.02148
       2.695     -0.05831
       2.703     -0.07673
        2.71     -0.05831
       2.725      -0.0399
       2.733     -0.02148
        2.74    -0.003069
       2.756      0.01535
       2.763      0.01535
       2.778      0.01535
       2.793      0.03376
       2.801      0.05217
       2.816       0.1074
       2.824       0.1074
       2.839       0.1074
       2.854      0.07059
       2.861      0.05217
       2.877      0.03376
       2.884      0.03376
       2.899      0.01535
       2.907      0.03376
       2.922      0.03376
       2.929      0.03376
       2.945      0.03376
       2.952      0.03376
        2.96      0.03376
       2.975    -0.003069
       2.982    -0.003069
       2.997     -0.02148
       3.005     -0.02148
       3.013     -0.02148
       3.028      -0.0399
       3.035     -0.05831
        3.05      -0.1136
       3.058       -0.132
       3.073      -0.1504
       3.081      -0.1504
       3.096       -0.132
       3.111      -0.1136
       3.118     -0.09514
       3.134     -0.07673
       3.141     -0.07673
       3.156      -0.0399
       3.164     -0.02148
       3.171      0.03376
       3.179      0.07059
       3.186       0.1258
       3.202       0.1442
       3.217       0.1442
       3.232       0.1074
       3.239        0.089
       3.254      0.07059
       3.262      0.07059
        3.27      0.07059
       3.285      0.05217
       3.292      0.03376
       3.307     -0.02148
       3.315      -0.0399
        3.33     -0.05831
       3.345     -0.05831
       3.353      -0.0399
       3.368      0.01535
       3.375      0.05217
       3.391      0.05217
       3.398      0.05217
       3.413      0.05217
       3.421      0.05217
       3.428      0.05217
       3.443    -0.003069
       3.459     -0.05831
       3.466     -0.07673
       3.474     -0.07673
       3.489     -0.07673
       3.496     -0.05831
       3.504      -0.0399
       3.519     -0.02148
       3.527     -0.02148
       3.542      0.01535
       3.549      0.03376
       3.557      0.05217
       3.572      0.03376
       3.579      0.01535
       3.595     -0.02148
       3.602     -0.02148
       3.617     -0.02148
       3.625    -0.003069
        3.64      0.03376
       3.648      0.03376
       3.663      0.03376
        3.67      0.03376
       3.685      0.05217
         3.7      0.05217
       3.708      0.05217
       3.723      0.05217
       3.731      0.05217
       3.746      0.05217
       3.753      0.07059
       3.761        0.089
       3.776       0.1074
       3.784        0.089
       3.799      0.05217
       3.814    -0.003069
       3.821     -0.02148
       3.836      -0.0399
       3.844     -0.02148
       3.859     -0.02148
       3.867    -0.003069
       3.882    -0.003069
       3.889    -0.003069
       3.905     -0.02148
       3.912      -0.0399
        3.92      -0.0399
       3.935     -0.05831
       3.942     -0.05831
       3.957     -0.05831
       3.965      -0.0399
        3.98     -0.02148
       3.988     -0.02148
       3.995    -0.003069
        4.01      0.01535
       4.018      0.03376
       4.033        0.089
       4.048       0.1074
       4.056       0.1074
       4.071       0.1074
       4.078       0.1074
       4.093       0.1074
       4.101       0.1074
       4.116      0.07059
       4.124      0.05217
       4.131      0.05217
       4.139      0.01535
       4.146     -0.02148
       4.154     -0.05831
       4.162     -0.07673
       4.177     -0.09514
       4.184     -0.07673
       4.199     -0.05831
       4.214      -0.0399
        4.23     -0.02148
       4.245      -0.0399
       4.252      -0.0399
       4.267     -0.07673
       4.275     -0.07673
       4.282     -0.05831
       4.298      -0.0399
       4.305      -0.0399
       4.313     -0.02148
       4.328      0.01535
       4.335      0.03376
        4.35      0.07059
       4.358        0.089
       4.373        0.089
       4.381        0.089
       4.396      0.07059
       4.403      0.07059
       4.411      0.07059
       4.426      0.05217
       4.434      0.03376
       4.449      0.01535
       4.456      0.01535
       4.471      0.03376
       4.479      0.01535
       4.487      0.01535
       4.502    -0.003069
       4.509      0.01535
       4.524      0.03376
       4.532      0.03376
       4.539      0.03376
       4.555    -0.003069
       4.562     -0.02148
       4.585     -0.07673
       4.592     -0.07673
         4.6     -0.05831
       4.615     -0.05831
       4.623     -0.05831
       4.638     -0.07673
       4.653     -0.07673
        4.66     -0.05831
       4.668      -0.0399
       4.683      0.03376
       4.691      0.07059
       4.706       0.1074
       4.713       0.1074
       4.721       0.1074
       4.736      0.07059
       4.744      0.07059
       4.751      0.07059
       4.766      0.03376
       4.774      0.01535
       4.789    -0.003069
       4.796    -0.003069
       4.812     -0.02148
       4.819     -0.02148
       4.834     -0.05831
       4.842     -0.05831
       4.857     -0.05831
       4.864      -0.0399
        4.88    -0.003069
       4.887      0.01535
       4.902      0.05217
        4.91      0.07059
       4.925      0.07059
       4.932      0.07059
       4.948      0.05217
       4.955      0.07059
        4.97      0.07059
       4.978      0.07059
       4.993      0.03376
       5.001      0.03376
       5.016      0.03376
       5.023      0.03376
       5.038      0.03376
       5.046      0.01535
       5.061      0.01535
       5.076    -0.003069
       5.084    -0.003069
       5.099    -0.003069
       5.106    -0.003069
       5.121      0.01535
       5.129      0.01535
       5.144    -0.003069
       5.152    -0.003069
       5.159    -0.003069
       5.174     -0.02148
       5.182      -0.0399
       5.189      -0.0399
       5.212      -0.0399
        5.22      -0.0399
       5.227     -0.02148
       5.242     -0.02148
        5.25     -0.02148
       5.265    -0.003069
        5.28      0.05217
       5.288      0.07059
       5.303      0.07059
        5.31        0.089
       5.326       0.1074
       5.333       0.1074
       5.348       0.1074
       5.363        0.089
       5.371        0.089
       5.386      0.05217
       5.394      0.03376
       5.409    -0.003069
       5.416      -0.0399
       5.431     -0.07673
       5.439     -0.09514
       5.454     -0.09514
       5.462     -0.09514
       5.477     -0.09514
       5.484     -0.09514
       5.492     -0.07673
       5.507      -0.0399
       5.515      -0.0399
       5.522     -0.02148
       5.537     -0.02148
       5.545     -0.02148
        5.56     -0.02148
       5.567     -0.02148
       5.583      -0.0399
        5.59     -0.02148
       5.605     -0.02148
       5.613    -0.003069
       5.628      0.01535
       5.635      0.03376
       5.651      0.07059
       5.666      0.07059
       5.673      0.07059
       5.688      0.03376
       5.696      0.01535
       5.703      0.03376
       5.719      0.07059
       5.726      0.07059
       5.734        0.089
       5.749      0.07059
       5.756        0.089
       5.764       0.1074
       5.779       0.1442
       5.787       0.1442
       5.809       0.1442
       5.817       0.1442
       5.832       0.1074
        5.84        0.089
       5.847      0.05217
       5.855      0.03376
        5.87    -0.003069
       5.877      -0.0399
       5.892     -0.07673
         5.9     -0.07673
       5.915     -0.05831
       5.923      -0.0399
       5.938      -0.0399
       5.945     -0.07673
       5.953      -0.1136
        5.96       -0.132
       5.976       -0.132
       5.983      -0.1136
       5.998     -0.05831
       6.013     -0.05831
       6.029      -0.0399
       6.036    -0.003069
       6.051      0.03376
       6.059      0.05217
       6.074        0.089
       6.089        0.089
       6.097        0.089
       6.112      0.05217
       6.119      0.01535
       6.134     -0.02148
       6.142     -0.05831
       6.157     -0.09514
       6.165      -0.1136
        6.18     -0.09514
       6.195     -0.05831
       6.202      -0.0399
        6.21     -0.02148
       6.225    -0.003069
       6.233      0.01535
       6.248      0.03376
       6.255      0.01535
       6.263    -0.003069
       6.278      -0.0399
       6.285      -0.0399
       6.301      -0.0399
       6.308      -0.0399
       6.323     -0.07673
       6.331     -0.09514
       6.338     -0.09514
       6.354      -0.1136
       6.361     -0.09514
       6.376     -0.05831
       6.391    -0.003069
       6.399      0.01535
       6.414      0.05217
       6.429       0.1074
       6.437       0.1258
       6.452       0.1258
       6.459       0.1074
       6.467       0.1074
       6.482      0.07059
        6.49      0.05217
       6.505      0.03376
       6.512      0.03376
       6.527      0.05217
       6.542      0.07059
        6.55       0.1074
       6.565       0.1442
       6.573       0.1627
        6.58       0.1811
       6.595       0.1811
       6.603       0.1627
       6.611       0.1442
       6.626       0.1074
       6.633        0.089
       6.648        0.089
       6.656        0.089
       6.663        0.089
       6.679      0.05217
       6.686      0.01535
       6.694     -0.02148
       6.701     -0.05831
       6.709     -0.09514
       6.724       -0.132
       6.731      -0.1504
       6.747      -0.1504
       6.754      -0.1504
       6.762       -0.132
       6.777      -0.1136
       6.784      -0.1136
       6.792     -0.07673
       6.807      -0.0399
       6.815      0.01535
       6.822      0.05217
       6.837       0.1074
       6.845       0.1258
        6.86       0.1074
       6.868        0.089
       6.883      0.07059
        6.89      0.05217
       6.905      0.05217
        6.92      0.05217
       6.928      0.05217
       6.943      0.05217
       6.951      0.05217
       6.966      0.03376
       6.973      0.01535
       6.988    -0.003069
       6.996      0.01535
       7.011      0.03376
       7.019      0.03376
       7.034    -0.003069
       7.041    -0.003069
       7.056     -0.02148
       7.064      -0.0399
       7.079      -0.0399
       7.087      -0.0399
       7.102      -0.0399
       7.109      -0.0399
       7.125     -0.05831
       7.132     -0.07673
        7.14     -0.07673
       7.155     -0.09514
       7.162     -0.07673
       7.177     -0.05831
       7.185      -0.0399
       7.208    -0.003069
       7.223     -0.02148
        7.23      -0.0399
       7.245      -0.0399
       7.253      -0.0399
       7.268      -0.0399
       7.276     -0.02148
       7.291    -0.003069
       7.298    -0.003069
       7.306      0.01535
       7.321      0.03376
       7.329      0.03376
       7.344      0.05217
       7.351      0.07059
       7.366       0.1074
       7.374       0.1258
       7.389       0.1074
       7.397       0.1074
       7.412       0.1074
       7.427        0.089
       7.434      0.07059
        7.45      0.05217
       7.457      0.03376
       7.465    -0.003069
       7.472     -0.02148
       7.487     -0.07673
       7.495     -0.07673
        7.51     -0.09514
       7.518     -0.09514
       7.525     -0.07673
        7.54     -0.02148
       7.548    -0.003069
       7.555      0.01535
       7.563      0.05217
        7.57        0.089
       7.586       0.1074
       7.593       0.1074
       7.608      0.07059
       7.616      0.07059
       7.631      0.03376
       7.638      0.01535
       7.654    -0.003069
       7.661    -0.003069
       7.669    -0.003069
       7.684      -0.0399
       7.691      -0.0399
       7.707     -0.02148
       7.714    -0.003069
       7.722      0.01535
       7.737      0.05217
       7.744      0.05217
       7.752      0.05217
       7.767      0.03376
       7.775      0.01535
        7.79    -0.003069
       7.797      0.01535
       7.812      0.03376
        7.82      0.03376
       7.827      0.01535
       7.835     -0.02148
        7.85     -0.07673
       7.858      -0.1136
       7.873      -0.1688
        7.88      -0.1872
       7.888      -0.1688
       7.895      -0.1504
       7.903      -0.1136
       7.911     -0.05831
       7.918     -0.02148
       7.926      0.01535
       7.933      0.05217
       7.941        0.089
       7.948       0.1258
       7.956       0.1258
       7.964       0.1627
       7.979       0.1995
       7.986       0.1995
       7.994       0.1995
       8.009       0.1442
       8.016       0.1258
       8.024        0.089
       8.039      0.05217
       8.047      0.01535
       8.062    -0.003069
       8.069    -0.003069
       8.084     -0.02148
       8.092     -0.02148
       8.107     -0.02148
       8.115    -0.003069
        8.13    -0.003069
       8.137    -0.003069
       8.145    -0.003069
        8.16     -0.02148
       8.168     -0.02148
       8.183      -0.0399
        8.19      -0.0399
       8.205     -0.05831
       8.221     -0.07673
       8.228     -0.09514
       8.243       -0.132
       8.251       -0.132
       8.258      -0.1136
       8.273     -0.09514
       8.281     -0.07673
       8.296      -0.0399
       8.311    -0.003069
       8.319      0.01535
       8.334      0.05217
       8.341      0.05217
       8.349      0.07059
       8.364      0.05217
       8.372      0.05217
       8.387      0.07059
       8.402      0.05217
       8.409      0.05217
       8.417      0.05217
       8.432      0.05217
        8.44      0.05217
       8.455        0.089
        8.47       0.1074
       8.478       0.1258
       8.493       0.1258
         8.5       0.1258
       8.515        0.089
       8.523      0.07059
       8.538      0.03376
       8.546      0.01535
       8.561     -0.02148
       8.568      -0.0399
       8.576     -0.05831
       8.591      -0.1136
       8.606      -0.1504
       8.621      -0.1504
       8.629       -0.132
       8.644     -0.09514
       8.651     -0.07673
       8.666      -0.0399
       8.682     -0.02148
       8.689     -0.02148
       8.704    -0.003069
       8.719    -0.003069
       8.727    -0.003069
       8.735      0.01535
        8.75      0.05217
       8.765       0.1074
       8.772       0.1074
       8.787       0.1074
       8.795       0.1074
        8.81       0.1074
       8.818       0.1074
       8.833       0.1074
        8.84       0.1074
       8.855      0.05217
       8.871      0.01535
       8.878    -0.003069
       8.893     -0.02148
       8.901     -0.02148
       8.916     -0.02148
       8.931     -0.02148
       8.939     -0.02148
       8.946    -0.003069
       8.976      0.01535
